27 41 32 41 32 43 27 43 27 41
53 58 58 58 58 63 53 63 53 58
74 75 78 75 78 79 74 79 74 75
61 87 63 87 63 90 61 90 61 87
80 61 85 61 85 63 80 63 80 61
13 5 16 5 16 10 13 10 13 5
85 93 87 93 87 95 85 95 85 93
35 18 40 18 40 20 35 20 35 18
72 49 75 49 75 51 72 51 72 49
37 40 40 40 40 43 37 43 37 40
23 94 25 94 25 98 23 98 23 94
65 80 69 80 69 82 65 82 65 80
74 5 76 5 76 9 74 9 74 5
23 71 25 71 25 76 23 76 23 71
26 54 30 54 30 58 26 58 26 54
94 8 96 8 96 10 94 10 94 8
3 57 7 57 7 59 3 59 3 57
18 21 23 21 23 24 18 24 18 21
72 83 75 83 75 87 72 87 72 83
60 11 65 11 65 16 60 16 60 11
65 55 69 55 69 59 65 59 65 55
22 54 24 54 24 56 22 56 22 54
84 47 86 47 86 52 84 52 84 47
47 84 49 84 49 89 47 89 47 84
68 38 71 38 71 42 68 42 68 38
49 40 51 40 51 42 49 42 49 40
17 55 20 55 20 58 17 58 17 55
56 51 61 51 61 55 56 55 56 51
5 66 10 66 10 68 5 68 5 66
13 2 17 2 17 4 13 4 13 2
65 67 70 67 70 70 65 70 65 67
22 61 27 61 27 63 22 63 22 61
13 65 15 65 15 69 13 69 13 65
31 60 34 60 34 62 31 62 31 60
63 18 67 18 67 20 63 20 63 18
7 84 10 84 10 86 7 86 7 84
24 88 26 88 26 90 24 90 24 88
87 3 91 3 91 8 87 8 87 3
71 16 76 16 76 19 71 19 71 16
78 46 83 46 83 50 78 50 78 46
12 31 15 31 15 33 12 33 12 31
91 19 95 19 95 24 91 24 91 19
37 92 40 92 40 94 37 94 37 92
77 10 79 10 79 15 77 15 77 10
4 76 9 76 9 80 4 80 4 76
23 35 26 35 26 39 23 39 23 35
66 85 70 85 70 90 66 90 66 85
58 18 61 18 61 23 58 23 58 18
28 68 31 68 31 71 28 71 28 68
61 43 65 43 65 45 61 45 61 43
31 55 34 55 34 58 31 58 31 55
32 87 36 87 36 89 32 89 32 87
78 71 83 71 83 74 78 74 78 71
38 59 43 59 43 62 38 62 38 59
14 51 17 51 17 53 14 53 14 51
7 26 10 26 10 31 7 31 7 26
61 71 66 71 66 75 61 75 61 71
4 24 6 24 6 28 4 28 4 24
51 43 55 43 55 47 51 47 51 43
45 47 48 47 48 49 45 49 45 47
36 27 41 27 41 29 36 29 36 27
55 93 59 93 59 96 55 96 55 93
23 57 25 57 25 60 23 60 23 57
10 53 12 53 12 56 10 56 10 53
43 76 48 76 48 81 43 81 43 76
24 43 26 43 26 47 24 47 24 43
50 95 54 95 54 97 50 97 50 95
7 36 12 36 12 41 7 41 7 36
35 4 40 4 40 6 35 6 35 4
81 10 83 10 83 14 81 14 81 10
6 47 10 47 10 49 6 49 6 47
6 9 11 9 11 13 6 13 6 9
15 60 19 60 19 64 15 64 15 60
86 17 90 17 90 19 86 19 86 17
28 32 31 32 31 34 28 34 28 32
10 17 13 17 13 22 10 22 10 17
19 85 22 85 22 87 19 87 19 85
94 77 96 77 96 79 94 79 94 77
69 5 73 5 73 9 69 9 69 5
32 81 35 81 35 85 32 85 32 81
47 16 50 16 50 19 47 19 47 16
43 67 48 67 48 70 43 70 43 67
27 10 29 10 29 14 27 14 27 10
69 28 72 28 72 30 69 30 69 28
29 21 32 21 32 25 29 25 29 21
95 66 98 66 98 70 95 70 95 66
71 22 75 22 75 24 71 24 71 22
33 75 37 75 37 80 33 80 33 75
19 66 21 66 21 69 19 69 19 66
32 10 34 10 34 14 32 14 32 10
55 64 59 64 59 67 55 67 55 64
16 45 21 45 21 48 16 48 16 45
14 23 16 23 16 27 14 27 14 23
14 11 17 11 17 16 14 16 14 11
4 5 6 5 6 8 4 8 4 5
50 76 52 76 52 78 50 78 50 76
62 31 64 31 64 36 62 36 62 31
8 91 10 91 10 94 8 94 8 91
42 51 44 51 44 55 42 55 42 51
71 76 73 76 73 79 71 79 71 76
91 48 94 48 94 51 91 51 91 48
66 49 68 49 68 52 66 52 66 49
73 64 77 64 77 69 73 69 73 64
53 20 55 20 55 25 53 25 53 20
10 72 15 72 15 77 10 77 10 72
86 83 90 83 90 85 86 85 86 83
50 67 54 67 54 71 50 71 50 67
89 66 92 66 92 71 89 71 89 66
87 74 92 74 92 78 87 78 87 74
29 4 33 4 33 9 29 9 29 4
60 39 63 39 63 42 60 42 60 39
56 5 60 5 60 10 56 10 56 5
75 59 77 59 77 62 75 62 75 59
79 25 82 25 82 28 79 28 79 25
33 36 35 36 35 41 33 41 33 36
88 33 92 33 92 36 88 36 88 33
56 34 60 34 60 37 56 37 56 34
77 33 81 33 81 38 77 38 77 33
21 80 26 80 26 83 21 83 21 80
48 58 52 58 52 60 48 60 48 58
82 34 87 34 87 37 82 37 82 34
50 83 55 83 55 85 50 85 50 83
85 10 90 10 90 15 85 15 85 10
38 73 42 73 42 78 38 78 38 73
79 3 83 3 83 7 79 7 79 3
79 41 83 41 83 45 79 45 79 41
30 51 32 51 32 53 30 53 30 51
18 71 21 71 21 75 18 75 18 71
59 24 63 24 63 26 59 26 59 24
42 32 44 32 44 34 42 34 42 32
54 29 56 29 56 31 54 31 54 29
43 12 46 12 46 15 43 15 43 12
26 75 29 75 29 78 26 78 26 75
86 60 91 60 91 62 86 62 86 60
93 33 95 33 95 37 93 37 93 33
78 90 80 90 80 95 78 95 78 90
82 86 84 86 84 90 82 90 82 86
6 60 10 60 10 65 6 65 6 60
43 6 45 6 45 11 43 11 43 6
86 26 89 26 89 28 86 28 86 26
56 15 58 15 58 17 56 17 56 15
57 87 59 87 59 90 57 90 57 87
73 70 76 70 76 72 73 72 73 70
96 29 98 29 98 32 96 32 96 29
54 76 58 76 58 80 54 80 54 76
25 48 27 48 27 50 25 50 25 48
75 39 78 39 78 42 75 42 75 39
93 90 97 90 97 94 93 94 93 90
12 85 15 85 15 89 12 89 12 85
45 26 47 26 47 28 45 28 45 26
66 32 68 32 68 36 66 36 66 32
95 45 97 45 97 50 95 50 95 45
46 4 48 4 48 9 46 9 46 4
37 48 39 48 39 51 37 51 37 48
89 87 92 87 92 89 89 89 89 87
84 29 89 29 89 32 84 32 84 29
66 6 68 6 68 9 66 9 66 6
24 27 29 27 29 31 24 31 24 27
66 45 71 45 71 48 66 48 66 45
12 92 15 92 15 96 12 96 12 92
16 40 20 40 20 44 16 44 16 40
51 17 55 17 55 19 51 19 51 17
38 31 40 31 40 35 38 35 38 31
13 54 16 54 16 59 13 59 13 54
30 38 32 38 32 40 30 40 30 38
12 79 17 79 17 84 12 84 12 79
38 64 41 64 41 69 38 69 38 64
96 11 98 11 98 15 96 15 96 11
49 90 54 90 54 94 49 94 49 90
16 90 20 90 20 93 16 93 16 90
42 95 44 95 44 97 42 97 42 95
11 23 13 23 13 28 11 28 11 23
34 52 39 52 39 54 34 54 34 52
41 86 46 86 46 91 41 91 41 86
83 22 87 22 87 25 83 25 83 22
84 75 86 75 86 77 84 77 84 75
45 43 50 43 50 45 45 45 45 43
74 25 77 25 77 27 74 27 74 25
92 2 96 2 96 7 92 7 92 2
41 19 44 19 44 22 41 22 41 19
20 14 22 14 22 19 20 19 20 14
93 71 96 71 96 76 93 76 93 71
63 28 66 28 66 30 63 30 63 28
29 80 31 80 31 82 29 82 29 80
89 91 91 91 91 93 89 93 89 91
60 93 63 93 63 95 60 95 60 93
44 62 47 62 47 64 44 64 44 62
52 4 55 4 55 6 52 6 52 4
19 9 22 9 22 11 19 11 19 9
51 11 55 11 55 16 51 16 51 11
3 42 5 42 5 47 3 47 3 42
52 33 55 33 55 36 52 36 52 33
73 92 77 92 77 94 73 94 73 92
2 85 6 85 6 89 2 89 2 85
46 40 48 40 48 42 46 42 46 40
17 26 21 26 21 31 17 31 17 26
67 91 71 91 71 93 67 93 67 91
36 13 40 13 40 17 36 17 36 13
56 84 60 84 60 86 56 86 56 84
18 32 22 32 22 37 18 37 18 32
