78 11 83 11 83 16 78 16 78 11
90 93 95 93 95 96 90 96 90 93
26 57 30 57 30 61 26 61 26 57
41 34 44 34 44 36 41 36 41 34
24 49 27 49 27 54 24 54 24 49
52 92 57 92 57 94 52 94 52 92
82 4 86 4 86 7 82 7 82 4
16 16 18 16 18 20 16 20 16 16
10 88 13 88 13 93 10 93 10 88
46 44 51 44 51 46 46 46 46 44
79 27 81 27 81 29 79 29 79 27
90 48 93 48 93 50 90 50 90 48
23 73 26 73 26 75 23 75 23 73
61 8 63 8 63 12 61 12 61 8
53 73 56 73 56 78 53 78 53 73
13 74 15 74 15 76 13 76 13 74
23 26 25 26 25 29 23 29 23 26
21 15 23 15 23 19 21 19 21 15
21 86 24 86 24 89 21 89 21 86
59 60 61 60 61 65 59 65 59 60
68 48 70 48 70 51 68 51 68 48
39 90 43 90 43 92 39 92 39 90
65 7 70 7 70 11 65 11 65 7
13 54 16 54 16 59 13 59 13 54
41 12 43 12 43 17 41 17 41 12
72 58 75 58 75 60 72 60 72 58
6 49 9 49 9 53 6 53 6 49
73 17 75 17 75 21 73 21 73 17
59 24 64 24 64 28 59 28 59 24
8 25 12 25 12 29 8 29 8 25
38 51 40 51 40 55 38 55 38 51
10 71 12 71 12 75 10 75 10 71
49 73 51 73 51 75 49 75 49 73
31 50 34 50 34 54 31 54 31 50
76 26 78 26 78 31 76 31 76 26
78 41 83 41 83 44 78 44 78 41
13 77 16 77 16 79 13 79 13 77
93 53 96 53 96 56 93 56 93 53
51 36 53 36 53 40 51 40 51 36
10 81 12 81 12 83 10 83 10 81
60 83 63 83 63 86 60 86 60 83
10 20 15 20 15 24 10 24 10 20
61 77 65 77 65 82 61 82 61 77
54 85 57 85 57 87 54 87 54 85
39 38 44 38 44 42 39 42 39 38
20 58 25 58 25 60 20 60 20 58
35 83 40 83 40 87 35 87 35 83
69 66 71 66 71 69 69 69 69 66
4 12 9 12 9 17 4 17 4 12
86 58 91 58 91 62 86 62 86 58
26 70 29 70 29 72 26 72 26 70
29 6 33 6 33 9 29 9 29 6
90 86 94 86 94 90 90 90 90 86
6 65 10 65 10 68 6 68 6 65
59 89 62 89 62 92 59 92 59 89
69 27 74 27 74 32 69 32 69 27
34 17 36 17 36 21 34 21 34 17
3 18 7 18 7 23 3 23 3 18
12 50 14 50 14 52 12 52 12 50
16 48 20 48 20 53 16 53 16 48
49 12 51 12 51 14 49 14 49 12
2 45 4 45 4 48 2 48 2 45
44 75 46 75 46 79 44 79 44 75
95 45 97 45 97 48 95 48 95 45
96 37 98 37 98 40 96 40 96 37
17 93 19 93 19 96 17 96 17 93
38 94 43 94 43 97 38 97 38 94
46 11 48 11 48 13 46 13 46 11
88 73 93 73 93 78 88 78 88 73
19 7 21 7 21 12 19 12 19 7
44 19 47 19 47 22 44 22 44 19
24 12 27 12 27 16 24 16 24 12
37 57 40 57 40 61 37 61 37 57
31 38 35 38 35 40 31 40 31 38
20 95 23 95 23 97 20 97 20 95
7 84 9 84 9 89 7 89 7 84
48 85 51 85 51 89 48 89 48 85
73 46 75 46 75 50 73 50 73 46
85 84 88 84 88 88 85 88 85 84
85 21 87 21 87 23 85 23 85 21
17 39 19 39 19 43 17 43 17 39
23 38 25 38 25 41 23 41 23 38
54 54 58 54 58 59 54 59 54 54
82 33 86 33 86 36 82 36 82 33
28 47 30 47 30 49 28 49 28 47
29 87 32 87 32 89 29 89 29 87
59 43 64 43 64 45 59 45 59 43
72 38 76 38 76 41 72 41 72 38
66 16 71 16 71 19 66 19 66 16
63 40 68 40 68 42 63 42 63 40
48 22 50 22 50 26 48 26 48 22
52 15 55 15 55 17 52 17 52 15
4 35 8 35 8 37 4 37 4 35
6 55 8 55 8 60 6 60 6 55
83 89 87 89 87 94 83 94 83 89
4 39 6 39 6 43 4 43 4 39
12 32 14 32 14 35 12 35 12 32
3 4 5 4 5 6 3 6 3 4
43 85 47 85 47 88 43 88 43 85
38 27 41 27 41 32 38 32 38 27
4 72 7 72 7 77 4 77 4 72
51 6 54 6 54 10 51 10 51 6
53 51 58 51 58 53 53 53 53 51
26 30 29 30 29 34 26 34 26 30
94 28 98 28 98 30 94 30 94 28
46 29 48 29 48 31 46 31 46 29
47 51 50 51 50 54 47 54 47 51
80 60 82 60 82 62 80 62 80 60
29 66 33 66 33 69 29 69 29 66
90 18 94 18 94 22 90 22 90 18
66 53 71 53 71 58 66 58 66 53
47 36 50 36 50 41 47 41 47 36
55 40 60 40 60 42 55 42 55 40
34 77 37 77 37 79 34 79 34 77
38 45 42 45 42 50 38 50 38 45
13 26 15 26 15 31 13 31 13 26
16 63 19 63 19 65 16 65 16 63
65 23 70 23 70 26 65 26 65 23
45 95 47 95 47 98 45 98 45 95
82 53 85 53 85 55 82 55 82 53
36 70 38 70 38 75 36 75 36 70
51 81 56 81 56 84 51 84 51 81
15 4 20 4 20 6 15 6 15 4
35 9 39 9 39 12 35 12 35 9
74 96 77 96 77 98 74 98 74 96
26 78 29 78 29 80 26 80 26 78
61 55 63 55 63 59 61 59 61 55
59 2 64 2 64 6 59 6 59 2
92 12 95 12 95 17 92 17 92 12
44 60 49 60 49 63 44 63 44 60
35 41 37 41 37 43 35 43 35 41
92 62 97 62 97 64 92 64 92 62
65 94 67 94 67 98 65 98 65 94
78 85 82 85 82 87 78 87 78 85
20 79 25 79 25 81 20 81 20 79
73 80 75 80 75 85 73 85 73 80
76 71 80 71 80 73 76 73 76 71
62 32 64 32 64 35 62 35 62 32
64 64 67 64 67 69 64 69 64 64
82 69 86 69 86 72 82 72 82 69
67 83 70 83 70 85 67 85 67 83
89 37 94 37 94 42 89 42 89 37
11 42 13 42 13 44 11 44 11 42
91 4 95 4 95 7 91 7 91 4
74 91 76 91 76 94 74 94 74 91
66 77 69 77 69 81 66 81 66 77
52 63 56 63 56 68 52 68 52 63
76 50 81 50 81 52 76 52 76 50
39 4 41 4 41 6 39 6 39 4
52 21 57 21 57 25 52 25 52 21
79 45 83 45 83 47 79 47 79 45
9 7 13 7 13 10 9 10 9 7
77 17 80 17 80 19 77 19 77 17
85 79 88 79 88 81 85 81 85 79
81 66 85 66 85 68 81 68 81 66
45 33 49 33 49 35 45 35 45 33
23 67 25 67 25 70 23 70 23 67
37 18 42 18 42 20 37 20 37 18
24 8 28 8 28 11 24 11 24 8
15 83 19 83 19 88 15 88 15 83
42 56 45 56 45 59 42 59 42 56
24 42 28 42 28 46 24 46 24 42
55 8 57 8 57 11 55 11 55 8
35 33 39 33 39 36 35 36 35 33
84 43 87 43 87 46 84 46 84 43
73 61 78 61 78 66 73 66 73 61
33 60 35 60 35 64 33 64 33 60
20 91 22 91 22 94 20 94 20 91
77 7 79 7 79 10 77 10 77 7
29 17 31 17 31 21 29 21 29 17
96 69 98 69 98 73 96 73 96 69
61 21 63 21 63 23 61 23 61 21
33 89 36 89 36 92 33 92 33 89
18 74 20 74 20 78 18 78 18 74
49 57 53 57 53 59 49 59 49 57
30 3 34 3 34 5 30 5 30 3
40 65 44 65 44 68 40 68 40 65
10 13 15 13 15 18 10 18 10 13
59 47 64 47 64 51 59 51 59 47
16 67 20 67 20 70 16 70 16 67
11 84 13 84 13 87 11 87 11 84
57 76 59 76 59 79 57 79 57 76
84 73 86 73 86 76 84 76 84 73
78 92 82 92 82 94 78 94 78 92
43 3 45 3 45 7 43 7 43 3
75 22 79 22 79 25 75 25 75 22
7 2 11 2 11 6 7 6 7 2
14 36 16 36 16 41 14 41 14 36
88 66 93 66 93 71 88 71 88 66
51 41 54 41 54 43 51 43 51 41
86 27 89 27 89 30 86 30 86 27
67 70 71 70 71 74 67 74 67 70
65 90 69 90 69 92 65 92 65 90
18 30 20 30 20 35 18 35 18 30
52 26 54 26 54 29 52 29 52 26
89 23 91 23 91 26 89 26 89 23
61 17 63 17 63 20 61 20 61 17
8 38 12 38 12 40 8 40 8 38
23 83 28 83 28 85 23 85 23 83
72 7 74 7 74 12 72 12 72 7
