30 92 34 92 34 97 30 97 30 92
23 78 26 78 26 83 23 83 23 78
49 82 54 82 54 86 49 86 49 82
27 72 30 72 30 75 27 75 27 72
41 10 44 10 44 12 41 12 41 10
40 83 44 83 44 88 40 88 40 83
76 78 78 78 78 81 76 81 76 78
75 91 80 91 80 94 75 94 75 91
69 24 71 24 71 27 69 27 69 24
7 85 10 85 10 87 7 87 7 85
58 37 63 37 63 41 58 41 58 37
47 87 49 87 49 90 47 90 47 87
84 3 86 3 86 8 84 8 84 3
87 84 91 84 91 89 87 89 87 84
63 20 66 20 66 24 63 24 63 20
12 9 17 9 17 12 12 12 12 9
33 65 36 65 36 67 33 67 33 65
38 38 43 38 43 40 38 40 38 38
25 55 27 55 27 60 25 60 25 55
59 80 62 80 62 83 59 83 59 80
64 30 67 30 67 32 64 32 64 30
90 4 92 4 92 7 90 7 90 4
70 45 72 45 72 49 70 49 70 45
46 40 51 40 51 43 46 43 46 40
79 40 81 40 81 44 79 44 79 40
40 50 42 50 42 52 40 52 40 50
80 12 83 12 83 15 80 15 80 12
4 38 9 38 9 40 4 40 4 38
83 72 86 72 86 77 83 77 83 72
13 27 18 27 18 29 13 29 13 27
67 85 71 85 71 90 67 90 67 85
45 14 50 14 50 16 45 16 45 14
33 24 36 24 36 29 33 29 33 24
24 69 27 69 27 71 24 71 24 69
7 18 12 18 12 20 7 20 7 18
29 35 34 35 34 40 29 40 29 35
11 80 16 80 16 84 11 84 11 80
64 72 68 72 68 74 64 74 64 72
91 26 96 26 96 30 91 30 91 26
27 85 31 85 31 90 27 90 27 85
20 87 23 87 23 91 20 91 20 87
85 14 90 14 90 16 85 16 85 14
3 93 7 93 7 96 3 96 3 93
89 94 93 94 93 98 89 98 89 94
11 90 14 90 14 93 11 93 11 90
75 30 80 30 80 35 75 35 75 30
17 49 19 49 19 52 17 52 17 49
64 47 68 47 68 49 64 49 64 47
7 74 9 74 9 78 7 78 7 74
83 46 86 46 86 48 83 48 83 46
29 49 31 49 31 54 29 54 29 49
79 79 84 79 84 81 79 81 79 79
76 10 79 10 79 12 76 12 76 10
34 13 38 13 38 16 34 16 34 13
72 87 74 87 74 91 72 91 72 87
15 16 17 16 17 19 15 19 15 16
12 42 15 42 15 47 12 47 12 42
30 68 35 68 35 71 30 71 30 68
85 18 90 18 90 22 85 22 85 18
68 37 73 37 73 41 68 41 68 37
54 13 58 13 58 18 54 18 54 13
38 64 42 64 42 67 38 67 38 64
7 32 9 32 9 37 7 37 7 32
13 49 16 49 16 51 13 51 13 49
80 24 83 24 83 28 80 28 80 24
62 42 67 42 67 44 62 44 62 42
92 14 94 14 94 16 92 16 92 14
42 55 47 55 47 57 42 57 42 55
42 6 44 6 44 9 42 9 42 6
30 18 35 18 35 22 30 22 30 18
66 6 69 6 69 8 66 8 66 6
38 33 43 33 43 37 38 37 38 33
39 20 43 20 43 22 39 22 39 20
38 77 40 77 40 81 38 81 38 77
68 58 73 58 73 61 68 61 68 58
35 45 39 45 39 50 35 50 35 45
74 41 76 41 76 45 74 45 74 41
18 78 22 78 22 81 18 81 18 78
24 91 26 91 26 94 24 94 24 91
66 75 69 75 69 77 66 77 66 75
33 55 37 55 37 58 33 58 33 55
75 74 79 74 79 77 75 77 75 74
29 78 33 78 33 82 29 82 29 78
4 55 8 55 8 57 4 57 4 55
17 54 20 54 20 57 17 57 17 54
33 2 37 2 37 4 33 4 33 2
72 80 74 80 74 85 72 85 72 80
91 45 93 45 93 49 91 49 91 45
25 30 29 30 29 33 25 33 25 30
74 47 79 47 79 51 74 51 74 47
77 18 79 18 79 22 77 22 77 18
42 27 45 27 45 32 42 32 42 27
54 3 57 3 57 6 54 6 54 3
51 8 53 8 53 10 51 10 51 8
18 31 20 31 20 33 18 33 18 31
56 80 58 80 58 82 56 82 56 80
88 23 90 23 90 26 88 26 88 23
81 86 83 86 83 90 81 90 81 86
17 66 22 66 22 68 17 68 17 66
84 93 87 93 87 95 84 95 84 93
54 73 56 73 56 77 54 77 54 73
68 28 73 28 73 33 68 33 68 28
49 34 53 34 53 38 49 38 49 34
86 34 90 34 90 38 86 38 86 34
80 62 82 62 82 66 80 66 80 62
9 54 14 54 14 56 9 56 9 54
20 60 23 60 23 64 20 64 20 60
73 55 75 55 75 57 73 57 73 55
90 73 95 73 95 78 90 78 90 73
7 43 11 43 11 46 7 46 7 43
82 49 84 49 84 51 82 51 82 49
10 59 15 59 15 62 10 62 10 59
27 11 29 11 29 13 27 13 27 11
58 60 63 60 63 63 58 63 58 60
42 80 46 80 46 82 42 82 42 80
55 86 58 86 58 90 55 90 55 86
81 36 84 36 84 39 81 39 81 36
74 2 78 2 78 7 74 7 74 2
38 24 41 24 41 29 38 29 38 24
20 13 25 13 25 18 20 18 20 13
23 34 26 34 26 36 23 36 23 34
45 93 48 93 48 98 45 98 45 93
81 9 83 9 83 11 81 11 81 9
94 90 96 90 96 93 94 93 94 90
25 47 27 47 27 51 25 51 25 47
47 49 52 49 52 51 47 51 47 49
60 92 63 92 63 96 60 96 60 92
2 88 5 88 5 91 2 91 2 88
37 68 42 68 42 73 37 73 37 68
94 4 97 4 97 9 94 9 94 4
8 66 12 66 12 69 8 69 8 66
90 55 95 55 95 60 90 60 90 55
44 75 49 75 49 77 44 77 44 75
57 72 62 72 62 77 57 77 57 72
4 4 9 4 9 9 4 9 4 4
43 51 45 51 45 53 43 53 43 51
26 21 28 21 28 24 26 24 26 21
66 16 70 16 70 19 66 19 66 16
54 55 56 55 56 57 54 57 54 55
53 43 56 43 56 45 53 45 53 43
54 68 57 68 57 71 54 71 54 68
91 32 94 32 94 36 91 36 91 32
30 13 33 13 33 15 30 15 30 13
13 22 16 22 16 25 13 25 13 22
76 56 78 56 78 60 76 60 76 56
12 30 14 30 14 33 12 33 12 30
91 19 96 19 96 22 91 22 91 19
18 74 21 74 21 76 18 76 18 74
52 40 55 40 55 42 52 42 52 40
59 65 63 65 63 68 59 68 59 65
39 60 44 60 44 62 39 62 39 60
15 4 20 4 20 7 15 7 15 4
69 65 71 65 71 69 69 69 69 65
19 43 24 43 24 46 19 46 19 43
35 87 39 87 39 90 35 90 35 87
95 48 97 48 97 50 95 50 95 48
44 67 47 67 47 70 44 70 44 67
77 68 82 68 82 71 77 71 77 68
60 4 62 4 62 7 60 7 60 4
88 66 91 66 91 71 88 71 88 66
29 2 32 2 32 5 29 5 29 2
26 3 28 3 28 5 26 5 26 3
50 62 55 62 55 67 50 67 50 62
70 62 73 62 73 64 70 64 70 62
36 20 38 20 38 23 36 23 36 20
28 60 32 60 32 62 28 62 28 60
13 34 18 34 18 36 13 36 13 34
56 49 60 49 60 53 56 53 56 49
45 19 48 19 48 23 45 23 45 19
96 15 98 15 98 17 96 17 96 15
47 4 52 4 52 6 47 6 47 4
45 44 48 44 48 48 45 48 45 44
35 60 37 60 37 62 35 62 35 60
77 95 81 95 81 98 77 98 77 95
4 70 6 70 6 73 4 73 4 70
61 69 63 69 63 71 61 71 61 69
23 20 25 20 25 25 23 25 23 20
56 92 58 92 58 94 56 94 56 92
11 72 16 72 16 75 11 75 11 72
93 38 96 38 96 42 93 42 93 38
2 77 4 77 4 82 2 82 2 77
46 58 50 58 50 61 46 61 46 58
3 32 6 32 6 36 3 36 3 32
3 60 6 60 6 64 3 64 3 60
3 66 6 66 6 69 3 69 3 66
2 29 4 29 4 31 2 31 2 29
54 8 56 8 56 11 54 11 54 8
65 10 69 10 69 12 65 12 65 10
69 54 72 54 72 57 69 57 69 54
61 52 65 52 65 56 61 56 61 52
36 91 38 91 38 93 36 93 36 91
57 42 61 42 61 46 57 46 57 42
65 34 69 34 69 36 65 36 65 34
2 49 6 49 6 53 2 53 2 49
84 82 86 82 86 85 84 85 84 82
39 2 41 2 41 5 39 5 39 2
54 37 56 37 56 39 54 39 54 37
25 64 28 64 28 67 25 67 25 64
64 94 68 94 68 97 64 97 64 94
55 22 60 22 60 24 55 24 55 22
