29 23 33 23 33 27 29 27 29 23
2 95 5 95 5 98 2 98 2 95
65 76 68 76 68 81 65 81 65 76
37 43 42 43 42 45 37 45 37 43
80 39 83 39 83 41 80 41 80 39
76 66 78 66 78 68 76 68 76 66
89 76 94 76 94 81 89 81 89 76
58 70 62 70 62 75 58 75 58 70
66 18 70 18 70 20 66 20 66 18
76 70 79 70 79 74 76 74 76 70
46 38 51 38 51 42 46 42 46 38
34 80 36 80 36 85 34 85 34 80
47 2 50 2 50 4 47 4 47 2
79 93 82 93 82 95 79 95 79 93
64 10 67 10 67 15 64 15 64 10
68 53 70 53 70 56 68 56 68 53
92 21 96 21 96 26 92 26 92 21
16 78 20 78 20 81 16 81 16 78
59 26 61 26 61 30 59 30 59 26
28 79 30 79 30 82 28 82 28 79
72 68 75 68 75 71 72 71 72 68
79 43 81 43 81 47 79 47 79 43
41 62 43 62 43 64 41 64 41 62
16 60 18 60 18 62 16 62 16 60
81 23 86 23 86 28 81 28 81 23
2 21 6 21 6 24 2 24 2 21
47 11 52 11 52 15 47 15 47 11
90 12 94 12 94 17 90 17 90 12
80 29 84 29 84 31 80 31 80 29
41 50 43 50 43 54 41 54 41 50
74 38 79 38 79 40 74 40 74 38
80 7 84 7 84 12 80 12 80 7
19 68 21 68 21 71 19 71 19 68
3 27 6 27 6 32 3 32 3 27
8 12 11 12 11 17 8 17 8 12
63 35 66 35 66 39 63 39 63 35
74 93 77 93 77 95 74 95 74 93
63 53 66 53 66 56 63 56 63 53
87 40 92 40 92 44 87 44 87 40
64 4 67 4 67 7 64 7 64 4
33 91 38 91 38 96 33 96 33 91
18 14 20 14 20 19 18 19 18 14
71 6 76 6 76 11 71 11 71 6
21 64 26 64 26 66 21 66 21 64
20 7 22 7 22 10 20 10 20 7
77 86 82 86 82 91 77 91 77 86
56 19 59 19 59 24 56 24 56 19
81 77 84 77 84 79 81 79 81 77
57 10 60 10 60 13 57 13 57 10
17 27 20 27 20 29 17 29 17 27
53 9 55 9 55 11 53 11 53 9
29 89 31 89 31 92 29 92 29 89
89 90 93 90 93 94 89 94 89 90
67 64 69 64 69 66 67 66 67 64
74 50 79 50 79 54 74 54 74 50
89 55 91 55 91 60 89 60 89 55
21 11 26 11 26 13 21 13 21 11
12 28 14 28 14 32 12 32 12 28
91 86 95 86 95 88 91 88 91 86
36 64 38 64 38 68 36 68 36 64
41 66 45 66 45 69 41 69 41 66
77 61 82 61 82 64 77 64 77 61
41 73 44 73 44 77 41 77 41 73
31 55 35 55 35 57 31 57 31 55
62 30 65 30 65 33 62 33 62 30
8 88 12 88 12 92 8 92 8 88
2 74 5 74 5 77 2 77 2 74
48 87 50 87 50 92 48 92 48 87
30 16 34 16 34 20 30 20 30 16
12 42 17 42 17 46 12 46 12 42
43 16 46 16 46 20 43 20 43 16
31 9 33 9 33 12 31 12 31 9
24 39 27 39 27 44 24 44 24 39
25 71 29 71 29 74 25 74 25 71
62 44 67 44 67 48 62 48 62 44
93 44 95 44 95 47 93 47 93 44
83 42 85 42 85 46 83 46 83 42
21 51 23 51 23 54 21 54 21 51
80 96 82 96 82 98 80 98 80 96
68 47 73 47 73 52 68 52 68 47
24 79 27 79 27 81 24 81 24 79
30 30 33 30 33 34 30 34 30 30
74 33 79 33 79 37 74 37 74 33
12 55 15 55 15 58 12 58 12 55
4 58 6 58 6 61 4 61 4 58
55 37 58 37 58 42 55 42 55 37
26 46 28 46 28 48 26 48 26 46
40 5 42 5 42 7 40 7 40 5
90 46 92 46 92 49 90 49 90 46
93 60 97 60 97 62 93 62 93 60
61 3 63 3 63 8 61 8 61 3
80 3 84 3 84 6 80 6 80 3
50 81 53 81 53 86 50 86 50 81
23 84 28 84 28 87 23 87 23 84
2 4 7 4 7 9 2 9 2 4
69 75 73 75 73 78 69 78 69 75
17 91 20 91 20 95 17 95 17 91
16 52 18 52 18 54 16 54 16 52
33 38 35 38 35 40 33 40 33 38
23 76 28 76 28 78 23 78 23 76
63 71 68 71 68 74 63 74 63 71
83 89 88 89 88 91 83 91 83 89
83 50 87 50 87 52 83 52 83 50
5 48 9 48 9 51 5 51 5 48
56 57 61 57 61 59 56 59 56 57
73 14 76 14 76 19 73 19 73 14
43 55 46 55 46 60 43 60 43 55
2 33 6 33 6 37 2 37 2 33
86 34 88 34 88 39 86 39 86 34
49 58 53 58 53 63 49 63 49 58
91 52 96 52 96 54 91 54 91 52
4 39 9 39 9 42 4 42 4 39
27 49 31 49 31 54 27 54 27 49
53 53 55 53 55 57 53 57 53 53
77 20 79 20 79 24 77 24 77 20
45 88 47 88 47 93 45 93 45 88
87 73 91 73 91 75 87 75 87 73
24 19 27 19 27 23 24 23 24 19
89 62 91 62 91 64 89 64 89 62
72 27 77 27 77 32 72 32 72 27
21 29 25 29 25 34 21 34 21 29
82 65 87 65 87 67 82 67 82 65
68 91 73 91 73 93 68 93 68 91
71 56 73 56 73 58 71 58 71 56
8 76 13 76 13 79 8 79 8 76
87 20 89 20 89 24 87 24 87 20
57 47 61 47 61 50 57 50 57 47
49 69 53 69 53 71 49 71 49 69
73 83 76 83 76 87 73 87 73 83
52 74 55 74 55 78 52 78 52 74
91 29 96 29 96 31 91 31 91 29
36 21 41 21 41 26 36 26 36 21
37 85 41 85 41 89 37 89 37 85
67 33 69 33 69 38 67 38 67 33
55 88 59 88 59 93 55 93 55 88
38 11 40 11 40 14 38 14 38 11
37 15 39 15 39 20 37 20 37 15
49 73 51 73 51 75 49 75 49 73
44 30 46 30 46 32 44 32 44 30
33 61 36 61 36 63 33 63 33 61
82 33 85 33 85 35 82 35 82 33
37 32 39 32 39 35 37 35 37 32
61 60 64 60 64 64 61 64 61 60
23 56 28 56 28 58 23 58 23 56
85 29 87 29 87 31 85 31 85 29
33 50 38 50 38 52 33 52 33 50
11 70 15 70 15 73 11 73 11 70
85 2 87 2 87 7 85 7 85 2
11 18 13 18 13 23 11 23 11 18
18 47 20 47 20 51 18 51 18 47
49 52 51 52 51 54 49 54 49 52
55 33 59 33 59 36 55 36 55 33
48 20 52 20 52 25 48 25 48 20
14 66 17 66 17 68 14 68 14 66
63 91 67 91 67 93 63 93 63 91
45 43 49 43 49 48 45 48 45 43
31 43 34 43 34 48 31 48 31 43
17 55 21 55 21 59 17 59 17 55
14 37 16 37 16 40 14 40 14 37
77 14 79 14 79 18 77 18 77 14
84 53 88 53 88 56 84 56 84 53
82 13 85 13 85 18 82 18 82 13
45 21 47 21 47 25 45 25 45 21
59 65 61 65 61 69 59 69 59 65
36 27 40 27 40 30 36 30 36 27
22 24 27 24 27 28 22 28 22 24
26 91 28 91 28 93 26 93 26 91
40 93 43 93 43 97 40 97 40 93
96 89 98 89 98 93 96 93 96 89
63 50 66 50 66 52 63 52 63 50
68 85 70 85 70 88 68 88 68 85
82 82 87 82 87 85 82 85 82 82
4 69 8 69 8 71 4 71 4 69
18 21 23 21 23 23 18 23 18 21
91 65 95 65 95 67 91 67 91 65
31 73 36 73 36 78 31 78 31 73
53 12 55 12 55 14 53 14 53 12
95 10 98 10 98 15 95 15 95 10
59 77 62 77 62 80 59 80 59 77
77 6 79 6 79 9 77 9 77 6
6 44 10 44 10 47 6 47 6 44
25 67 28 67 28 69 25 69 25 67
26 3 28 3 28 8 26 8 26 3
93 37 98 37 98 42 93 42 93 37
49 5 51 5 51 10 49 10 49 5
34 3 38 3 38 5 34 5 34 3
49 93 54 93 54 98 49 98 49 93
57 81 59 81 59 83 57 83 57 81
81 71 86 71 86 75 81 75 81 71
37 61 40 61 40 63 37 63 37 61
56 2 58 2 58 4 56 4 56 2
63 95 65 95 65 98 63 98 63 95
52 27 57 27 57 29 52 29 52 27
2 91 6 91 6 94 2 94 2 91
19 36 22 36 22 40 19 40 19 36
57 14 59 14 59 17 57 17 57 14
49 64 52 64 52 66 49 66 49 64
23 2 25 2 25 6 23 6 23 2
55 64 57 64 57 68 55 68 55 64
29 66 34 66 34 69 29 69 29 66
