24 45 27 45 27 50 24 50 24 45
12 35 16 35 16 37 12 37 12 35
81 76 84 76 84 78 81 78 81 76
83 18 86 18 86 21 83 21 83 18
9 20 11 20 11 25 9 25 9 20
14 43 17 43 17 47 14 47 14 43
89 45 94 45 94 49 89 49 89 45
7 48 9 48 9 50 7 50 7 48
84 26 88 26 88 31 84 31 84 26
18 47 21 47 21 50 18 50 18 47
68 11 72 11 72 14 68 14 68 11
31 16 34 16 34 18 31 18 31 16
59 64 62 64 62 69 59 69 59 64
9 53 11 53 11 56 9 56 9 53
89 20 94 20 94 24 89 24 89 20
15 6 18 6 18 8 15 8 15 6
23 29 28 29 28 34 23 34 23 29
94 77 96 77 96 80 94 80 94 77
30 71 33 71 33 73 30 73 30 71
34 58 36 58 36 60 34 60 34 58
78 68 83 68 83 70 78 70 78 68
17 93 19 93 19 96 17 96 17 93
27 51 29 51 29 53 27 53 27 51
4 9 9 9 9 14 4 14 4 9
26 88 29 88 29 90 26 90 26 88
86 61 88 61 88 66 86 66 86 61
48 60 52 60 52 62 48 62 48 60
7 95 9 95 9 98 7 98 7 95
12 78 14 78 14 83 12 83 12 78
74 94 78 94 78 98 74 98 74 94
56 41 60 41 60 45 56 45 56 41
37 9 42 9 42 11 37 11 37 9
70 15 75 15 75 19 70 19 70 15
10 90 12 90 12 95 10 95 10 90
4 85 6 85 6 90 4 90 4 85
63 74 67 74 67 76 63 76 63 74
60 13 63 13 63 18 60 18 60 13
94 71 97 71 97 74 94 74 94 71
81 46 85 46 85 48 81 48 81 46
61 77 65 77 65 80 61 80 61 77
67 20 71 20 71 25 67 25 67 20
59 9 61 9 61 12 59 12 59 9
23 20 26 20 26 24 23 24 23 20
74 52 78 52 78 57 74 57 74 52
78 19 81 19 81 23 78 23 78 19
35 15 39 15 39 19 35 19 35 15
72 88 77 88 77 93 72 93 72 88
20 80 25 80 25 82 20 82 20 80
46 52 50 52 50 56 46 56 46 52
66 46 68 46 68 48 66 48 66 46
66 6 69 6 69 8 66 8 66 6
95 92 97 92 97 95 95 95 95 92
73 36 77 36 77 38 73 38 73 36
95 54 98 54 98 58 95 58 95 54
7 27 11 27 11 32 7 32 7 27
23 61 26 61 26 66 23 66 23 61
22 94 24 94 24 97 22 97 22 94
16 66 19 66 19 70 16 70 16 66
60 2 63 2 63 6 60 6 60 2
38 40 41 40 41 44 38 44 38 40
44 21 47 21 47 23 44 23 44 21
89 31 93 31 93 33 89 33 89 31
22 14 26 14 26 17 22 17 22 14
13 53 17 53 17 57 13 57 13 53
5 41 10 41 10 44 5 44 5 41
73 46 78 46 78 50 73 50 73 46
61 87 63 87 63 91 61 91 61 87
90 58 92 58 92 60 90 60 90 58
68 60 73 60 73 63 68 63 68 60
72 74 77 74 77 78 72 78 72 74
50 28 52 28 52 33 50 33 50 28
21 72 26 72 26 77 21 77 21 72
32 45 35 45 35 49 32 49 32 45
51 89 55 89 55 92 51 92 51 89
49 42 53 42 53 46 49 46 49 42
83 84 88 84 88 88 83 88 83 84
34 4 37 4 37 7 34 7 34 4
80 50 83 50 83 52 80 52 80 50
40 51 43 51 43 56 40 56 40 51
16 60 19 60 19 64 16 64 16 60
42 58 47 58 47 63 42 63 42 58
29 11 31 11 31 13 29 13 29 11
61 19 63 19 63 22 61 22 61 19
70 40 73 40 73 43 70 43 70 40
51 48 53 48 53 52 51 52 51 48
61 47 63 47 63 50 61 50 61 47
51 69 55 69 55 74 51 74 51 69
61 30 66 30 66 32 61 32 61 30
70 32 72 32 72 35 70 35 70 32
14 91 16 91 16 95 14 95 14 91
39 5 41 5 41 8 39 8 39 5
38 71 40 71 40 74 38 74 38 71
19 52 21 52 21 56 19 56 19 52
75 6 77 6 77 9 75 9 75 6
43 36 46 36 46 38 43 38 43 36
5 64 10 64 10 68 5 68 5 64
75 83 77 83 77 87 75 87 75 83
15 75 18 75 18 77 15 77 15 75
82 93 85 93 85 95 82 95 82 93
54 22 58 22 58 24 54 24 54 22
70 26 74 26 74 31 70 31 70 26
32 82 34 82 34 85 32 85 32 82
38 31 42 31 42 35 38 35 38 31
6 77 9 77 9 82 6 82 6 77
42 42 47 42 47 47 42 47 42 42
29 26 33 26 33 28 29 28 29 26
74 59 78 59 78 63 74 63 74 59
87 75 91 75 91 79 87 79 87 75
79 6 81 6 81 11 79 11 79 6
32 88 35 88 35 92 32 92 32 88
44 90 48 90 48 92 44 92 44 90
51 34 56 34 56 38 51 38 51 34
34 63 39 63 39 68 34 68 34 63
89 62 93 62 93 64 89 64 89 62
40 89 42 89 42 91 40 91 40 89
52 79 54 79 54 82 52 82 52 79
50 57 55 57 55 59 50 59 50 57
6 33 9 33 9 35 6 35 6 33
23 55 27 55 27 58 23 58 23 55
89 9 94 9 94 12 89 12 89 9
66 66 70 66 70 70 66 70 66 66
52 93 54 93 54 95 52 95 52 93
77 80 79 80 79 82 77 82 77 80
78 73 81 73 81 75 78 75 78 73
64 91 66 91 66 93 64 93 64 91
57 92 60 92 60 94 57 94 57 92
54 48 59 48 59 50 54 50 54 48
68 87 71 87 71 89 68 89 68 87
64 94 69 94 69 98 64 98 64 94
9 72 11 72 11 76 9 76 9 72
53 29 58 29 58 32 53 32 53 29
78 36 80 36 80 38 78 38 78 36
90 2 95 2 95 6 90 6 90 2
56 75 59 75 59 80 56 80 56 75
42 95 45 95 45 98 42 98 42 95
40 79 42 79 42 84 40 84 40 79
51 3 54 3 54 6 51 6 51 3
27 66 32 66 32 70 27 70 27 66
41 64 43 64 43 67 41 67 41 64
23 9 27 9 27 11 23 11 23 9
53 62 56 62 56 67 53 67 53 62
31 38 34 38 34 40 31 40 31 38
43 7 47 7 47 12 43 12 43 7
84 54 88 54 88 59 84 59 84 54
27 79 32 79 32 81 27 81 27 79
35 32 37 32 37 34 35 34 35 32
26 91 29 91 29 93 26 93 26 91
40 27 45 27 45 30 40 30 40 27
43 13 48 13 48 15 43 15 43 13
47 72 49 72 49 76 47 76 47 72
3 53 6 53 6 56 3 56 3 53
55 2 57 2 57 4 55 4 55 2
74 64 77 64 77 66 74 66 74 64
35 21 38 21 38 24 35 24 35 21
90 38 92 38 92 42 90 42 90 38
29 32 32 32 32 36 29 36 29 32
62 52 67 52 67 57 62 57 62 52
93 27 98 27 98 30 93 30 93 27
4 19 7 19 7 23 4 23 4 19
6 2 9 2 9 4 6 4 6 2
29 75 34 75 34 78 29 78 29 75
48 23 51 23 51 26 48 26 48 23
27 2 30 2 30 6 27 6 27 2
91 35 94 35 94 37 91 37 91 35
32 95 37 95 37 98 32 98 32 95
87 13 92 13 92 18 87 18 87 13
95 36 98 36 98 41 95 41 95 36
14 71 17 71 17 73 14 73 14 71
17 86 21 86 21 90 17 90 17 86
30 7 33 7 33 10 30 10 30 7
65 33 67 33 67 36 65 36 65 33
83 34 86 34 86 38 83 38 83 34
44 79 46 79 46 81 44 81 44 79
80 13 84 13 84 15 80 15 80 13
57 38 59 38 59 40 57 40 57 38
21 3 24 3 24 5 21 5 21 3
96 16 98 16 98 18 96 18 96 16
14 28 17 28 17 32 14 32 14 28
45 86 50 86 50 88 45 88 45 86
69 80 71 80 71 83 69 83 69 80
16 21 21 21 21 24 16 24 16 21
40 16 42 16 42 19 40 19 40 16
34 12 38 12 38 14 34 14 34 12
43 18 48 18 48 20 43 20 43 18
59 58 64 58 64 61 59 61 59 58
4 57 6 57 6 61 4 61 4 57
64 41 69 41 69 43 64 43 64 41
32 50 36 50 36 53 32 53 32 50
86 45 88 45 88 50 86 50 86 45
41 24 45 24 45 26 41 26 41 24
76 28 80 28 80 31 76 31 76 28
60 70 63 70 63 72 60 72 60 70
8 84 11 84 11 86 8 86 8 84
11 63 13 63 13 66 11 66 11 63
92 53 94 53 94 57 92 57 92 53
95 83 98 83 98 88 95 88 95 83
56 89 60 89 60 91 56 91 56 89
63 7 65 7 65 9 63 9 63 7
48 79 50 79 50 82 48 82 48 79
31 23 34 23 34 25 31 25 31 23
