69 61 74 61 74 63 69 63 69 61
65 21 70 21 70 25 65 25 65 21
78 27 82 27 82 30 78 30 78 27
9 11 12 11 12 14 9 14 9 11
4 16 8 16 8 19 4 19 4 16
23 35 28 35 28 39 23 39 23 35
71 90 75 90 75 93 71 93 71 90
55 40 59 40 59 44 55 44 55 40
31 78 35 78 35 83 31 83 31 78
13 43 15 43 15 46 13 46 13 43
20 32 22 32 22 36 20 36 20 32
83 64 86 64 86 67 83 67 83 64
63 40 67 40 67 45 63 45 63 40
55 8 60 8 60 12 55 12 55 8
86 44 88 44 88 47 86 47 86 44
88 88 90 88 90 90 88 90 88 88
20 83 25 83 25 86 20 86 20 83
7 23 9 23 9 26 7 26 7 23
21 24 26 24 26 29 21 29 21 24
65 62 67 62 67 65 65 65 65 62
71 13 75 13 75 15 71 15 71 13
58 46 61 46 61 50 58 50 58 46
35 68 39 68 39 72 35 72 35 68
52 83 56 83 56 87 52 87 52 83
55 70 60 70 60 72 55 72 55 70
33 58 37 58 37 61 33 61 33 58
67 78 71 78 71 81 67 81 67 78
76 20 79 20 79 23 76 23 76 20
90 71 95 71 95 73 90 73 90 71
80 70 84 70 84 73 80 73 80 70
7 45 12 45 12 50 7 50 7 45
85 51 90 51 90 53 85 53 85 51
94 78 96 78 96 81 94 81 94 78
80 83 82 83 82 85 80 85 80 83
69 41 72 41 72 43 69 43 69 41
79 13 84 13 84 17 79 17 79 13
59 56 62 56 62 60 59 60 59 56
41 64 43 64 43 66 41 66 41 64
7 73 9 73 9 75 7 75 7 73
52 50 55 50 55 52 52 52 52 50
33 29 35 29 35 32 33 32 33 29
70 48 73 48 73 51 70 51 70 48
75 75 77 75 77 77 75 77 75 75
48 41 50 41 50 44 48 44 48 41
91 56 94 56 94 59 91 59 91 56
15 60 20 60 20 62 15 62 15 60
53 54 56 54 56 56 53 56 53 54
20 38 22 38 22 42 20 42 20 38
27 42 32 42 32 45 27 45 27 42
32 10 35 10 35 15 32 15 32 10
21 61 25 61 25 63 21 63 21 61
80 87 84 87 84 90 80 90 80 87
32 38 35 38 35 40 32 40 32 38
43 73 48 73 48 77 43 77 43 73
24 69 26 69 26 73 24 73 24 69
56 93 61 93 61 97 56 97 56 93
32 75 37 75 37 77 32 77 32 75
48 84 51 84 51 88 48 88 48 84
56 89 61 89 61 92 56 92 56 89
14 68 17 68 17 72 14 72 14 68
37 15 42 15 42 18 37 18 37 15
90 6 93 6 93 8 90 8 90 6
4 70 6 70 6 72 4 72 4 70
39 83 43 83 43 85 39 85 39 83
59 26 62 26 62 30 59 30 59 26
70 28 73 28 73 33 70 33 70 28
4 53 6 53 6 56 4 56 4 53
62 77 66 77 66 82 62 82 62 77
14 11 19 11 19 15 14 15 14 11
39 54 44 54 44 57 39 57 39 54
69 54 73 54 73 56 69 56 69 54
8 55 11 55 11 60 8 60 8 55
17 6 22 6 22 9 17 9 17 6
83 25 86 25 86 28 83 28 83 25
22 12 24 12 24 14 22 14 22 12
86 11 89 11 89 13 86 13 86 11
65 27 68 27 68 29 65 29 65 27
90 16 92 16 92 18 90 18 90 16
29 33 32 33 32 35 29 35 29 33
8 61 13 61 13 64 8 64 8 61
45 81 47 81 47 85 45 85 45 81
39 74 42 74 42 78 39 78 39 74
47 27 49 27 49 30 47 30 47 27
88 33 92 33 92 35 88 35 88 33
59 22 63 22 63 24 59 24 59 22
6 36 10 36 10 39 6 39 6 36
43 18 46 18 46 22 43 22 43 18
12 31 14 31 14 33 12 33 12 31
22 87 27 87 27 89 22 89 22 87
94 3 96 3 96 7 94 7 94 3
40 86 45 86 45 90 40 90 40 86
4 31 8 31 8 33 4 33 4 31
19 65 21 65 21 68 19 68 19 65
96 64 98 64 98 69 96 69 96 64
25 75 28 75 28 78 25 78 25 75
94 16 96 16 96 19 94 19 94 16
49 35 53 35 53 40 49 40 49 35
11 83 14 83 14 88 11 88 11 83
59 14 63 14 63 18 59 18 59 14
30 4 35 4 35 8 30 8 30 4
80 39 84 39 84 42 80 42 80 39
9 95 11 95 11 98 9 98 9 95
33 64 37 64 37 67 33 67 33 64
16 90 21 90 21 92 16 92 16 90
29 55 32 55 32 59 29 59 29 55
35 34 39 34 39 36 35 36 35 34
64 86 69 86 69 90 64 90 64 86
41 43 44 43 44 46 41 46 41 43
62 33 67 33 67 38 62 38 62 33
67 2 70 2 70 6 67 6 67 2
15 53 19 53 19 56 15 56 15 53
20 15 23 15 23 20 20 20 20 15
87 81 89 81 89 85 87 85 87 81
83 76 88 76 88 79 83 79 83 76
53 13 56 13 56 15 53 15 53 13
50 29 52 29 52 32 50 32 50 29
43 49 46 49 46 52 43 52 43 49
3 78 6 78 6 82 3 82 3 78
85 19 88 19 88 22 85 22 85 19
74 66 79 66 79 68 74 68 74 66
44 25 46 25 46 30 44 30 44 25
73 34 77 34 77 37 73 37 73 34
47 65 50 65 50 70 47 70 47 65
53 58 56 58 56 61 53 61 53 58
82 4 85 4 85 7 82 7 82 4
4 40 9 40 9 43 4 43 4 40
50 91 55 91 55 94 50 94 50 91
34 45 39 45 39 47 34 47 34 45
19 47 21 47 21 49 19 49 19 47
22 51 27 51 27 53 22 53 22 51
70 70 72 70 72 74 70 74 70 70
82 57 84 57 84 61 82 61 82 57
4 67 7 67 7 69 4 69 4 67
46 59 49 59 49 63 46 63 46 59
17 23 19 23 19 26 17 26 17 23
90 45 92 45 92 48 90 48 90 45
42 6 45 6 45 9 42 9 42 6
12 2 16 2 16 6 12 6 12 2
27 18 30 18 30 20 27 20 27 18
25 79 30 79 30 81 25 81 25 79
66 92 69 92 69 95 66 95 66 92
38 51 41 51 41 53 38 53 38 51
94 88 97 88 97 92 94 92 94 88
70 83 74 83 74 88 70 88 70 83
4 88 9 88 9 93 4 93 4 88
9 3 11 3 11 8 9 8 9 3
62 4 66 4 66 9 62 9 62 4
76 43 81 43 81 46 76 46 76 43
35 90 39 90 39 93 35 93 35 90
27 96 31 96 31 98 27 98 27 96
26 83 30 83 30 86 26 86 26 83
12 19 15 19 15 21 12 21 12 19
17 32 19 32 19 36 17 36 17 32
33 21 37 21 37 23 33 23 33 21
69 9 72 9 72 12 69 12 69 9
43 37 47 37 47 40 43 40 43 37
47 48 51 48 51 51 47 51 47 48
37 96 41 96 41 98 37 98 37 96
27 90 31 90 31 92 27 92 27 90
80 95 83 95 83 97 80 97 80 95
76 50 78 50 78 55 76 55 76 50
56 31 61 31 61 35 56 35 56 31
77 79 82 79 82 82 77 82 77 79
49 73 51 73 51 78 49 78 49 73
52 10 54 10 54 12 52 12 52 10
29 61 32 61 32 64 29 64 29 61
74 10 79 10 79 12 74 12 74 10
67 14 70 14 70 17 67 17 67 14
94 51 97 51 97 54 94 54 94 51
55 22 57 22 57 25 55 25 55 22
91 20 95 20 95 25 91 25 91 20
24 65 27 65 27 67 24 67 24 65
59 64 64 64 64 68 59 68 59 64
40 30 43 30 43 33 40 33 40 30
91 9 94 9 94 12 91 12 91 9
74 71 76 71 76 74 74 74 74 71
38 27 40 27 40 29 38 29 38 27
78 63 81 63 81 65 78 65 78 63
23 41 25 41 25 43 23 43 23 41
86 93 90 93 90 95 86 95 86 93
66 50 68 50 68 54 66 54 66 50
61 69 63 69 63 73 61 73 61 69
93 43 96 43 96 47 93 47 93 43
80 18 82 18 82 20 80 20 80 18
57 2 60 2 60 4 57 4 57 2
50 95 55 95 55 97 50 97 50 95
39 9 41 9 41 14 39 14 39 9
26 6 29 6 29 11 26 11 26 6
65 67 68 67 68 72 65 72 65 67
40 2 43 2 43 5 40 5 40 2
74 24 76 24 76 28 74 28 74 24
86 38 90 38 90 43 86 43 86 38
32 50 36 50 36 52 32 52 32 50
18 75 23 75 23 77 18 77 18 75
72 57 75 57 75 60 72 60 72 57
48 7 50 7 50 11 48 11 48 7
4 2 7 2 7 5 4 5 4 2
64 58 67 58 67 60 64 60 64 58
22 46 24 46 24 48 22 48 22 46
53 27 55 27 55 29 53 29 53 27
