64 82 68 82 68 84 64 84 64 82
24 84 28 84 28 89 24 89 24 84
9 29 12 29 12 32 9 32 9 29
36 69 41 69 41 73 36 73 36 69
46 22 50 22 50 25 46 25 46 22
68 78 70 78 70 80 68 80 68 78
42 76 47 76 47 79 42 79 42 76
27 41 32 41 32 44 27 44 27 41
23 41 26 41 26 45 23 45 23 41
71 49 73 49 73 53 71 53 71 49
18 27 22 27 22 32 18 32 18 27
50 10 52 10 52 12 50 12 50 10
89 23 92 23 92 26 89 26 89 23
21 57 24 57 24 59 21 59 21 57
16 12 21 12 21 16 16 16 16 12
61 28 66 28 66 33 61 33 61 28
56 80 58 80 58 83 56 83 56 80
91 63 96 63 96 66 91 66 91 63
43 43 47 43 47 45 43 45 43 43
7 4 9 4 9 7 7 7 7 4
16 88 21 88 21 90 16 90 16 88
88 3 93 3 93 8 88 8 88 3
66 7 70 7 70 11 66 11 66 7
70 73 72 73 72 76 70 76 70 73
17 51 19 51 19 56 17 56 17 51
83 90 88 90 88 92 83 92 83 90
94 45 96 45 96 47 94 47 94 45
33 28 37 28 37 33 33 33 33 28
36 46 39 46 39 48 36 48 36 46
49 5 51 5 51 7 49 7 49 5
12 65 17 65 17 69 12 69 12 65
39 7 43 7 43 12 39 12 39 7
59 76 62 76 62 81 59 81 59 76
66 94 70 94 70 97 66 97 66 94
39 50 43 50 43 54 39 54 39 50
79 61 81 61 81 63 79 63 79 61
8 48 12 48 12 51 8 51 8 48
54 46 58 46 58 50 54 50 54 46
12 42 16 42 16 45 12 45 12 42
49 45 51 45 51 47 49 47 49 45
78 87 80 87 80 91 78 91 78 87
38 22 40 22 40 27 38 27 38 22
84 15 89 15 89 18 84 18 84 15
64 75 66 75 66 79 64 79 64 75
66 34 68 34 68 39 66 39 66 34
80 94 82 94 82 97 80 97 80 94
78 78 82 78 82 83 78 83 78 78
66 40 68 40 68 44 66 44 66 40
63 66 66 66 66 68 63 68 63 66
81 57 84 57 84 60 81 60 81 57
32 91 36 91 36 95 32 95 32 91
83 73 87 73 87 78 83 78 83 73
68 22 71 22 71 26 68 26 68 22
39 35 43 35 43 38 39 38 39 35
84 29 88 29 88 32 84 32 84 29
2 32 6 32 6 35 2 35 2 32
55 95 59 95 59 97 55 97 55 95
63 43 65 43 65 46 63 46 63 43
8 93 10 93 10 96 8 96 8 93
26 59 31 59 31 64 26 64 26 59
22 63 24 63 24 67 22 67 22 63
62 59 66 59 66 63 62 63 62 59
74 40 77 40 77 42 74 42 74 40
83 48 87 48 87 51 83 51 83 48
94 54 96 54 96 57 94 57 94 54
89 47 93 47 93 50 89 50 89 47
88 38 92 38 92 40 88 40 88 38
46 59 49 59 49 63 46 63 46 59
14 2 17 2 17 6 14 6 14 2
7 75 9 75 9 77 7 77 7 75
6 42 10 42 10 46 6 46 6 42
2 5 4 5 4 10 2 10 2 5
7 55 10 55 10 58 7 58 7 55
20 47 23 47 23 49 20 49 20 47
28 24 33 24 33 26 28 26 28 24
35 80 40 80 40 82 35 82 35 80
41 20 44 20 44 22 41 22 41 20
48 30 52 30 52 33 48 33 48 30
64 50 66 50 66 54 64 54 64 50
80 20 84 20 84 23 80 23 80 20
42 72 44 72 44 75 42 75 42 72
13 20 15 20 15 22 13 22 13 20
83 2 87 2 87 6 83 6 83 2
59 22 63 22 63 27 59 27 59 22
43 85 47 85 47 90 43 90 43 85
71 45 76 45 76 47 71 47 71 45
56 37 59 37 59 41 56 41 56 37
91 34 96 34 96 37 91 37 91 34
22 15 27 15 27 18 22 18 22 15
25 19 27 19 27 23 25 23 25 19
53 6 58 6 58 11 53 11 53 6
36 17 41 17 41 19 36 19 36 17
38 61 41 61 41 65 38 65 38 61
73 27 76 27 76 31 73 31 73 27
34 57 37 57 37 59 34 59 34 57
27 48 30 48 30 53 27 53 27 48
58 60 60 60 60 63 58 63 58 60
95 26 97 26 97 28 95 28 95 26
23 2 25 2 25 5 23 5 23 2
39 85 42 85 42 90 39 90 39 85
18 75 20 75 20 78 18 78 18 75
65 2 70 2 70 6 65 6 65 2
40 31 42 31 42 34 40 34 40 31
30 84 34 84 34 89 30 89 30 84
24 6 28 6 28 11 24 11 24 6
92 74 94 74 94 79 92 79 92 74
49 74 51 74 51 78 49 78 49 74
11 17 14 17 14 19 11 19 11 17
40 56 45 56 45 59 40 59 40 56
30 4 32 4 32 6 30 6 30 4
34 3 36 3 36 8 34 8 34 3
52 17 57 17 57 20 52 20 52 17
74 55 76 55 76 60 74 60 74 55
60 87 65 87 65 89 60 89 60 87
21 53 25 53 25 56 21 56 21 53
70 55 73 55 73 59 70 59 70 55
69 40 71 40 71 42 69 42 69 40
13 36 18 36 18 41 13 41 13 36
13 79 17 79 17 83 13 83 13 79
47 69 52 69 52 72 47 72 47 69
72 69 76 69 76 72 72 72 72 69
51 55 56 55 56 57 51 57 51 55
6 66 10 66 10 68 6 68 6 66
4 14 6 14 6 18 4 18 4 14
80 11 85 11 85 14 80 14 80 11
26 90 28 90 28 92 26 92 26 90
4 95 6 95 6 98 4 98 4 95
7 36 12 36 12 39 7 39 7 36
48 80 52 80 52 84 48 84 48 80
35 75 37 75 37 77 35 77 35 75
47 50 51 50 51 54 47 54 47 50
46 91 49 91 49 95 46 95 46 91
35 49 38 49 38 52 35 52 35 49
62 69 64 69 64 72 62 72 62 69
20 92 24 92 24 96 20 96 20 92
63 7 65 7 65 9 63 9 63 7
12 24 17 24 17 27 12 27 12 24
77 16 80 16 80 18 77 18 77 16
66 85 68 85 68 88 66 88 66 85
83 36 86 36 86 41 83 41 83 36
73 21 75 21 75 26 73 26 73 21
61 92 64 92 64 94 61 94 61 92
66 17 68 17 68 21 66 21 66 17
59 13 63 13 63 18 59 18 59 13
71 64 74 64 74 66 71 66 71 64
15 74 17 74 17 77 15 77 15 74
80 42 82 42 82 46 80 46 80 42
89 54 93 54 93 58 89 58 89 54
79 68 82 68 82 73 79 73 79 68
2 59 7 59 7 63 2 63 2 59
90 70 94 70 94 72 90 72 90 70
31 49 33 49 33 53 31 53 31 49
27 93 31 93 31 98 27 98 27 93
3 73 6 73 6 77 3 77 3 73
7 70 12 70 12 72 7 72 7 70
41 28 43 28 43 30 41 30 41 28
89 87 91 87 91 92 89 92 89 87
14 56 16 56 16 61 14 61 14 56
55 29 58 29 58 32 55 32 55 29
93 51 95 51 95 53 93 53 93 51
60 40 62 40 62 42 60 42 60 40
94 29 97 29 97 33 94 33 94 29
51 63 56 63 56 68 51 68 51 63
87 67 90 67 90 69 87 69 87 67
31 19 35 19 35 22 31 22 31 19
14 7 19 7 19 10 14 10 14 7
22 68 26 68 26 70 22 70 22 68
11 52 16 52 16 55 11 55 11 52
10 73 13 73 13 75 10 75 10 73
73 5 76 5 76 7 73 7 73 5
25 28 29 28 29 30 25 30 25 28
2 51 5 51 5 53 2 53 2 51
72 89 74 89 74 91 72 91 72 89
6 9 9 9 9 11 6 11 6 9
93 40 98 40 98 42 93 42 93 40
92 83 97 83 97 86 92 86 92 83
54 71 58 71 58 76 54 76 54 71
50 87 55 87 55 89 50 89 50 87
5 88 8 88 8 90 5 90 5 88
51 38 53 38 53 40 51 40 51 38
78 55 80 55 80 58 78 58 78 55
44 11 49 11 49 16 44 16 44 11
50 95 54 95 54 97 50 97 50 95
2 36 4 36 4 39 2 39 2 36
7 14 10 14 10 17 7 17 7 14
32 63 35 63 35 68 32 68 32 63
54 52 59 52 59 54 54 54 54 52
85 58 88 58 88 62 85 62 85 58
19 84 21 84 21 86 19 86 19 84
16 17 18 17 18 21 16 21 16 17
16 46 18 46 18 49 16 49 16 46
89 93 93 93 93 95 89 95 89 93
34 54 36 54 36 56 34 56 34 54
56 90 58 90 58 93 56 93 56 90
86 24 88 24 88 28 86 28 86 24
32 74 34 74 34 79 32 79 32 74
43 2 45 2 45 6 43 6 43 2
83 79 85 79 85 83 83 83 83 79
24 78 26 78 26 81 24 81 24 78
76 33 79 33 79 36 76 36 76 33
