18 7 21 7 21 12 18 12 18 7
22 33 25 33 25 35 22 35 22 33
88 13 92 13 92 16 88 16 88 13
84 93 87 93 87 97 84 97 84 93
58 68 60 68 60 70 58 70 58 68
15 40 20 40 20 43 15 43 15 40
38 64 40 64 40 69 38 69 38 64
29 18 32 18 32 20 29 20 29 18
25 18 28 18 28 23 25 23 25 18
52 2 55 2 55 6 52 6 52 2
30 55 33 55 33 59 30 59 30 55
19 59 22 59 22 62 19 62 19 59
78 27 81 27 81 32 78 32 78 27
29 68 32 68 32 72 29 72 29 68
73 63 77 63 77 66 73 66 73 63
25 85 29 85 29 88 25 88 25 85
26 6 29 6 29 10 26 10 26 6
54 48 57 48 57 50 54 50 54 48
12 45 15 45 15 50 12 50 12 45
30 28 34 28 34 33 30 33 30 28
27 94 30 94 30 96 27 96 27 94
20 78 23 78 23 83 20 83 20 78
84 46 88 46 88 51 84 51 84 46
45 84 49 84 49 89 45 89 45 84
70 72 73 72 73 75 70 75 70 72
20 27 23 27 23 31 20 31 20 27
73 53 75 53 75 57 73 57 73 53
82 63 84 63 84 68 82 68 82 63
58 83 63 83 63 86 58 86 58 83
62 25 65 25 65 28 62 28 62 25
72 17 74 17 74 22 72 22 72 17
66 16 71 16 71 21 66 21 66 16
43 51 45 51 45 53 43 53 43 51
5 88 10 88 10 90 5 90 5 88
82 33 85 33 85 38 82 38 82 33
58 14 61 14 61 19 58 19 58 14
32 89 35 89 35 92 32 92 32 89
58 54 62 54 62 56 58 56 58 54
43 37 48 37 48 41 43 41 43 37
35 47 37 47 37 49 35 49 35 47
10 53 13 53 13 57 10 57 10 53
43 19 46 19 46 24 43 24 43 19
68 23 70 23 70 25 68 25 68 23
60 63 65 63 65 65 60 65 60 63
11 15 16 15 16 17 11 17 11 15
11 76 13 76 13 79 11 79 11 76
30 2 34 2 34 6 30 6 30 2
21 42 26 42 26 44 21 44 21 42
27 79 29 79 29 84 27 84 27 79
95 91 97 91 97 94 95 94 95 91
68 77 73 77 73 80 68 80 68 77
80 94 82 94 82 98 80 98 80 94
37 75 41 75 41 80 37 80 37 75
63 51 68 51 68 53 63 53 63 51
31 80 35 80 35 84 31 84 31 80
61 40 65 40 65 43 61 43 61 40
32 75 34 75 34 79 32 79 32 75
52 92 55 92 55 94 52 94 52 92
87 74 89 74 89 77 87 77 87 74
50 13 52 13 52 18 50 18 50 13
80 72 83 72 83 76 80 76 80 72
23 61 27 61 27 64 23 64 23 61
42 91 44 91 44 94 42 94 42 91
32 23 37 23 37 27 32 27 32 23
16 66 18 66 18 68 16 68 16 66
89 50 91 50 91 55 89 55 89 50
11 18 15 18 15 22 11 22 11 18
4 70 9 70 9 74 4 74 4 70
20 50 23 50 23 52 20 52 20 50
71 43 74 43 74 45 71 45 71 43
79 15 82 15 82 17 79 17 79 15
2 95 4 95 4 98 2 98 2 95
66 95 71 95 71 97 66 97 66 95
45 8 47 8 47 10 45 10 45 8
83 5 87 5 87 10 83 10 83 5
43 95 46 95 46 97 43 97 43 95
4 24 8 24 8 29 4 29 4 24
19 91 23 91 23 95 19 95 19 91
89 19 92 19 92 22 89 22 89 19
73 46 78 46 78 51 73 51 73 46
57 6 61 6 61 10 57 10 57 6
15 69 20 69 20 72 15 72 15 69
86 34 90 34 90 38 86 38 86 34
72 91 77 91 77 94 72 94 72 91
70 34 74 34 74 39 70 39 70 34
93 67 97 67 97 70 93 70 93 67
2 14 7 14 7 17 2 17 2 14
34 13 38 13 38 16 34 16 34 13
48 44 52 44 52 47 48 47 48 44
83 85 88 85 88 90 83 90 83 85
80 77 83 77 83 80 80 80 80 77
82 27 84 27 84 31 82 31 82 27
5 46 10 46 10 48 5 48 5 46
50 73 52 73 52 77 50 77 50 73
62 46 65 46 65 50 62 50 62 46
69 5 73 5 73 9 69 9 69 5
63 16 65 16 65 19 63 19 63 16
4 51 8 51 8 53 4 53 4 51
53 51 55 51 55 54 53 54 53 51
63 78 66 78 66 82 63 82 63 78
22 16 24 16 24 19 22 19 22 16
81 42 83 42 83 44 81 44 81 42
90 27 93 27 93 32 90 32 90 27
57 21 60 21 60 24 57 24 57 21
2 7 7 7 7 11 2 11 2 7
35 68 37 68 37 71 35 71 35 68
5 61 10 61 10 64 5 64 5 61
2 33 6 33 6 35 2 35 2 33
55 31 57 31 57 33 55 33 55 31
31 62 35 62 35 66 31 66 31 62
38 87 41 87 41 92 38 92 38 87
43 76 45 76 45 81 43 81 43 76
56 57 61 57 61 60 56 60 56 57
21 68 25 68 25 71 21 71 21 68
6 42 9 42 9 45 6 45 6 42
48 63 52 63 52 66 48 66 48 63
32 85 35 85 35 88 32 88 32 85
15 79 19 79 19 81 15 81 15 79
56 77 60 77 60 81 56 81 56 77
35 40 40 40 40 42 35 42 35 40
91 33 94 33 94 37 91 37 91 33
38 8 42 8 42 10 38 10 38 8
93 10 98 10 98 13 93 13 93 10
60 71 65 71 65 74 60 74 60 71
79 51 83 51 83 55 79 55 79 51
70 69 74 69 74 71 70 71 70 69
38 24 41 24 41 28 38 28 38 24
17 17 19 17 19 21 17 21 17 17
84 59 86 59 86 61 84 61 84 59
11 26 13 26 13 28 11 28 11 26
42 67 44 67 44 72 42 72 42 67
14 6 16 6 16 8 14 8 14 6
41 42 46 42 46 47 41 47 41 42
95 51 97 51 97 56 95 56 95 51
50 37 54 37 54 39 50 39 50 37
54 15 57 15 57 18 54 18 54 15
66 27 70 27 70 31 66 31 66 27
94 87 97 87 97 89 94 89 94 87
58 93 60 93 60 96 58 96 58 93
76 76 78 76 78 81 76 81 76 76
38 17 40 17 40 22 38 22 38 17
73 11 78 11 78 15 73 15 73 11
41 63 43 63 43 66 41 66 41 63
6 85 8 85 8 87 6 87 6 85
62 34 64 34 64 38 62 38 62 34
46 67 51 67 51 69 46 69 46 67
30 34 35 34 35 38 30 38 30 34
17 44 20 44 20 48 17 48 17 44
3 65 8 65 8 68 3 68 3 65
66 87 68 87 68 90 66 90 66 87
91 81 96 81 96 84 91 84 91 81
63 3 68 3 68 7 63 7 63 3
92 60 95 60 95 63 92 63 92 60
56 39 58 39 58 42 56 42 56 39
77 59 82 59 82 61 77 61 77 59
46 57 48 57 48 59 46 59 46 57
16 2 21 2 21 4 16 4 16 2
41 57 43 57 43 60 41 60 41 57
16 51 19 51 19 56 16 56 16 51
2 80 5 80 5 85 2 85 2 80
95 74 97 74 97 78 95 78 95 74
68 62 71 62 71 66 68 66 68 62
31 50 36 50 36 53 31 53 31 50
72 84 75 84 75 88 72 88 72 84
95 25 98 25 98 27 95 27 95 25
88 93 93 93 93 95 88 95 88 93
39 81 42 81 42 85 39 85 39 81
8 11 13 11 13 13 8 13 8 11
49 33 53 33 53 36 49 36 49 33
68 58 73 58 73 61 68 61 68 58
78 64 81 64 81 69 78 69 78 64
21 87 24 87 24 89 21 89 21 87
49 30 53 30 53 32 49 32 49 30
86 54 88 54 88 58 86 58 86 54
74 5 78 5 78 10 74 10 74 5
71 25 76 25 76 27 71 27 71 25
14 30 16 30 16 35 14 35 14 30
25 47 30 47 30 51 25 51 25 47
87 69 89 69 89 73 87 73 87 69
37 2 42 2 42 7 37 7 37 2
93 42 95 42 95 47 93 47 93 42
17 74 19 74 19 77 17 77 17 74
46 92 51 92 51 94 46 94 46 92
78 86 82 86 82 88 78 88 78 86
47 54 52 54 52 56 47 56 47 54
91 75 94 75 94 78 91 78 91 75
12 63 14 63 14 66 12 66 12 63
16 24 19 24 19 26 16 26 16 24
22 36 24 36 24 38 22 38 22 36
53 77 55 77 55 79 53 79 53 77
63 59 65 59 65 61 63 61 63 59
59 30 61 30 61 32 59 32 59 30
86 65 88 65 88 67 86 67 86 65
78 39 81 39 81 41 78 41 78 39
35 94 40 94 40 97 35 97 35 94
11 91 16 91 16 94 11 94 11 91
24 27 28 27 28 30 24 30 24 27
50 86 53 86 53 90 50 90 50 86
33 43 38 43 38 45 33 45 33 43
88 8 90 8 90 11 88 11 88 8
