4 49 9 49 9 51 4 51 4 49
72 57 76 57 76 60 72 60 72 57
62 78 67 78 67 80 62 80 62 78
75 33 77 33 77 38 75 38 75 33
45 14 47 14 47 17 45 17 45 14
18 57 21 57 21 59 18 59 18 57
16 26 18 26 18 29 16 29 16 26
51 26 53 26 53 29 51 29 51 26
81 94 84 94 84 96 81 96 81 94
9 42 12 42 12 45 9 45 9 42
47 4 50 4 50 9 47 9 47 4
3 55 5 55 5 59 3 59 3 55
4 74 9 74 9 79 4 79 4 74
68 94 73 94 73 96 68 96 68 94
36 54 39 54 39 56 36 56 36 54
77 86 79 86 79 90 77 90 77 86
90 47 95 47 95 51 90 51 90 47
24 80 27 80 27 83 24 83 24 80
35 2 38 2 38 5 35 5 35 2
76 26 79 26 79 29 76 29 76 26
21 39 25 39 25 41 21 41 21 39
93 27 95 27 95 32 93 32 93 27
32 53 34 53 34 55 32 55 32 53
54 52 59 52 59 56 54 56 54 52
54 91 57 91 57 94 54 94 54 91
27 91 30 91 30 96 27 96 27 91
37 76 41 76 41 78 37 78 37 76
30 17 33 17 33 22 30 22 30 17
91 7 94 7 94 11 91 11 91 7
59 10 61 10 61 13 59 13 59 10
21 23 23 23 23 27 21 27 21 23
23 54 27 54 27 56 23 56 23 54
48 76 52 76 52 78 48 78 48 76
88 53 92 53 92 57 88 57 88 53
60 94 62 94 62 98 60 98 60 94
83 4 88 4 88 7 83 7 83 4
87 61 90 61 90 66 87 66 87 61
86 41 89 41 89 44 86 44 86 41
51 64 54 64 54 68 51 68 51 64
42 82 44 82 44 84 42 84 42 82
77 60 81 60 81 63 77 63 77 60
51 81 53 81 53 83 51 83 51 81
46 53 51 53 51 57 46 57 46 53
17 12 20 12 20 15 17 15 17 12
68 42 72 42 72 45 68 45 68 42
62 51 65 51 65 53 62 53 62 51
51 30 56 30 56 32 51 32 51 30
83 71 85 71 85 76 83 76 83 71
84 32 87 32 87 35 84 35 84 32
27 27 32 27 32 31 27 31 27 27
24 24 26 24 26 28 24 28 24 24
56 16 61 16 61 19 56 19 56 16
67 84 70 84 70 87 67 87 67 84
36 45 39 45 39 49 36 49 36 45
91 40 93 40 93 45 91 45 91 40
67 27 70 27 70 29 67 29 67 27
96 4 98 4 98 7 96 7 96 4
37 79 39 79 39 84 37 84 37 79
63 22 68 22 68 25 63 25 63 22
23 7 28 7 28 12 23 12 23 7
35 88 37 88 37 91 35 91 35 88
17 45 20 45 20 48 17 48 17 45
37 40 39 40 39 42 37 42 37 40
59 43 64 43 64 46 59 46 59 43
31 76 35 76 35 78 31 78 31 76
89 14 91 14 91 19 89 19 89 14
19 84 24 84 24 87 19 87 19 84
78 22 80 22 80 25 78 25 78 22
74 8 77 8 77 12 74 12 74 8
59 37 61 37 61 41 59 41 59 37
77 15 82 15 82 18 77 18 77 15
12 75 17 75 17 78 12 78 12 75
34 34 39 34 39 37 34 37 34 34
10 17 15 17 15 21 10 21 10 17
54 76 57 76 57 78 54 78 54 76
33 28 37 28 37 33 33 33 33 28
2 89 7 89 7 91 2 91 2 89
11 33 13 33 13 37 11 37 11 33
13 59 17 59 17 63 13 63 13 59
71 66 76 66 76 69 71 69 71 66
12 87 16 87 16 91 12 91 12 87
59 61 62 61 62 63 59 63 59 61
27 60 32 60 32 63 27 63 27 60
41 94 43 94 43 97 41 97 41 94
62 84 64 84 64 89 62 89 62 84
41 19 43 19 43 23 41 23 41 19
80 71 82 71 82 74 80 74 80 71
10 69 13 69 13 71 10 71 10 69
50 48 52 48 52 52 50 52 50 48
42 58 45 58 45 62 42 62 42 58
5 6 10 6 10 9 5 9 5 6
77 73 79 73 79 78 77 78 77 73
64 15 66 15 66 17 64 17 64 15
56 84 60 84 60 86 56 86 56 84
29 42 33 42 33 47 29 47 29 42
30 70 35 70 35 74 30 74 30 70
47 20 52 20 52 22 47 22 47 20
21 89 25 89 25 91 21 91 21 89
85 86 88 86 88 89 85 89 85 86
95 95 98 95 98 97 95 97 95 95
80 8 83 8 83 12 80 12 80 8
29 2 31 2 31 5 29 5 29 2
39 88 43 88 43 92 39 92 39 88
93 76 97 76 97 80 93 80 93 76
85 11 87 11 87 13 85 13 85 11
72 80 76 80 76 85 72 85 72 80
66 9 71 9 71 12 66 12 66 9
55 9 57 9 57 11 55 11 55 9
25 57 29 57 29 59 25 59 25 57
28 52 30 52 30 56 28 56 28 52
46 46 48 46 48 50 46 50 46 46
10 26 12 26 12 31 10 31 10 26
21 16 25 16 25 20 21 20 21 16
77 68 79 68 79 71 77 71 77 68
20 66 25 66 25 68 20 68 20 66
73 19 75 19 75 22 73 22 73 19
32 5 34 5 34 8 32 8 32 5
11 94 14 94 14 97 11 97 11 94
84 79 88 79 88 82 84 82 84 79
6 36 9 36 9 39 6 39 6 36
48 12 53 12 53 16 48 16 48 12
55 24 60 24 60 28 55 28 55 24
52 42 56 42 56 47 52 47 52 42
59 33 63 33 63 35 59 35 59 33
39 24 43 24 43 29 39 29 39 24
63 72 65 72 65 76 63 76 63 72
14 52 16 52 16 57 14 57 14 52
34 62 37 62 37 66 34 66 34 62
91 89 94 89 94 91 91 91 91 89
85 47 87 47 87 52 85 52 85 47
14 33 19 33 19 35 14 35 14 33
23 70 25 70 25 74 23 74 23 70
3 80 5 80 5 82 3 82 3 80
65 30 70 30 70 32 65 32 65 30
76 49 81 49 81 52 76 52 76 49
88 70 93 70 93 75 88 75 88 70
51 2 55 2 55 4 51 4 51 2
36 16 39 16 39 20 36 20 36 16
4 30 7 30 7 35 4 35 4 30
47 64 50 64 50 69 47 69 47 64
42 75 46 75 46 77 42 77 42 75
6 42 8 42 8 46 6 46 6 42
25 46 28 46 28 49 25 49 25 46
9 90 11 90 11 93 9 93 9 90
96 8 98 8 98 11 96 11 96 8
44 41 48 41 48 43 44 43 44 41
40 14 42 14 42 18 40 18 40 14
73 76 76 76 76 78 73 78 73 76
69 22 72 22 72 24 69 24 69 22
16 20 19 20 19 24 16 24 16 20
20 28 23 28 23 31 20 31 20 28
41 30 43 30 43 34 41 34 41 30
91 60 93 60 93 62 91 62 91 60
67 89 69 89 69 92 67 92 67 89
47 89 49 89 49 93 47 93 47 89
79 3 81 3 81 6 79 6 79 3
66 64 68 64 68 67 66 67 66 64
26 87 30 87 30 89 26 89 26 87
2 41 5 41 5 44 2 44 2 41
81 33 83 33 83 35 81 35 81 33
12 6 17 6 17 9 12 9 12 6
88 21 92 21 92 23 88 23 88 21
9 55 12 55 12 57 9 57 9 55
71 52 73 52 73 54 71 54 71 52
25 32 30 32 30 35 25 35 25 32
18 5 21 5 21 9 18 9 18 5
78 33 80 33 80 37 78 37 78 33
63 56 68 56 68 59 63 59 63 56
62 18 67 18 67 20 62 20 62 18
47 33 50 33 50 36 47 36 47 33
94 39 98 39 98 42 94 42 94 39
36 69 41 69 41 71 36 71 36 69
94 60 98 60 98 64 94 64 94 60
42 6 45 6 45 8 42 8 42 6
12 66 16 66 16 68 12 68 12 66
3 24 6 24 6 29 3 29 3 24
63 64 65 64 65 66 63 66 63 64
76 43 78 43 78 48 76 48 76 43
85 91 87 91 87 96 85 96 85 91
52 95 55 95 55 98 52 98 52 95
86 37 90 37 90 39 86 39 86 37
59 30 62 30 62 32 59 32 59 30
67 36 69 36 69 41 67 41 67 36
82 67 87 67 87 69 82 69 82 67
17 67 19 67 19 69 17 69 17 67
52 39 56 39 56 41 52 41 52 39
49 94 51 94 51 96 49 96 49 94
18 93 21 93 21 96 18 96 18 93
31 83 34 83 34 85 31 85 31 83
3 86 8 86 8 88 3 88 3 86
18 80 23 80 23 82 18 82 18 80
27 14 29 14 29 16 27 16 27 14
94 66 97 66 97 69 94 69 94 66
43 70 45 70 45 72 43 72 43 70
7 16 9 16 9 20 7 20 7 16
11 12 15 12 15 16 11 16 11 12
82 83 84 83 84 87 82 87 82 83
89 96 93 96 93 98 89 98 89 96
63 67 65 67 65 70 63 70 63 67
93 85 97 85 97 88 93 88 93 85
