66 72 71 72 71 76 66 76 66 72
49 39 51 39 51 42 49 42 49 39
93 59 98 59 98 63 93 63 93 59
24 68 28 68 28 71 24 71 24 68
60 23 65 23 65 28 60 28 60 23
34 8 36 8 36 13 34 13 34 8
73 93 78 93 78 95 73 95 73 93
65 37 68 37 68 41 65 41 65 37
9 22 13 22 13 25 9 25 9 22
62 67 66 67 66 71 62 71 62 67
27 35 31 35 31 39 27 39 27 35
24 91 28 91 28 94 24 94 24 91
17 86 22 86 22 90 17 90 17 86
23 37 26 37 26 39 23 39 23 37
60 45 62 45 62 50 60 50 60 45
12 59 15 59 15 64 12 64 12 59
95 32 97 32 97 37 95 37 95 32
32 3 36 3 36 7 32 7 32 3
85 39 87 39 87 42 85 42 85 39
76 47 79 47 79 50 76 50 76 47
92 33 94 33 94 37 92 37 92 33
93 39 98 39 98 42 93 42 93 39
71 39 73 39 73 44 71 44 71 39
42 53 45 53 45 57 42 57 42 53
61 77 66 77 66 80 61 80 61 77
77 3 81 3 81 6 77 6 77 3
42 73 44 73 44 77 42 77 42 73
21 15 23 15 23 19 21 19 21 15
48 17 51 17 51 19 48 19 48 17
56 65 59 65 59 68 56 68 56 65
5 19 8 19 8 22 5 22 5 19
70 18 73 18 73 21 70 21 70 18
43 84 47 84 47 89 43 89 43 84
66 3 69 3 69 6 66 6 66 3
22 75 25 75 25 80 22 80 22 75
44 96 49 96 49 98 44 98 44 96
80 91 85 91 85 95 80 95 80 91
31 30 36 30 36 33 31 33 31 30
28 17 33 17 33 19 28 19 28 17
38 44 43 44 43 48 38 48 38 44
14 5 18 5 18 8 14 8 14 5
2 58 7 58 7 61 2 61 2 58
29 89 33 89 33 93 29 93 29 89
7 71 10 71 10 75 7 75 7 71
16 12 19 12 19 14 16 14 16 12
92 15 97 15 97 17 92 17 92 15
55 38 59 38 59 43 55 43 55 38
44 30 47 30 47 33 44 33 44 30
88 75 91 75 91 78 88 78 88 75
59 13 64 13 64 16 59 16 59 13
26 58 28 58 28 60 26 60 26 58
74 27 77 27 77 32 74 32 74 27
7 28 12 28 12 32 7 32 7 28
4 86 9 86 9 89 4 89 4 86
77 53 81 53 81 58 77 58 77 53
60 81 65 81 65 86 60 86 60 81
40 85 42 85 42 87 40 87 40 85
34 15 36 15 36 19 34 19 34 15
88 19 91 19 91 21 88 21 88 19
44 3 46 3 46 7 44 7 44 3
48 55 50 55 50 57 48 57 48 55
81 75 85 75 85 80 81 80 81 75
18 43 22 43 22 46 18 46 18 43
61 92 65 92 65 94 61 94 61 92
82 18 87 18 87 20 82 20 82 18
80 46 82 46 82 50 80 50 80 46
40 9 42 9 42 13 40 13 40 9
84 52 86 52 86 57 84 57 84 52
22 50 27 50 27 53 22 53 22 50
72 53 76 53 76 55 72 55 72 53
20 2 24 2 24 4 20 4 20 2
11 80 16 80 16 85 11 85 11 80
32 61 35 61 35 66 32 66 32 61
78 65 80 65 80 69 78 69 78 65
58 32 61 32 61 37 58 37 58 32
80 39 82 39 82 41 80 41 80 39
88 9 90 9 90 14 88 14 88 9
4 66 6 66 6 70 4 70 4 66
93 3 96 3 96 5 93 5 93 3
89 79 94 79 94 83 89 83 89 79
45 68 47 68 47 70 45 70 45 68
33 46 36 46 36 50 33 50 33 46
22 26 25 26 25 31 22 31 22 26
88 61 90 61 90 65 88 65 88 61
64 43 69 43 69 47 64 47 64 43
89 30 91 30 91 33 89 33 89 30
51 80 55 80 55 82 51 82 51 80
46 77 50 77 50 82 46 82 46 77
79 18 81 18 81 23 79 23 79 18
32 26 37 26 37 28 32 28 32 26
44 45 47 45 47 49 44 49 44 45
31 82 36 82 36 87 31 87 31 82
60 8 64 8 64 10 60 10 60 8
90 68 92 68 92 73 90 73 90 68
74 83 79 83 79 88 74 88 74 83
38 57 41 57 41 62 38 62 38 57
55 90 57 90 57 94 55 94 55 90
61 53 64 53 64 55 61 55 61 53
36 92 38 92 38 94 36 94 36 92
42 65 44 65 44 68 42 68 42 65
86 66 89 66 89 71 86 71 86 66
41 34 43 34 43 37 41 37 41 34
87 55 89 55 89 58 87 58 87 55
51 71 53 71 53 74 51 74 51 71
3 72 5 72 5 76 3 76 3 72
58 59 60 59 60 62 58 62 58 59
89 85 92 85 92 87 89 87 89 85
93 72 97 72 97 77 93 77 93 72
66 23 70 23 70 26 66 26 66 23
50 67 55 67 55 69 50 69 50 67
53 57 55 57 55 62 53 62 53 57
80 25 85 25 85 30 80 30 80 25
15 17 17 17 17 21 15 21 15 17
10 90 15 90 15 94 10 94 10 90
11 49 13 49 13 51 11 51 11 49
3 2 8 2 8 7 3 7 3 2
81 82 86 82 86 84 81 84 81 82
73 75 76 75 76 79 73 79 73 75
19 6 22 6 22 10 19 10 19 6
6 41 8 41 8 45 6 45 6 41
30 58 33 58 33 60 30 60 30 58
42 17 46 17 46 21 42 21 42 17
70 12 72 12 72 14 70 14 70 12
53 46 58 46 58 50 53 50 53 46
64 48 69 48 69 52 64 52 64 48
39 94 41 94 41 98 39 98 39 94
54 16 57 16 57 18 54 18 54 16
3 10 7 10 7 14 3 14 3 10
27 77 32 77 32 79 27 79 27 77
35 71 40 71 40 73 35 73 35 71
19 52 21 52 21 56 19 56 19 52
10 52 12 52 12 54 10 54 10 52
53 2 58 2 58 5 53 5 53 2
14 76 18 76 18 78 14 78 14 76
92 11 96 11 96 13 92 13 92 11
84 33 87 33 87 37 84 37 84 33
14 22 19 22 19 24 14 24 14 22
23 22 26 22 26 24 23 24 23 22
56 69 59 69 59 74 56 74 56 69
27 40 29 40 29 44 27 44 27 40
27 63 29 63 29 67 27 67 27 63
51 95 53 95 53 97 51 97 51 95
74 7 77 7 77 9 74 9 74 7
62 36 64 36 64 41 62 41 62 36
50 8 53 8 53 13 50 13 50 8
65 63 69 63 69 65 65 65 65 63
31 94 33 94 33 96 31 96 31 94
26 83 28 83 28 86 26 86 26 83
2 51 7 51 7 54 2 54 2 51
43 22 47 22 47 24 43 24 43 22
15 54 18 54 18 57 15 57 15 54
68 69 72 69 72 71 68 71 68 69
48 58 50 58 50 60 48 60 48 58
89 47 92 47 92 51 89 51 89 47
37 5 39 5 39 7 37 7 37 5
71 33 74 33 74 36 71 36 71 33
12 66 16 66 16 70 12 70 12 66
5 95 7 95 7 97 5 97 5 95
57 95 60 95 60 98 57 98 57 95
29 51 34 51 34 56 29 56 29 51
28 20 31 20 31 22 28 22 28 20
16 31 18 31 18 34 16 34 16 31
20 95 23 95 23 98 20 98 20 95
95 24 97 24 97 28 95 28 95 24
87 26 89 26 89 29 87 29 87 26
10 43 13 43 13 45 10 45 10 43
11 8 13 8 13 13 11 13 11 8
45 34 47 34 47 39 45 39 45 34
35 51 40 51 40 55 35 55 35 51
11 38 13 38 13 41 11 41 11 38
92 91 96 91 96 93 92 93 92 91
5 91 8 91 8 94 5 94 5 91
49 31 53 31 53 33 49 33 49 31
27 10 32 10 32 15 27 15 27 10
68 8 70 8 70 10 68 10 68 8
14 44 17 44 17 48 14 48 14 44
63 30 67 30 67 35 63 35 63 30
92 94 96 94 96 97 92 97 92 94
31 69 33 69 33 73 31 73 31 69
33 38 37 38 37 41 33 41 33 38
4 35 8 35 8 40 4 40 4 35
80 61 82 61 82 63 80 63 80 61
53 54 58 54 58 56 53 56 53 54
87 2 92 2 92 6 87 6 87 2
55 83 58 83 58 86 55 86 55 83
83 8 85 8 85 12 83 12 83 8
36 21 40 21 40 25 36 25 36 21
25 32 29 32 29 34 25 34 25 32
52 26 55 26 55 28 52 28 52 26
30 43 32 43 32 45 30 45 30 43
83 14 87 14 87 16 83 16 83 14
48 90 53 90 53 94 48 94 48 90
8 8 10 8 10 13 8 13 8 8
71 66 74 66 74 68 71 68 71 66
51 63 55 63 55 66 51 66 51 63
30 74 32 74 32 76 30 76 30 74
93 46 97 46 97 51 93 51 93 46
67 58 71 58 71 60 67 60 67 58
50 84 53 84 53 89 50 89 50 84
8 96 12 96 12 98 8 98 8 96
