6 63 11 63 11 66 6 66 6 63
79 83 83 83 83 87 79 87 79 83
77 70 82 70 82 74 77 74 77 70
79 43 81 43 81 48 79 48 79 43
75 6 80 6 80 9 75 9 75 6
70 70 74 70 74 74 70 74 70 70
53 16 57 16 57 18 53 18 53 16
36 8 40 8 40 12 36 12 36 8
6 43 11 43 11 45 6 45 6 43
13 64 18 64 18 68 13 68 13 64
8 56 10 56 10 61 8 61 8 56
17 87 22 87 22 92 17 92 17 87
94 42 98 42 98 47 94 47 94 42
13 41 17 41 17 43 13 43 13 41
58 38 63 38 63 40 58 40 58 38
46 81 50 81 50 84 46 84 46 81
25 58 28 58 28 61 25 61 25 58
23 3 26 3 26 6 23 6 23 3
60 27 65 27 65 31 60 31 60 27
15 49 17 49 17 53 15 53 15 49
91 48 93 48 93 52 91 52 91 48
90 90 93 90 93 94 90 94 90 90
28 91 33 91 33 94 28 94 28 91
72 92 77 92 77 95 72 95 72 92
51 64 55 64 55 67 51 67 51 64
96 57 98 57 98 59 96 59 96 57
6 78 11 78 11 80 6 80 6 78
26 96 28 96 28 98 26 98 26 96
87 75 89 75 89 79 87 79 87 75
66 7 69 7 69 12 66 12 66 7
43 32 46 32 46 37 43 37 43 32
64 72 69 72 69 77 64 77 64 72
79 63 84 63 84 68 79 68 79 63
82 16 86 16 86 19 82 19 82 16
90 56 93 56 93 58 90 58 90 56
84 24 87 24 87 29 84 29 84 24
68 46 71 46 71 48 68 48 68 46
57 61 60 61 60 66 57 66 57 61
66 24 70 24 70 26 66 26 66 24
22 73 24 73 24 76 22 76 22 73
42 85 46 85 46 90 42 90 42 85
35 37 37 37 37 42 35 42 35 37
9 81 12 81 12 85 9 85 9 81
55 2 59 2 59 5 55 5 55 2
12 95 17 95 17 98 12 98 12 95
91 11 94 11 94 14 91 14 91 11
11 54 14 54 14 56 11 56 11 54
22 18 27 18 27 20 22 20 22 18
20 60 23 60 23 63 20 63 20 60
55 80 58 80 58 83 55 83 55 80
92 72 97 72 97 77 92 77 92 72
29 80 31 80 31 84 29 84 29 80
73 28 77 28 77 32 73 32 73 28
82 4 87 4 87 8 82 8 82 4
79 27 81 27 81 29 79 29 79 27
8 90 13 90 13 93 8 93 8 90
38 57 40 57 40 60 38 60 38 57
67 51 71 51 71 56 67 56 67 51
55 53 58 53 58 56 55 56 55 53
80 53 85 53 85 56 80 56 80 53
33 76 36 76 36 80 33 80 33 76
26 70 30 70 30 74 26 74 26 70
47 75 49 75 49 78 47 78 47 75
28 87 30 87 30 90 28 90 28 87
61 69 64 69 64 71 61 71 61 69
75 34 79 34 79 39 75 39 75 34
60 34 65 34 65 36 60 36 60 34
2 7 6 7 6 10 2 10 2 7
85 89 87 89 87 91 85 91 85 89
79 75 82 75 82 79 79 79 79 75
9 69 12 69 12 72 9 72 9 69
66 15 69 15 69 17 66 17 66 15
47 93 51 93 51 96 47 96 47 93
11 46 13 46 13 49 11 49 11 46
61 90 64 90 64 92 61 92 61 90
65 61 70 61 70 66 65 66 65 61
27 28 31 28 31 31 27 31 27 28
20 67 24 67 24 70 20 70 20 67
3 82 6 82 6 84 3 84 3 82
94 34 96 34 96 37 94 37 94 34
32 9 34 9 34 13 32 13 32 9
37 80 40 80 40 85 37 85 37 80
15 22 20 22 20 26 15 26 15 22
85 81 90 81 90 86 85 86 85 81
48 32 51 32 51 34 48 34 48 32
3 89 7 89 7 91 3 91 3 89
16 17 18 17 18 20 16 20 16 17
75 13 79 13 79 18 75 18 75 13
7 25 9 25 9 29 7 29 7 25
14 82 18 82 18 86 14 86 14 82
62 78 64 78 64 81 62 81 62 78
21 54 24 54 24 56 21 56 21 54
9 33 14 33 14 35 9 35 9 33
46 7 50 7 50 10 46 10 46 7
78 31 81 31 81 33 78 33 78 31
87 11 89 11 89 14 87 14 87 11
22 93 24 93 24 96 22 96 22 93
12 30 15 30 15 32 12 32 12 30
67 86 72 86 72 91 67 91 67 86
16 72 21 72 21 74 16 74 16 72
53 74 57 74 57 77 53 77 53 74
23 78 28 78 28 82 23 82 23 78
59 6 61 6 61 8 59 8 59 6
3 37 6 37 6 39 3 39 3 37
51 9 54 9 54 11 51 11 51 9
41 18 44 18 44 22 41 22 41 18
39 38 41 38 41 42 39 42 39 38
85 68 87 68 87 72 85 72 85 68
65 92 70 92 70 95 65 95 65 92
38 51 41 51 41 55 38 55 38 51
19 16 21 16 21 21 19 21 19 16
25 11 30 11 30 16 25 16 25 11
9 50 13 50 13 53 9 53 9 50
82 58 84 58 84 60 82 60 82 58
2 29 4 29 4 33 2 33 2 29
4 58 6 58 6 62 4 62 4 58
91 2 95 2 95 5 91 5 91 2
60 49 63 49 63 54 60 54 60 49
20 38 25 38 25 43 20 43 20 38
47 85 52 85 52 90 47 90 47 85
47 49 49 49 49 54 47 54 47 49
19 30 22 30 22 34 19 34 19 30
89 42 91 42 91 45 89 45 89 42
19 50 22 50 22 53 19 53 19 50
71 41 76 41 76 45 71 45 71 41
19 76 21 76 21 79 19 79 19 76
58 77 61 77 61 79 58 79 58 77
57 68 59 68 59 71 57 71 57 68
39 46 44 46 44 49 39 49 39 46
9 8 13 8 13 13 9 13 9 8
41 67 45 67 45 70 41 70 41 67
61 15 63 15 63 18 61 18 61 15
52 32 55 32 55 34 52 34 52 32
90 20 95 20 95 24 90 24 90 20
2 20 6 20 6 25 2 25 2 20
86 31 90 31 90 33 86 33 86 31
30 3 33 3 33 6 30 6 30 3
33 53 37 53 37 58 33 58 33 53
94 7 97 7 97 9 94 9 94 7
35 47 38 47 38 49 35 49 35 47
67 96 69 96 69 98 67 98 67 96
92 64 95 64 95 68 92 68 92 64
31 66 34 66 34 68 31 68 31 66
88 65 90 65 90 69 88 69 88 65
3 51 8 51 8 53 3 53 3 51
74 2 79 2 79 4 74 4 74 2
4 48 8 48 8 50 4 50 4 48
68 80 73 80 73 82 68 82 68 80
37 28 39 28 39 31 37 31 37 28
21 12 24 12 24 15 21 15 21 12
9 73 13 73 13 77 9 77 9 73
66 18 71 18 71 21 66 21 66 18
31 17 35 17 35 20 31 20 31 17
84 48 88 48 88 51 84 51 84 48
38 72 41 72 41 75 38 75 38 72
11 58 14 58 14 62 11 62 11 58
45 28 50 28 50 31 45 31 45 28
17 7 20 7 20 12 17 12 17 7
74 61 76 61 76 63 74 63 74 61
23 49 26 49 26 52 23 52 23 49
56 20 58 20 58 24 56 24 56 20
3 70 6 70 6 75 3 75 3 70
4 93 6 93 6 98 4 98 4 93
61 42 64 42 64 47 61 47 61 42
62 96 66 96 66 98 62 98 62 96
57 43 60 43 60 45 57 45 57 43
52 93 55 93 55 97 52 97 52 93
66 33 69 33 69 36 66 36 66 33
74 84 77 84 77 86 74 86 74 84
53 27 55 27 55 30 53 30 53 27
24 23 29 23 29 27 24 27 24 23
38 15 41 15 41 17 38 17 38 15
29 45 33 45 33 49 29 49 29 45
47 40 51 40 51 45 47 45 47 40
21 7 24 7 24 10 21 10 21 7
39 62 41 62 41 65 39 65 39 62
94 95 98 95 98 97 94 97 94 95
43 73 46 73 46 78 43 78 43 73
43 93 45 93 45 95 43 95 43 93
32 27 34 27 34 32 32 32 32 27
22 84 26 84 26 86 22 86 22 84
41 43 46 43 46 45 41 45 41 43
10 2 13 2 13 6 10 6 10 2
7 15 12 15 12 17 7 17 7 15
62 10 65 10 65 12 62 12 62 10
36 93 39 93 39 98 36 98 36 93
75 20 77 20 77 22 75 22 75 20
55 7 58 7 58 9 55 9 55 7
88 95 90 95 90 97 88 97 88 95
8 21 11 21 11 23 8 23 8 21
54 39 57 39 57 42 54 42 54 39
41 56 44 56 44 60 41 60 41 56
84 44 86 44 86 46 84 46 84 44
51 51 53 51 53 56 51 56 51 51
45 59 50 59 50 62 45 62 45 59
49 36 53 36 53 39 49 39 49 36
40 91 42 91 42 94 40 94 40 91
86 56 88 56 88 59 86 59 86 56
93 27 96 27 96 29 93 29 93 27
27 53 32 53 32 57 27 57 27 53
