9 9 11 9 11 12 9 12 9 9
8 84 13 84 13 87 8 87 8 84
86 94 89 94 89 98 86 98 86 94
58 60 62 60 62 63 58 63 58 60
10 60 12 60 12 62 10 62 10 60
83 32 87 32 87 36 83 36 83 32
53 67 57 67 57 69 53 69 53 67
77 56 82 56 82 60 77 60 77 56
53 74 57 74 57 77 53 77 53 74
59 70 62 70 62 74 59 74 59 70
64 24 66 24 66 29 64 29 64 24
20 54 24 54 24 57 20 57 20 54
79 29 82 29 82 32 79 32 79 29
10 78 15 78 15 83 10 83 10 78
63 92 68 92 68 97 63 97 63 92
46 39 50 39 50 43 46 43 46 39
93 94 95 94 95 98 93 98 93 94
80 3 85 3 85 7 80 7 80 3
81 44 86 44 86 49 81 49 81 44
20 77 25 77 25 79 20 79 20 77
40 25 43 25 43 30 40 30 40 25
15 5 17 5 17 10 15 10 15 5
33 8 35 8 35 10 33 10 33 8
10 71 14 71 14 73 10 73 10 71
56 22 60 22 60 25 56 25 56 22
28 36 31 36 31 41 28 41 28 36
30 80 33 80 33 85 30 85 30 80
37 78 41 78 41 81 37 81 37 78
87 52 92 52 92 56 87 56 87 52
23 92 25 92 25 95 23 95 23 92
80 24 82 24 82 27 80 27 80 24
5 20 8 20 8 23 5 23 5 20
41 86 45 86 45 91 41 91 41 86
46 18 50 18 50 21 46 21 46 18
94 7 98 7 98 12 94 12 94 7
39 73 41 73 41 76 39 76 39 73
58 85 60 85 60 88 58 88 58 85
3 75 6 75 6 79 3 79 3 75
66 52 69 52 69 57 66 57 66 52
60 2 64 2 64 6 60 6 60 2
10 56 13 56 13 59 10 59 10 56
19 35 24 35 24 39 19 39 19 35
73 39 76 39 76 43 73 43 73 39
92 44 96 44 96 49 92 49 92 44
47 56 51 56 51 58 47 58 47 56
13 35 16 35 16 37 13 37 13 35
34 21 38 21 38 24 34 24 34 21
19 25 24 25 24 30 19 30 19 25
65 43 69 43 69 46 65 46 65 43
87 20 90 20 90 22 87 22 87 20
77 18 82 18 82 23 77 23 77 18
62 7 64 7 64 10 62 10 62 7
2 17 4 17 4 22 2 22 2 17
43 73 45 73 45 75 43 75 43 73
16 48 18 48 18 52 16 52 16 48
69 78 72 78 72 81 69 81 69 78
31 72 36 72 36 74 31 74 31 72
31 76 34 76 34 79 31 79 31 76
93 21 96 21 96 25 93 25 93 21
95 71 97 71 97 74 95 74 95 71
19 14 24 14 24 16 19 16 19 14
88 72 90 72 90 75 88 75 88 72
8 15 11 15 11 17 8 17 8 15
91 38 96 38 96 42 91 42 91 38
82 84 87 84 87 86 82 86 82 84
41 45 44 45 44 49 41 49 41 45
18 6 22 6 22 10 18 10 18 6
65 63 69 63 69 68 65 68 65 63
16 76 18 76 18 80 16 80 16 76
5 47 8 47 8 49 5 49 5 47
92 69 94 69 94 74 92 74 92 69
91 62 95 62 95 64 91 64 91 62
14 93 17 93 17 98 14 98 14 93
73 85 78 85 78 88 73 88 73 85
33 47 36 47 36 50 33 50 33 47
31 11 33 11 33 14 31 14 31 11
73 50 76 50 76 55 73 55 73 50
56 53 61 53 61 56 56 56 56 53
49 11 54 11 54 15 49 15 49 11
46 89 49 89 49 93 46 93 46 89
33 33 36 33 36 35 33 35 33 33
18 58 22 58 22 62 18 62 18 58
38 12 40 12 40 15 38 15 38 12
73 24 78 24 78 28 73 28 73 24
25 43 28 43 28 48 25 48 25 43
36 55 41 55 41 58 36 58 36 55
11 53 14 53 14 55 11 55 11 53
53 94 56 94 56 98 53 98 53 94
93 85 98 85 98 90 93 90 93 85
39 70 41 70 41 72 39 72 39 70
58 12 62 12 62 15 58 15 58 12
31 88 35 88 35 93 31 93 31 88
10 26 15 26 15 31 10 31 10 26
27 54 29 54 29 59 27 59 27 54
8 37 10 37 10 42 8 42 8 37
13 41 16 41 16 45 13 45 13 41
73 7 77 7 77 10 73 10 73 7
65 9 67 9 67 12 65 12 65 9
64 78 68 78 68 80 64 80 64 78
85 62 87 62 87 65 85 65 85 62
37 28 39 28 39 31 37 31 37 28
95 30 97 30 97 33 95 33 95 30
56 17 61 17 61 21 56 21 56 17
7 88 9 88 9 90 7 90 7 88
19 63 24 63 24 65 19 65 19 63
29 26 34 26 34 31 29 31 29 26
43 58 46 58 46 63 43 63 43 58
2 69 6 69 6 73 2 73 2 69
85 13 88 13 88 15 85 15 85 13
10 88 12 88 12 90 10 90 10 88
50 46 55 46 55 49 50 49 50 46
13 15 18 15 18 19 13 19 13 15
57 93 60 93 60 96 57 96 57 93
76 76 79 76 79 80 76 80 76 76
13 22 18 22 18 24 13 24 13 22
62 67 64 67 64 69 62 69 62 67
72 69 77 69 77 71 72 71 72 69
91 78 93 78 93 81 91 81 91 78
6 2 10 2 10 7 6 7 6 2
37 35 40 35 40 40 37 40 37 35
64 16 67 16 67 18 64 18 64 16
25 85 27 85 27 88 25 88 25 85
45 30 49 30 49 33 45 33 45 30
72 44 75 44 75 47 72 47 72 44
88 2 92 2 92 6 88 6 88 2
86 88 91 88 91 90 86 90 86 88
22 44 24 44 24 48 22 48 22 44
3 33 6 33 6 38 3 38 3 33
38 63 41 63 41 68 38 68 38 63
55 28 59 28 59 32 55 32 55 28
16 90 20 90 20 92 16 92 16 90
53 87 55 87 55 92 53 92 53 87
82 38 85 38 85 40 82 40 82 38
39 2 44 2 44 6 39 6 39 2
37 32 41 32 41 34 37 34 37 32
32 38 36 38 36 40 32 40 32 38
77 12 79 12 79 14 77 14 77 12
51 3 56 3 56 8 51 8 51 3
86 23 91 23 91 25 86 25 86 23
65 69 68 69 68 74 65 74 65 69
54 36 58 36 58 40 54 40 54 36
25 36 27 36 27 38 25 38 25 36
6 10 8 10 8 12 6 12 6 10
47 94 49 94 49 98 47 98 47 94
3 81 5 81 5 86 3 86 3 81
68 21 71 21 71 26 68 26 68 21
38 82 41 82 41 85 38 85 38 82
72 59 76 59 76 61 72 61 72 59
78 68 83 68 83 71 78 71 78 68
42 33 44 33 44 37 42 37 42 33
53 41 56 41 56 43 53 43 53 41
50 31 52 31 52 33 50 33 50 31
87 45 89 45 89 47 87 47 87 45
38 50 42 50 42 54 38 54 38 50
2 24 5 24 5 28 2 28 2 24
32 59 37 59 37 62 32 62 32 59
52 80 57 80 57 83 52 83 52 80
31 16 36 16 36 20 31 20 31 16
93 54 97 54 97 59 93 59 93 54
65 3 67 3 67 7 65 7 65 3
51 62 56 62 56 65 51 65 51 62
28 6 30 6 30 11 28 11 28 6
46 85 51 85 51 88 46 88 46 85
59 46 64 46 64 49 59 49 59 46
72 62 77 62 77 67 72 67 72 62
86 37 89 37 89 41 86 41 86 37
89 28 94 28 94 31 89 31 89 28
47 77 50 77 50 80 47 80 47 77
48 69 52 69 52 72 48 72 48 69
31 65 35 65 35 67 31 67 31 65
76 89 80 89 80 93 76 93 76 89
23 18 26 18 26 22 23 22 23 18
34 3 36 3 36 7 34 7 34 3
81 89 85 89 85 94 81 94 81 89
66 32 69 32 69 34 66 34 66 32
90 13 92 13 92 18 90 18 90 13
65 86 67 86 67 88 65 88 65 86
45 13 47 13 47 17 45 17 45 13
88 48 90 48 90 51 88 51 88 48
79 37 81 37 81 42 79 42 79 37
26 96 29 96 29 98 26 98 26 96
2 5 4 5 4 8 2 8 2 5
19 83 23 83 23 85 19 85 19 83
70 73 72 73 72 76 70 76 70 73
31 52 34 52 34 55 31 55 31 52
61 27 63 27 63 31 61 31 61 27
33 94 35 94 35 96 33 96 33 94
47 50 50 50 50 52 47 52 47 50
44 64 49 64 49 68 44 68 44 64
11 63 15 63 15 66 11 66 11 63
16 68 21 68 21 73 16 73 16 68
49 23 52 23 52 26 49 26 49 23
70 83 72 83 72 86 70 86 70 83
24 66 28 66 28 71 24 71 24 66
28 74 30 74 30 76 28 76 28 74
2 87 6 87 6 92 2 92 2 87
27 20 30 20 30 23 27 23 27 20
42 69 44 69 44 72 42 72 42 69
85 10 88 10 88 12 85 12 85 10
4 93 9 93 9 95 4 95 4 93
