12 23 16 23 16 27 12 27 12 23
70 65 75 65 75 70 70 70 70 65
9 68 14 68 14 70 9 70 9 68
64 5 69 5 69 7 64 7 64 5
4 68 8 68 8 72 4 72 4 68
46 11 48 11 48 15 46 15 46 11
91 76 93 76 93 79 91 79 91 76
60 51 64 51 64 55 60 55 60 51
19 74 24 74 24 78 19 78 19 74
79 83 83 83 83 87 79 87 79 83
51 15 56 15 56 18 51 18 51 15
26 10 28 10 28 12 26 12 26 10
87 48 92 48 92 50 87 50 87 48
43 91 45 91 45 95 43 95 43 91
42 18 46 18 46 22 42 22 42 18
93 40 97 40 97 43 93 43 93 40
23 10 25 10 25 13 23 13 23 10
93 92 96 92 96 97 93 97 93 92
7 36 10 36 10 39 7 39 7 36
47 48 50 48 50 52 47 52 47 48
67 81 69 81 69 84 67 84 67 81
57 17 62 17 62 21 57 21 57 17
94 77 96 77 96 81 94 81 94 77
14 7 18 7 18 10 14 10 14 7
55 89 59 89 59 94 55 94 55 89
65 18 68 18 68 23 65 23 65 18
32 61 36 61 36 66 32 66 32 61
55 48 59 48 59 52 55 52 55 48
55 95 57 95 57 98 55 98 55 95
84 27 88 27 88 31 84 31 84 27
45 55 48 55 48 60 45 60 45 55
90 25 93 25 93 28 90 28 90 25
40 42 44 42 44 46 40 46 40 42
4 45 8 45 8 48 4 48 4 45
22 15 27 15 27 18 22 18 22 15
63 84 65 84 65 87 63 87 63 84
80 78 84 78 84 81 80 81 80 78
5 94 9 94 9 96 5 96 5 94
23 45 27 45 27 50 23 50 23 45
88 35 93 35 93 38 88 38 88 35
80 70 82 70 82 74 80 74 80 70
86 85 90 85 90 90 86 90 86 85
70 30 74 30 74 34 70 34 70 30
94 30 97 30 97 34 94 34 94 30
10 65 15 65 15 67 10 67 10 65
36 68 38 68 38 72 36 72 36 68
28 72 30 72 30 74 28 74 28 72
2 89 5 89 5 93 2 93 2 89
50 54 54 54 54 59 50 59 50 54
53 39 57 39 57 42 53 42 53 39
72 85 75 85 75 87 72 87 72 85
93 55 96 55 96 59 93 59 93 55
37 4 39 4 39 8 37 8 37 4
10 13 15 13 15 15 10 15 10 13
6 82 9 82 9 87 6 87 6 82
19 30 23 30 23 34 19 34 19 30
28 21 32 21 32 25 28 25 28 21
34 73 37 73 37 76 34 76 34 73
77 94 81 94 81 97 77 97 77 94
81 31 83 31 83 33 81 33 81 31
86 39 88 39 88 44 86 44 86 39
69 41 74 41 74 45 69 45 69 41
63 42 68 42 68 46 63 46 63 42
64 35 69 35 69 38 64 38 64 35
9 50 11 50 11 53 9 53 9 50
45 29 47 29 47 31 45 31 45 29
74 2 78 2 78 5 74 5 74 2
41 4 43 4 43 8 41 8 41 4
46 41 48 41 48 43 46 43 46 41
9 24 11 24 11 27 9 27 9 24
75 76 77 76 77 78 75 78 75 76
23 66 27 66 27 68 23 68 23 66
71 71 73 71 73 76 71 76 71 71
12 85 17 85 17 88 12 88 12 85
58 24 62 24 62 27 58 27 58 24
49 90 51 90 51 95 49 95 49 90
66 8 70 8 70 11 66 11 66 8
33 90 35 90 35 92 33 92 33 90
11 39 14 39 14 42 11 42 11 39
44 73 49 73 49 78 44 78 44 73
63 74 66 74 66 76 63 76 63 74
83 64 85 64 85 66 83 66 83 64
54 6 58 6 58 8 54 8 54 6
46 62 50 62 50 64 46 64 46 62
75 22 78 22 78 26 75 26 75 22
63 65 65 65 65 67 63 67 63 65
71 35 73 35 73 40 71 40 71 35
29 32 31 32 31 34 29 34 29 32
88 17 90 17 90 20 88 20 88 17
23 25 26 25 26 29 23 29 23 25
51 43 55 43 55 46 51 46 51 43
16 58 18 58 18 61 16 61 16 58
65 94 69 94 69 98 65 98 65 94
31 45 36 45 36 48 31 48 31 45
59 77 61 77 61 81 59 81 59 77
12 58 15 58 15 60 12 60 12 58
3 55 5 55 5 58 3 58 3 55
15 75 18 75 18 80 15 80 15 75
63 47 68 47 68 50 63 50 63 47
48 69 50 69 50 72 48 72 48 69
47 5 49 5 49 8 47 8 47 5
41 25 46 25 46 28 41 28 41 25
51 25 55 25 55 27 51 27 51 25
29 84 34 84 34 88 29 88 29 84
17 65 19 65 19 68 17 68 17 65
53 73 55 73 55 75 53 75 53 73
89 6 91 6 91 8 89 8 89 6
81 38 85 38 85 42 81 42 81 38
28 5 33 5 33 9 28 9 28 5
29 55 31 55 31 59 29 59 29 55
46 85 49 85 49 89 46 89 46 85
49 96 52 96 52 98 49 98 49 96
21 20 23 20 23 24 21 24 21 20
7 73 9 73 9 78 7 78 7 73
5 64 9 64 9 66 5 66 5 64
3 10 6 10 6 12 3 12 3 10
31 96 36 96 36 98 31 98 31 96
47 19 51 19 51 23 47 23 47 19
93 70 98 70 98 74 93 74 93 70
38 26 40 26 40 31 38 31 38 26
13 34 15 34 15 36 13 36 13 34
66 28 68 28 68 30 66 30 66 28
69 25 71 25 71 28 69 28 69 25
59 38 62 38 62 41 59 41 59 38
66 57 68 57 68 60 66 60 66 57
56 10 59 10 59 14 56 14 56 10
83 21 88 21 88 25 83 25 83 21
51 76 53 76 53 81 51 81 51 76
51 63 53 63 53 68 51 68 51 63
82 18 87 18 87 20 82 20 82 18
91 44 95 44 95 46 91 46 91 44
25 4 27 4 27 9 25 9 25 4
39 57 44 57 44 62 39 62 39 57
92 60 95 60 95 65 92 65 92 60
29 80 34 80 34 82 29 82 29 80
87 91 92 91 92 95 87 95 87 91
39 77 42 77 42 79 39 79 39 77
76 52 80 52 80 56 76 56 76 52
85 4 88 4 88 6 85 6 85 4
55 32 57 32 57 37 55 37 55 32
60 45 62 45 62 49 60 49 60 45
43 82 45 82 45 85 43 85 43 82
14 89 16 89 16 93 14 93 14 89
93 66 98 66 98 69 93 69 93 66
25 35 30 35 30 37 25 37 25 35
75 7 77 7 77 12 75 12 75 7
17 90 20 90 20 92 17 92 17 90
77 59 79 59 79 61 77 61 77 59
87 10 89 10 89 15 87 15 87 10
36 16 41 16 41 21 36 21 36 16
94 8 97 8 97 11 94 11 94 8
49 29 51 29 51 31 49 31 49 29
54 19 56 19 56 24 54 24 54 19
65 70 67 70 67 72 65 72 65 70
10 74 12 74 12 79 10 79 10 74
16 47 20 47 20 50 16 50 16 47
91 14 94 14 94 17 91 17 91 14
55 59 58 59 58 62 55 62 55 59
58 68 62 68 62 73 58 73 58 68
29 77 31 77 31 79 29 79 29 77
73 90 76 90 76 92 73 92 73 90
2 13 7 13 7 16 2 16 2 13
94 85 96 85 96 88 94 88 94 85
2 50 7 50 7 52 2 52 2 50
85 78 87 78 87 83 85 83 85 78
79 66 82 66 82 68 79 68 79 66
74 80 78 80 78 82 74 82 74 80
6 58 11 58 11 63 6 63 6 58
36 82 38 82 38 84 36 84 36 82
63 12 65 12 65 16 63 16 63 12
64 62 67 62 67 64 64 64 64 62
76 35 80 35 80 39 76 39 76 35
41 64 43 64 43 68 41 68 41 64
67 65 69 65 69 69 67 69 67 65
20 57 24 57 24 62 20 62 20 57
20 52 24 52 24 55 20 55 20 52
43 50 45 50 45 53 43 53 43 50
95 82 97 82 97 84 95 84 95 82
5 18 10 18 10 20 5 20 5 18
23 87 27 87 27 89 23 89 23 87
52 84 54 84 54 86 52 86 52 84
72 51 74 51 74 54 72 54 72 51
43 35 46 35 46 39 43 39 43 35
3 77 5 77 5 80 3 80 3 77
2 24 7 24 7 26 2 26 2 24
54 76 58 76 58 79 54 79 54 76
39 13 43 13 43 15 39 15 39 13
65 89 70 89 70 93 65 93 65 89
64 78 66 78 66 80 64 80 64 78
92 19 97 19 97 23 92 23 92 19
7 5 11 5 11 9 7 9 7 5
28 89 30 89 30 94 28 94 28 89
30 38 34 38 34 43 30 43 30 38
21 42 23 42 23 44 21 44 21 42
87 71 90 71 90 75 87 75 87 71
70 5 72 5 72 7 70 7 70 5
59 63 61 63 61 66 59 66 59 63
69 15 72 15 72 19 69 19 69 15
6 90 11 90 11 92 6 92 6 90
30 16 32 16 32 18 30 18 30 16
