12 95 17 95 17 98 12 98 12 95
50 16 54 16 54 18 50 18 50 16
3 2 7 2 7 6 3 6 3 2
15 67 19 67 19 70 15 70 15 67
94 56 97 56 97 61 94 61 94 56
38 70 41 70 41 74 38 74 38 70
83 24 88 24 88 29 83 29 83 24
80 34 85 34 85 38 80 38 80 34
30 89 35 89 35 93 30 93 30 89
6 81 8 81 8 84 6 84 6 81
83 94 88 94 88 98 83 98 83 94
61 16 65 16 65 20 61 20 61 16
72 57 74 57 74 62 72 62 72 57
27 34 29 34 29 38 27 38 27 34
59 55 62 55 62 60 59 60 59 55
90 51 92 51 92 54 90 54 90 51
41 3 44 3 44 5 41 5 41 3
84 39 88 39 88 43 84 43 84 39
33 30 38 30 38 34 33 34 33 30
47 35 49 35 49 39 47 39 47 35
92 35 94 35 94 38 92 38 92 35
70 86 73 86 73 89 70 89 70 86
42 31 45 31 45 35 42 35 42 31
82 2 84 2 84 6 82 6 82 2
6 54 11 54 11 58 6 58 6 54
93 28 96 28 96 32 93 32 93 28
59 26 61 26 61 28 59 28 59 26
61 73 65 73 65 76 61 76 61 73
43 6 48 6 48 8 43 8 43 6
37 81 39 81 39 83 37 83 37 81
84 72 89 72 89 75 84 75 84 72
26 16 28 16 28 21 26 21 26 16
44 41 46 41 46 44 44 44 44 41
68 68 71 68 71 70 68 70 68 68
66 43 68 43 68 45 66 45 66 43
24 42 26 42 26 45 24 45 24 42
85 80 88 80 88 84 85 84 85 80
21 7 26 7 26 10 21 10 21 7
75 43 77 43 77 45 75 45 75 43
29 76 31 76 31 79 29 79 29 76
57 92 62 92 62 95 57 95 57 92
23 89 25 89 25 94 23 94 23 89
93 63 97 63 97 68 93 68 93 63
64 84 66 84 66 89 64 89 64 84
16 22 21 22 21 27 16 27 16 22
81 56 83 56 83 61 81 61 81 56
33 10 38 10 38 13 33 13 33 10
2 71 4 71 4 75 2 75 2 71
51 39 55 39 55 44 51 44 51 39
35 52 37 52 37 57 35 57 35 52
91 88 95 88 95 91 91 91 91 88
44 22 49 22 49 27 44 27 44 22
80 15 82 15 82 17 80 17 80 15
21 72 25 72 25 75 21 75 21 72
42 14 44 14 44 18 42 18 42 14
49 77 54 77 54 80 49 80 49 77
29 16 33 16 33 21 29 21 29 16
48 52 52 52 52 54 48 54 48 52
46 16 49 16 49 18 46 18 46 16
8 60 12 60 12 63 8 63 8 60
57 7 62 7 62 10 57 10 57 7
63 52 65 52 65 55 63 55 63 52
5 62 7 62 7 67 5 67 5 62
29 43 33 43 33 48 29 48 29 43
38 43 43 43 43 45 38 45 38 43
81 51 84 51 84 54 81 54 81 51
58 68 63 68 63 70 58 70 58 68
76 51 78 51 78 54 76 54 76 51
67 62 70 62 70 67 67 67 67 62
90 83 95 83 95 86 90 86 90 83
59 63 62 63 62 67 59 67 59 63
6 32 9 32 9 35 6 35 6 32
51 3 53 3 53 8 51 8 51 3
42 36 45 36 45 39 42 39 42 36
19 59 24 59 24 64 19 64 19 59
23 49 26 49 26 51 23 51 23 49
18 76 21 76 21 81 18 81 18 76
9 26 13 26 13 30 9 30 9 26
30 55 34 55 34 59 30 59 30 55
92 96 94 96 94 98 92 98 92 96
71 26 76 26 76 30 71 30 71 26
85 48 87 48 87 52 85 52 85 48
34 63 38 63 38 65 34 65 34 63
50 36 55 36 55 38 50 38 50 36
92 74 97 74 97 78 92 78 92 74
80 40 82 40 82 43 80 43 80 40
81 45 84 45 84 50 81 50 81 45
80 66 84 66 84 70 80 70 80 66
27 56 29 56 29 61 27 61 27 56
27 28 30 28 30 33 27 33 27 28
32 71 34 71 34 75 32 75 32 71
39 56 41 56 41 60 39 60 39 56
49 55 54 55 54 60 49 60 49 55
11 89 14 89 14 94 11 94 11 89
53 50 57 50 57 54 53 54 53 50
49 89 51 89 51 94 49 94 49 89
88 19 90 19 90 22 88 22 88 19
84 17 87 17 87 19 84 19 84 17
44 84 47 84 47 86 44 86 44 84
8 74 13 74 13 76 8 76 8 74
84 57 88 57 88 61 84 61 84 57
75 71 80 71 80 73 75 73 75 71
72 41 74 41 74 45 72 45 72 41
43 64 46 64 46 67 43 67 43 64
38 90 40 90 40 93 38 93 38 90
61 46 64 46 64 51 61 51 61 46
54 11 59 11 59 14 54 14 54 11
20 11 22 11 22 14 20 14 20 11
62 35 64 35 64 38 62 38 62 35
12 10 16 10 16 15 12 15 12 10
90 4 93 4 93 7 90 7 90 4
82 81 84 81 84 83 82 83 82 81
93 50 98 50 98 52 93 52 93 50
40 65 42 65 42 67 40 67 40 65
8 67 10 67 10 72 8 72 8 67
57 45 60 45 60 47 57 47 57 45
90 58 92 58 92 60 90 60 90 58
64 24 66 24 66 29 64 29 64 24
74 20 78 20 78 22 74 22 74 20
95 11 97 11 97 15 95 15 95 11
71 52 75 52 75 55 71 55 71 52
87 64 92 64 92 68 87 68 87 64
93 24 97 24 97 26 93 26 93 24
26 88 28 88 28 90 26 90 26 88
17 2 19 2 19 7 17 7 17 2
44 77 47 77 47 80 44 80 44 77
91 20 94 20 94 22 91 22 91 20
77 38 79 38 79 42 77 42 77 38
58 21 61 21 61 25 58 25 58 21
13 60 17 60 17 64 13 64 13 60
13 83 16 83 16 86 13 86 13 83
9 79 13 79 13 82 9 82 9 79
56 33 59 33 59 37 56 37 56 33
63 57 65 57 65 60 63 60 63 57
17 53 20 53 20 57 17 57 17 53
61 85 63 85 63 89 61 89 61 85
70 76 72 76 72 81 70 81 70 76
30 83 35 83 35 85 30 85 30 83
79 28 82 28 82 31 79 31 79 28
88 15 91 15 91 18 88 18 88 15
66 48 68 48 68 51 66 51 66 48
42 87 45 87 45 90 42 90 42 87
53 66 56 66 56 68 53 68 53 66
54 83 56 83 56 88 54 88 54 83
24 85 28 85 28 87 24 87 24 85
72 49 75 49 75 51 72 51 72 49
53 89 56 89 56 92 53 92 53 89
74 6 78 6 78 11 74 11 74 6
22 33 26 33 26 38 22 38 22 33
27 10 30 10 30 13 27 13 27 10
44 28 49 28 49 30 44 30 44 28
25 23 28 23 28 27 25 27 25 23
7 15 9 15 9 18 7 18 7 15
64 6 69 6 69 10 64 10 64 6
23 29 26 29 26 31 23 31 23 29
61 29 63 29 63 32 61 32 61 29
34 21 38 21 38 25 34 25 34 21
52 61 57 61 57 65 52 65 52 61
87 10 89 10 89 14 87 14 87 10
79 86 82 86 82 89 79 89 79 86
45 92 48 92 48 96 45 96 45 92
53 28 55 28 55 32 53 32 53 28
79 77 81 77 81 81 79 81 79 77
67 12 69 12 69 15 67 15 67 12
6 38 11 38 11 43 6 43 6 38
75 94 79 94 79 98 75 98 75 94
38 46 41 46 41 51 38 51 38 46
2 38 5 38 5 41 2 41 2 38
57 86 60 86 60 91 57 91 57 86
49 85 52 85 52 88 49 88 49 85
23 53 26 53 26 56 23 56 23 53
19 84 22 84 22 86 19 86 19 84
14 41 16 41 16 45 14 45 14 41
18 44 20 44 20 47 18 47 18 44
34 15 39 15 39 18 34 18 34 15
74 3 79 3 79 5 74 5 74 3
28 39 31 39 31 41 28 41 28 39
18 87 21 87 21 92 18 92 18 87
48 32 50 32 50 34 48 34 48 32
25 66 29 66 29 69 25 69 25 66
59 80 61 80 61 83 59 83 59 80
44 47 46 47 46 52 44 52 44 47
63 91 65 91 65 95 63 95 63 91
5 21 9 21 9 23 5 23 5 21
41 20 43 20 43 25 41 25 41 20
12 35 14 35 14 37 12 37 12 35
43 59 48 59 48 63 43 63 43 59
75 15 77 15 77 17 75 17 75 15
68 57 70 57 70 61 68 61 68 57
17 15 22 15 22 17 17 17 17 15
87 2 89 2 89 4 87 4 87 2
17 30 20 30 20 35 17 35 17 30
42 54 47 54 47 58 42 58 42 54
37 75 39 75 39 80 37 80 37 75
11 48 15 48 15 50 11 50 11 48
50 70 54 70 54 72 50 72 50 70
12 66 14 66 14 69 12 69 12 66
27 49 31 49 31 53 27 53 27 49
26 70 30 70 30 72 26 72 26 70
91 40 94 40 94 42 91 42 91 40
