93 53 95 53 95 58 93 58 93 53
90 25 93 25 93 30 90 30 90 25
37 16 41 16 41 18 37 18 37 16
64 11 66 11 66 14 64 14 64 11
13 78 17 78 17 81 13 81 13 78
71 95 76 95 76 97 71 97 71 95
92 74 97 74 97 79 92 79 92 74
28 87 30 87 30 89 28 89 28 87
30 6 33 6 33 10 30 10 30 6
60 55 64 55 64 58 60 58 60 55
30 47 34 47 34 50 30 50 30 47
35 43 38 43 38 48 35 48 35 43
24 38 26 38 26 43 24 43 24 38
19 14 21 14 21 19 19 19 19 14
65 54 70 54 70 56 65 56 65 54
60 75 64 75 64 78 60 78 60 75
40 62 42 62 42 64 40 64 40 62
17 70 20 70 20 74 17 74 17 70
18 93 22 93 22 95 18 95 18 93
36 86 40 86 40 88 36 88 36 86
22 76 27 76 27 81 22 81 22 76
52 5 57 5 57 8 52 8 52 5
67 62 72 62 72 67 67 67 67 62
41 41 46 41 46 43 41 43 41 41
6 20 8 20 8 25 6 25 6 20
89 55 91 55 91 57 89 57 89 55
31 78 36 78 36 83 31 83 31 78
83 33 87 33 87 38 83 38 83 33
11 85 14 85 14 88 11 88 11 85
45 20 50 20 50 25 45 25 45 20
9 70 12 70 12 74 9 74 9 70
40 31 44 31 44 36 40 36 40 31
16 27 18 27 18 32 16 32 16 27
2 83 7 83 7 85 2 85 2 83
74 24 76 24 76 29 74 29 74 24
45 82 48 82 48 87 45 87 45 82
73 59 78 59 78 62 73 62 73 59
33 71 37 71 37 74 33 74 33 71
2 26 4 26 4 29 2 29 2 26
53 17 57 17 57 20 53 20 53 17
57 40 59 40 59 45 57 45 57 40
52 76 56 76 56 81 52 81 52 76
87 95 92 95 92 98 87 98 87 95
21 73 25 73 25 75 21 75 21 73
91 35 96 35 96 38 91 38 91 35
68 86 71 86 71 90 68 90 68 86
26 64 29 64 29 67 26 67 26 64
57 77 59 77 59 80 57 80 57 77
58 18 61 18 61 22 58 22 58 18
13 14 16 14 16 17 13 17 13 14
87 43 92 43 92 45 87 45 87 43
79 40 82 40 82 44 79 44 79 40
27 40 31 40 31 44 27 44 27 40
4 2 8 2 8 4 4 4 4 2
79 50 82 50 82 54 79 54 79 50
91 31 94 31 94 34 91 34 91 31
9 30 14 30 14 35 9 35 9 30
74 8 78 8 78 13 74 13 74 8
49 48 54 48 54 50 49 50 49 48
76 35 80 35 80 39 76 39 76 35
13 22 15 22 15 26 13 26 13 22
53 69 56 69 56 71 53 71 53 69
72 80 76 80 76 85 72 85 72 80
86 39 89 39 89 42 86 42 86 39
9 56 14 56 14 60 9 60 9 56
53 51 58 51 58 53 53 53 53 51
35 21 40 21 40 24 35 24 35 21
58 59 61 59 61 62 58 62 58 59
18 49 21 49 21 51 18 51 18 49
35 31 39 31 39 35 35 35 35 31
52 92 54 92 54 96 52 96 52 92
58 48 61 48 61 50 58 50 58 48
26 31 29 31 29 33 26 33 26 31
22 87 26 87 26 90 22 90 22 87
18 6 22 6 22 9 18 9 18 6
86 25 88 25 88 28 86 28 86 25
57 82 59 82 59 84 57 84 57 82
30 35 34 35 34 39 30 39 30 35
61 80 66 80 66 82 61 82 61 80
63 31 68 31 68 34 63 34 63 31
27 15 32 15 32 19 27 19 27 15
88 19 90 19 90 23 88 23 88 19
58 94 61 94 61 98 58 98 58 94
58 32 61 32 61 35 58 35 58 32
20 84 22 84 22 86 20 86 20 84
22 47 27 47 27 51 22 51 22 47
94 96 97 96 97 98 94 98 94 96
47 59 49 59 49 61 47 61 47 59
37 26 41 26 41 30 37 30 37 26
10 91 13 91 13 95 10 95 10 91
47 28 52 28 52 32 47 32 47 28
87 75 90 75 90 77 87 77 87 75
57 86 61 86 61 90 57 90 57 86
5 69 8 69 8 71 5 71 5 69
41 81 44 81 44 83 41 83 41 81
79 26 82 26 82 30 79 30 79 26
42 85 44 85 44 89 42 89 42 85
90 13 94 13 94 16 90 16 90 13
3 41 5 41 5 46 3 46 3 41
16 45 20 45 20 48 16 48 16 45
55 12 58 12 58 15 55 15 55 12
43 73 48 73 48 76 43 76 43 73
49 54 51 54 51 57 49 57 49 54
32 64 35 64 35 68 32 68 32 64
87 6 90 6 90 8 87 8 87 6
79 70 83 70 83 72 79 72 79 70
7 63 12 63 12 67 7 67 7 63
16 63 18 63 18 68 16 68 16 63
2 49 6 49 6 52 2 52 2 49
4 53 8 53 8 57 4 57 4 53
9 5 12 5 12 9 9 9 9 5
69 25 73 25 73 29 69 29 69 25
11 38 13 38 13 43 11 43 11 38
40 68 44 68 44 71 40 71 40 68
68 15 72 15 72 18 68 18 68 15
40 45 43 45 43 49 40 49 40 45
77 31 80 31 80 34 77 34 77 31
71 19 76 19 76 23 71 23 71 19
82 2 86 2 86 4 82 4 82 2
18 77 20 77 20 81 18 81 18 77
81 92 86 92 86 97 81 97 81 92
72 53 77 53 77 57 72 57 72 53
93 89 95 89 95 92 93 92 93 89
21 11 23 11 23 13 21 13 21 11
83 14 87 14 87 18 83 18 83 14
43 6 47 6 47 11 43 11 43 6
65 36 70 36 70 41 65 41 65 36
86 54 88 54 88 58 86 58 86 54
85 60 90 60 90 65 85 65 85 60
9 46 12 46 12 49 9 49 9 46
2 8 7 8 7 12 2 12 2 8
61 6 65 6 65 8 61 8 61 6
53 44 55 44 55 46 53 46 53 44
91 17 93 17 93 22 91 22 91 17
75 63 78 63 78 68 75 68 75 63
38 6 41 6 41 8 38 8 38 6
53 37 55 37 55 41 53 41 53 37
82 22 87 22 87 24 82 24 82 22
33 96 35 96 35 98 33 98 33 96
42 94 45 94 45 98 42 98 42 94
82 87 86 87 86 89 82 89 82 87
74 72 76 72 76 77 74 77 74 72
3 31 7 31 7 33 3 33 3 31
90 66 93 66 93 68 90 68 90 66
81 81 84 81 84 83 81 83 81 81
68 44 72 44 72 48 68 48 68 44
25 68 27 68 27 70 25 70 25 68
30 57 34 57 34 62 30 62 30 57
77 76 81 76 81 78 77 78 77 76
13 52 16 52 16 54 13 54 13 52
24 17 26 17 26 21 24 21 24 17
36 58 40 58 40 61 36 61 36 58
25 12 29 12 29 14 25 14 25 12
13 73 15 73 15 76 13 76 13 73
53 29 55 29 55 32 53 32 53 29
52 55 54 55 54 59 52 59 52 55
17 52 19 52 19 54 17 54 17 52
12 27 14 27 14 29 12 29 12 27
64 22 69 22 69 24 64 24 64 22
93 41 96 41 96 45 93 45 93 41
44 65 48 65 48 67 44 67 44 65
70 71 73 71 73 74 70 74 70 71
30 22 32 22 32 26 30 26 30 22
25 52 29 52 29 57 25 57 25 52
16 57 18 57 18 59 16 59 16 57
50 62 55 62 55 67 50 67 50 62
62 90 65 90 65 94 62 94 62 90
62 46 64 46 64 51 62 51 62 46
8 77 12 77 12 79 8 79 8 77
44 49 46 49 46 53 44 53 44 49
4 14 8 14 8 19 4 19 4 14
59 2 62 2 62 4 59 4 59 2
51 87 53 87 53 89 51 89 51 87
48 13 52 13 52 15 48 15 48 13
91 2 95 2 95 4 91 4 91 2
79 60 82 60 82 63 79 63 79 60
58 70 60 70 60 74 58 74 58 70
9 17 11 17 11 21 9 21 9 17
74 88 77 88 77 90 74 90 74 88
39 54 44 54 44 57 39 57 39 54
68 79 70 79 70 82 68 82 68 79
54 25 58 25 58 27 54 27 54 25
5 93 9 93 9 97 5 97 5 93
20 55 24 55 24 57 20 57 20 55
22 27 25 27 25 31 22 31 22 27
44 16 48 16 48 19 44 19 44 16
55 57 57 57 57 61 55 61 55 57
78 89 81 89 81 91 78 91 78 89
91 81 96 81 96 84 91 84 91 81
73 46 76 46 76 50 73 50 73 46
27 83 29 83 29 86 27 86 27 83
61 69 66 69 66 72 61 72 61 69
16 38 19 38 19 42 16 42 16 38
19 60 24 60 24 64 19 64 19 60
80 5 83 5 83 8 80 8 80 5
91 47 95 47 95 50 91 50 91 47
57 91 59 91 59 93 57 93 57 91
52 84 54 84 54 86 52 86 52 84
69 32 71 32 71 34 69 34 69 32
13 6 17 6 17 10 13 10 13 6
