21 28 23 28 23 31 21 31 21 28
36 90 41 90 41 93 36 93 36 90
55 35 58 35 58 40 55 40 55 35
73 55 75 55 75 60 73 60 73 55
63 33 66 33 66 37 63 37 63 33
75 22 77 22 77 24 75 24 75 22
95 42 97 42 97 46 95 46 95 42
70 9 72 9 72 12 70 12 70 9
13 64 15 64 15 69 13 69 13 64
64 23 67 23 67 26 64 26 64 23
78 36 81 36 81 40 78 40 78 36
30 93 33 93 33 96 30 96 30 93
35 14 37 14 37 17 35 17 35 14
24 77 26 77 26 79 24 79 24 77
66 73 69 73 69 78 66 78 66 73
67 27 70 27 70 29 67 29 67 27
88 27 90 27 90 32 88 32 88 27
41 35 45 35 45 38 41 38 41 35
13 43 17 43 17 48 13 48 13 43
45 70 47 70 47 73 45 73 45 70
63 11 66 11 66 13 63 13 63 11
27 48 29 48 29 51 27 51 27 48
13 74 17 74 17 78 13 78 13 74
45 89 50 89 50 93 45 93 45 89
21 12 26 12 26 15 21 15 21 12
23 42 27 42 27 44 23 44 23 42
75 82 77 82 77 85 75 85 75 82
31 78 33 78 33 80 31 80 31 78
11 59 16 59 16 62 11 62 11 59
30 10 33 10 33 14 30 14 30 10
85 14 88 14 88 16 85 16 85 14
4 73 7 73 7 75 4 75 4 73
86 46 88 46 88 48 86 48 86 46
9 9 12 9 12 13 9 13 9 9
88 87 93 87 93 90 88 90 88 87
46 75 51 75 51 80 46 80 46 75
85 43 89 43 89 45 85 45 85 43
58 24 62 24 62 26 58 26 58 24
28 66 31 66 31 68 28 68 28 66
76 88 80 88 80 93 76 93 76 88
75 27 77 27 77 31 75 31 75 27
3 45 8 45 8 50 3 50 3 45
89 20 92 20 92 24 89 24 89 20
44 59 47 59 47 61 44 61 44 59
38 6 41 6 41 10 38 10 38 6
26 24 30 24 30 29 26 29 26 24
87 38 92 38 92 40 87 40 87 38
58 8 61 8 61 10 58 10 58 8
29 85 32 85 32 87 29 87 29 85
31 37 33 37 33 39 31 39 31 37
30 31 34 31 34 36 30 36 30 31
37 48 41 48 41 53 37 53 37 48
73 73 77 73 77 76 73 76 73 73
60 47 63 47 63 49 60 49 60 47
36 55 40 55 40 60 36 60 36 55
37 28 41 28 41 33 37 33 37 28
60 61 65 61 65 64 60 64 60 61
10 34 15 34 15 38 10 38 10 34
7 95 11 95 11 98 7 98 7 95
88 52 90 52 90 57 88 57 88 52
7 66 10 66 10 71 7 71 7 66
66 95 68 95 68 97 66 97 66 95
44 43 48 43 48 47 44 47 44 43
39 96 44 96 44 98 39 98 39 96
54 60 56 60 56 63 54 63 54 60
55 66 60 66 60 69 55 69 55 66
89 59 92 59 92 61 89 61 89 59
11 28 15 28 15 31 11 31 11 28
54 12 56 12 56 14 54 14 54 12
10 89 12 89 12 93 10 93 10 89
91 44 93 44 93 46 91 46 91 44
43 55 48 55 48 57 43 57 43 55
68 31 73 31 73 33 68 33 68 31
28 70 31 70 31 75 28 75 28 70
48 38 52 38 52 40 48 40 48 38
5 3 10 3 10 5 5 5 5 3
47 29 49 29 49 34 47 34 47 29
84 68 87 68 87 73 84 73 84 68
24 89 29 89 29 92 24 92 24 89
39 81 44 81 44 86 39 86 39 81
19 8 21 8 21 11 19 11 19 8
88 63 90 63 90 68 88 68 88 63
52 25 56 25 56 27 52 27 52 25
46 13 51 13 51 16 46 16 46 13
95 23 97 23 97 27 95 27 95 23
80 84 84 84 84 87 80 87 80 84
58 87 61 87 61 91 58 91 58 87
64 90 66 90 66 92 64 92 64 90
13 52 18 52 18 54 13 54 13 52
32 61 37 61 37 66 32 66 32 61
51 91 55 91 55 93 51 93 51 91
77 67 81 67 81 69 77 69 77 67
20 63 23 63 23 66 20 66 20 63
76 49 80 49 80 53 76 53 76 49
17 81 20 81 20 83 17 83 17 81
80 54 84 54 84 59 80 59 80 54
25 3 27 3 27 6 25 6 25 3
94 75 97 75 97 77 94 77 94 75
78 17 82 17 82 20 78 20 78 17
72 38 76 38 76 43 72 43 72 38
92 80 96 80 96 82 92 82 92 80
22 17 24 17 24 21 22 21 22 17
93 62 95 62 95 66 93 66 93 62
41 59 43 59 43 62 41 62 41 59
9 76 11 76 11 78 9 78 9 76
51 29 53 29 53 33 51 33 51 29
62 3 64 3 64 8 62 8 62 3
23 35 28 35 28 38 23 38 23 35
17 4 22 4 22 7 17 7 17 4
82 40 84 40 84 45 82 45 82 40
23 96 27 96 27 98 23 98 23 96
89 94 93 94 93 98 89 98 89 94
82 23 84 23 84 27 82 27 82 23
6 14 11 14 11 16 6 16 6 14
75 11 79 11 79 14 75 14 75 11
48 19 52 19 52 23 48 23 48 19
80 76 84 76 84 78 80 78 80 76
32 41 37 41 37 43 32 43 32 41
39 73 41 73 41 77 39 77 39 73
4 37 9 37 9 42 4 42 4 37
13 11 15 11 15 14 13 14 13 11
62 18 66 18 66 22 62 22 62 18
70 63 73 63 73 67 70 67 70 63
22 56 26 56 26 58 22 58 22 56
88 81 90 81 90 85 88 85 88 81
6 56 8 56 8 58 6 58 6 56
7 24 12 24 12 27 7 27 7 24
12 82 14 82 14 84 12 84 12 82
15 87 18 87 18 91 15 91 15 87
57 43 61 43 61 46 57 46 57 43
83 96 87 96 87 98 83 98 83 96
63 29 65 29 65 31 63 31 63 29
5 29 9 29 9 34 5 34 5 29
84 3 89 3 89 5 84 5 84 3
64 85 69 85 69 88 64 88 64 85
28 6 30 6 30 9 28 9 28 6
46 83 48 83 48 85 46 85 46 83
71 15 74 15 74 20 71 20 71 15
68 58 72 58 72 62 68 62 68 58
86 76 88 76 88 78 86 78 86 76
40 15 43 15 43 17 40 17 40 15
16 21 20 21 20 24 16 24 16 21
91 30 93 30 93 32 91 32 91 30
52 79 56 79 56 82 52 82 52 79
46 62 50 62 50 66 46 66 46 62
33 4 35 4 35 9 33 9 33 4
93 35 95 35 95 38 93 38 93 35
52 75 57 75 57 78 52 78 52 75
49 48 52 48 52 53 49 53 49 48
58 19 60 19 60 23 58 23 58 19
4 53 6 53 6 55 4 55 4 53
24 71 27 71 27 74 24 74 24 71
83 88 85 88 85 90 83 90 83 88
60 80 63 80 63 85 60 85 60 80
62 52 64 52 64 57 62 57 62 52
87 6 89 6 89 10 87 10 87 6
33 81 37 81 37 86 33 86 33 81
94 9 98 9 98 13 94 13 94 9
67 5 71 5 71 7 67 7 67 5
34 18 37 18 37 23 34 23 34 18
77 3 79 3 79 7 77 7 77 3
53 41 55 41 55 44 53 44 53 41
94 16 97 16 97 18 94 18 94 16
16 34 20 34 20 37 16 37 16 34
49 82 51 82 51 87 49 87 49 82
19 39 22 39 22 42 19 42 19 39
82 6 86 6 86 11 82 11 82 6
50 95 53 95 53 97 50 97 50 95
95 47 98 47 98 50 95 50 95 47
47 7 51 7 51 10 47 10 47 7
45 95 47 95 47 97 45 97 45 95
59 75 61 75 61 77 59 77 59 75
72 79 74 79 74 81 72 81 72 79
20 71 22 71 22 74 20 74 20 71
73 3 75 3 75 6 73 6 73 3
62 67 64 67 64 71 62 71 62 67
64 40 67 40 67 42 64 42 64 40
15 18 17 18 17 20 15 20 15 18
4 82 6 82 6 84 4 84 4 82
79 28 83 28 83 32 79 32 79 28
5 89 8 89 8 91 5 91 5 89
17 66 19 66 19 69 17 69 17 66
90 5 93 5 93 7 90 7 90 5
35 34 39 34 39 39 35 39 35 34
67 16 70 16 70 21 67 21 67 16
69 82 73 82 73 84 69 84 69 82
31 45 34 45 34 49 31 49 31 45
53 53 58 53 58 57 53 57 53 53
28 19 31 19 31 21 28 21 28 19
53 16 55 16 55 21 53 21 53 16
2 85 7 85 7 87 2 87 2 85
28 55 33 55 33 60 28 60 28 55
43 18 45 18 45 22 43 22 43 18
23 81 25 81 25 86 23 86 23 81
64 47 68 47 68 49 64 49 64 47
92 55 95 55 95 57 92 57 92 55
42 9 44 9 44 11 42 11 42 9
69 90 72 90 72 92 69 92 69 90
83 79 85 79 85 83 83 83 83 79
72 95 75 95 75 97 72 97 72 95
