77 8 82 8 82 10 77 10 77 8
69 28 72 28 72 33 69 33 69 28
9 42 12 42 12 47 9 47 9 42
20 62 23 62 23 64 20 64 20 62
63 92 66 92 66 96 63 96 63 92
33 62 37 62 37 67 33 67 33 62
39 67 41 67 41 69 39 69 39 67
75 20 78 20 78 25 75 25 75 20
48 71 52 71 52 76 48 76 48 71
14 77 16 77 16 82 14 82 14 77
24 91 27 91 27 95 24 95 24 91
53 56 55 56 55 61 53 61 53 56
48 46 53 46 53 49 48 49 48 46
6 54 11 54 11 58 6 58 6 54
74 60 76 60 76 63 74 63 74 60
31 7 34 7 34 12 31 12 31 7
85 72 87 72 87 76 85 76 85 72
63 8 65 8 65 12 63 12 63 8
64 39 66 39 66 42 64 42 64 39
85 82 90 82 90 87 85 87 85 82
21 37 24 37 24 40 21 40 21 37
92 5 96 5 96 7 92 7 92 5
40 82 44 82 44 84 40 84 40 82
40 72 45 72 45 75 40 75 40 72
61 19 66 19 66 23 61 23 61 19
76 41 78 41 78 43 76 43 76 41
68 39 70 39 70 44 68 44 68 39
12 15 16 15 16 20 12 20 12 15
85 17 89 17 89 20 85 20 85 17
80 38 83 38 83 41 80 41 80 38
57 90 60 90 60 93 57 93 57 90
57 73 60 73 60 77 57 77 57 73
90 11 94 11 94 16 90 16 90 11
50 36 52 36 52 38 50 38 50 36
26 53 30 53 30 56 26 56 26 53
15 94 17 94 17 96 15 96 15 94
24 15 26 15 26 17 24 17 24 15
5 66 9 66 9 71 5 71 5 66
39 54 42 54 42 56 39 56 39 54
42 14 46 14 46 16 42 16 42 14
67 67 72 67 72 70 67 70 67 67
56 6 59 6 59 8 56 8 56 6
67 91 69 91 69 94 67 94 67 91
51 39 56 39 56 42 51 42 51 39
31 2 36 2 36 6 31 6 31 2
8 81 13 81 13 83 8 83 8 81
82 24 86 24 86 28 82 28 82 24
16 89 20 89 20 93 16 93 16 89
32 15 36 15 36 19 32 19 32 15
17 30 20 30 20 34 17 34 17 30
12 70 17 70 17 72 12 72 12 70
95 55 97 55 97 58 95 58 95 55
45 3 50 3 50 8 45 8 45 3
86 34 88 34 88 39 86 39 86 34
74 33 79 33 79 38 74 38 74 33
51 28 56 28 56 30 51 30 51 28
32 87 35 87 35 92 32 92 32 87
37 41 42 41 42 45 37 45 37 41
85 90 89 90 89 95 85 95 85 90
25 82 29 82 29 87 25 87 25 82
26 73 28 73 28 76 26 76 26 73
7 33 9 33 9 38 7 38 7 33
28 70 33 70 33 72 28 72 28 70
93 29 98 29 98 32 93 32 93 29
18 42 21 42 21 44 18 44 18 42
16 60 18 60 18 63 16 63 16 60
93 34 95 34 95 37 93 37 93 34
5 46 7 46 7 48 5 48 5 46
69 77 74 77 74 80 69 80 69 77
27 65 30 65 30 67 27 67 27 65
74 11 78 11 78 14 74 14 74 11
90 96 92 96 92 98 90 98 90 96
61 26 65 26 65 30 61 30 61 26
80 59 85 59 85 64 80 64 80 59
73 48 76 48 76 53 73 53 73 48
7 75 12 75 12 79 7 79 7 75
71 91 74 91 74 93 71 93 71 91
17 82 22 82 22 87 17 87 17 82
86 52 91 52 91 54 86 54 86 52
68 23 73 23 73 27 68 27 68 23
76 88 80 88 80 92 76 92 76 88
50 82 52 82 52 86 50 86 50 82
54 18 59 18 59 20 54 20 54 18
2 55 4 55 4 57 2 57 2 55
51 96 53 96 53 98 51 98 51 96
85 65 90 65 90 68 85 68 85 65
38 61 41 61 41 63 38 63 38 61
65 72 68 72 68 76 65 76 65 72
56 31 61 31 61 34 56 34 56 31
17 22 20 22 20 24 17 24 17 22
33 81 38 81 38 84 33 84 33 81
71 39 74 39 74 42 71 42 71 39
2 34 5 34 5 37 2 37 2 34
63 66 66 66 66 68 63 68 63 66
2 20 4 20 4 24 2 24 2 20
3 3 7 3 7 7 3 7 3 3
85 6 87 6 87 10 85 10 85 6
62 79 65 79 65 84 62 84 62 79
54 82 56 82 56 84 54 84 54 82
8 24 13 24 13 28 8 28 8 24
3 13 5 13 5 16 3 16 3 13
49 31 54 31 54 35 49 35 49 31
28 30 33 30 33 32 28 32 28 30
17 54 19 54 19 58 17 58 17 54
19 10 23 10 23 12 19 12 19 10
80 48 84 48 84 51 80 51 80 48
45 77 49 77 49 82 45 82 45 77
32 37 36 37 36 42 32 42 32 37
67 11 69 11 69 16 67 16 67 11
91 22 93 22 93 24 91 24 91 22
56 50 59 50 59 52 56 52 56 50
24 57 27 57 27 61 24 61 24 57
22 21 26 21 26 25 22 25 22 21
80 42 82 42 82 45 80 45 80 42
85 47 87 47 87 51 85 51 85 47
29 23 33 23 33 27 29 27 29 23
80 93 82 93 82 95 80 95 80 93
58 79 61 79 61 83 58 83 58 79
49 15 52 15 52 17 49 17 49 15
54 23 58 23 58 27 54 27 54 23
53 85 55 85 55 90 53 90 53 85
88 26 92 26 92 31 88 31 88 26
5 59 10 59 10 61 5 61 5 59
60 38 63 38 63 40 60 40 60 38
9 5 13 5 13 9 9 9 9 5
27 12 30 12 30 15 27 15 27 12
92 62 94 62 94 64 92 64 92 62
2 91 5 91 5 96 2 96 2 91
7 10 12 10 12 14 7 14 7 10
72 71 77 71 77 73 72 73 72 71
82 12 87 12 87 16 82 16 82 12
4 49 8 49 8 51 4 51 4 49
2 28 4 28 4 30 2 30 2 28
38 17 41 17 41 19 38 19 38 17
88 42 92 42 92 47 88 47 88 42
39 23 42 23 42 28 39 28 39 23
44 64 49 64 49 69 44 69 44 64
42 93 47 93 47 98 42 98 42 93
41 32 44 32 44 36 41 36 41 32
43 59 47 59 47 61 43 61 43 59
92 81 94 81 94 84 92 84 92 81
34 21 37 21 37 23 34 23 34 21
96 73 98 73 98 77 96 77 96 73
53 64 56 64 56 67 53 67 53 64
87 69 89 69 89 71 87 71 87 69
76 83 81 83 81 86 76 86 76 83
37 47 42 47 42 51 37 51 37 47
63 69 66 69 66 71 63 71 63 69
32 44 35 44 35 48 32 48 32 44
56 45 58 45 58 48 56 48 56 45
89 73 92 73 92 77 89 77 89 73
45 54 48 54 48 58 45 58 45 54
76 29 79 29 79 32 76 32 76 29
57 94 61 94 61 96 57 96 57 94
75 93 77 93 77 95 75 95 75 93
20 69 22 69 22 72 20 72 20 69
80 52 83 52 83 56 80 56 80 52
54 10 58 10 58 14 54 14 54 10
36 90 39 90 39 95 36 95 36 90
66 60 68 60 68 65 66 65 66 60
70 55 73 55 73 59 70 59 70 55
29 46 31 46 31 50 29 50 29 46
17 49 22 49 22 51 17 51 17 49
16 5 21 5 21 7 16 7 16 5
93 69 95 69 95 74 93 74 93 69
52 50 54 50 54 52 52 52 52 50
8 93 12 93 12 98 8 98 8 93
63 53 65 53 65 56 63 56 63 53
75 26 78 26 78 28 75 28 75 26
25 34 30 34 30 39 25 39 25 34
24 44 27 44 27 47 24 47 24 44
90 33 92 33 92 38 90 38 90 33
41 85 44 85 44 89 41 89 41 85
4 17 7 17 7 19 4 19 4 17
18 94 20 94 20 98 18 98 18 94
66 84 70 84 70 89 66 89 66 84
13 34 16 34 16 39 13 39 13 34
76 15 79 15 79 19 76 19 76 15
36 85 40 85 40 87 36 87 36 85
65 31 68 31 68 36 65 36 65 31
42 8 44 8 44 12 42 12 42 8
5 62 8 62 8 64 5 64 5 62
47 10 51 10 51 12 47 12 47 10
91 87 95 87 95 91 91 91 91 87
56 53 60 53 60 56 56 56 56 53
45 20 49 20 49 24 45 24 45 20
68 17 72 17 72 21 68 21 68 17
44 44 47 44 47 48 44 48 44 44
2 63 4 63 4 66 2 66 2 63
78 66 83 66 83 68 78 68 78 66
93 38 98 38 98 40 93 40 93 38
29 75 31 75 31 79 29 79 29 75
67 47 71 47 71 49 67 49 67 47
11 61 14 61 14 65 11 65 11 61
88 59 92 59 92 61 88 61 88 59
58 58 63 58 63 60 58 60 58 58
89 39 92 39 92 41 89 41 89 39
67 6 72 6 72 10 67 10 67 6
32 49 36 49 36 53 32 53 32 49
51 7 53 7 53 9 51 9 51 7
