91 39 94 39 94 44 91 44 91 39
51 75 56 75 56 80 51 80 51 75
75 82 80 82 80 86 75 86 75 82
87 31 92 31 92 33 87 33 87 31
7 86 10 86 10 89 7 89 7 86
35 85 40 85 40 87 35 87 35 85
66 4 70 4 70 6 66 6 66 4
56 4 59 4 59 6 56 6 56 4
73 91 76 91 76 96 73 96 73 91
74 54 78 54 78 57 74 57 74 54
85 51 90 51 90 55 85 55 85 51
37 88 41 88 41 91 37 91 37 88
73 58 76 58 76 62 73 62 73 58
62 69 64 69 64 71 62 71 62 69
74 22 76 22 76 26 74 26 74 22
20 66 25 66 25 68 20 68 20 66
52 69 55 69 55 74 52 74 52 69
20 51 24 51 24 54 20 54 20 51
40 71 42 71 42 74 40 74 40 71
29 87 34 87 34 91 29 91 29 87
57 56 60 56 60 58 57 58 57 56
46 65 48 65 48 70 46 70 46 65
63 36 65 36 65 39 63 39 63 36
5 33 8 33 8 37 5 37 5 33
84 86 86 86 86 91 84 91 84 86
57 16 62 16 62 19 57 19 57 16
4 93 8 93 8 98 4 98 4 93
50 91 53 91 53 96 50 96 50 91
71 45 73 45 73 48 71 48 71 45
11 23 16 23 16 25 11 25 11 23
59 60 63 60 63 65 59 65 59 60
93 45 98 45 98 50 93 50 93 45
32 77 37 77 37 79 32 79 32 77
35 57 40 57 40 61 35 61 35 57
49 54 51 54 51 56 49 56 49 54
67 60 70 60 70 65 67 65 67 60
20 78 22 78 22 83 20 83 20 78
24 85 28 85 28 90 24 90 24 85
62 94 66 94 66 97 62 97 62 94
36 24 40 24 40 28 36 28 36 24
81 14 84 14 84 18 81 18 81 14
68 73 72 73 72 77 68 77 68 73
18 89 23 89 23 94 18 94 18 89
50 66 54 66 54 68 50 68 50 66
44 6 48 6 48 11 44 11 44 6
92 75 96 75 96 78 92 78 92 75
79 35 82 35 82 37 79 37 79 35
9 61 12 61 12 63 9 63 9 61
61 27 63 27 63 31 61 31 61 27
57 86 60 86 60 89 57 89 57 86
22 58 25 58 25 63 22 63 22 58
39 42 41 42 41 45 39 45 39 42
29 31 33 31 33 34 29 34 29 31
89 13 91 13 91 18 89 18 89 13
14 42 16 42 16 47 14 47 14 42
14 50 16 50 16 54 14 54 14 50
93 30 98 30 98 33 93 33 93 30
68 10 70 10 70 13 68 13 68 10
53 59 58 59 58 61 53 61 53 59
2 2 5 2 5 7 2 7 2 2
34 8 36 8 36 13 34 13 34 8
8 11 10 11 10 14 8 14 8 11
43 88 45 88 45 92 43 92 43 88
35 39 38 39 38 42 35 42 35 39
42 19 47 19 47 23 42 23 42 19
27 53 30 53 30 55 27 55 27 53
20 33 23 33 23 38 20 38 20 33
45 33 47 33 47 37 45 37 45 33
90 22 93 22 93 25 90 25 90 22
87 83 89 83 89 87 87 87 87 83
50 27 53 27 53 30 50 30 50 27
42 30 45 30 45 32 42 32 42 30
72 16 74 16 74 19 72 19 72 16
44 71 49 71 49 75 44 75 44 71
27 69 29 69 29 74 27 74 27 69
86 41 90 41 90 43 86 43 86 41
39 78 42 78 42 80 39 80 39 78
15 7 20 7 20 12 15 12 15 7
24 29 28 29 28 31 24 31 24 29
7 72 11 72 11 75 7 75 7 72
22 44 25 44 25 48 22 48 22 44
17 40 19 40 19 42 17 42 17 40
48 21 50 21 50 23 48 23 48 21
12 28 15 28 15 32 12 32 12 28
80 68 85 68 85 73 80 73 80 68
66 33 68 33 68 35 66 35 66 33
3 46 7 46 7 48 3 48 3 46
68 39 72 39 72 44 68 44 68 39
31 94 35 94 35 96 31 96 31 94
66 25 71 25 71 27 66 27 66 25
27 13 32 13 32 15 27 15 27 13
61 52 66 52 66 57 61 57 61 52
9 81 11 81 11 83 9 83 9 81
3 52 6 52 6 55 3 55 3 52
49 3 52 3 52 8 49 8 49 3
54 44 58 44 58 49 54 49 54 44
6 65 11 65 11 67 6 67 6 65
40 7 43 7 43 11 40 11 40 7
17 70 20 70 20 75 17 75 17 70
69 86 72 86 72 91 69 91 69 86
47 85 50 85 50 89 47 89 47 85
67 19 69 19 69 24 67 24 67 19
44 50 46 50 46 52 44 52 44 50
49 37 52 37 52 40 49 40 49 37
36 19 38 19 38 21 36 21 36 19
75 27 77 27 77 31 75 31 75 27
55 24 57 24 57 26 55 26 55 24
13 76 15 76 15 80 13 80 13 76
76 42 81 42 81 46 76 46 76 42
9 95 11 95 11 97 9 97 9 95
31 72 36 72 36 76 31 76 31 72
24 2 27 2 27 4 24 4 24 2
79 91 83 91 83 95 79 95 79 91
92 70 94 70 94 74 92 74 92 70
32 80 36 80 36 83 32 83 32 80
93 3 98 3 98 6 93 6 93 3
86 79 91 79 91 82 86 82 86 79
35 47 40 47 40 50 35 50 35 47
54 8 56 8 56 13 54 13 54 8
30 43 34 43 34 47 30 47 30 43
74 48 78 48 78 52 74 52 74 48
92 90 97 90 97 95 92 95 92 90
65 89 68 89 68 93 65 93 65 89
14 81 17 81 17 83 14 83 14 81
26 79 30 79 30 83 26 83 26 79
2 79 5 79 5 84 2 84 2 79
40 81 44 81 44 83 40 83 40 81
87 7 89 7 89 12 87 12 87 7
83 34 87 34 87 37 83 37 83 34
44 58 46 58 46 63 44 63 44 58
51 42 53 42 53 46 51 46 51 42
26 23 28 23 28 28 26 28 26 23
44 39 46 39 46 42 44 42 44 39
27 35 32 35 32 39 27 39 27 35
32 53 34 53 34 57 32 57 32 53
48 15 53 15 53 17 48 17 48 15
2 71 5 71 5 74 2 74 2 71
5 28 7 28 7 31 5 31 5 28
81 82 83 82 83 85 81 85 81 82
93 63 98 63 98 65 93 65 93 63
92 53 96 53 96 55 92 55 92 53
83 45 88 45 88 50 83 50 83 45
8 3 10 3 10 8 8 8 8 3
57 78 62 78 62 82 57 82 57 78
81 7 84 7 84 11 81 11 81 7
84 4 86 4 86 6 84 6 84 4
87 61 92 61 92 63 87 63 87 61
65 80 67 80 67 85 65 85 65 80
63 21 66 21 66 23 63 23 63 21
77 66 79 66 79 69 77 69 77 66
44 77 47 77 47 79 44 79 44 77
73 35 76 35 76 37 73 37 73 35
66 69 71 69 71 72 66 72 66 69
36 30 39 30 39 32 36 32 36 30
82 27 85 27 85 31 82 31 82 27
14 69 16 69 16 74 14 74 14 69
15 34 17 34 17 38 15 38 15 34
56 32 60 32 60 36 56 36 56 32
96 86 98 86 98 89 96 89 96 86
28 6 32 6 32 11 28 11 28 6
35 35 40 35 40 37 35 37 35 35
94 20 97 20 97 24 94 24 94 20
17 3 19 3 19 6 17 6 17 3
24 95 29 95 29 98 24 98 24 95
64 48 67 48 67 51 64 51 64 48
59 46 62 46 62 49 59 49 59 46
48 33 53 33 53 35 48 35 48 33
48 60 50 60 50 63 48 63 48 60
72 10 76 10 76 15 72 15 72 10
13 60 18 60 18 62 13 62 13 60
17 28 21 28 21 31 17 31 17 28
25 17 30 17 30 22 25 22 25 17
75 71 79 71 79 75 75 75 75 71
17 18 21 18 21 21 17 21 17 18
11 88 16 88 16 90 11 90 11 88
57 92 61 92 61 94 57 94 57 92
40 93 44 93 44 98 40 98 40 93
21 8 23 8 23 10 21 10 21 8
4 49 6 49 6 51 4 51 4 49
22 20 24 20 24 25 22 25 22 20
64 40 66 40 66 43 64 43 64 40
42 14 46 14 46 17 42 17 42 14
5 39 8 39 8 43 5 43 5 39
86 70 88 70 88 74 86 74 86 70
29 60 32 60 32 65 29 65 29 60
53 54 56 54 56 58 53 58 53 54
80 76 82 76 82 79 80 79 80 76
69 32 71 32 71 34 69 34 69 32
63 72 65 72 65 77 63 77 63 72
57 27 59 27 59 31 57 31 57 27
18 95 23 95 23 97 18 97 18 95
85 65 87 65 87 67 85 67 85 65
4 56 8 56 8 61 4 61 4 56
64 9 66 9 66 12 64 12 64 9
10 15 12 15 12 17 10 17 10 15
80 56 84 56 84 58 80 58 80 56
2 17 4 17 4 22 2 22 2 17
88 2 90 2 90 5 88 5 88 2
42 43 47 43 47 48 42 48 42 43
51 81 54 81 54 84 51 84 51 81
