47 47 49 47 49 49 47 49 47 47
29 88 31 88 31 92 29 92 29 88
45 61 50 61 50 64 45 64 45 61
80 22 82 22 82 27 80 27 80 22
84 70 88 70 88 73 84 73 84 70
4 21 8 21 8 25 4 25 4 21
43 16 46 16 46 18 43 18 43 16
85 58 88 58 88 60 85 60 85 58
6 9 10 9 10 12 6 12 6 9
70 75 74 75 74 78 70 78 70 75
20 4 24 4 24 7 20 7 20 4
20 69 22 69 22 71 20 71 20 69
27 13 30 13 30 16 27 16 27 13
87 19 92 19 92 21 87 21 87 19
39 87 42 87 42 91 39 91 39 87
86 7 88 7 88 10 86 10 86 7
12 71 15 71 15 75 12 75 12 71
40 80 44 80 44 83 40 83 40 80
93 77 95 77 95 79 93 79 93 77
69 70 73 70 73 74 69 74 69 70
82 50 86 50 86 53 82 53 82 50
70 63 72 63 72 67 70 67 70 63
51 23 54 23 54 26 51 26 51 23
31 65 34 65 34 68 31 68 31 65
37 14 42 14 42 19 37 19 37 14
93 48 97 48 97 50 93 50 93 48
18 74 20 74 20 77 18 77 18 74
24 74 29 74 29 78 24 78 24 74
37 26 42 26 42 28 37 28 37 26
50 44 55 44 55 47 50 47 50 44
86 2 91 2 91 5 86 5 86 2
19 82 22 82 22 86 19 86 19 82
56 6 61 6 61 9 56 9 56 6
80 10 82 10 82 14 80 14 80 10
23 34 26 34 26 38 23 38 23 34
77 44 82 44 82 47 77 47 77 44
26 2 31 2 31 5 26 5 26 2
83 38 85 38 85 40 83 40 83 38
17 15 20 15 20 17 17 17 17 15
50 77 54 77 54 81 50 81 50 77
73 54 77 54 77 58 73 58 73 54
60 24 63 24 63 29 60 29 60 24
69 18 74 18 74 21 69 21 69 18
42 43 45 43 45 45 42 45 42 43
43 54 48 54 48 57 43 57 43 54
31 15 33 15 33 19 31 19 31 15
16 53 21 53 21 56 16 56 16 53
81 85 83 85 83 90 81 90 81 85
39 40 43 40 43 42 39 42 39 40
55 70 58 70 58 75 55 75 55 70
16 23 18 23 18 28 16 28 16 23
60 38 65 38 65 40 60 40 60 38
32 74 36 74 36 79 32 79 32 74
43 90 45 90 45 95 43 95 43 90
50 55 55 55 55 60 50 60 50 55
30 93 33 93 33 97 30 97 30 93
11 96 16 96 16 98 11 98 11 96
64 21 67 21 67 25 64 25 64 21
45 34 49 34 49 36 45 36 45 34
38 5 43 5 43 10 38 10 38 5
60 91 65 91 65 95 60 95 60 91
84 24 89 24 89 27 84 27 84 24
65 56 68 56 68 58 65 58 65 56
5 58 9 58 9 62 5 62 5 58
47 26 49 26 49 28 47 28 47 26
22 92 26 92 26 96 22 96 22 92
93 21 98 21 98 24 93 24 93 21
20 37 22 37 22 42 20 42 20 37
32 81 36 81 36 86 32 86 32 81
73 37 77 37 77 39 73 39 73 37
59 70 62 70 62 74 59 74 59 70
91 32 95 32 95 36 91 36 91 32
34 17 36 17 36 21 34 21 34 17
36 45 41 45 41 48 36 48 36 45
16 6 18 6 18 9 16 9 16 6
39 11 43 11 43 13 39 13 39 11
4 72 7 72 7 75 4 75 4 72
78 91 80 91 80 94 78 94 78 91
70 33 74 33 74 35 70 35 70 33
39 57 42 57 42 60 39 60 39 57
67 86 69 86 69 91 67 91 67 86
54 48 58 48 58 51 54 51 54 48
88 79 91 79 91 81 88 81 88 79
76 29 79 29 79 32 76 32 76 29
78 82 81 82 81 84 78 84 78 82
43 20 47 20 47 22 43 22 43 20
13 39 18 39 18 43 13 43 13 39
4 76 9 76 9 79 4 79 4 76
76 49 81 49 81 53 76 53 76 49
56 94 58 94 58 96 56 96 56 94
54 27 57 27 57 32 54 32 54 27
4 92 8 92 8 95 4 95 4 92
87 51 90 51 90 56 87 56 87 51
39 31 44 31 44 34 39 34 39 31
80 3 85 3 85 5 80 5 80 3
22 60 27 60 27 65 22 65 22 60
27 55 30 55 30 57 27 57 27 55
51 70 54 70 54 74 51 74 51 70
95 59 97 59 97 64 95 64 95 59
51 88 53 88 53 92 51 92 51 88
32 58 37 58 37 61 32 61 32 58
62 16 65 16 65 19 62 19 62 16
11 22 14 22 14 25 11 25 11 22
28 81 31 81 31 84 28 84 28 81
81 75 83 75 83 77 81 77 81 75
34 49 39 49 39 53 34 53 34 49
8 27 13 27 13 29 8 29 8 27
6 65 9 65 9 69 6 69 6 65
21 15 25 15 25 19 21 19 21 15
15 64 17 64 17 68 15 68 15 64
90 93 95 93 95 97 90 97 90 93
8 31 11 31 11 33 8 33 8 31
60 52 62 52 62 55 60 55 60 52
68 60 70 60 70 62 68 62 68 60
59 45 62 45 62 47 59 47 59 45
72 87 75 87 75 89 72 89 72 87
94 14 98 14 98 18 94 18 94 14
45 82 49 82 49 86 45 86 45 82
70 94 74 94 74 97 70 97 70 94
16 93 18 93 18 95 16 95 16 93
57 18 60 18 60 23 57 23 57 18
13 8 15 8 15 13 13 13 13 8
31 25 34 25 34 27 31 27 31 25
19 29 21 29 21 33 19 33 19 29
45 9 49 9 49 12 45 12 45 9
83 62 85 62 85 64 83 64 83 62
91 67 95 67 95 69 91 69 91 67
59 59 64 59 64 64 59 64 59 59
53 38 57 38 57 43 53 43 53 38
6 42 9 42 9 47 6 47 6 42
67 14 71 14 71 16 67 16 67 14
11 36 16 36 16 38 11 38 11 36
27 70 31 70 31 73 27 73 27 70
88 29 91 29 91 31 88 31 88 29
24 49 27 49 27 53 24 53 24 49
16 19 19 19 19 22 16 22 16 19
20 21 23 21 23 25 20 25 20 21
29 20 33 20 33 22 29 22 29 20
10 86 12 86 12 90 10 90 10 86
13 88 18 88 18 90 13 90 13 88
26 6 29 6 29 9 26 9 26 6
28 32 32 32 32 34 28 34 28 32
82 29 85 29 85 31 82 31 82 29
7 34 10 34 10 38 7 38 7 34
17 2 19 2 19 5 17 5 17 2
12 77 16 77 16 80 12 80 12 77
65 48 69 48 69 52 65 52 65 48
90 59 94 59 94 64 90 64 90 59
8 48 13 48 13 51 8 51 8 48
40 65 43 65 43 69 40 69 40 65
14 30 17 30 17 33 14 33 14 30
16 45 19 45 19 50 16 50 16 45
69 82 74 82 74 85 69 85 69 82
53 61 58 61 58 65 53 65 53 61
63 2 66 2 66 4 63 4 63 2
84 83 87 83 87 88 84 88 84 83
33 31 37 31 37 35 33 35 33 31
90 84 94 84 94 86 90 86 90 84
44 26 46 26 46 30 44 30 44 26
64 31 66 31 66 34 64 34 64 31
76 63 81 63 81 66 76 66 76 63
31 39 34 39 34 42 31 42 31 39
3 83 6 83 6 86 3 86 3 83
92 9 95 9 95 13 92 13 92 9
44 38 46 38 46 41 44 41 44 38
95 41 98 41 98 44 95 44 95 41
46 6 48 6 48 8 46 8 46 6
51 6 55 6 55 8 51 8 51 6
76 71 80 71 80 75 76 75 76 71
76 41 81 41 81 43 76 43 76 41
84 89 87 89 87 91 84 91 84 89
51 33 53 33 53 35 51 35 51 33
60 84 63 84 63 86 60 86 60 84
73 12 78 12 78 16 73 16 73 12
10 92 14 92 14 95 10 95 10 92
24 87 28 87 28 89 24 89 24 87
35 10 37 10 37 12 35 12 35 10
87 92 89 92 89 94 87 94 87 92
41 71 43 71 43 73 41 73 41 71
76 5 78 5 78 7 76 7 76 5
26 19 28 19 28 24 26 24 26 19
90 88 93 88 93 92 90 92 90 88
52 82 55 82 55 86 52 86 52 82
53 17 56 17 56 22 53 22 53 17
46 94 51 94 51 97 46 97 46 94
37 81 39 81 39 83 37 83 37 81
20 9 24 9 24 14 20 14 20 9
11 3 14 3 14 5 11 5 11 3
70 45 74 45 74 50 70 50 70 45
76 85 80 85 80 90 76 90 76 85
38 93 42 93 42 97 38 97 38 93
61 77 64 77 64 80 61 80 61 77
62 66 66 66 66 69 62 69 62 66
82 15 86 15 86 20 82 20 82 15
83 45 87 45 87 47 83 47 83 45
48 87 50 87 50 91 48 91 48 87
63 13 66 13 66 15 63 15 63 13
59 12 61 12 61 14 59 14 59 12
49 41 51 41 51 43 49 43 49 41
63 43 65 43 65 46 63 46 63 43
