83 37 87 37 87 41 83 41 83 37
10 36 15 36 15 39 10 39 10 36
25 13 28 13 28 16 25 16 25 13
82 75 84 75 84 79 82 79 82 75
27 55 32 55 32 60 27 60 27 55
50 71 55 71 55 75 50 75 50 71
88 38 92 38 92 41 88 41 88 38
75 9 80 9 80 12 75 12 75 9
45 67 49 67 49 71 45 71 45 67
80 14 84 14 84 16 80 16 80 14
89 72 91 72 91 76 89 76 89 72
28 39 33 39 33 44 28 44 28 39
11 71 15 71 15 75 11 75 11 71
72 92 76 92 76 96 72 96 72 92
35 59 37 59 37 61 35 61 35 59
73 27 77 27 77 32 73 32 73 27
51 67 53 67 53 70 51 70 51 67
59 8 64 8 64 13 59 13 59 8
6 18 8 18 8 23 6 23 6 18
87 88 89 88 89 92 87 92 87 88
48 91 50 91 50 94 48 94 48 91
18 19 20 19 20 24 18 24 18 19
63 67 66 67 66 70 63 70 63 67
47 56 52 56 52 59 47 59 47 56
23 91 28 91 28 93 23 93 23 91
27 68 29 68 29 70 27 70 27 68
57 87 59 87 59 90 57 90 57 87
80 64 83 64 83 66 80 66 80 64
20 48 23 48 23 51 20 51 20 48
40 49 43 49 43 52 40 52 40 49
56 37 59 37 59 40 56 40 56 37
13 56 15 56 15 59 13 59 13 56
70 50 74 50 74 54 70 54 70 50
23 5 27 5 27 10 23 10 23 5
54 5 56 5 56 7 54 7 54 5
3 52 7 52 7 57 3 57 3 52
35 23 38 23 38 25 35 25 35 23
80 47 84 47 84 51 80 51 80 47
2 80 5 80 5 83 2 83 2 80
85 26 88 26 88 31 85 31 85 26
31 93 34 93 34 97 31 97 31 93
45 52 49 52 49 54 45 54 45 52
24 58 26 58 26 61 24 61 24 58
5 94 7 94 7 98 5 98 5 94
38 62 40 62 40 66 38 66 38 62
72 63 74 63 74 66 72 66 72 63
63 90 68 90 68 92 63 92 63 90
49 46 53 46 53 51 49 51 49 46
5 73 8 73 8 78 5 78 5 73
35 39 38 39 38 43 35 43 35 39
78 34 80 34 80 37 78 37 78 34
66 37 69 37 69 40 66 40 66 37
5 9 8 9 8 12 5 12 5 9
38 76 40 76 40 78 38 78 38 76
75 21 78 21 78 26 75 26 75 21
88 61 92 61 92 63 88 63 88 61
61 28 63 28 63 32 61 32 61 28
69 70 72 70 72 74 69 74 69 70
27 82 30 82 30 84 27 84 27 82
47 3 52 3 52 7 47 7 47 3
51 37 53 37 53 39 51 39 51 37
7 81 9 81 9 84 7 84 7 81
18 65 21 65 21 67 18 67 18 65
47 35 50 35 50 39 47 39 47 35
66 19 68 19 68 21 66 21 66 19
91 92 94 92 94 95 91 95 91 92
31 16 34 16 34 20 31 20 31 16
81 88 84 88 84 93 81 93 81 88
23 69 25 69 25 73 23 73 23 69
75 48 79 48 79 53 75 53 75 48
40 42 43 42 43 44 40 44 40 42
89 51 91 51 91 54 89 54 89 51
84 66 86 66 86 71 84 71 84 66
94 71 98 71 98 75 94 75 94 71
82 81 86 81 86 84 82 84 82 81
30 28 34 28 34 31 30 31 30 28
45 87 49 87 49 90 45 90 45 87
10 25 15 25 15 30 10 30 10 25
68 59 70 59 70 62 68 62 68 59
43 17 47 17 47 19 43 19 43 17
42 8 45 8 45 11 42 11 42 8
19 12 24 12 24 17 19 17 19 12
70 67 73 67 73 69 70 69 70 67
43 62 48 62 48 65 43 65 43 62
79 54 81 54 81 57 79 57 79 54
88 79 90 79 90 83 88 83 88 79
36 3 38 3 38 5 36 5 36 3
33 62 37 62 37 64 33 64 33 62
79 24 81 24 81 27 79 27 79 24
93 39 96 39 96 42 93 42 93 39
34 76 37 76 37 81 34 81 34 76
53 84 55 84 55 87 53 87 53 84
77 81 81 81 81 85 77 85 77 81
22 63 27 63 27 67 22 67 22 63
13 5 16 5 16 8 13 8 13 5
49 26 53 26 53 28 49 28 49 26
60 83 64 83 64 85 60 85 60 83
88 45 90 45 90 47 88 47 88 45
63 48 67 48 67 50 63 50 63 48
13 83 15 83 15 85 13 85 13 83
45 81 47 81 47 86 45 86 45 81
42 14 45 14 45 16 42 16 42 14
68 33 72 33 72 35 68 35 68 33
95 44 98 44 98 46 95 46 95 44
36 52 39 52 39 55 36 55 36 52
73 81 75 81 75 84 73 84 73 81
59 78 63 78 63 80 59 80 59 78
23 21 28 21 28 26 23 26 23 21
91 13 95 13 95 18 91 18 91 13
91 96 93 96 93 98 91 98 91 96
10 80 12 80 12 82 10 82 10 80
76 87 79 87 79 89 76 89 76 87
81 94 85 94 85 98 81 98 81 94
34 9 37 9 37 12 34 12 34 9
89 55 93 55 93 58 89 58 89 55
21 43 26 43 26 46 21 46 21 43
88 4 93 4 93 6 88 6 88 4
29 6 31 6 31 10 29 10 29 6
31 65 35 65 35 67 31 67 31 65
8 47 11 47 11 51 8 51 8 47
90 20 93 20 93 23 90 23 90 20
87 10 89 10 89 12 87 12 87 10
17 78 20 78 20 80 17 80 17 78
44 42 48 42 48 44 44 44 44 42
44 45 47 45 47 47 44 47 44 45
69 95 71 95 71 97 69 97 69 95
62 57 66 57 66 62 62 62 62 57
78 59 80 59 80 61 78 61 78 59
39 38 42 38 42 41 39 41 39 38
34 83 39 83 39 85 34 85 34 83
49 40 52 40 52 45 49 45 49 40
13 91 16 91 16 96 13 96 13 91
65 94 67 94 67 97 65 97 65 94
91 83 96 83 96 86 91 86 91 83
76 69 80 69 80 74 76 74 76 69
36 96 38 96 38 98 36 98 36 96
5 59 8 59 8 62 5 62 5 59
56 48 58 48 58 52 56 52 56 48
39 6 41 6 41 10 39 10 39 6
39 94 41 94 41 96 39 96 39 94
54 92 59 92 59 96 54 96 54 92
94 29 96 29 96 34 94 34 94 29
19 30 23 30 23 33 19 33 19 30
65 12 69 12 69 15 65 15 65 12
35 91 37 91 37 93 35 93 35 91
56 33 58 33 58 36 56 36 56 33
71 7 73 7 73 12 71 12 71 7
42 32 44 32 44 36 42 36 42 32
43 2 45 2 45 4 43 4 43 2
73 57 77 57 77 60 73 60 73 57
69 76 71 76 71 78 69 78 69 76
62 2 67 2 67 6 62 6 62 2
84 5 87 5 87 7 84 7 84 5
60 93 63 93 63 97 60 97 60 93
78 17 81 17 81 19 78 19 78 17
19 37 23 37 23 39 19 39 19 37
44 27 46 27 46 29 44 29 44 27
25 29 29 29 29 31 25 31 25 29
56 20 58 20 58 25 56 25 56 20
20 2 22 2 22 7 20 7 20 2
94 57 96 57 96 60 94 60 94 57
12 11 15 11 15 16 12 16 12 11
81 32 85 32 85 35 81 35 81 32
53 77 55 77 55 81 53 81 53 77
42 23 46 23 46 25 42 25 42 23
75 5 77 5 77 8 75 8 75 5
63 20 65 20 65 24 63 24 63 20
56 60 60 60 60 64 56 64 56 60
16 56 21 56 21 60 16 60 16 56
3 37 7 37 7 39 3 39 3 37
10 22 13 22 13 24 10 24 10 22
33 54 35 54 35 57 33 57 33 54
41 59 45 59 45 61 41 61 41 59
71 16 76 16 76 19 71 19 71 16
15 41 19 41 19 44 15 44 15 41
49 9 51 9 51 11 49 11 49 9
17 88 21 88 21 91 17 91 17 88
4 85 7 85 7 88 4 88 4 85
91 25 93 25 93 29 91 29 91 25
54 57 59 57 59 59 54 59 54 57
3 40 5 40 5 45 3 45 3 40
95 92 98 92 98 96 95 96 95 92
94 51 96 51 96 56 94 56 94 51
25 36 27 36 27 38 25 38 25 36
2 71 4 71 4 73 2 73 2 71
78 5 83 5 83 7 78 7 78 5
22 52 25 52 25 57 22 57 22 52
67 56 69 56 69 58 67 58 67 56
54 16 58 16 58 19 54 19 54 16
69 42 71 42 71 45 69 45 69 42
93 87 95 87 95 89 93 89 93 87
58 72 63 72 63 77 58 77 58 72
45 32 48 32 48 34 45 34 45 32
51 61 54 61 54 66 51 66 51 61
48 12 50 12 50 15 48 15 48 12
52 10 57 10 57 15 52 15 52 10
43 94 46 94 46 97 43 97 43 94
14 45 18 45 18 49 14 49 14 45
29 24 34 24 34 26 29 26 29 24
92 66 94 66 94 69 92 69 92 66
