86 56 88 56 88 60 86 60 86 56
51 8 56 8 56 13 51 13 51 8
36 57 38 57 38 61 36 61 36 57
84 40 88 40 88 45 84 45 84 40
2 53 4 53 4 58 2 58 2 53
16 22 18 22 18 27 16 27 16 22
53 63 58 63 58 66 53 66 53 63
71 42 75 42 75 44 71 44 71 42
86 68 88 68 88 71 86 71 86 68
25 93 27 93 27 96 25 96 25 93
34 31 37 31 37 35 34 35 34 31
62 29 64 29 64 31 62 31 62 29
92 52 96 52 96 57 92 57 92 52
86 95 90 95 90 98 86 98 86 95
63 85 68 85 68 90 63 90 63 85
79 41 81 41 81 43 79 43 79 41
72 63 76 63 76 67 72 67 72 63
28 63 30 63 30 68 28 68 28 63
15 81 17 81 17 86 15 86 15 81
89 7 94 7 94 9 89 9 89 7
39 45 41 45 41 49 39 49 39 45
19 83 21 83 21 85 19 85 19 83
82 77 84 77 84 82 82 82 82 77
40 73 44 73 44 76 40 76 40 73
54 16 57 16 57 20 54 20 54 16
23 75 26 75 26 77 23 77 23 75
29 71 33 71 33 76 29 76 29 71
17 47 19 47 19 52 17 52 17 47
3 21 5 21 5 25 3 25 3 21
4 81 9 81 9 84 4 84 4 81
59 38 61 38 61 43 59 43 59 38
11 30 15 30 15 34 11 34 11 30
46 25 50 25 50 27 46 27 46 25
4 88 6 88 6 90 4 90 4 88
35 88 38 88 38 91 35 91 35 88
9 89 11 89 11 93 9 93 9 89
70 8 73 8 73 10 70 10 70 8
12 37 14 37 14 40 12 40 12 37
31 44 35 44 35 49 31 49 31 44
33 21 36 21 36 23 33 23 33 21
10 68 15 68 15 72 10 72 10 68
77 59 79 59 79 61 77 61 77 59
29 8 32 8 32 12 29 12 29 8
46 15 48 15 48 19 46 19 46 15
45 85 50 85 50 89 45 89 45 85
7 64 9 64 9 66 7 66 7 64
32 78 34 78 34 80 32 80 32 78
38 12 43 12 43 15 38 15 38 12
25 56 29 56 29 59 25 59 25 56
72 84 75 84 75 89 72 89 72 84
85 78 88 78 88 80 85 80 85 78
63 80 67 80 67 82 63 82 63 80
44 30 49 30 49 35 44 35 44 30
91 68 95 68 95 71 91 71 91 68
52 23 55 23 55 28 52 28 52 23
8 25 10 25 10 27 8 27 8 25
15 4 17 4 17 8 15 8 15 4
24 10 28 10 28 14 24 14 24 10
10 42 12 42 12 45 10 45 10 42
20 16 24 16 24 20 20 20 20 16
92 24 94 24 94 26 92 26 92 24
67 55 72 55 72 57 67 57 67 55
41 57 45 57 45 59 41 59 41 57
22 60 27 60 27 65 22 65 22 60
71 22 76 22 76 27 71 27 71 22
55 36 58 36 58 41 55 41 55 36
61 92 64 92 64 96 61 96 61 92
48 60 53 60 53 62 48 62 48 60
18 31 21 31 21 34 18 34 18 31
43 20 48 20 48 24 43 24 43 20
63 11 68 11 68 15 63 15 63 11
67 40 69 40 69 43 67 43 67 40
77 34 80 34 80 38 77 38 77 34
26 23 30 23 30 27 26 27 26 23
84 83 86 83 86 87 84 87 84 83
49 95 52 95 52 98 49 98 49 95
24 33 26 33 26 36 24 36 24 33
17 95 20 95 20 97 17 97 17 95
33 10 36 10 36 12 33 12 33 10
36 6 40 6 40 9 36 9 36 6
7 8 10 8 10 10 7 10 7 8
50 53 54 53 54 58 50 58 50 53
43 68 45 68 45 72 43 72 43 68
34 70 37 70 37 72 34 72 34 70
88 15 91 15 91 20 88 20 88 15
69 71 74 71 74 76 69 76 69 71
2 74 5 74 5 76 2 76 2 74
68 91 71 91 71 96 68 96 68 91
5 33 7 33 7 37 5 37 5 33
74 93 79 93 79 96 74 96 74 93
76 88 79 88 79 91 76 91 76 88
41 52 43 52 43 56 41 56 41 52
45 8 49 8 49 10 45 10 45 8
28 37 31 37 31 42 28 42 28 37
38 96 43 96 43 98 38 98 38 96
94 72 97 72 97 77 94 77 94 72
52 88 57 88 57 92 52 92 52 88
30 55 32 55 32 57 30 57 30 55
47 44 52 44 52 48 47 48 47 44
74 9 76 9 76 12 74 12 74 9
90 39 95 39 95 41 90 41 90 39
89 25 91 25 91 28 89 28 89 25
92 45 94 45 94 49 92 49 92 45
71 30 76 30 76 32 71 32 71 30
65 72 67 72 67 76 65 76 65 72
93 33 95 33 95 35 93 35 93 33
7 39 9 39 9 42 7 42 7 39
86 46 91 46 91 51 86 51 86 46
81 29 83 29 83 31 81 31 81 29
21 50 23 50 23 53 21 53 21 50
35 51 37 51 37 54 35 54 35 51
2 68 7 68 7 70 2 70 2 68
12 62 14 62 14 64 12 64 12 62
42 3 46 3 46 5 42 5 42 3
10 3 14 3 14 6 10 6 10 3
80 83 83 83 83 85 80 85 80 83
25 49 29 49 29 52 25 52 25 49
10 46 12 46 12 50 10 50 10 46
71 45 73 45 73 49 71 49 71 45
87 21 89 21 89 23 87 23 87 21
84 72 88 72 88 74 84 74 84 72
28 87 30 87 30 92 28 92 28 87
14 91 19 91 19 94 14 94 14 91
5 56 9 56 9 59 5 59 5 56
48 39 53 39 53 42 48 42 48 39
56 74 59 74 59 76 56 76 56 74
75 13 77 13 77 16 75 16 75 13
16 9 18 9 18 13 16 13 16 9
88 12 91 12 91 14 88 14 88 12
3 48 5 48 5 52 3 52 3 48
68 33 73 33 73 35 68 35 68 33
89 86 94 86 94 88 89 88 89 86
29 29 33 29 33 34 29 34 29 29
59 23 63 23 63 27 59 27 59 23
40 38 43 38 43 42 40 42 40 38
22 28 27 28 27 31 22 31 22 28
57 4 61 4 61 9 57 9 57 4
86 62 88 62 88 67 86 67 86 62
56 48 58 48 58 53 56 53 56 48
57 33 60 33 60 35 57 35 57 33
75 72 78 72 78 77 75 77 75 72
78 13 81 13 81 17 78 17 78 13
46 64 49 64 49 69 46 69 46 64
67 18 70 18 70 21 67 21 67 18
80 58 82 58 82 61 80 61 80 58
79 63 81 63 81 65 79 65 79 63
84 24 86 24 86 27 84 27 84 24
78 48 82 48 82 51 78 51 78 48
41 77 45 77 45 79 41 79 41 77
81 53 84 53 84 57 81 57 81 53
11 9 15 9 15 12 11 12 11 9
39 32 41 32 41 35 39 35 39 32
35 73 39 73 39 77 35 77 35 73
22 86 25 86 25 90 22 90 22 86
46 80 51 80 51 83 46 83 46 80
6 96 9 96 9 98 6 98 6 96
85 5 88 5 88 10 85 10 85 5
63 38 65 38 65 40 63 40 63 38
77 22 81 22 81 24 77 24 77 22
5 15 9 15 9 18 5 18 5 15
93 13 98 13 98 16 93 16 93 13
24 69 27 69 27 74 24 74 24 69
24 78 28 78 28 82 24 82 24 78
93 30 97 30 97 32 93 32 93 30
49 72 53 72 53 74 49 74 49 72
92 78 97 78 97 81 92 81 92 78
24 6 28 6 28 9 24 9 24 6
70 59 75 59 75 62 70 62 70 59
11 23 14 23 14 27 11 27 11 23
63 50 65 50 65 55 63 55 63 50
50 4 52 4 52 6 50 6 50 4
34 64 37 64 37 69 34 69 34 64
28 60 31 60 31 62 28 62 28 60
89 89 92 89 92 93 89 93 89 89
19 55 22 55 22 59 19 59 19 55
50 17 52 17 52 19 50 19 50 17
93 58 95 58 95 63 93 63 93 58
13 57 16 57 16 61 13 61 13 57
12 77 14 77 14 79 12 79 12 77
96 47 98 47 98 49 96 49 96 47
7 22 9 22 9 24 7 24 7 22
14 48 16 48 16 53 14 53 14 48
71 2 74 2 74 5 71 5 71 2
90 74 93 74 93 76 90 76 90 74
83 90 87 90 87 94 83 94 83 90
17 37 21 37 21 41 17 41 17 37
81 19 83 19 83 21 81 21 81 19
10 82 14 82 14 84 10 84 10 82
76 41 78 41 78 44 76 44 76 41
82 13 84 13 84 17 82 17 82 13
74 79 79 79 79 83 74 83 74 79
51 84 54 84 54 86 51 86 51 84
96 63 98 63 98 65 96 65 96 63
44 53 49 53 49 55 44 55 44 53
38 21 41 21 41 24 38 24 38 21
60 57 63 57 63 60 60 60 60 57
70 50 75 50 75 53 70 53 70 50
83 34 86 34 86 38 83 38 83 34
34 37 37 37 37 40 34 40 34 37
81 4 83 4 83 7 81 7 81 4
