59 53 64 53 64 57 59 57 59 53
4 18 8 18 8 22 4 22 4 18
3 78 5 78 5 80 3 80 3 78
30 61 33 61 33 66 30 66 30 61
37 89 42 89 42 91 37 91 37 89
15 8 18 8 18 10 15 10 15 8
54 81 58 81 58 85 54 85 54 81
81 80 84 80 84 84 81 84 81 80
34 2 37 2 37 4 34 4 34 2
21 91 23 91 23 96 21 96 21 91
70 4 72 4 72 7 70 7 70 4
66 31 68 31 68 34 66 34 66 31
21 55 24 55 24 60 21 60 21 55
64 13 66 13 66 17 64 17 64 13
4 41 7 41 7 43 4 43 4 41
44 38 48 38 48 43 44 43 44 38
30 67 32 67 32 72 30 72 30 67
72 35 75 35 75 37 72 37 72 35
67 51 72 51 72 54 67 54 67 51
52 89 55 89 55 94 52 94 52 89
12 79 14 79 14 81 12 81 12 79
21 41 25 41 25 45 21 45 21 41
79 31 81 31 81 34 79 34 79 31
60 11 63 11 63 13 60 13 60 11
93 41 96 41 96 44 93 44 93 41
31 31 34 31 34 36 31 36 31 31
11 17 14 17 14 21 11 21 11 17
58 15 61 15 61 17 58 17 58 15
47 33 50 33 50 36 47 36 47 33
57 58 59 58 59 60 57 60 57 58
70 30 73 30 73 33 70 33 70 30
85 62 90 62 90 64 85 64 85 62
4 44 7 44 7 47 4 47 4 44
75 19 80 19 80 24 75 24 75 19
36 40 41 40 41 42 36 42 36 40
55 20 57 20 57 23 55 23 55 20
40 68 42 68 42 71 40 71 40 68
37 46 40 46 40 50 37 50 37 46
90 89 94 89 94 94 90 94 90 89
8 56 11 56 11 60 8 60 8 56
95 73 98 73 98 77 95 77 95 73
55 4 60 4 60 8 55 8 55 4
72 90 76 90 76 92 72 92 72 90
76 6 80 6 80 10 76 10 76 6
83 86 87 86 87 89 83 89 83 86
6 88 8 88 8 92 6 92 6 88
5 81 10 81 10 86 5 86 5 81
92 45 96 45 96 50 92 50 92 45
79 27 83 27 83 29 79 29 79 27
13 56 15 56 15 59 13 59 13 56
44 6 48 6 48 9 44 9 44 6
24 73 27 73 27 76 24 76 24 73
77 36 80 36 80 40 77 40 77 36
43 82 46 82 46 87 43 87 43 82
27 81 29 81 29 83 27 83 27 81
73 11 75 11 75 14 73 14 73 11
18 79 21 79 21 83 18 83 18 79
53 9 56 9 56 14 53 14 53 9
84 73 87 73 87 75 84 75 84 73
72 61 77 61 77 66 72 66 72 61
41 50 46 50 46 53 41 53 41 50
60 27 64 27 64 29 60 29 60 27
78 52 82 52 82 55 78 55 78 52
22 34 24 34 24 38 22 38 22 34
32 78 35 78 35 82 32 82 32 78
51 45 54 45 54 50 51 50 51 45
77 57 81 57 81 60 77 60 77 57
20 70 24 70 24 72 20 72 20 70
15 16 17 16 17 18 15 18 15 16
54 61 59 61 59 63 54 63 54 61
87 77 90 77 90 81 87 81 87 77
48 13 50 13 50 18 48 18 48 13
9 34 13 34 13 37 9 37 9 34
44 57 49 57 49 61 44 61 44 57
71 45 76 45 76 47 71 47 71 45
3 8 5 8 5 12 3 12 3 8
12 90 17 90 17 95 12 95 12 90
68 81 70 81 70 83 68 83 68 81
93 53 96 53 96 56 93 56 93 53
78 15 83 15 83 17 78 17 78 15
64 70 67 70 67 75 64 75 64 70
87 14 90 14 90 17 87 17 87 14
45 14 47 14 47 17 45 17 45 14
29 55 33 55 33 57 29 57 29 55
18 61 20 61 20 64 18 64 18 61
75 79 77 79 77 82 75 82 75 79
94 69 96 69 96 72 94 72 94 69
5 94 10 94 10 98 5 98 5 94
75 93 80 93 80 98 75 98 75 93
49 85 51 85 51 90 49 90 49 85
81 67 84 67 84 69 81 69 81 67
60 18 64 18 64 22 60 22 60 18
16 65 20 65 20 67 16 67 16 65
63 8 66 8 66 10 63 10 63 8
85 68 87 68 87 72 85 72 85 68
57 36 60 36 60 38 57 38 57 36
35 72 37 72 37 74 35 74 35 72
50 5 52 5 52 9 50 9 50 5
42 92 47 92 47 95 42 95 42 92
31 12 36 12 36 15 31 15 31 12
64 89 68 89 68 92 64 92 64 89
55 76 60 76 60 80 55 80 55 76
15 12 20 12 20 14 15 14 15 12
41 16 44 16 44 18 41 18 41 16
90 3 92 3 92 8 90 8 90 3
24 19 26 19 26 24 24 24 24 19
23 51 27 51 27 54 23 54 23 51
25 13 27 13 27 16 25 16 25 13
86 3 88 3 88 7 86 7 86 3
29 58 32 58 32 60 29 60 29 58
29 77 31 77 31 80 29 80 29 77
55 49 58 49 58 51 55 51 55 49
6 73 9 73 9 75 6 75 6 73
49 63 53 63 53 68 49 68 49 63
84 21 88 21 88 25 84 25 84 21
37 58 41 58 41 63 37 63 37 58
21 65 24 65 24 67 21 67 21 65
43 34 45 34 45 36 43 36 43 34
85 56 88 56 88 61 85 61 85 56
3 37 7 37 7 40 3 40 3 37
33 91 36 91 36 94 33 94 33 91
86 29 91 29 91 32 86 32 86 29
70 39 74 39 74 41 70 41 70 39
25 94 29 94 29 98 25 98 25 94
43 10 46 10 46 12 43 12 43 10
6 8 9 8 9 11 6 11 6 8
87 34 92 34 92 37 87 37 87 34
42 76 47 76 47 79 42 79 42 76
72 72 76 72 76 76 72 76 72 72
71 24 74 24 74 27 71 27 71 24
5 64 8 64 8 69 5 69 5 64
61 82 64 82 64 84 61 84 61 82
35 26 38 26 38 31 35 31 35 26
89 25 94 25 94 28 89 28 89 25
18 20 23 20 23 23 18 23 18 20
17 52 20 52 20 55 17 55 17 52
9 13 12 13 12 16 9 16 9 13
37 92 39 92 39 95 37 95 37 92
84 41 86 41 86 45 84 45 84 41
84 46 88 46 88 51 84 51 84 46
61 47 64 47 64 50 61 50 61 47
91 15 96 15 96 18 91 18 91 15
24 2 29 2 29 4 24 4 24 2
51 20 54 20 54 23 51 23 51 20
65 44 70 44 70 49 65 49 65 44
37 14 39 14 39 17 37 17 37 14
2 24 6 24 6 28 2 28 2 24
49 75 52 75 52 79 49 79 49 75
19 46 22 46 22 49 19 49 19 46
54 70 56 70 56 73 54 73 54 70
22 25 25 25 25 30 22 30 22 25
22 84 26 84 26 86 22 86 22 84
12 71 16 71 16 75 12 75 12 71
87 10 92 10 92 13 87 13 87 10
77 68 79 68 79 71 77 71 77 68
30 4 32 4 32 6 30 6 30 4
72 95 74 95 74 98 72 98 72 95
12 45 14 45 14 47 12 47 12 45
25 5 29 5 29 8 25 8 25 5
96 12 98 12 98 14 96 14 96 12
9 3 12 3 12 7 9 7 9 3
57 90 61 90 61 94 57 94 57 90
9 23 12 23 12 26 9 26 9 23
33 5 36 5 36 8 33 8 33 5
39 24 42 24 42 29 39 29 39 24
11 51 14 51 14 55 11 55 11 51
8 48 10 48 10 53 8 53 8 48
81 22 83 22 83 24 81 24 81 22
76 2 78 2 78 4 76 4 76 2
13 84 15 84 15 89 13 89 13 84
92 73 94 73 94 77 92 77 92 73
87 41 90 41 90 43 87 43 87 41
22 10 27 10 27 12 22 12 22 10
64 5 69 5 69 7 64 7 64 5
68 57 73 57 73 59 68 59 68 57
81 91 83 91 83 95 81 95 81 91
54 66 58 66 58 69 54 69 54 66
68 84 73 84 73 86 68 86 68 84
35 54 40 54 40 57 35 57 35 54
28 88 33 88 33 90 28 90 28 88
61 35 63 35 63 37 61 37 61 35
85 95 89 95 89 98 85 98 85 95
56 46 60 46 60 48 56 48 56 46
50 39 53 39 53 42 50 42 50 39
3 3 8 3 8 5 3 5 3 3
32 74 34 74 34 77 32 77 32 74
67 77 69 77 69 79 67 79 67 77
24 87 26 87 26 91 24 91 24 87
19 84 21 84 21 87 19 87 19 84
79 62 84 62 84 64 79 64 79 62
54 30 56 30 56 33 54 33 54 30
54 40 56 40 56 42 54 42 54 40
15 47 18 47 18 51 15 51 15 47
69 89 71 89 71 93 69 93 69 89
26 65 29 65 29 68 26 68 26 65
65 18 68 18 68 23 65 23 65 18
94 20 96 20 96 24 94 24 94 20
26 44 31 44 31 49 26 49 26 44
63 40 68 40 68 43 63 43 63 40
45 70 48 70 48 75 45 75 45 70
