21 20 26 20 26 25 21 25 21 20
15 96 18 96 18 98 15 98 15 96
10 65 15 65 15 70 10 70 10 65
77 60 81 60 81 62 77 62 77 60
2 59 6 59 6 64 2 64 2 59
62 50 67 50 67 55 62 55 62 50
71 92 75 92 75 96 71 96 71 92
39 71 43 71 43 73 39 73 39 71
68 14 73 14 73 19 68 19 68 14
40 76 44 76 44 81 40 81 40 76
42 87 44 87 44 90 42 90 42 87
47 34 51 34 51 39 47 39 47 34
93 65 97 65 97 67 93 67 93 65
93 2 96 2 96 6 93 6 93 2
74 66 77 66 77 71 74 71 74 66
81 71 83 71 83 74 81 74 81 71
48 29 53 29 53 33 48 33 48 29
34 90 37 90 37 92 34 92 34 90
56 16 60 16 60 21 56 21 56 16
18 24 20 24 20 28 18 28 18 24
27 17 29 17 29 20 27 20 27 17
84 32 88 32 88 35 84 35 84 32
4 78 8 78 8 83 4 83 4 78
8 59 11 59 11 62 8 62 8 59
45 4 47 4 47 6 45 6 45 4
21 6 24 6 24 10 21 10 21 6
30 34 34 34 34 38 30 38 30 34
28 3 31 3 31 5 28 5 28 3
82 89 87 89 87 94 82 94 82 89
83 7 86 7 86 9 83 9 83 7
12 24 15 24 15 27 12 27 12 24
39 25 44 25 44 27 39 27 39 25
21 80 25 80 25 83 21 83 21 80
19 69 23 69 23 73 19 73 19 69
81 79 86 79 86 81 81 81 81 79
4 43 7 43 7 46 4 46 4 43
50 7 53 7 53 10 50 10 50 7
81 2 85 2 85 5 81 5 81 2
82 44 87 44 87 48 82 48 82 44
87 83 90 83 90 85 87 85 87 83
84 23 86 23 86 25 84 25 84 23
33 69 35 69 35 72 33 72 33 69
13 84 15 84 15 86 13 86 13 84
68 28 72 28 72 31 68 31 68 28
51 59 56 59 56 63 51 63 51 59
62 22 66 22 66 25 62 25 62 22
78 64 80 64 80 66 78 66 78 64
53 40 58 40 58 45 53 45 53 40
9 18 11 18 11 20 9 20 9 18
3 6 7 6 7 8 3 8 3 6
34 61 39 61 39 63 34 63 34 61
21 88 26 88 26 93 21 93 21 88
68 57 73 57 73 61 68 61 68 57
46 47 50 47 50 51 46 51 46 47
64 28 67 28 67 31 64 31 64 28
2 52 4 52 4 56 2 56 2 52
55 88 57 88 57 92 55 92 55 88
28 49 32 49 32 53 28 53 28 49
55 6 57 6 57 10 55 10 55 6
69 87 72 87 72 91 69 91 69 87
16 16 18 16 18 21 16 21 16 16
68 49 71 49 71 51 68 51 68 49
66 70 68 70 68 73 66 73 66 70
58 4 63 4 63 7 58 7 58 4
40 47 42 47 42 52 40 52 40 47
76 25 79 25 79 29 76 29 76 25
60 9 62 9 62 13 60 13 60 9
6 67 8 67 8 72 6 72 6 67
85 10 88 10 88 12 85 12 85 10
58 93 63 93 63 96 58 96 58 93
53 79 56 79 56 82 53 82 53 79
37 64 40 64 40 68 37 68 37 64
93 55 95 55 95 60 93 60 93 55
69 43 74 43 74 45 69 45 69 43
45 84 48 84 48 87 45 87 45 84
6 30 9 30 9 32 6 32 6 30
95 78 97 78 97 83 95 83 95 78
64 93 67 93 67 97 64 97 64 93
83 13 87 13 87 18 83 18 83 13
90 31 95 31 95 36 90 36 90 31
87 75 91 75 91 77 87 77 87 75
19 11 23 11 23 14 19 14 19 11
27 79 29 79 29 84 27 84 27 79
92 72 97 72 97 76 92 76 92 72
45 74 49 74 49 77 45 77 45 74
56 22 60 22 60 27 56 27 56 22
27 31 29 31 29 35 27 35 27 31
65 63 70 63 70 67 65 67 65 63
42 43 45 43 45 45 42 45 42 43
15 75 17 75 17 77 15 77 15 75
60 60 63 60 63 64 60 64 60 60
9 13 12 13 12 17 9 17 9 13
44 17 46 17 46 20 44 20 44 17
80 8 82 8 82 10 80 10 80 8
58 78 60 78 60 82 58 82 58 78
12 59 16 59 16 61 12 61 12 59
71 70 73 70 73 75 71 75 71 70
77 37 81 37 81 42 77 42 77 37
75 8 78 8 78 10 75 10 75 8
86 71 90 71 90 74 86 74 86 71
70 36 75 36 75 39 70 39 70 36
48 88 52 88 52 90 48 90 48 88
10 40 15 40 15 44 10 44 10 40
12 8 17 8 17 12 12 12 12 8
45 79 48 79 48 83 45 83 45 79
80 20 83 20 83 23 80 23 80 20
9 80 11 80 11 84 9 84 9 80
24 54 29 54 29 56 24 56 24 54
19 45 24 45 24 47 19 47 19 45
32 15 36 15 36 18 32 18 32 15
77 55 79 55 79 58 77 58 77 55
9 95 11 95 11 98 9 98 9 95
37 43 39 43 39 46 37 46 37 43
74 76 76 76 76 78 74 78 74 76
46 70 50 70 50 73 46 73 46 70
12 88 15 88 15 92 12 92 12 88
28 22 32 22 32 25 28 25 28 22
68 4 71 4 71 9 68 9 68 4
89 40 91 40 91 42 89 42 89 40
28 65 31 65 31 68 28 68 28 65
2 67 5 67 5 70 2 70 2 67
89 78 92 78 92 80 89 80 89 78
34 73 36 73 36 77 34 77 34 73
19 51 21 51 21 56 19 56 19 51
61 66 64 66 64 68 61 68 61 66
70 78 73 78 73 80 70 80 70 78
67 22 70 22 70 24 67 24 67 22
36 96 38 96 38 98 36 98 36 96
30 28 34 28 34 33 30 33 30 28
29 89 33 89 33 91 29 91 29 89
6 36 10 36 10 38 6 38 6 36
62 15 65 15 65 18 62 18 62 15
16 88 19 88 19 92 16 92 16 88
64 33 69 33 69 36 64 36 64 33
49 18 53 18 53 20 49 20 49 18
25 11 30 11 30 14 25 14 25 11
87 22 91 22 91 27 87 27 87 22
50 74 54 74 54 76 50 76 50 74
38 86 41 86 41 89 38 89 38 86
4 75 7 75 7 77 4 77 4 75
66 78 68 78 68 80 66 80 66 78
78 14 82 14 82 16 78 16 78 14
88 4 92 4 92 9 88 9 88 4
18 2 21 2 21 4 18 4 18 2
73 85 76 85 76 87 73 87 73 85
23 36 28 36 28 41 23 41 23 36
30 79 32 79 32 83 30 83 30 79
85 51 88 51 88 56 85 56 85 51
88 28 90 28 90 30 88 30 88 28
55 68 60 68 60 71 55 71 55 68
83 58 86 58 86 62 83 62 83 58
61 45 64 45 64 48 61 48 61 45
48 21 50 21 50 23 48 23 48 21
30 70 32 70 32 74 30 74 30 70
73 88 77 88 77 91 73 91 73 88
42 92 46 92 46 96 42 96 42 92
55 34 58 34 58 39 55 39 55 34
44 59 49 59 49 61 44 61 44 59
11 29 15 29 15 34 11 34 11 29
9 54 12 54 12 56 9 56 9 54
62 74 64 74 64 76 62 76 62 74
43 30 46 30 46 34 43 34 43 30
59 83 62 83 62 88 59 88 59 83
3 86 7 86 7 91 3 91 3 86
38 31 40 31 40 35 38 35 38 31
80 67 84 67 84 69 80 69 80 67
93 93 98 93 98 98 93 98 93 93
53 51 56 51 56 55 53 55 53 51
34 48 39 48 39 53 34 53 34 48
47 54 52 54 52 56 47 56 47 54
24 73 26 73 26 77 24 77 24 73
42 40 47 40 47 42 42 42 42 40
86 65 91 65 91 69 86 69 86 65
47 9 49 9 49 12 47 12 47 9
42 10 46 10 46 13 42 13 42 10
60 33 62 33 62 37 60 37 60 33
30 41 35 41 35 45 30 45 30 41
77 75 81 75 81 77 77 77 77 75
9 23 11 23 11 26 9 26 9 23
48 65 50 65 50 68 48 68 48 65
3 23 5 23 5 26 3 26 3 23
91 86 95 86 95 90 91 90 91 86
36 19 39 19 39 22 36 22 36 19
2 15 5 15 5 20 2 20 2 15
34 54 36 54 36 57 34 57 34 54
12 49 17 49 17 51 12 51 12 49
68 53 72 53 72 56 68 56 68 53
33 81 36 81 36 85 33 85 33 81
75 3 80 3 80 7 75 7 75 3
34 8 36 8 36 10 34 10 34 8
61 38 66 38 66 42 61 42 61 38
16 31 20 31 20 36 16 36 16 31
90 43 95 43 95 45 90 45 90 43
54 31 56 31 56 33 54 33 54 31
78 89 81 89 81 92 78 92 78 89
22 32 26 32 26 34 22 34 22 32
72 62 76 62 76 65 72 65 72 62
63 9 65 9 65 11 63 11 63 9
2 93 7 93 7 96 2 96 2 93
75 49 80 49 80 53 75 53 75 49
