59 16 62 16 62 21 59 21 59 16
25 74 29 74 29 77 25 77 25 74
70 38 75 38 75 43 70 43 70 38
62 86 66 86 66 89 62 89 62 86
87 11 89 11 89 14 87 14 87 11
59 31 63 31 63 36 59 36 59 31
89 31 92 31 92 33 89 33 89 31
74 17 77 17 77 20 74 20 74 17
56 25 58 25 58 28 56 28 56 25
11 82 14 82 14 86 11 86 11 82
57 70 60 70 60 72 57 72 57 70
82 58 85 58 85 62 82 62 82 58
89 51 94 51 94 56 89 56 89 51
82 22 85 22 85 25 82 25 82 22
22 3 27 3 27 5 22 5 22 3
21 36 26 36 26 39 21 39 21 36
64 69 66 69 66 71 64 71 64 69
39 31 41 31 41 35 39 35 39 31
89 20 94 20 94 24 89 24 89 20
71 61 75 61 75 65 71 65 71 61
83 85 85 85 85 90 83 90 83 85
88 89 90 89 90 91 88 91 88 89
26 47 31 47 31 52 26 52 26 47
29 85 34 85 34 89 29 89 29 85
3 83 8 83 8 85 3 85 3 83
14 15 16 15 16 18 14 18 14 15
4 36 7 36 7 38 4 38 4 36
87 81 90 81 90 83 87 83 87 81
6 52 8 52 8 55 6 55 6 52
31 20 35 20 35 25 31 25 31 20
49 14 53 14 53 19 49 19 49 14
30 28 33 28 33 32 30 32 30 28
64 80 67 80 67 84 64 84 64 80
67 69 69 69 69 71 67 71 67 69
47 95 52 95 52 97 47 97 47 95
8 40 13 40 13 43 8 43 8 40
72 69 76 69 76 71 72 71 72 69
16 92 18 92 18 96 16 96 16 92
19 74 23 74 23 77 19 77 19 74
69 47 74 47 74 51 69 51 69 47
46 25 50 25 50 27 46 27 46 25
35 6 39 6 39 10 35 10 35 6
8 10 13 10 13 14 8 14 8 10
80 69 85 69 85 72 80 72 80 69
62 11 67 11 67 13 62 13 62 11
86 58 90 58 90 61 86 61 86 58
38 56 43 56 43 59 38 59 38 56
13 2 18 2 18 7 13 7 13 2
47 3 50 3 50 5 47 5 47 3
79 26 81 26 81 28 79 28 79 26
82 49 85 49 85 51 82 51 82 49
42 62 45 62 45 64 42 64 42 62
69 90 72 90 72 94 69 94 69 90
56 46 59 46 59 48 56 48 56 46
73 24 77 24 77 28 73 28 73 24
27 9 32 9 32 13 27 13 27 9
76 8 79 8 79 12 76 12 76 8
47 49 49 49 49 54 47 54 47 49
15 60 20 60 20 63 15 63 15 60
46 18 48 18 48 21 46 21 46 18
76 92 80 92 80 97 76 97 76 92
14 26 18 26 18 28 14 28 14 26
46 57 48 57 48 59 46 59 46 57
37 50 42 50 42 55 37 55 37 50
17 83 21 83 21 86 17 86 17 83
77 55 79 55 79 60 77 60 77 55
94 87 97 87 97 89 94 89 94 87
50 9 54 9 54 12 50 12 50 9
92 70 94 70 94 73 92 73 92 70
37 88 40 88 40 92 37 92 37 88
76 74 80 74 80 78 76 78 76 74
32 14 35 14 35 18 32 18 32 14
52 49 55 49 55 54 52 54 52 49
9 20 13 20 13 25 9 25 9 20
36 26 38 26 38 28 36 28 36 26
80 35 83 35 83 40 80 40 80 35
87 68 89 68 89 72 87 72 87 68
32 48 34 48 34 53 32 53 32 48
47 61 52 61 52 63 47 63 47 61
63 38 68 38 68 42 63 42 63 38
59 27 62 27 62 29 59 29 59 27
41 3 43 3 43 8 41 8 41 3
50 78 54 78 54 80 50 80 50 78
70 56 72 56 72 60 70 60 70 56
34 68 36 68 36 73 34 73 34 68
76 36 78 36 78 39 76 39 76 36
67 28 71 28 71 30 67 30 67 28
58 76 61 76 61 78 58 78 58 76
32 54 36 54 36 58 32 58 32 54
68 19 70 19 70 21 68 21 68 19
32 78 36 78 36 82 32 82 32 78
26 80 28 80 28 83 26 83 26 80
24 15 28 15 28 18 24 18 24 15
72 72 74 72 74 75 72 75 72 72
29 39 34 39 34 41 29 41 29 39
4 86 7 86 7 90 4 90 4 86
87 42 91 42 91 45 87 45 87 42
52 26 55 26 55 29 52 29 52 26
93 26 98 26 98 30 93 30 93 26
21 43 26 43 26 45 21 45 21 43
50 71 55 71 55 75 50 75 50 71
12 69 15 69 15 72 12 72 12 69
13 45 18 45 18 48 13 48 13 45
90 10 95 10 95 15 90 15 90 10
5 30 9 30 9 34 5 34 5 30
61 63 66 63 66 65 61 65 61 63
14 49 16 49 16 51 14 51 14 49
36 45 39 45 39 49 36 49 36 45
66 76 68 76 68 79 66 79 66 76
15 39 18 39 18 42 15 42 15 39
89 46 91 46 91 49 89 49 89 46
90 74 93 74 93 78 90 78 90 74
57 41 59 41 59 44 57 44 57 41
39 39 44 39 44 44 39 44 39 39
81 65 86 65 86 68 81 68 81 65
67 53 69 53 69 57 67 57 67 53
43 29 46 29 46 32 43 32 43 29
8 36 13 36 13 39 8 39 8 36
61 90 63 90 63 92 61 92 61 90
20 53 22 53 22 57 20 57 20 53
24 59 27 59 27 62 24 62 24 59
20 7 25 7 25 11 20 11 20 7
77 84 79 84 79 88 77 88 77 84
3 23 6 23 6 27 3 27 3 23
3 72 5 72 5 74 3 74 3 72
80 82 85 82 85 84 80 84 80 82
33 33 36 33 36 38 33 38 33 33
23 65 25 65 25 69 23 69 23 65
50 22 55 22 55 24 50 24 50 22
25 30 28 30 28 35 25 35 25 30
53 32 57 32 57 36 53 36 53 32
37 94 42 94 42 96 37 96 37 94
17 20 20 20 20 25 17 25 17 20
7 56 9 56 9 59 7 59 7 56
59 6 64 6 64 8 59 8 59 6
80 9 83 9 83 12 80 12 80 9
46 81 49 81 49 84 46 84 46 81
40 16 44 16 44 20 40 20 40 16
17 33 19 33 19 35 17 35 17 33
2 41 6 41 6 43 2 43 2 41
20 88 24 88 24 93 20 93 20 88
29 92 32 92 32 95 29 95 29 92
64 16 68 16 68 18 64 18 64 16
76 45 78 45 78 47 76 47 76 45
37 78 39 78 39 80 37 80 37 78
2 78 6 78 6 81 2 81 2 78
12 76 16 76 16 79 12 79 12 76
8 62 11 62 11 64 8 64 8 62
25 54 29 54 29 58 25 58 25 54
73 4 78 4 78 6 73 6 73 4
57 80 62 80 62 82 57 82 57 80
5 45 9 45 9 50 5 50 5 45
3 5 6 5 6 10 3 10 3 5
94 33 98 33 98 35 94 35 94 33
63 94 65 94 65 97 63 97 63 94
53 41 56 41 56 45 53 45 53 41
67 86 69 86 69 89 67 89 67 86
7 68 9 68 9 71 7 71 7 68
85 27 90 27 90 30 85 30 85 27
26 65 31 65 31 70 26 70 26 65
13 54 17 54 17 58 13 58 13 54
72 32 74 32 74 36 72 36 72 32
76 50 79 50 79 54 76 54 76 50
28 5 33 5 33 7 28 7 28 5
81 41 85 41 85 44 81 44 81 41
57 94 62 94 62 96 57 96 57 94
39 60 41 60 41 62 39 62 39 60
21 23 24 23 24 27 21 27 21 23
91 81 96 81 96 86 91 86 91 81
79 17 81 17 81 21 79 21 79 17
69 3 71 3 71 8 69 8 69 3
46 66 48 66 48 70 46 70 46 66
34 74 39 74 39 76 34 76 34 74
7 94 10 94 10 98 7 98 7 94
81 45 83 45 83 47 81 47 81 45
11 31 14 31 14 35 11 35 11 31
40 74 44 74 44 79 40 79 40 74
57 51 60 51 60 54 57 54 57 51
38 13 43 13 43 15 38 15 38 13
94 67 97 67 97 69 94 69 94 67
61 45 63 45 63 49 61 49 61 45
42 87 46 87 46 92 42 92 42 87
86 15 89 15 89 17 86 17 86 15
94 48 96 48 96 50 94 50 94 48
83 3 88 3 88 5 83 5 83 3
82 26 84 26 84 29 82 29 82 26
11 66 14 66 14 68 11 68 11 66
86 31 88 31 88 35 86 35 86 31
54 61 59 61 59 65 54 65 54 61
3 91 5 91 5 96 3 96 3 91
71 12 73 12 73 16 71 16 71 12
66 23 71 23 71 25 66 25 66 23
33 61 38 61 38 66 33 66 33 61
16 65 19 65 19 69 16 69 16 65
36 2 40 2 40 4 36 4 36 2
55 7 57 7 57 10 55 10 55 7
17 14 21 14 21 17 17 17 17 14
47 33 50 33 50 35 47 35 47 33
8 90 13 90 13 93 8 93 8 90
2 15 6 15 6 17 2 17 2 15
