48 71 50 71 50 76 48 76 48 71
47 8 49 8 49 11 47 11 47 8
72 77 77 77 77 79 72 79 72 77
56 30 59 30 59 34 56 34 56 30
93 34 95 34 95 37 93 37 93 34
20 22 23 22 23 27 20 27 20 22
65 48 67 48 67 50 65 50 65 48
53 74 55 74 55 78 53 78 53 74
46 51 51 51 51 53 46 53 46 51
59 39 62 39 62 41 59 41 59 39
10 36 13 36 13 40 10 40 10 36
80 79 83 79 83 82 80 82 80 79
53 14 55 14 55 17 53 17 53 14
65 37 68 37 68 42 65 42 65 37
77 8 82 8 82 12 77 12 77 8
31 70 36 70 36 74 31 74 31 70
9 81 13 81 13 86 9 86 9 81
14 65 19 65 19 70 14 70 14 65
44 38 49 38 49 41 44 41 44 38
52 64 54 64 54 69 52 69 52 64
72 42 74 42 74 44 72 44 72 42
15 46 18 46 18 51 15 51 15 46
32 85 37 85 37 88 32 88 32 85
23 66 28 66 28 71 23 71 23 66
38 84 40 84 40 89 38 89 38 84
27 15 30 15 30 18 27 18 27 15
62 7 67 7 67 11 62 11 62 7
73 62 75 62 75 65 73 65 73 62
38 57 42 57 42 60 38 60 38 57
31 41 36 41 36 43 31 43 31 41
79 14 81 14 81 18 79 18 79 14
80 59 83 59 83 63 80 63 80 59
40 28 45 28 45 30 40 30 40 28
86 68 88 68 88 71 86 71 86 68
9 51 14 51 14 53 9 53 9 51
65 80 69 80 69 82 65 82 65 80
69 48 71 48 71 52 69 52 69 48
77 71 81 71 81 76 77 76 77 71
39 37 42 37 42 42 39 42 39 37
77 46 79 46 79 48 77 48 77 46
72 15 76 15 76 18 72 18 72 15
92 25 96 25 96 30 92 30 92 25
23 14 25 14 25 19 23 19 23 14
11 24 16 24 16 28 11 28 11 24
70 87 74 87 74 89 70 89 70 87
15 17 17 17 17 22 15 22 15 17
42 77 45 77 45 82 42 82 42 77
24 61 27 61 27 63 24 63 24 61
55 36 59 36 59 38 55 38 55 36
82 45 85 45 85 48 82 48 82 45
23 40 26 40 26 44 23 44 23 40
2 75 7 75 7 80 2 80 2 75
90 75 92 75 92 77 90 77 90 75
86 36 89 36 89 39 86 39 86 36
46 88 51 88 51 91 46 91 46 88
56 52 61 52 61 55 56 55 56 52
33 63 37 63 37 65 33 65 33 63
87 45 90 45 90 47 87 47 87 45
56 62 59 62 59 64 56 64 56 62
3 58 6 58 6 60 3 60 3 58
30 30 32 30 32 33 30 33 30 30
76 51 79 51 79 55 76 55 76 51
9 46 12 46 12 50 9 50 9 46
46 95 49 95 49 97 46 97 46 95
72 27 74 27 74 31 72 31 72 27
60 85 65 85 65 87 60 87 60 85
86 13 89 13 89 17 86 17 86 13
25 47 27 47 27 49 25 49 25 47
17 33 21 33 21 36 17 36 17 33
87 90 89 90 89 94 87 94 87 90
95 51 97 51 97 54 95 54 95 51
37 68 40 68 40 73 37 73 37 68
5 94 10 94 10 98 5 98 5 94
86 7 88 7 88 10 86 10 86 7
76 19 79 19 79 22 76 22 76 19
72 70 75 70 75 72 72 72 72 70
64 71 68 71 68 76 64 76 64 71
65 54 67 54 67 58 65 58 65 54
84 72 88 72 88 74 84 74 84 72
42 64 44 64 44 67 42 67 42 64
35 44 37 44 37 48 35 48 35 44
43 42 45 42 45 47 43 47 43 42
93 55 96 55 96 60 93 60 93 55
69 17 71 17 71 21 69 21 69 17
47 83 50 83 50 86 47 86 47 83
52 31 54 31 54 33 52 33 52 31
13 91 18 91 18 95 13 95 13 91
89 53 92 53 92 58 89 58 89 53
68 57 70 57 70 60 68 60 68 57
72 58 76 58 76 61 72 61 72 58
19 6 23 6 23 10 19 10 19 6
94 40 98 40 98 42 94 42 94 40
37 8 39 8 39 13 37 13 37 8
23 52 26 52 26 54 23 54 23 52
58 77 62 77 62 79 58 79 58 77
5 29 7 29 7 33 5 33 5 29
53 80 56 80 56 83 53 83 53 80
92 86 94 86 94 89 92 89 92 86
34 77 36 77 36 79 34 79 34 77
56 91 61 91 61 93 56 93 56 91
25 79 27 79 27 83 25 83 25 79
77 32 81 32 81 34 77 34 77 32
80 28 84 28 84 30 80 30 80 28
60 36 64 36 64 38 60 38 60 36
28 22 33 22 33 25 28 25 28 22
36 2 41 2 41 4 36 4 36 2
71 35 73 35 73 39 71 39 71 35
93 19 96 19 96 24 93 24 93 19
46 63 51 63 51 66 46 66 46 63
65 43 68 43 68 47 65 47 65 43
77 80 79 80 79 85 77 85 77 80
44 13 46 13 46 15 44 15 44 13
86 25 89 25 89 30 86 30 86 25
3 20 8 20 8 25 3 25 3 20
22 72 27 72 27 77 22 77 22 72
93 75 95 75 95 78 93 78 93 75
94 91 98 91 98 94 94 94 94 91
14 10 17 10 17 12 14 12 14 10
20 93 24 93 24 98 20 98 20 93
61 82 63 82 63 84 61 84 61 82
59 17 64 17 64 20 59 20 59 17
67 23 70 23 70 26 67 26 67 23
68 93 73 93 73 95 68 95 68 93
15 52 20 52 20 55 15 55 15 52
44 20 48 20 48 25 44 25 44 20
72 46 75 46 75 49 72 49 72 46
94 66 98 66 98 69 94 69 94 66
13 71 16 71 16 73 13 73 13 71
36 23 39 23 39 27 36 27 36 23
4 54 8 54 8 56 4 56 4 54
79 38 81 38 81 42 79 42 79 38
85 63 90 63 90 66 85 66 85 63
60 56 64 56 64 59 60 59 60 56
19 18 22 18 22 21 19 21 19 18
36 91 39 91 39 96 36 96 36 91
34 17 36 17 36 21 34 21 34 17
81 83 86 83 86 85 81 85 81 83
29 90 31 90 31 92 29 92 29 90
53 18 56 18 56 23 53 23 53 18
60 2 65 2 65 6 60 6 60 2
92 79 94 79 94 81 92 81 92 79
32 66 36 66 36 69 32 69 32 66
83 40 86 40 86 42 83 42 83 40
58 11 61 11 61 15 58 15 58 11
6 62 10 62 10 66 6 66 6 62
74 6 76 6 76 9 74 9 74 6
9 3 13 3 13 5 9 5 9 3
4 87 6 87 6 91 4 91 4 87
29 51 31 51 31 53 29 53 29 51
92 82 96 82 96 84 92 84 92 82
4 2 7 2 7 7 4 7 4 2
68 27 70 27 70 32 68 32 68 27
86 59 90 59 90 62 86 62 86 59
66 84 69 84 69 87 66 87 66 84
9 31 14 31 14 33 9 33 9 31
90 38 92 38 92 40 90 40 90 38
39 80 41 80 41 83 39 83 39 80
8 6 13 6 13 9 8 9 8 6
54 6 59 6 59 8 54 8 54 6
57 22 60 22 60 24 57 24 57 22
76 96 81 96 81 98 76 98 76 96
50 35 54 35 54 40 50 40 50 35
18 56 21 56 21 60 18 60 18 56
34 11 36 11 36 13 34 13 34 11
2 81 7 81 7 84 2 84 2 81
4 35 9 35 9 40 4 40 4 35
10 67 12 67 12 69 10 69 10 67
32 53 36 53 36 55 32 55 32 53
23 88 25 88 25 91 23 91 23 88
4 12 7 12 7 14 4 14 4 12
51 70 53 70 53 72 51 72 51 70
45 32 47 32 47 37 45 37 45 32
75 90 78 90 78 92 75 92 75 90
61 26 63 26 63 29 61 29 61 26
34 7 36 7 36 10 34 10 34 7
95 3 98 3 98 8 95 8 95 3
43 49 45 49 45 51 43 51 43 49
34 31 37 31 37 36 34 36 34 31
47 58 50 58 50 61 47 61 47 58
80 49 82 49 82 53 80 53 80 49
85 19 88 19 88 23 85 23 85 19
22 79 24 79 24 84 22 84 22 79
9 12 12 12 12 15 9 15 9 12
39 16 41 16 41 18 39 18 39 16
60 48 63 48 63 51 60 51 60 48
4 46 6 46 6 51 4 51 4 46
40 74 43 74 43 76 40 76 40 74
28 81 31 81 31 83 28 83 28 81
42 89 45 89 45 93 42 93 42 89
12 75 16 75 16 78 12 78 12 75
57 44 59 44 59 48 57 48 57 44
38 31 40 31 40 36 38 36 38 31
6 69 8 69 8 74 6 74 6 69
64 94 67 94 67 97 64 97 64 94
78 3 83 3 83 7 78 7 78 3
42 6 44 6 44 11 42 11 42 6
16 85 18 85 18 89 16 89 16 85
60 94 63 94 63 98 60 98 60 94
60 70 62 70 62 73 60 73 60 70
72 51 74 51 74 55 72 55 72 51
