26 79 29 79 29 82 26 82 26 79
55 79 58 79 58 83 55 83 55 79
92 61 96 61 96 64 92 64 92 61
16 58 21 58 21 60 16 60 16 58
89 22 94 22 94 24 89 24 89 22
72 84 75 84 75 87 72 87 72 84
65 16 67 16 67 20 65 20 65 16
57 43 60 43 60 47 57 47 57 43
66 80 69 80 69 83 66 83 66 80
38 4 41 4 41 6 38 6 38 4
89 2 93 2 93 6 89 6 89 2
19 15 21 15 21 20 19 20 19 15
27 28 29 28 29 30 27 30 27 28
28 44 33 44 33 49 28 49 28 44
39 73 41 73 41 78 39 78 39 73
53 63 58 63 58 67 53 67 53 63
85 87 87 87 87 89 85 89 85 87
3 89 6 89 6 91 3 91 3 89
18 21 21 21 21 24 18 24 18 21
65 25 69 25 69 28 65 28 65 25
84 67 86 67 86 69 84 69 84 67
65 87 68 87 68 92 65 92 65 87
69 14 73 14 73 19 69 19 69 14
92 77 94 77 94 80 92 80 92 77
57 28 62 28 62 30 57 30 57 28
30 31 35 31 35 36 30 36 30 31
19 79 24 79 24 82 19 82 19 79
23 2 25 2 25 4 23 4 23 2
79 37 84 37 84 40 79 40 79 37
6 83 8 83 8 86 6 86 6 83
73 62 76 62 76 67 73 67 73 62
91 82 93 82 93 85 91 85 91 82
13 22 16 22 16 24 13 24 13 22
17 69 22 69 22 72 17 72 17 69
32 15 34 15 34 17 32 17 32 15
11 66 16 66 16 70 11 70 11 66
32 62 37 62 37 66 32 66 32 62
13 72 16 72 16 74 13 74 13 72
42 57 46 57 46 59 42 59 42 57
73 41 77 41 77 46 73 46 73 41
92 43 96 43 96 48 92 48 92 43
7 28 9 28 9 31 7 31 7 28
95 12 98 12 98 17 95 17 95 12
75 72 78 72 78 75 75 75 75 72
51 73 55 73 55 75 51 75 51 73
46 38 51 38 51 43 46 43 46 38
6 25 8 25 8 27 6 27 6 25
53 58 56 58 56 61 53 61 53 58
71 33 74 33 74 38 71 38 71 33
5 3 9 3 9 8 5 8 5 3
77 94 79 94 79 96 77 96 77 94
31 76 36 76 36 81 31 81 31 76
39 40 42 40 42 43 39 43 39 40
65 56 67 56 67 60 65 60 65 56
14 93 19 93 19 97 14 97 14 93
46 9 48 9 48 14 46 14 46 9
4 11 7 11 7 14 4 14 4 11
45 82 49 82 49 87 45 87 45 82
76 55 78 55 78 58 76 58 76 55
86 26 91 26 91 30 86 30 86 26
38 18 42 18 42 21 38 21 38 18
76 14 81 14 81 19 76 19 76 14
43 92 48 92 48 96 43 96 43 92
92 74 96 74 96 76 92 76 92 74
16 45 18 45 18 48 16 48 16 45
10 72 12 72 12 74 10 74 10 72
46 62 49 62 49 65 46 65 46 62
47 29 49 29 49 33 47 33 47 29
25 66 28 66 28 70 25 70 25 66
12 16 15 16 15 20 12 20 12 16
38 22 42 22 42 26 38 26 38 22
63 41 65 41 65 45 63 45 63 41
43 66 48 66 48 70 43 70 43 66
96 35 98 35 98 37 96 37 96 35
2 59 5 59 5 63 2 63 2 59
12 33 17 33 17 38 12 38 12 33
9 78 12 78 12 83 9 83 9 78
52 30 55 30 55 32 52 32 52 30
82 29 84 29 84 31 82 31 82 29
16 50 19 50 19 52 16 52 16 50
29 7 32 7 32 11 29 11 29 7
3 54 8 54 8 57 3 57 3 54
23 62 26 62 26 65 23 65 23 62
12 60 15 60 15 64 12 64 12 60
67 40 69 40 69 44 67 44 67 40
38 67 40 67 40 71 38 71 38 67
57 87 62 87 62 92 57 92 57 87
92 87 96 87 96 89 92 89 92 87
44 44 47 44 47 46 44 46 44 44
84 90 89 90 89 93 84 93 84 90
9 42 13 42 13 45 9 45 9 42
54 24 59 24 59 27 54 27 54 24
82 20 86 20 86 22 82 22 82 20
11 55 13 55 13 58 11 58 11 55
77 2 82 2 82 7 77 7 77 2
44 28 46 28 46 31 44 31 44 28
15 83 19 83 19 86 15 86 15 83
21 53 23 53 23 56 21 56 21 53
74 47 79 47 79 51 74 51 74 47
2 16 7 16 7 18 2 18 2 16
18 87 22 87 22 91 18 91 18 87
16 15 18 15 18 20 16 20 16 15
58 72 61 72 61 74 58 74 58 72
19 76 21 76 21 78 19 78 19 76
85 57 89 57 89 60 85 60 85 57
18 37 23 37 23 42 18 42 18 37
9 85 12 85 12 87 9 87 9 85
53 52 57 52 57 56 53 56 53 52
68 45 70 45 70 50 68 50 68 45
4 79 6 79 6 82 4 82 4 79
12 2 15 2 15 5 12 5 12 2
71 94 74 94 74 96 71 96 71 94
85 40 89 40 89 45 85 45 85 40
79 87 82 87 82 89 79 89 79 87
32 94 35 94 35 98 32 98 32 94
23 21 27 21 27 24 23 24 23 21
16 9 20 9 20 14 16 14 16 9
65 35 67 35 67 38 65 38 65 35
25 73 28 73 28 76 25 76 25 73
25 16 28 16 28 20 25 20 25 16
68 52 72 52 72 57 68 57 68 52
43 76 47 76 47 78 43 78 43 76
93 58 95 58 95 60 93 60 93 58
57 36 59 36 59 38 57 38 57 36
37 12 39 12 39 14 37 14 37 12
4 49 8 49 8 51 4 51 4 49
12 6 14 6 14 8 12 8 12 6
79 41 81 41 81 46 79 46 79 41
86 10 90 10 90 15 86 15 86 10
86 35 91 35 91 37 86 37 86 35
57 4 59 4 59 6 57 6 57 4
96 55 98 55 98 57 96 57 96 55
3 71 8 71 8 73 3 73 3 71
11 90 13 90 13 94 11 94 11 90
5 65 9 65 9 70 5 70 5 65
95 4 98 4 98 8 95 8 95 4
62 67 64 67 64 71 62 71 62 67
58 40 62 40 62 42 58 42 58 40
16 79 18 79 18 82 16 82 16 79
37 84 42 84 42 89 37 89 37 84
23 7 28 7 28 12 23 12 23 7
81 65 83 65 83 68 81 68 81 65
77 29 81 29 81 34 77 34 77 29
32 84 36 84 36 89 32 89 32 84
43 22 46 22 46 25 43 25 43 22
88 69 92 69 92 72 88 72 88 69
55 8 60 8 60 12 55 12 55 8
8 32 11 32 11 34 8 34 8 32
24 51 28 51 28 54 24 54 24 51
73 78 77 78 77 83 73 83 73 78
47 34 49 34 49 37 47 37 47 34
67 2 72 2 72 6 67 6 67 2
70 21 73 21 73 24 70 24 70 21
29 37 33 37 33 42 29 42 29 37
64 30 66 30 66 32 64 32 64 30
8 17 11 17 11 22 8 22 8 17
38 79 40 79 40 83 38 83 38 79
57 57 60 57 60 62 57 62 57 57
79 79 82 79 82 82 79 82 79 79
25 59 28 59 28 61 25 61 25 59
34 38 38 38 38 40 34 40 34 38
6 58 9 58 9 61 6 61 6 58
84 79 86 79 86 83 84 83 84 79
51 14 55 14 55 16 51 16 51 14
43 34 45 34 45 36 43 36 43 34
48 20 51 20 51 22 48 22 48 20
54 87 56 87 56 90 54 90 54 87
49 4 51 4 51 6 49 6 49 4
61 34 63 34 63 38 61 38 61 34
56 49 61 49 61 51 56 51 56 49
22 32 27 32 27 35 22 35 22 32
29 23 32 23 32 25 29 25 29 23
87 51 91 51 91 53 87 53 87 51
56 16 60 16 60 18 56 18 56 16
29 53 32 53 32 57 29 57 29 53
2 32 4 32 4 34 2 34 2 32
73 5 76 5 76 7 73 7 73 5
32 59 37 59 37 61 32 61 32 59
20 27 25 27 25 30 20 30 20 27
59 77 62 77 62 81 59 81 59 77
85 61 87 61 87 63 85 63 85 61
79 90 82 90 82 92 79 92 79 90
84 4 88 4 88 9 84 9 84 4
39 28 42 28 42 30 39 30 39 28
64 93 67 93 67 98 64 98 64 93
24 45 27 45 27 48 24 48 24 45
82 46 84 46 84 49 82 49 82 46
79 25 84 25 84 27 79 27 79 25
71 59 73 59 73 61 71 61 71 59
30 69 32 69 32 73 30 73 30 69
8 12 10 12 10 16 8 16 8 12
37 34 40 34 40 37 37 37 37 34
90 93 94 93 94 97 90 97 90 93
52 19 56 19 56 23 52 23 52 19
66 74 69 74 69 78 66 78 66 74
39 52 41 52 41 57 39 57 39 52
55 93 57 93 57 97 55 97 55 93
74 8 79 8 79 13 74 13 74 8
47 51 51 51 51 54 47 54 47 51
2 43 4 43 4 45 2 45 2 43
