18 46 23 46 23 50 18 50 18 46
76 68 78 68 78 73 76 73 76 68
69 57 73 57 73 62 69 62 69 57
86 16 88 16 88 21 86 21 86 16
18 86 23 86 23 91 18 91 18 86
25 61 27 61 27 64 25 64 25 61
47 52 49 52 49 56 47 56 47 52
20 34 25 34 25 37 20 37 20 34
92 6 97 6 97 9 92 9 92 6
22 22 25 22 25 27 22 27 22 22
9 91 11 91 11 94 9 94 9 91
71 22 76 22 76 27 71 27 71 22
84 35 87 35 87 40 84 40 84 35
36 91 41 91 41 93 36 93 36 91
43 71 47 71 47 73 43 73 43 71
5 33 10 33 10 37 5 37 5 33
24 70 27 70 27 72 24 72 24 70
61 34 64 34 64 37 61 37 61 34
57 27 60 27 60 30 57 30 57 27
63 28 68 28 68 33 63 33 63 28
20 93 24 93 24 98 20 98 20 93
64 89 68 89 68 92 64 92 64 89
84 45 86 45 86 47 84 47 84 45
15 27 20 27 20 30 15 30 15 27
62 81 64 81 64 83 62 83 62 81
8 40 12 40 12 44 8 44 8 40
68 44 73 44 73 48 68 48 68 44
38 54 40 54 40 58 38 58 38 54
43 81 47 81 47 85 43 85 43 81
63 41 66 41 66 44 63 44 63 41
86 53 88 53 88 57 86 57 86 53
79 90 84 90 84 94 79 94 79 90
30 28 35 28 35 32 30 32 30 28
72 32 74 32 74 37 72 37 72 32
87 72 89 72 89 76 87 76 87 72
48 5 51 5 51 10 48 10 48 5
85 65 87 65 87 69 85 69 85 65
93 84 97 84 97 87 93 87 93 84
42 44 45 44 45 47 42 47 42 44
17 80 19 80 19 83 17 83 17 80
95 66 98 66 98 71 95 71 95 66
71 76 73 76 73 81 71 81 71 76
75 47 79 47 79 52 75 52 75 47
13 36 15 36 15 40 13 40 13 36
20 3 25 3 25 8 20 8 20 3
49 18 54 18 54 22 49 22 49 18
63 76 68 76 68 78 63 78 63 76
56 71 60 71 60 76 56 76 56 71
25 11 28 11 28 13 25 13 25 11
82 26 85 26 85 30 82 30 82 26
45 11 47 11 47 13 45 13 45 11
88 46 91 46 91 51 88 51 88 46
73 92 78 92 78 97 73 97 73 92
3 95 7 95 7 98 3 98 3 95
74 84 78 84 78 86 74 86 74 84
11 78 15 78 15 83 11 83 11 78
89 13 94 13 94 17 89 17 89 13
59 54 64 54 64 56 59 56 59 54
42 20 44 20 44 23 42 23 42 20
93 60 98 60 98 65 93 65 93 60
12 66 14 66 14 71 12 71 12 66
55 64 59 64 59 68 55 68 55 64
94 50 98 50 98 54 94 54 94 50
78 3 83 3 83 8 78 8 78 3
69 71 71 71 71 73 69 73 69 71
49 93 52 93 52 96 49 96 49 93
38 61 41 61 41 66 38 66 38 61
86 41 90 41 90 43 86 43 86 41
61 57 65 57 65 62 61 62 61 57
79 64 83 64 83 66 79 66 79 64
46 31 48 31 48 35 46 35 46 31
7 75 9 75 9 78 7 78 7 75
8 52 11 52 11 57 8 57 8 52
14 53 19 53 19 56 14 56 14 53
28 24 30 24 30 27 28 27 28 24
29 83 31 83 31 86 29 86 29 83
25 91 28 91 28 96 25 96 25 91
75 42 79 42 79 44 75 44 75 42
87 87 89 87 89 90 87 90 87 87
41 55 45 55 45 60 41 60 41 55
79 18 83 18 83 23 79 23 79 18
16 20 19 20 19 24 16 24 16 20
75 10 79 10 79 13 75 13 75 10
52 32 55 32 55 34 52 34 52 32
88 29 92 29 92 32 88 32 88 29
47 24 51 24 51 26 47 26 47 24
44 87 47 87 47 89 44 89 44 87
82 74 86 74 86 79 82 79 82 74
27 41 29 41 29 43 27 43 27 41
52 51 54 51 54 55 52 55 52 51
84 61 86 61 86 64 84 64 84 61
12 93 15 93 15 95 12 95 12 93
34 71 38 71 38 73 34 73 34 71
4 67 9 67 9 71 4 71 4 67
65 14 67 14 67 18 65 18 65 14
3 60 7 60 7 64 3 64 3 60
17 76 19 76 19 79 17 79 17 76
35 64 37 64 37 67 35 67 35 64
19 64 22 64 22 69 19 69 19 64
29 75 33 75 33 77 29 77 29 75
48 67 51 67 51 72 48 72 48 67
48 40 53 40 53 42 48 42 48 40
31 2 36 2 36 6 31 6 31 2
67 65 70 65 70 70 67 70 67 65
26 67 30 67 30 69 26 69 26 67
42 17 45 17 45 19 42 19 42 17
75 3 77 3 77 8 75 8 75 3
14 61 17 61 17 65 14 65 14 61
5 15 10 15 10 17 5 17 5 15
58 58 60 58 60 62 58 62 58 58
67 81 70 81 70 83 67 83 67 81
30 94 33 94 33 98 30 98 30 94
57 10 59 10 59 12 57 12 57 10
82 11 85 11 85 15 82 15 82 11
92 90 94 90 94 95 92 95 92 90
40 77 43 77 43 79 40 79 40 77
64 4 69 4 69 8 64 8 64 4
53 26 56 26 56 29 53 29 53 26
10 24 14 24 14 28 10 28 10 24
7 3 12 3 12 6 7 6 7 3
31 25 34 25 34 27 31 27 31 25
68 50 70 50 70 55 68 55 68 50
27 19 30 19 30 22 27 22 27 19
39 85 42 85 42 89 39 89 39 85
75 58 77 58 77 60 75 60 75 58
33 81 35 81 35 84 33 84 33 81
37 32 41 32 41 35 37 35 37 32
57 50 60 50 60 53 57 53 57 50
71 17 73 17 73 21 71 21 71 17
95 75 97 75 97 79 95 79 95 75
8 47 13 47 13 50 8 50 8 47
53 91 55 91 55 93 53 93 53 91
49 45 54 45 54 48 49 48 49 45
52 2 54 2 54 6 52 6 52 2
31 11 36 11 36 15 31 15 31 11
56 82 58 82 58 87 56 87 56 82
82 86 84 86 84 88 82 88 82 86
74 38 78 38 78 40 74 40 74 38
37 48 41 48 41 50 37 50 37 48
31 42 34 42 34 47 31 47 31 42
80 49 82 49 82 51 80 51 80 49
30 35 34 35 34 37 30 37 30 35
65 20 69 20 69 25 65 25 65 20
61 7 63 7 63 9 61 9 61 7
90 67 92 67 92 72 90 72 90 67
30 61 34 61 34 64 30 64 30 61
25 52 30 52 30 54 25 54 25 52
86 24 89 24 89 27 86 27 86 24
5 18 10 18 10 22 5 22 5 18
61 48 66 48 66 52 61 52 61 48
59 43 62 43 62 45 59 45 59 43
15 41 17 41 17 43 15 43 15 41
36 38 41 38 41 41 36 41 36 38
2 79 7 79 7 82 2 82 2 79
52 58 56 58 56 61 52 61 52 58
88 79 93 79 93 83 88 83 88 79
17 92 19 92 19 95 17 95 17 92
92 36 95 36 95 39 92 39 92 36
2 2 4 2 4 7 2 7 2 2
6 83 8 83 8 88 6 88 6 83
33 50 36 50 36 52 33 52 33 50
47 74 50 74 50 77 47 77 47 74
69 87 71 87 71 92 69 92 69 87
57 37 60 37 60 39 57 39 57 37
79 67 82 67 82 70 79 70 79 67
9 86 14 86 14 90 9 90 9 86
26 29 28 29 28 32 26 32 26 29
27 55 29 55 29 58 27 58 27 55
79 57 82 57 82 59 79 59 79 57
67 34 70 34 70 38 67 38 67 34
19 57 24 57 24 62 19 62 19 57
50 82 53 82 53 86 50 86 50 82
15 48 17 48 17 52 15 52 15 48
6 89 8 89 8 93 6 93 6 89
4 55 6 55 6 58 4 58 4 55
56 13 58 13 58 16 56 16 56 13
24 73 27 73 27 78 24 78 24 73
49 59 51 59 51 63 49 63 49 59
78 76 80 76 80 79 78 79 78 76
14 13 17 13 17 18 14 18 14 13
20 83 25 83 25 85 20 85 20 83
2 23 4 23 4 26 2 26 2 23
95 10 97 10 97 14 95 14 95 10
32 89 35 89 35 93 32 93 32 89
85 2 90 2 90 5 85 5 85 2
87 93 90 93 90 98 87 98 87 93
36 23 39 23 39 27 36 27 36 23
43 65 46 65 46 70 43 70 43 65
71 6 74 6 74 8 71 8 71 6
26 48 31 48 31 51 26 51 26 48
42 36 47 36 47 41 42 41 42 36
43 92 47 92 47 96 43 96 43 92
26 36 29 36 29 40 26 40 26 36
30 55 32 55 32 58 30 58 30 55
2 32 4 32 4 35 2 35 2 32
4 11 6 11 6 13 4 13 4 11
73 65 77 65 77 67 73 67 73 65
92 42 96 42 96 47 92 47 92 42
3 89 5 89 5 93 3 93 3 89
5 44 7 44 7 48 5 48 5 44
