85 17 88 17 88 20 85 20 85 17
94 41 97 41 97 44 94 44 94 41
93 6 97 6 97 8 93 8 93 6
3 88 8 88 8 93 3 93 3 88
82 50 85 50 85 54 82 54 82 50
57 17 60 17 60 20 57 20 57 17
35 84 38 84 38 89 35 89 35 84
26 13 28 13 28 18 26 18 26 13
10 35 12 35 12 38 10 38 10 35
41 47 44 47 44 51 41 51 41 47
35 65 37 65 37 68 35 68 35 65
16 93 18 93 18 97 16 97 16 93
82 23 85 23 85 25 82 25 82 23
41 63 46 63 46 68 41 68 41 63
47 68 51 68 51 70 47 70 47 68
82 84 87 84 87 89 82 89 82 84
19 23 23 23 23 28 19 28 19 23
70 62 72 62 72 64 70 64 70 62
27 36 30 36 30 38 27 38 27 36
29 74 31 74 31 78 29 78 29 74
36 34 41 34 41 36 36 36 36 34
3 20 8 20 8 24 3 24 3 20
4 46 6 46 6 51 4 51 4 46
70 77 73 77 73 82 70 82 70 77
40 93 44 93 44 96 40 96 40 93
29 70 33 70 33 72 29 72 29 70
43 24 48 24 48 29 43 29 43 24
15 21 17 21 17 24 15 24 15 21
68 28 71 28 71 31 68 31 68 28
6 31 9 31 9 36 6 36 6 31
24 26 28 26 28 28 24 28 24 26
95 86 98 86 98 91 95 91 95 86
10 65 14 65 14 67 10 67 10 65
61 82 66 82 66 85 61 85 61 82
4 80 8 80 8 85 4 85 4 80
9 42 11 42 11 44 9 44 9 42
73 91 78 91 78 95 73 95 73 91
18 76 20 76 20 80 18 80 18 76
54 43 58 43 58 46 54 46 54 43
9 56 13 56 13 59 9 59 9 56
46 46 50 46 50 48 46 48 46 46
89 27 93 27 93 31 89 31 89 27
19 34 22 34 22 38 19 38 19 34
10 15 12 15 12 19 10 19 10 15
83 11 86 11 86 13 83 13 83 11
54 47 58 47 58 49 54 49 54 47
12 43 14 43 14 48 12 48 12 43
59 40 62 40 62 43 59 43 59 40
20 5 22 5 22 8 20 8 20 5
61 91 63 91 63 96 61 96 61 91
32 25 37 25 37 29 32 29 32 25
69 44 73 44 73 49 69 49 69 44
28 62 31 62 31 66 28 66 28 62
19 43 22 43 22 48 19 48 19 43
30 5 35 5 35 8 30 8 30 5
60 74 63 74 63 76 60 76 60 74
68 50 71 50 71 55 68 55 68 50
11 69 14 69 14 71 11 71 11 69
18 55 20 55 20 57 18 57 18 55
91 15 95 15 95 18 91 18 91 15
90 60 92 60 92 65 90 65 90 60
66 74 69 74 69 78 66 78 66 74
25 52 29 52 29 56 25 56 25 52
20 65 23 65 23 68 20 68 20 65
34 51 36 51 36 55 34 55 34 51
49 25 54 25 54 29 49 29 49 25
57 66 59 66 59 68 57 68 57 66
12 75 14 75 14 78 12 78 12 75
31 92 35 92 35 97 31 97 31 92
82 46 85 46 85 49 82 49 82 46
28 83 33 83 33 86 28 86 28 83
79 33 83 33 83 38 79 38 79 33
2 26 7 26 7 28 2 28 2 26
57 71 62 71 62 73 57 73 57 71
79 60 81 60 81 63 79 63 79 60
84 67 89 67 89 69 84 69 84 67
38 56 43 56 43 59 38 59 38 56
65 14 67 14 67 19 65 19 65 14
93 83 96 83 96 85 93 85 93 83
53 6 56 6 56 11 53 11 53 6
73 60 75 60 75 62 73 62 73 60
86 92 91 92 91 95 86 95 86 92
76 44 78 44 78 46 76 46 76 44
68 89 70 89 70 93 68 93 68 89
50 36 52 36 52 38 50 38 50 36
9 75 11 75 11 77 9 77 9 75
16 87 20 87 20 92 16 92 16 87
49 76 51 76 51 81 49 81 49 76
23 47 25 47 25 49 23 49 23 47
61 44 65 44 65 46 61 46 61 44
43 53 47 53 47 55 43 55 43 53
41 6 46 6 46 9 41 9 41 6
62 29 67 29 67 34 62 34 62 29
11 87 15 87 15 90 11 90 11 87
93 70 98 70 98 73 93 73 93 70
88 52 92 52 92 55 88 55 88 52
65 58 70 58 70 60 65 60 65 58
70 14 74 14 74 19 70 19 70 14
77 67 81 67 81 70 77 70 77 67
79 73 81 73 81 77 79 77 79 73
48 15 52 15 52 19 48 19 48 15
42 43 44 43 44 46 42 46 42 43
73 29 77 29 77 34 73 34 73 29
72 73 75 73 75 76 72 76 72 73
52 92 57 92 57 94 52 94 52 92
57 59 61 59 61 64 57 64 57 59
74 80 76 80 76 83 74 83 74 80
82 76 84 76 84 80 82 80 82 76
9 11 11 11 11 14 9 14 9 11
27 46 31 46 31 50 27 50 27 46
47 3 49 3 49 8 47 8 47 3
84 36 87 36 87 39 84 39 84 36
57 9 61 9 61 13 57 13 57 9
54 69 56 69 56 71 54 71 54 69
72 8 76 8 76 10 72 10 72 8
44 11 49 11 49 14 44 14 44 11
75 25 77 25 77 27 75 27 75 25
36 7 38 7 38 9 36 9 36 7
15 62 17 62 17 65 15 65 15 62
91 48 94 48 94 51 91 51 91 48
55 28 60 28 60 31 55 31 55 28
22 76 26 76 26 80 22 80 22 76
66 9 71 9 71 13 66 13 66 9
72 84 75 84 75 89 72 89 72 84
34 69 39 69 39 73 34 73 34 69
78 64 83 64 83 66 78 66 78 64
94 25 96 25 96 30 94 30 94 25
95 93 98 93 98 95 95 95 95 93
60 51 63 51 63 54 60 54 60 51
35 59 37 59 37 61 35 61 35 59
14 5 19 5 19 8 14 8 14 5
83 26 88 26 88 30 83 30 83 26
90 80 95 80 95 82 90 82 90 80
67 22 72 22 72 27 67 27 67 22
50 83 54 83 54 86 50 86 50 83
5 52 7 52 7 56 5 56 5 52
19 84 21 84 21 86 19 86 19 84
7 71 9 71 9 74 7 74 7 71
65 36 70 36 70 41 65 41 65 36
35 38 38 38 38 43 35 43 35 38
9 25 12 25 12 29 9 29 9 25
23 69 28 69 28 72 23 72 23 69
85 77 89 77 89 79 85 79 85 77
27 32 29 32 29 35 27 35 27 32
24 20 28 20 28 23 24 23 24 20
74 48 78 48 78 50 74 50 74 48
71 2 75 2 75 6 71 6 71 2
55 86 59 86 59 88 55 88 55 86
94 52 98 52 98 56 94 56 94 52
73 54 76 54 76 56 73 56 73 54
38 12 43 12 43 14 38 14 38 12
39 77 41 77 41 81 39 81 39 77
6 60 8 60 8 64 6 64 6 60
84 31 87 31 87 34 84 34 84 31
20 59 24 59 24 61 20 61 20 59
31 36 34 36 34 38 31 38 31 36
43 90 45 90 45 92 43 92 43 90
76 85 80 85 80 90 76 90 76 85
89 20 94 20 94 24 89 24 89 20
89 84 91 84 91 88 89 88 89 84
43 76 45 76 45 78 43 78 43 76
89 35 92 35 92 40 89 40 89 35
39 83 44 83 44 88 39 88 39 83
27 8 29 8 29 12 27 12 27 8
42 69 44 69 44 71 42 71 42 69
79 79 81 79 81 83 79 83 79 79
95 75 98 75 98 77 95 77 95 75
22 82 26 82 26 84 22 84 22 82
39 17 44 17 44 20 39 20 39 17
52 32 55 32 55 34 52 34 52 32
32 76 35 76 35 79 32 79 32 76
82 3 84 3 84 8 82 8 82 3
11 81 16 81 16 84 11 84 11 81
62 62 66 62 66 66 62 66 62 62
86 62 88 62 88 66 86 66 86 62
8 45 11 45 11 47 8 47 8 45
61 78 64 78 64 80 61 80 61 78
15 18 18 18 18 20 15 20 15 18
22 87 27 87 27 91 22 91 22 87
47 85 49 85 49 89 47 89 47 85
16 49 20 49 20 54 16 54 16 49
86 70 89 70 89 73 86 73 86 70
34 62 36 62 36 64 34 64 34 62
81 16 84 16 84 18 81 18 81 16
83 93 85 93 85 95 83 95 83 93
71 66 75 66 75 68 71 68 71 66
67 71 70 71 70 73 67 73 67 71
62 17 64 17 64 20 62 20 62 17
51 63 55 63 55 67 51 67 51 63
2 66 4 66 4 68 2 68 2 66
54 51 58 51 58 56 54 56 54 51
76 11 78 11 78 15 76 15 76 11
86 5 89 5 89 10 86 10 86 5
41 21 45 21 45 23 41 23 41 21
23 43 26 43 26 46 23 46 23 43
54 77 57 77 57 82 54 82 54 77
57 22 60 22 60 24 57 24 57 22
59 55 61 55 61 57 59 57 59 55
4 38 8 38 8 43 4 43 4 38
82 70 85 70 85 75 82 75 82 70
