87 20 90 20 90 24 87 24 87 20
29 37 34 37 34 40 29 40 29 37
53 91 55 91 55 95 53 95 53 91
92 50 96 50 96 54 92 54 92 50
25 77 28 77 28 79 25 79 25 77
36 81 39 81 39 84 36 84 36 81
82 58 84 58 84 63 82 63 82 58
59 4 62 4 62 8 59 8 59 4
25 9 29 9 29 14 25 14 25 9
47 41 49 41 49 44 47 44 47 41
32 89 34 89 34 91 32 91 32 89
56 22 61 22 61 24 56 24 56 22
4 38 9 38 9 40 4 40 4 38
6 42 9 42 9 44 6 44 6 42
36 19 40 19 40 24 36 24 36 19
8 11 11 11 11 16 8 16 8 11
90 92 93 92 93 94 90 94 90 92
14 18 16 18 16 21 14 21 14 18
56 60 60 60 60 62 56 62 56 60
62 95 66 95 66 97 62 97 62 95
37 12 42 12 42 14 37 14 37 12
7 89 10 89 10 94 7 94 7 89
37 39 42 39 42 41 37 41 37 39
27 70 30 70 30 74 27 74 27 70
59 49 63 49 63 54 59 54 59 49
38 92 41 92 41 97 38 97 38 92
26 65 28 65 28 67 26 67 26 65
83 78 85 78 85 83 83 83 83 78
18 51 23 51 23 55 18 55 18 51
26 31 29 31 29 36 26 36 26 31
81 6 83 6 83 8 81 8 81 6
71 34 73 34 73 37 71 37 71 34
81 71 85 71 85 76 81 76 81 71
19 71 22 71 22 76 19 76 19 71
85 62 87 62 87 66 85 66 85 62
50 61 52 61 52 66 50 66 50 61
17 29 22 29 22 32 17 32 17 29
88 69 90 69 90 73 88 73 88 69
37 2 40 2 40 4 37 4 37 2
46 57 51 57 51 59 46 59 46 57
18 91 20 91 20 93 18 93 18 91
5 56 7 56 7 61 5 61 5 56
65 68 70 68 70 71 65 71 65 68
43 78 48 78 48 83 43 83 43 78
81 10 84 10 84 12 81 12 81 10
68 21 73 21 73 24 68 24 68 21
13 45 15 45 15 47 13 47 13 45
11 65 15 65 15 70 11 70 11 65
61 85 64 85 64 90 61 90 61 85
14 35 17 35 17 39 14 39 14 35
56 48 58 48 58 50 56 50 56 48
23 58 25 58 25 63 23 63 23 58
63 62 68 62 68 64 63 64 63 62
55 14 59 14 59 18 55 18 55 14
50 33 53 33 53 38 50 38 50 33
4 47 8 47 8 49 4 49 4 47
38 87 43 87 43 90 38 90 38 87
35 53 39 53 39 55 35 55 35 53
18 39 23 39 23 41 18 41 18 39
2 7 6 7 6 11 2 11 2 7
21 23 25 23 25 26 21 26 21 23
56 27 60 27 60 29 56 29 56 27
74 18 76 18 76 20 74 20 74 18
7 22 11 22 11 24 7 24 7 22
82 66 84 66 84 69 82 69 82 66
50 43 54 43 54 47 50 47 50 43
65 6 69 6 69 8 65 8 65 6
61 19 65 19 65 21 61 21 61 19
42 22 45 22 45 25 42 25 42 22
17 9 21 9 21 11 17 11 17 9
52 71 54 71 54 74 52 74 52 71
67 85 72 85 72 88 67 88 67 85
32 26 37 26 37 31 32 31 32 26
18 81 22 81 22 85 18 85 18 81
70 12 75 12 75 17 70 17 70 12
21 91 25 91 25 95 21 95 21 91
82 35 84 35 84 37 82 37 82 35
61 9 66 9 66 11 61 11 61 9
8 83 11 83 11 88 8 88 8 83
64 52 68 52 68 57 64 57 64 52
49 73 51 73 51 77 49 77 49 73
85 48 87 48 87 50 85 50 85 48
40 63 42 63 42 68 40 68 40 63
60 74 63 74 63 77 60 77 60 74
10 56 14 56 14 60 10 60 10 56
65 72 69 72 69 76 65 76 65 72
55 54 57 54 57 56 55 56 55 54
46 37 48 37 48 40 46 40 46 37
11 77 13 77 13 81 11 81 11 77
14 75 16 75 16 79 14 79 14 75
64 43 67 43 67 48 64 48 64 43
92 55 97 55 97 60 92 60 92 55
38 30 43 30 43 33 38 33 38 30
30 80 35 80 35 84 30 84 30 80
88 80 91 80 91 85 88 85 88 80
76 71 79 71 79 75 76 75 76 71
28 41 32 41 32 43 28 43 28 41
83 43 85 43 85 47 83 47 83 43
23 19 28 19 28 21 23 21 23 19
71 68 74 68 74 73 71 73 71 68
83 90 87 90 87 92 83 92 83 90
40 82 42 82 42 85 40 85 40 82
62 34 65 34 65 36 62 36 62 34
75 25 77 25 77 27 75 27 75 25
64 29 67 29 67 33 64 33 64 29
56 41 58 41 58 45 56 45 56 41
36 63 39 63 39 68 36 68 36 63
72 57 75 57 75 61 72 61 72 57
86 38 89 38 89 43 86 43 86 38
10 49 14 49 14 52 10 52 10 49
58 66 63 66 63 70 58 70 58 66
30 48 32 48 32 51 30 51 30 48
43 15 48 15 48 18 43 18 43 15
32 3 35 3 35 6 32 6 32 3
93 63 96 63 96 66 93 66 93 63
68 40 73 40 73 42 68 42 68 40
69 50 74 50 74 55 69 55 69 50
28 24 30 24 30 27 28 27 28 24
92 81 94 81 94 83 92 83 92 81
16 66 21 66 21 69 16 69 16 66
44 30 49 30 49 33 44 33 44 30
93 23 98 23 98 26 93 26 93 23
6 63 10 63 10 68 6 68 6 63
76 64 80 64 80 69 76 69 76 64
87 31 92 31 92 35 87 35 87 31
50 96 54 96 54 98 50 98 50 96
85 11 90 11 90 16 85 16 85 11
48 23 50 23 50 26 48 26 48 23
81 13 83 13 83 16 81 16 81 13
71 6 73 6 73 8 71 8 71 6
33 86 35 86 35 88 33 88 33 86
80 52 82 52 82 54 80 54 80 52
56 76 58 76 58 79 56 79 56 76
95 67 98 67 98 71 95 71 95 67
4 77 6 77 6 82 4 82 4 77
66 18 68 18 68 20 66 20 66 18
8 3 12 3 12 6 8 6 8 3
20 45 25 45 25 48 20 48 20 45
87 54 91 54 91 58 87 58 87 54
73 76 75 76 75 80 73 80 73 76
24 49 27 49 27 52 24 52 24 49
53 61 55 61 55 66 53 66 53 61
78 35 80 35 80 39 78 39 78 35
23 3 28 3 28 7 23 7 23 3
93 72 96 72 96 74 93 74 93 72
93 4 95 4 95 9 93 9 93 4
26 87 28 87 28 89 26 89 26 87
65 25 67 25 67 27 65 27 65 25
76 78 81 78 81 83 76 83 76 78
71 62 75 62 75 65 71 65 71 62
29 87 31 87 31 91 29 91 29 87
4 51 9 51 9 54 4 54 4 51
69 44 71 44 71 49 69 49 69 44
55 85 60 85 60 88 55 88 55 85
41 51 45 51 45 53 41 53 41 51
76 84 80 84 80 88 76 88 76 84
54 80 56 80 56 83 54 83 54 80
18 33 20 33 20 37 18 37 18 33
11 92 15 92 15 94 11 94 11 92
43 55 45 55 45 58 43 58 43 55
95 86 98 86 98 91 95 91 95 86
16 87 18 87 18 89 16 89 16 87
36 56 39 56 39 59 36 59 36 56
93 31 98 31 98 36 93 36 93 31
76 9 80 9 80 13 76 13 76 9
7 80 9 80 9 82 7 82 7 80
75 28 79 28 79 31 75 31 75 28
41 3 43 3 43 6 41 6 41 3
91 44 94 44 94 48 91 48 91 44
70 92 75 92 75 94 70 94 70 92
3 69 7 69 7 74 3 74 3 69
86 5 89 5 89 9 86 9 86 5
20 14 24 14 24 17 20 17 20 14
88 61 90 61 90 65 88 65 88 61
61 58 64 58 64 61 61 61 61 58
11 31 13 31 13 34 11 34 11 31
3 87 5 87 5 89 3 89 3 87
13 4 17 4 17 6 13 6 13 4
89 95 92 95 92 98 89 98 89 95
93 13 98 13 98 17 93 17 93 13
32 69 37 69 37 71 32 71 32 69
32 44 35 44 35 46 32 46 32 44
46 86 49 86 49 91 46 91 46 86
8 73 12 73 12 76 8 76 8 73
47 19 50 19 50 22 47 22 47 19
2 14 4 14 4 19 2 19 2 14
31 18 35 18 35 23 31 23 31 18
19 3 21 3 21 5 19 5 19 3
77 5 79 5 79 8 77 8 77 5
66 79 69 79 69 81 66 81 66 79
17 23 19 23 19 28 17 28 17 23
25 27 27 27 27 30 25 30 25 27
75 41 80 41 80 43 75 43 75 41
42 45 47 45 47 48 42 48 42 45
55 71 60 71 60 73 55 73 55 71
91 75 95 75 95 79 91 79 91 75
77 91 79 91 79 93 77 93 77 91
28 58 32 58 32 63 28 63 28 58
38 69 41 69 41 73 38 73 38 69
56 33 61 33 61 36 56 36 56 33
