22 7 26 7 26 9 22 9 22 7
43 90 46 90 46 93 43 93 43 90
31 77 33 77 33 80 31 80 31 77
13 49 17 49 17 54 13 54 13 49
35 41 39 41 39 46 35 46 35 41
58 14 60 14 60 18 58 18 58 14
71 81 73 81 73 84 71 84 71 81
86 75 89 75 89 78 86 78 86 75
40 9 45 9 45 12 40 12 40 9
88 45 92 45 92 47 88 47 88 45
24 90 26 90 26 93 24 93 24 90
66 94 69 94 69 97 66 97 66 94
72 4 75 4 75 7 72 7 72 4
29 21 33 21 33 23 29 23 29 21
31 65 35 65 35 69 31 69 31 65
71 69 75 69 75 73 71 73 71 69
15 69 18 69 18 71 15 71 15 69
60 64 63 64 63 68 60 68 60 64
58 90 61 90 61 94 58 94 58 90
19 57 22 57 22 60 19 60 19 57
79 61 81 61 81 63 79 63 79 61
27 87 32 87 32 91 27 91 27 87
40 63 45 63 45 67 40 67 40 63
54 33 57 33 57 36 54 36 54 33
48 83 51 83 51 88 48 88 48 83
21 30 23 30 23 33 21 33 21 30
5 40 8 40 8 44 5 44 5 40
4 29 8 29 8 32 4 32 4 29
62 76 67 76 67 78 62 78 62 76
66 52 68 52 68 55 66 55 66 52
36 21 41 21 41 24 36 24 36 21
31 81 34 81 34 85 31 85 31 81
86 25 88 25 88 30 86 30 86 25
54 71 58 71 58 73 54 73 54 71
29 24 34 24 34 27 29 27 29 24
77 78 79 78 79 80 77 80 77 78
36 49 38 49 38 53 36 53 36 49
75 46 78 46 78 49 75 49 75 46
60 45 62 45 62 50 60 50 60 45
52 90 57 90 57 95 52 95 52 90
15 28 20 28 20 33 15 33 15 28
7 88 9 88 9 90 7 90 7 88
43 2 48 2 48 5 43 5 43 2
46 31 48 31 48 35 46 35 46 31
48 95 50 95 50 97 48 97 48 95
85 91 87 91 87 96 85 96 85 91
3 73 7 73 7 77 3 77 3 73
90 48 93 48 93 53 90 53 90 48
81 22 83 22 83 25 81 25 81 22
25 64 28 64 28 66 25 66 25 64
9 57 11 57 11 61 9 61 9 57
6 34 10 34 10 37 6 37 6 34
23 80 25 80 25 85 23 85 23 80
2 10 7 10 7 12 2 12 2 10
34 36 38 36 38 38 34 38 34 36
34 73 36 73 36 76 34 76 34 73
41 80 45 80 45 85 41 85 41 80
70 75 74 75 74 80 70 80 70 75
85 2 87 2 87 6 85 6 85 2
39 74 42 74 42 79 39 79 39 74
10 26 13 26 13 29 10 29 10 26
58 84 61 84 61 89 58 89 58 84
74 88 77 88 77 90 74 90 74 88
63 10 66 10 66 12 63 12 63 10
13 76 17 76 17 80 13 80 13 76
51 50 55 50 55 55 51 55 51 50
19 71 23 71 23 73 19 73 19 71
62 53 65 53 65 57 62 57 62 53
75 25 78 25 78 29 75 29 75 25
29 5 32 5 32 9 29 9 29 5
80 2 83 2 83 4 80 4 80 2
70 61 74 61 74 63 70 63 70 61
85 49 89 49 89 53 85 53 85 49
61 14 64 14 64 18 61 18 61 14
16 9 21 9 21 14 16 14 16 9
81 70 84 70 84 72 81 72 81 70
54 41 58 41 58 46 54 46 54 41
50 65 54 65 54 70 50 70 50 65
24 22 26 22 26 24 24 24 24 22
93 30 95 30 95 33 93 33 93 30
36 25 41 25 41 28 36 28 36 25
67 18 71 18 71 22 67 22 67 18
91 35 95 35 95 40 91 40 91 35
39 35 43 35 43 38 39 38 39 35
58 35 62 35 62 39 58 39 58 35
44 15 46 15 46 20 44 20 44 15
91 9 94 9 94 11 91 11 91 9
47 24 50 24 50 27 47 27 47 24
22 36 25 36 25 40 22 40 22 36
6 2 11 2 11 5 6 5 6 2
11 45 14 45 14 48 11 48 11 45
38 88 41 88 41 92 38 92 38 88
90 93 92 93 92 96 90 96 90 93
75 12 79 12 79 17 75 17 75 12
7 64 11 64 11 67 7 67 7 64
77 54 80 54 80 57 77 57 77 54
95 60 98 60 98 62 95 62 95 60
19 75 22 75 22 79 19 79 19 75
45 38 47 38 47 42 45 42 45 38
93 88 96 88 96 92 93 92 93 88
96 13 98 13 98 18 96 18 96 13
27 34 30 34 30 38 27 38 27 34
75 38 79 38 79 40 75 40 75 38
35 30 39 30 39 34 35 34 35 30
65 38 67 38 67 43 65 43 65 38
19 42 22 42 22 45 19 45 19 42
29 14 33 14 33 19 29 19 29 14
14 89 18 89 18 92 14 92 14 89
87 17 89 17 89 19 87 19 87 17
88 79 93 79 93 82 88 82 88 79
82 45 86 45 86 48 82 48 82 45
17 19 22 19 22 21 17 21 17 19
63 90 67 90 67 92 63 92 63 90
72 65 77 65 77 67 72 67 72 65
20 2 22 2 22 4 20 4 20 2
18 94 20 94 20 98 18 98 18 94
94 93 96 93 96 98 94 98 94 93
3 13 6 13 6 15 3 15 3 13
87 62 92 62 92 65 87 65 87 62
40 3 42 3 42 6 40 6 40 3
84 86 87 86 87 88 84 88 84 86
25 11 29 11 29 13 25 13 25 11
77 20 79 20 79 24 77 24 77 20
12 84 14 84 14 88 12 88 12 84
31 56 34 56 34 59 31 59 31 56
55 74 58 74 58 79 55 79 55 74
84 10 86 10 86 13 84 13 84 10
8 95 12 95 12 97 8 97 8 95
51 11 56 11 56 14 51 14 51 11
67 65 69 65 69 68 67 68 67 65
89 66 93 66 93 69 89 69 89 66
6 46 10 46 10 50 6 50 6 46
6 19 10 19 10 21 6 21 6 19
15 15 19 15 19 17 15 17 15 15
63 47 65 47 65 52 63 52 63 47
16 35 19 35 19 39 16 39 16 35
52 84 54 84 54 86 52 86 52 84
88 84 91 84 91 86 88 86 88 84
75 93 78 93 78 96 75 96 75 93
76 35 80 35 80 37 76 37 76 35
10 12 14 12 14 15 10 15 10 12
48 6 51 6 51 8 48 8 48 6
25 46 28 46 28 51 25 51 25 46
80 93 82 93 82 96 80 96 80 93
90 26 95 26 95 28 90 28 90 26
4 69 7 69 7 72 4 72 4 69
32 48 35 48 35 51 32 51 32 48
83 32 88 32 88 37 83 37 83 32
8 73 10 73 10 78 8 78 8 73
26 28 28 28 28 31 26 31 26 28
67 25 72 25 72 29 67 29 67 25
49 28 51 28 51 32 49 32 49 28
47 75 51 75 51 79 47 79 47 75
45 45 47 45 47 48 45 48 45 45
58 31 61 31 61 33 58 33 58 31
2 17 4 17 4 20 2 20 2 17
60 71 63 71 63 75 60 75 60 71
95 67 98 67 98 70 95 70 95 67
50 17 52 17 52 19 50 19 50 17
23 52 26 52 26 55 23 55 23 52
41 71 44 71 44 73 41 73 41 71
41 51 45 51 45 53 41 53 41 51
30 41 33 41 33 43 30 43 30 41
26 83 30 83 30 85 26 85 26 83
64 80 69 80 69 83 64 83 64 80
67 30 70 30 70 35 67 35 67 30
13 73 15 73 15 75 13 75 13 73
17 81 22 81 22 84 17 84 17 81
81 17 84 17 84 21 81 21 81 17
91 14 95 14 95 18 91 18 91 14
74 31 76 31 76 34 74 34 74 31
21 94 25 94 25 97 21 97 21 94
78 71 80 71 80 75 78 75 78 71
83 79 86 79 86 83 83 83 83 79
86 54 91 54 91 59 86 59 86 54
76 4 78 4 78 7 76 7 76 4
2 6 7 6 7 8 2 8 2 6
32 62 35 62 35 64 32 64 32 62
43 75 45 75 45 79 43 79 43 75
57 19 59 19 59 23 57 23 57 19
89 4 92 4 92 7 89 7 89 4
79 86 81 86 81 90 79 90 79 86
3 85 5 85 5 89 3 89 3 85
92 21 96 21 96 24 92 24 92 21
9 8 14 8 14 11 9 11 9 8
15 24 19 24 19 27 15 27 15 24
23 67 26 67 26 69 23 69 23 67
61 58 66 58 66 61 61 61 61 58
76 68 78 68 78 70 76 70 76 68
34 7 37 7 37 11 34 11 34 7
70 43 73 43 73 47 70 47 70 43
69 13 72 13 72 15 69 15 69 13
69 50 71 50 71 53 69 53 69 50
57 66 59 66 59 68 57 68 57 66
81 52 83 52 83 54 81 54 81 52
36 56 38 56 38 59 36 59 36 56
45 54 48 54 48 56 45 56 45 54
41 43 44 43 44 47 41 47 41 43
27 59 29 59 29 61 27 61 27 59
57 4 59 4 59 6 57 6 57 4
