65 14 69 14 69 19 65 19 65 14
5 75 7 75 7 79 5 79 5 75
32 51 34 51 34 53 32 53 32 51
87 50 90 50 90 53 87 53 87 50
6 48 10 48 10 53 6 53 6 48
62 89 66 89 66 92 62 92 62 89
41 86 44 86 44 89 41 89 41 86
61 4 65 4 65 8 61 8 61 4
41 35 46 35 46 38 41 38 41 35
34 4 38 4 38 7 34 7 34 4
56 38 59 38 59 43 56 43 56 38
89 27 94 27 94 31 89 31 89 27
75 73 78 73 78 77 75 77 75 73
93 46 97 46 97 50 93 50 93 46
51 2 56 2 56 4 51 4 51 2
37 57 41 57 41 62 37 62 37 57
62 22 64 22 64 25 62 25 62 22
61 28 65 28 65 32 61 32 61 28
10 13 14 13 14 17 10 17 10 13
20 70 22 70 22 75 20 75 20 70
16 26 20 26 20 30 16 30 16 26
29 84 33 84 33 88 29 88 29 84
42 45 44 45 44 48 42 48 42 45
68 79 71 79 71 81 68 81 68 79
7 84 11 84 11 89 7 89 7 84
40 65 44 65 44 67 40 67 40 65
36 79 40 79 40 84 36 84 36 79
6 45 9 45 9 47 6 47 6 45
30 81 34 81 34 83 30 83 30 81
27 42 32 42 32 47 27 47 27 42
84 6 86 6 86 11 84 11 84 6
33 89 37 89 37 92 33 92 33 89
17 11 19 11 19 14 17 14 17 11
57 65 62 65 62 69 57 69 57 65
47 64 51 64 51 68 47 68 47 64
7 38 10 38 10 42 7 42 7 38
68 65 73 65 73 67 68 67 68 65
4 91 7 91 7 93 4 93 4 91
88 64 93 64 93 68 88 68 88 64
16 93 20 93 20 96 16 96 16 93
89 44 92 44 92 48 89 48 89 44
77 16 82 16 82 20 77 20 77 16
36 43 39 43 39 47 36 47 36 43
34 70 36 70 36 75 34 75 34 70
10 26 15 26 15 29 10 29 10 26
43 90 47 90 47 94 43 94 43 90
28 17 32 17 32 20 28 20 28 17
46 83 49 83 49 85 46 85 46 83
93 35 96 35 96 38 93 38 93 35
25 10 30 10 30 12 25 12 25 10
96 53 98 53 98 58 96 58 96 53
71 23 75 23 75 28 71 28 71 23
45 74 47 74 47 79 45 79 45 74
76 56 78 56 78 59 76 59 76 56
13 67 15 67 15 70 13 70 13 67
22 16 26 16 26 19 22 19 22 16
90 10 94 10 94 15 90 15 90 10
66 47 71 47 71 52 66 52 66 47
15 46 17 46 17 51 15 51 15 46
59 83 64 83 64 86 59 86 59 83
83 35 87 35 87 39 83 39 83 35
55 48 57 48 57 52 55 52 55 48
23 74 25 74 25 79 23 79 23 74
93 24 98 24 98 26 93 26 93 24
25 34 29 34 29 38 25 38 25 34
93 54 95 54 95 57 93 57 93 54
63 39 67 39 67 44 63 44 63 39
14 31 18 31 18 36 14 36 14 31
52 58 56 58 56 62 52 62 52 58
89 72 91 72 91 75 89 75 89 72
19 47 22 47 22 51 19 51 19 47
26 76 29 76 29 79 26 79 26 76
58 94 61 94 61 96 58 96 58 94
66 56 70 56 70 60 66 60 66 56
46 20 50 20 50 25 46 25 46 20
52 69 54 69 54 72 52 72 52 69
35 96 39 96 39 98 35 98 35 96
89 17 94 17 94 22 89 22 89 17
38 50 42 50 42 53 38 53 38 50
3 71 7 71 7 73 3 73 3 71
47 6 50 6 50 11 47 11 47 6
84 71 87 71 87 73 84 73 84 71
17 56 20 56 20 58 17 58 17 56
71 92 73 92 73 97 71 97 71 92
2 9 7 9 7 12 2 12 2 9
10 59 12 59 12 61 10 61 10 59
37 11 40 11 40 14 37 14 37 11
30 58 32 58 32 60 30 60 30 58
55 13 58 13 58 17 55 17 55 13
57 87 61 87 61 92 57 92 57 87
17 6 21 6 21 9 17 9 17 6
10 69 12 69 12 74 10 74 10 69
77 63 82 63 82 65 77 65 77 63
45 15 49 15 49 19 45 19 45 15
39 19 43 19 43 24 39 24 39 19
33 24 38 24 38 29 33 29 33 24
67 35 71 35 71 38 67 38 67 35
21 53 26 53 26 56 21 56 21 53
72 3 77 3 77 8 72 8 72 3
77 23 81 23 81 27 77 27 77 23
34 61 36 61 36 63 34 63 34 61
17 62 22 62 22 66 17 66 17 62
82 43 84 43 84 45 82 45 82 43
4 18 8 18 8 20 4 20 4 18
48 30 51 30 51 32 48 32 48 30
42 30 47 30 47 32 42 32 42 30
9 21 14 21 14 23 9 23 9 21
79 72 83 72 83 74 79 74 79 72
42 2 45 2 45 7 42 7 42 2
10 62 12 62 12 66 10 66 10 62
62 10 64 10 64 12 62 12 62 10
71 9 76 9 76 14 71 14 71 9
72 37 77 37 77 42 72 42 72 37
4 54 6 54 6 58 4 58 4 54
33 67 37 67 37 69 33 69 33 67
84 54 88 54 88 57 84 57 84 54
17 82 22 82 22 84 17 84 17 82
92 2 96 2 96 6 92 6 92 2
58 33 61 33 61 37 58 37 58 33
25 66 29 66 29 70 25 70 25 66
55 80 57 80 57 83 55 83 55 80
71 60 74 60 74 62 71 62 71 60
47 42 51 42 51 47 47 47 47 42
49 60 51 60 51 63 49 63 49 60
77 93 82 93 82 98 77 98 77 93
65 84 67 84 67 86 65 86 65 84
24 2 28 2 28 4 24 4 24 2
91 90 93 90 93 95 91 95 91 90
24 43 26 43 26 46 24 46 24 43
56 73 58 73 58 76 56 76 56 73
83 22 85 22 85 27 83 27 83 22
24 61 26 61 26 63 24 63 24 61
3 68 7 68 7 70 3 70 3 68
80 80 82 80 82 83 80 83 80 80
61 71 64 71 64 75 61 75 61 71
14 76 17 76 17 79 14 79 14 76
38 70 41 70 41 74 38 74 38 70
70 84 74 84 74 86 70 86 70 84
52 6 57 6 57 9 52 9 52 6
50 15 53 15 53 18 50 18 50 15
12 86 16 86 16 89 12 89 12 86
46 48 49 48 49 53 46 53 46 48
95 78 97 78 97 81 95 81 95 78
78 36 82 36 82 39 78 39 78 36
22 33 24 33 24 35 22 35 22 33
87 93 90 93 90 95 87 95 87 93
23 49 25 49 25 51 23 51 23 49
30 21 32 21 32 23 30 23 30 21
56 21 60 21 60 23 56 23 56 21
57 56 61 56 61 59 57 59 57 56
52 28 54 28 54 31 52 31 52 28
83 75 88 75 88 80 83 80 83 75
52 33 54 33 54 36 52 36 52 33
59 77 61 77 61 82 59 82 59 77
53 84 55 84 55 86 53 86 53 84
78 6 82 6 82 8 78 8 78 6
41 40 44 40 44 43 41 43 41 40
44 59 48 59 48 62 44 62 44 59
4 3 6 3 6 5 4 5 4 3
4 61 7 61 7 63 4 63 4 61
51 38 53 38 53 40 51 40 51 38
95 31 98 31 98 34 95 34 95 31
13 82 16 82 16 84 13 84 13 82
96 72 98 72 98 77 96 77 96 72
11 32 13 32 13 35 11 35 11 32
27 71 30 71 30 75 27 75 27 71
32 32 37 32 37 35 32 35 32 32
81 48 83 48 83 50 81 50 81 48
44 54 48 54 48 58 44 58 44 54
26 24 29 24 29 26 26 26 26 24
71 73 74 73 74 77 71 77 71 73
83 28 88 28 88 31 83 31 83 28
67 30 71 30 71 33 67 33 67 30
58 52 62 52 62 55 58 55 58 52
88 83 90 83 90 85 88 85 88 83
90 87 92 87 92 89 90 89 90 87
25 27 27 27 27 30 25 30 25 27
3 26 7 26 7 30 3 30 3 26
3 31 5 31 5 36 3 36 3 31
79 57 81 57 81 59 79 59 79 57
26 82 28 82 28 85 26 85 26 82
35 37 38 37 38 39 35 39 35 37
92 59 95 59 95 62 92 62 92 59
11 39 14 39 14 44 11 44 11 39
73 47 75 47 75 50 73 50 73 47
53 44 58 44 58 46 53 46 53 44
84 86 88 86 88 88 84 88 84 86
65 75 69 75 69 77 65 77 65 75
96 88 98 88 98 91 96 91 96 88
51 51 54 51 54 56 51 56 51 51
85 43 87 43 87 48 85 48 85 43
52 93 56 93 56 97 52 97 52 93
87 5 90 5 90 9 87 9 87 5
48 77 50 77 50 81 48 81 48 77
33 13 35 13 35 18 33 18 33 13
17 39 20 39 20 44 17 44 17 39
83 65 85 65 85 69 83 69 83 65
9 91 14 91 14 94 9 94 9 91
93 84 97 84 97 86 93 86 93 84
95 10 98 10 98 15 95 15 95 10
