23 67 27 67 27 71 23 71 23 67
37 78 40 78 40 80 37 80 37 78
19 30 22 30 22 35 19 35 19 30
83 68 87 68 87 71 83 71 83 68
32 36 36 36 36 38 32 38 32 36
70 47 72 47 72 51 70 51 70 47
34 15 38 15 38 18 34 18 34 15
83 91 87 91 87 93 83 93 83 91
93 38 96 38 96 42 93 42 93 38
16 78 19 78 19 83 16 83 16 78
9 71 14 71 14 76 9 76 9 71
40 31 44 31 44 35 40 35 40 31
68 69 71 69 71 72 68 72 68 69
17 93 21 93 21 96 17 96 17 93
65 26 69 26 69 30 65 30 65 26
64 19 69 19 69 24 64 24 64 19
37 2 42 2 42 7 37 7 37 2
34 52 36 52 36 56 34 56 34 52
22 82 25 82 25 85 22 85 22 82
75 82 80 82 80 87 75 87 75 82
51 69 54 69 54 73 51 73 51 69
35 92 39 92 39 96 35 96 35 92
95 55 98 55 98 59 95 59 95 55
8 2 11 2 11 5 8 5 8 2
84 74 88 74 88 78 84 78 84 74
56 63 58 63 58 66 56 66 56 63
56 12 58 12 58 17 56 17 56 12
81 60 83 60 83 64 81 64 81 60
70 41 75 41 75 46 70 46 70 41
43 12 46 12 46 14 43 14 43 12
87 82 90 82 90 87 87 87 87 82
46 33 48 33 48 37 46 37 46 33
57 89 59 89 59 91 57 91 57 89
2 90 7 90 7 92 2 92 2 90
50 81 52 81 52 83 50 83 50 81
32 31 37 31 37 34 32 34 32 31
44 56 47 56 47 58 44 58 44 56
26 33 31 33 31 38 26 38 26 33
91 21 94 21 94 23 91 23 91 21
3 10 8 10 8 13 3 13 3 10
29 11 33 11 33 13 29 13 29 11
67 14 69 14 69 16 67 16 67 14
7 82 10 82 10 87 7 87 7 82
16 90 19 90 19 92 16 92 16 90
39 74 42 74 42 77 39 77 39 74
70 6 72 6 72 8 70 8 70 6
63 86 68 86 68 91 63 91 63 86
77 5 81 5 81 7 77 7 77 5
58 81 61 81 61 83 58 83 58 81
54 45 56 45 56 48 54 48 54 45
52 49 56 49 56 52 52 52 52 49
79 49 82 49 82 54 79 54 79 49
35 67 37 67 37 69 35 69 35 67
19 63 23 63 23 66 19 66 19 63
8 54 12 54 12 59 8 59 8 54
4 24 9 24 9 27 4 27 4 24
23 87 25 87 25 89 23 89 23 87
61 68 64 68 64 73 61 73 61 68
53 41 57 41 57 43 53 43 53 41
23 55 26 55 26 60 23 60 23 55
64 38 68 38 68 43 64 43 64 38
7 21 9 21 9 23 7 23 7 21
12 23 16 23 16 26 12 26 12 23
39 51 43 51 43 55 39 55 39 51
7 49 11 49 11 51 7 51 7 49
49 60 52 60 52 63 49 63 49 60
26 16 30 16 30 20 26 20 26 16
88 43 93 43 93 46 88 46 88 43
37 24 42 24 42 26 37 26 37 24
3 37 7 37 7 41 3 41 3 37
92 10 95 10 95 15 92 15 92 10
34 83 37 83 37 85 34 85 34 83
84 32 86 32 86 34 84 34 84 32
29 77 34 77 34 82 29 82 29 77
39 9 42 9 42 11 39 11 39 9
46 88 49 88 49 90 46 90 46 88
80 79 82 79 82 81 80 81 80 79
13 15 18 15 18 18 13 18 13 15
22 77 26 77 26 79 22 79 22 77
80 15 84 15 84 19 80 19 80 15
45 72 49 72 49 77 45 77 45 72
87 29 90 29 90 33 87 33 87 29
83 79 85 79 85 81 83 81 83 79
93 73 95 73 95 78 93 78 93 73
18 85 20 85 20 89 18 89 18 85
42 62 47 62 47 65 42 65 42 62
47 4 50 4 50 8 47 8 47 4
62 75 66 75 66 79 62 79 62 75
2 67 5 67 5 70 2 70 2 67
30 72 34 72 34 75 30 75 30 72
91 79 94 79 94 84 91 84 91 79
15 59 20 59 20 62 15 62 15 59
41 16 44 16 44 20 41 20 41 16
57 93 59 93 59 97 57 97 57 93
71 22 73 22 73 24 71 24 71 22
16 74 18 74 18 76 16 76 16 74
15 68 19 68 19 70 15 70 15 68
89 64 91 64 91 69 89 69 89 64
49 11 54 11 54 13 49 13 49 11
75 26 80 26 80 29 75 29 75 26
73 54 75 54 75 58 73 58 73 54
65 81 68 81 68 83 65 83 65 81
5 61 10 61 10 64 5 64 5 61
46 49 48 49 48 51 46 51 46 49
7 46 9 46 9 48 7 48 7 46
50 90 55 90 55 92 50 92 50 90
35 19 38 19 38 21 35 21 35 19
88 55 91 55 91 60 88 60 88 55
23 44 27 44 27 48 23 48 23 44
32 3 36 3 36 5 32 5 32 3
64 56 68 56 68 59 64 59 64 56
11 34 15 34 15 39 11 39 11 34
72 29 74 29 74 32 72 32 72 29
25 8 30 8 30 10 25 10 25 8
64 47 69 47 69 50 64 50 64 47
81 35 83 35 83 38 81 38 81 35
24 22 29 22 29 25 24 25 24 22
39 41 43 41 43 43 39 43 39 41
54 32 58 32 58 34 54 34 54 32
40 46 42 46 42 49 40 49 40 46
44 67 47 67 47 70 44 70 44 67
50 25 55 25 55 27 50 27 50 25
72 59 74 59 74 61 72 61 72 59
78 9 83 9 83 13 78 13 78 9
58 27 61 27 61 31 58 31 58 27
22 4 24 4 24 9 22 9 22 4
26 94 29 94 29 96 26 96 26 94
23 91 25 91 25 94 23 94 23 91
13 44 18 44 18 49 13 49 13 44
53 19 55 19 55 24 53 24 53 19
62 6 67 6 67 10 62 10 62 6
24 73 27 73 27 75 24 75 24 73
18 9 21 9 21 12 18 12 18 9
21 49 24 49 24 52 21 52 21 49
58 18 60 18 60 23 58 23 58 18
74 72 76 72 76 77 74 77 74 72
93 68 95 68 95 72 93 72 93 68
48 65 51 65 51 67 48 67 48 65
68 65 70 65 70 68 68 68 68 65
72 34 76 34 76 38 72 38 72 34
8 89 11 89 11 92 8 92 8 89
91 93 93 93 93 97 91 97 91 93
54 53 56 53 56 56 54 56 54 53
31 89 33 89 33 91 31 91 31 89
73 90 77 90 77 95 73 95 73 90
17 53 19 53 19 55 17 55 17 53
2 78 4 78 4 80 2 80 2 78
32 27 37 27 37 30 32 30 32 27
90 88 92 88 92 92 90 92 90 88
3 14 8 14 8 17 3 17 3 14
44 6 46 6 46 9 44 9 44 6
37 60 39 60 39 65 37 65 37 60
26 49 28 49 28 52 26 52 26 49
38 86 41 86 41 88 38 88 38 86
81 21 83 21 83 24 81 24 81 21
44 39 47 39 47 43 44 43 44 39
60 14 63 14 63 17 60 17 60 14
87 6 91 6 91 9 87 9 87 6
33 45 35 45 35 48 33 48 33 45
28 41 30 41 30 46 28 46 28 41
30 52 33 52 33 57 30 57 30 52
45 26 49 26 49 31 45 31 45 26
85 10 88 10 88 13 85 13 85 10
57 2 62 2 62 5 57 5 57 2
71 2 73 2 73 5 71 5 71 2
77 35 80 35 80 40 77 40 77 35
42 80 44 80 44 82 42 82 42 80
46 82 48 82 48 86 46 86 46 82
61 33 63 33 63 38 61 38 61 33
85 19 88 19 88 22 85 22 85 19
48 20 52 20 52 22 48 22 48 20
52 38 54 38 54 40 52 40 52 38
58 41 63 41 63 46 58 46 58 41
91 24 95 24 95 29 91 29 91 24
93 62 95 62 95 64 93 64 93 62
21 13 25 13 25 16 21 16 21 13
55 58 58 58 58 60 55 60 55 58
84 41 86 41 86 46 84 46 84 41
55 78 58 78 58 80 55 80 55 78
11 80 13 80 13 82 11 82 11 80
42 83 45 83 45 87 42 87 42 83
47 45 52 45 52 47 47 47 47 45
78 56 81 56 81 58 78 58 78 56
71 63 74 63 74 67 71 67 71 63
92 32 96 32 96 37 92 37 92 32
3 44 5 44 5 47 3 47 3 44
70 9 74 9 74 11 70 11 70 9
53 7 56 7 56 10 53 10 53 7
80 43 82 43 82 46 80 46 80 43
40 90 43 90 43 93 40 93 40 90
61 23 63 23 63 26 61 26 61 23
78 66 81 66 81 70 78 70 78 66
77 21 80 21 80 25 77 25 77 21
13 95 15 95 15 98 13 98 13 95
61 60 66 60 66 64 61 64 61 60
71 81 74 81 74 86 71 86 71 81
10 40 12 40 12 42 10 42 10 40
78 93 80 93 80 98 78 98 78 93
94 96 98 96 98 98 94 98 94 96
16 36 18 36 18 41 16 41 16 36
