88 31 91 31 91 36 88 36 88 31
21 38 26 38 26 41 21 41 21 38
78 74 81 74 81 78 78 78 78 74
4 45 6 45 6 48 4 48 4 45
61 96 64 96 64 98 61 98 61 96
92 6 95 6 95 10 92 10 92 6
18 65 20 65 20 68 18 68 18 65
96 35 98 35 98 38 96 38 96 35
73 72 77 72 77 77 73 77 73 72
47 50 49 50 49 55 47 55 47 50
49 76 53 76 53 79 49 79 49 76
22 88 27 88 27 92 22 92 22 88
85 61 90 61 90 63 85 63 85 61
68 80 73 80 73 82 68 82 68 80
73 11 78 11 78 13 73 13 73 11
25 79 27 79 27 83 25 83 25 79
8 27 10 27 10 31 8 31 8 27
81 82 86 82 86 86 81 86 81 82
79 31 83 31 83 34 79 34 79 31
43 49 46 49 46 52 43 52 43 49
19 27 23 27 23 30 19 30 19 27
24 93 26 93 26 97 24 97 24 93
68 36 73 36 73 39 68 39 68 36
16 92 18 92 18 94 16 94 16 92
19 76 21 76 21 79 19 79 19 76
27 27 31 27 31 32 27 32 27 27
76 39 81 39 81 41 76 41 76 39
67 44 72 44 72 47 67 47 67 44
33 18 36 18 36 20 33 20 33 18
11 6 14 6 14 10 11 10 11 6
83 8 86 8 86 11 83 11 83 8
4 18 7 18 7 23 4 23 4 18
46 74 48 74 48 76 46 76 46 74
14 16 19 16 19 18 14 18 14 16
61 64 66 64 66 68 61 68 61 64
25 58 28 58 28 61 25 61 25 58
77 23 79 23 79 27 77 27 77 23
80 64 83 64 83 69 80 69 80 64
28 66 33 66 33 69 28 69 28 66
32 47 34 47 34 52 32 52 32 47
54 26 58 26 58 28 54 28 54 26
43 40 47 40 47 44 43 44 43 40
31 61 34 61 34 63 31 63 31 61
24 46 26 46 26 49 24 49 24 46
10 35 13 35 13 38 10 38 10 35
2 88 5 88 5 91 2 91 2 88
35 12 40 12 40 16 35 16 35 12
39 66 44 66 44 70 39 70 39 66
13 84 16 84 16 89 13 89 13 84
30 36 33 36 33 39 30 39 30 36
71 91 75 91 75 96 71 96 71 91
79 10 81 10 81 12 79 12 79 10
9 79 12 79 12 81 9 81 9 79
15 48 20 48 20 53 15 53 15 48
30 40 34 40 34 44 30 44 30 40
3 4 8 4 8 9 3 9 3 4
2 32 6 32 6 34 2 34 2 32
52 42 55 42 55 45 52 45 52 42
11 67 14 67 14 69 11 69 11 67
83 89 88 89 88 91 83 91 83 89
22 15 27 15 27 18 22 18 22 15
13 60 18 60 18 63 13 63 13 60
84 53 88 53 88 58 84 58 84 53
20 59 22 59 22 64 20 64 20 59
49 89 53 89 53 94 49 94 49 89
92 96 97 96 97 98 92 98 92 96
60 3 64 3 64 8 60 8 60 3
76 57 79 57 79 61 76 61 76 57
51 2 53 2 53 4 51 4 51 2
17 35 20 35 20 38 17 38 17 35
91 78 95 78 95 82 91 82 91 78
36 28 41 28 41 33 36 33 36 28
31 15 34 15 34 17 31 17 31 15
49 32 53 32 53 34 49 34 49 32
87 68 92 68 92 73 87 73 87 68
83 42 85 42 85 46 83 46 83 42
58 72 63 72 63 76 58 76 58 72
32 27 34 27 34 31 32 31 32 27
67 61 69 61 69 64 67 64 67 61
36 78 38 78 38 81 36 81 36 78
93 50 97 50 97 55 93 55 93 50
36 55 40 55 40 60 36 60 36 55
87 6 90 6 90 10 87 10 87 6
38 74 41 74 41 77 38 77 38 74
25 8 27 8 27 13 25 13 25 8
58 82 63 82 63 86 58 86 58 82
18 4 22 4 22 8 18 8 18 4
59 40 62 40 62 42 59 42 59 40
89 91 91 91 91 96 89 96 89 91
68 18 70 18 70 20 68 20 68 18
60 30 62 30 62 33 60 33 60 30
59 11 63 11 63 14 59 14 59 11
7 39 9 39 9 44 7 44 7 39
48 11 51 11 51 13 48 13 48 11
35 39 40 39 40 42 35 42 35 39
52 16 56 16 56 19 52 19 52 16
83 16 86 16 86 19 83 19 83 16
94 84 97 84 97 89 94 89 94 84
8 64 12 64 12 66 8 66 8 64
74 79 78 79 78 84 74 84 74 79
95 15 98 15 98 20 95 20 95 15
41 11 45 11 45 15 41 15 41 11
70 69 72 69 72 73 70 73 70 69
63 87 67 87 67 92 63 92 63 87
67 76 69 76 69 79 67 79 67 76
30 19 32 19 32 21 30 21 30 19
88 86 92 86 92 88 88 88 88 86
33 84 37 84 37 86 33 86 33 84
54 4 58 4 58 9 54 9 54 4
7 10 10 10 10 14 7 14 7 10
90 43 95 43 95 48 90 48 90 43
47 27 50 27 50 30 47 30 47 27
69 22 74 22 74 25 69 25 69 22
5 24 7 24 7 29 5 29 5 24
61 59 63 59 63 61 61 61 61 59
51 37 55 37 55 39 51 39 51 37
52 64 57 64 57 66 52 66 52 64
54 94 56 94 56 97 54 97 54 94
49 16 51 16 51 21 49 21 49 16
43 86 46 86 46 91 43 91 43 86
6 54 11 54 11 59 6 59 6 54
44 81 49 81 49 84 44 84 44 81
68 29 70 29 70 31 68 31 68 29
33 93 36 93 36 97 33 97 33 93
47 56 52 56 52 58 47 58 47 56
84 33 87 33 87 35 84 35 84 33
66 10 68 10 68 13 66 13 66 10
13 40 18 40 18 45 13 45 13 40
27 4 30 4 30 7 27 7 27 4
89 13 94 13 94 17 89 17 89 13
45 93 48 93 48 97 45 97 45 93
11 51 14 51 14 53 11 53 11 51
36 6 39 6 39 9 36 9 36 6
31 75 35 75 35 79 31 79 31 75
21 52 23 52 23 55 21 55 21 52
90 19 92 19 92 21 90 21 90 19
93 60 96 60 96 62 93 62 93 60
28 77 30 77 30 82 28 82 28 77
44 45 48 45 48 47 44 47 44 45
72 55 74 55 74 59 72 59 72 55
84 29 87 29 87 32 84 32 84 29
53 23 56 23 56 25 53 25 53 23
3 69 7 69 7 71 3 71 3 69
65 4 68 4 68 8 65 8 65 4
62 21 67 21 67 26 62 26 62 21
78 93 81 93 81 97 78 97 78 93
53 67 56 67 56 71 53 71 53 67
65 15 68 15 68 17 65 17 65 15
25 34 27 34 27 36 25 36 25 34
46 66 51 66 51 70 46 70 46 66
80 46 82 46 82 49 80 49 80 46
84 38 87 38 87 40 84 40 84 38
2 38 4 38 4 40 2 40 2 38
42 29 44 29 44 33 42 33 42 29
54 88 58 88 58 91 54 91 54 88
27 48 31 48 31 52 27 52 27 48
3 77 7 77 7 82 3 82 3 77
22 73 25 73 25 77 22 77 22 73
56 51 60 51 60 53 56 53 56 51
47 36 49 36 49 38 47 38 47 36
38 19 41 19 41 22 38 22 38 19
21 32 24 32 24 36 21 36 21 32
85 25 89 25 89 28 85 28 85 25
95 23 97 23 97 26 95 26 95 23
37 61 39 61 39 63 37 63 37 61
70 64 72 64 72 67 70 67 70 64
77 17 81 17 81 22 77 22 77 17
8 85 12 85 12 87 8 87 8 85
79 4 81 4 81 6 79 6 79 4
15 69 18 69 18 74 15 74 15 69
17 10 19 10 19 12 17 12 17 10
9 15 13 15 13 20 9 20 9 15
33 21 37 21 37 23 33 23 33 21
73 63 77 63 77 67 73 67 73 63
82 20 85 20 85 23 82 23 82 20
86 44 88 44 88 48 86 48 86 44
67 54 71 54 71 59 67 59 67 54
7 93 10 93 10 95 7 95 7 93
25 20 28 20 28 24 25 24 25 20
95 32 97 32 97 34 95 34 95 32
10 3 12 3 12 5 10 5 10 3
47 61 49 61 49 65 47 65 47 61
52 49 55 49 55 51 52 51 52 49
92 37 95 37 95 40 92 40 92 37
5 49 7 49 7 52 5 52 5 49
86 22 90 22 90 24 86 24 86 22
8 70 13 70 13 75 8 75 8 70
21 42 23 42 23 46 21 46 21 42
31 5 34 5 34 7 31 7 31 5
57 37 60 37 60 39 57 39 57 37
94 66 98 66 98 70 94 70 94 66
42 20 45 20 45 24 42 24 42 20
41 7 46 7 46 9 41 9 41 7
46 22 50 22 50 26 46 26 46 22
8 90 10 90 10 92 8 92 8 90
43 72 45 72 45 76 43 76 43 72
79 35 82 35 82 38 79 38 79 35
2 64 4 64 4 67 2 67 2 64
55 60 59 60 59 63 55 63 55 60
67 32 71 32 71 34 67 34 67 32
