40 26 42 26 42 30 40 30 40 26
21 7 24 7 24 12 21 12 21 7
25 80 30 80 30 84 25 84 25 80
49 79 51 79 51 83 49 83 49 79
42 71 47 71 47 73 42 73 42 71
17 36 19 36 19 40 17 40 17 36
77 14 79 14 79 17 77 17 77 14
6 9 9 9 9 14 6 14 6 9
89 59 92 59 92 61 89 61 89 59
38 81 41 81 41 85 38 85 38 81
69 21 74 21 74 26 69 26 69 21
58 45 61 45 61 47 58 47 58 45
60 39 62 39 62 43 60 43 60 39
18 86 22 86 22 88 18 88 18 86
68 76 70 76 70 81 68 81 68 76
74 5 77 5 77 7 74 7 74 5
27 5 32 5 32 8 27 8 27 5
51 32 53 32 53 34 51 34 51 32
71 77 73 77 73 79 71 79 71 77
62 78 66 78 66 82 62 82 62 78
37 33 41 33 41 36 37 36 37 33
20 63 25 63 25 65 20 65 20 63
39 3 41 3 41 5 39 5 39 3
9 22 12 22 12 26 9 26 9 22
28 86 33 86 33 88 28 88 28 86
19 45 24 45 24 50 19 50 19 45
83 57 85 57 85 60 83 60 83 57
90 83 92 83 92 88 90 88 90 83
47 88 52 88 52 93 47 93 47 88
92 8 94 8 94 10 92 10 92 8
31 57 35 57 35 60 31 60 31 57
44 60 48 60 48 63 44 63 44 60
5 31 8 31 8 35 5 35 5 31
36 55 38 55 38 57 36 57 36 55
13 57 15 57 15 60 13 60 13 57
40 15 45 15 45 17 40 17 40 15
3 15 8 15 8 19 3 19 3 15
96 56 98 56 98 59 96 59 96 56
52 46 56 46 56 49 52 49 52 46
3 82 6 82 6 86 3 86 3 82
53 36 56 36 56 39 53 39 53 36
32 61 37 61 37 65 32 65 32 61
88 19 93 19 93 23 88 23 88 19
22 68 26 68 26 70 22 70 22 68
69 90 73 90 73 93 69 93 69 90
87 30 92 30 92 32 87 32 87 30
33 44 37 44 37 46 33 46 33 44
88 51 92 51 92 56 88 56 88 51
26 59 28 59 28 63 26 63 26 59
36 51 41 51 41 53 36 53 36 51
9 73 12 73 12 76 9 76 9 73
32 14 34 14 34 18 32 18 32 14
2 46 5 46 5 49 2 49 2 46
37 93 42 93 42 96 37 96 37 93
78 18 83 18 83 22 78 22 78 18
44 44 48 44 48 48 44 48 44 44
17 11 20 11 20 16 17 16 17 11
26 41 29 41 29 45 26 45 26 41
88 2 93 2 93 6 88 6 88 2
94 13 98 13 98 17 94 17 94 13
74 49 76 49 76 51 74 51 74 49
93 87 95 87 95 91 93 91 93 87
36 20 40 20 40 25 36 25 36 20
45 64 49 64 49 69 45 69 45 64
86 45 90 45 90 47 86 47 86 45
45 94 49 94 49 98 45 98 45 94
44 32 47 32 47 36 44 36 44 32
5 51 7 51 7 54 5 54 5 51
88 66 91 66 91 70 88 70 88 66
60 27 62 27 62 32 60 32 60 27
5 87 8 87 8 91 5 91 5 87
28 18 31 18 31 21 28 21 28 18
70 69 74 69 74 72 70 72 70 69
67 2 70 2 70 5 67 5 67 2
30 36 35 36 35 39 30 39 30 36
82 84 87 84 87 88 82 88 82 84
71 29 73 29 73 32 71 32 71 29
35 73 40 73 40 78 35 78 35 73
30 91 35 91 35 96 30 96 30 91
94 18 96 18 96 21 94 21 94 18
55 60 58 60 58 62 55 62 55 60
44 81 46 81 46 84 44 84 44 81
25 52 29 52 29 57 25 57 25 52
95 92 98 92 98 95 95 95 95 92
10 17 14 17 14 20 10 20 10 17
20 89 23 89 23 93 20 93 20 89
9 57 11 57 11 60 9 60 9 57
13 54 17 54 17 56 13 56 13 54
49 24 53 24 53 27 49 27 49 24
49 74 53 74 53 77 49 77 49 74
85 41 88 41 88 44 85 44 85 41
56 19 58 19 58 24 56 24 56 19
80 70 82 70 82 74 80 74 80 70
20 29 22 29 22 34 20 34 20 29
70 39 72 39 72 44 70 44 70 39
55 82 58 82 58 87 55 87 55 82
3 4 5 4 5 9 3 9 3 4
54 70 56 70 56 73 54 73 54 70
10 38 15 38 15 41 10 41 10 38
64 33 66 33 66 37 64 37 64 33
19 17 22 17 22 19 19 19 19 17
42 7 47 7 47 11 42 11 42 7
77 94 82 94 82 96 77 96 77 94
41 68 44 68 44 70 41 70 41 68
59 48 61 48 61 51 59 51 59 48
90 24 92 24 92 29 90 29 90 24
73 83 77 83 77 88 73 88 73 83
24 32 29 32 29 36 24 36 24 32
4 94 9 94 9 98 4 98 4 94
83 68 87 68 87 71 83 71 83 68
62 47 65 47 65 52 62 52 62 47
31 71 34 71 34 76 31 76 31 71
79 31 83 31 83 33 79 33 79 31
9 89 13 89 13 93 9 93 9 89
34 87 36 87 36 89 34 89 34 87
26 22 28 22 28 26 26 26 26 22
24 86 26 86 26 89 24 89 24 86
17 61 19 61 19 65 17 65 17 61
87 14 89 14 89 16 87 16 87 14
56 63 59 63 59 67 56 67 56 63
62 93 65 93 65 95 62 95 62 93
3 73 5 73 5 77 3 77 3 73
79 2 82 2 82 7 79 7 79 2
84 72 87 72 87 77 84 77 84 72
4 39 9 39 9 43 4 43 4 39
17 94 22 94 22 96 17 96 17 94
76 90 78 90 78 92 76 92 76 90
83 2 87 2 87 4 83 4 83 2
68 82 72 82 72 87 68 87 68 82
64 21 66 21 66 26 64 26 64 21
93 43 97 43 97 47 93 47 93 43
72 53 75 53 75 55 72 55 72 53
55 4 60 4 60 7 55 7 55 4
14 27 16 27 16 30 14 30 14 27
17 78 22 78 22 83 17 83 17 78
95 70 97 70 97 73 95 73 95 70
7 67 10 67 10 69 7 69 7 67
76 69 79 69 79 71 76 71 76 69
44 23 48 23 48 28 44 28 44 23
75 42 78 42 78 47 75 47 75 42
66 9 69 9 69 12 66 12 66 9
11 42 14 42 14 44 11 44 11 42
8 61 11 61 11 63 8 63 8 61
59 18 63 18 63 23 59 23 59 18
74 30 78 30 78 34 74 34 74 30
96 75 98 75 98 80 96 80 96 75
7 78 9 78 9 80 7 80 7 78
93 55 95 55 95 60 93 60 93 55
46 15 50 15 50 18 46 18 46 15
60 83 64 83 64 86 60 86 60 83
62 60 66 60 66 64 62 64 62 60
78 48 81 48 81 52 78 52 78 48
38 48 41 48 41 50 38 50 38 48
23 75 25 75 25 77 23 77 23 75
66 51 69 51 69 54 66 54 66 51
52 17 55 17 55 19 52 19 52 17
95 5 98 5 98 10 95 10 95 5
8 51 10 51 10 53 8 53 8 51
42 3 45 3 45 5 42 5 42 3
76 76 78 76 78 81 76 81 76 76
95 61 98 61 98 64 95 64 95 61
71 7 73 7 73 10 71 10 71 7
91 36 95 36 95 40 91 40 91 36
79 40 84 40 84 44 79 44 79 40
11 11 13 11 13 13 11 13 11 11
14 80 16 80 16 84 14 84 14 80
83 11 86 11 86 14 83 14 83 11
30 11 32 11 32 13 30 13 30 11
58 96 61 96 61 98 58 98 58 96
88 73 93 73 93 78 88 78 88 73
44 74 47 74 47 76 44 76 44 74
50 68 53 68 53 73 50 73 50 68
50 64 55 64 55 66 50 66 50 64
32 79 37 79 37 84 32 84 32 79
14 2 19 2 19 4 14 4 14 2
86 90 89 90 89 94 86 94 86 90
40 39 44 39 44 42 40 42 40 39
69 62 71 62 71 67 69 67 69 62
59 54 63 54 63 56 59 56 59 54
35 30 39 30 39 32 35 32 35 30
51 11 53 11 53 15 51 15 51 11
24 90 26 90 26 94 24 94 24 90
94 30 97 30 97 33 94 33 94 30
69 95 72 95 72 97 69 97 69 95
43 55 47 55 47 57 43 57 43 55
76 23 79 23 79 27 76 27 76 23
87 10 89 10 89 12 87 12 87 10
26 14 30 14 30 16 26 16 26 14
58 75 63 75 63 77 58 77 58 75
65 42 67 42 67 44 65 44 65 42
88 33 90 33 90 36 88 36 88 33
10 29 13 29 13 34 10 34 10 29
48 3 52 3 52 8 48 8 48 3
66 46 69 46 69 49 66 49 66 46
19 68 21 68 21 73 19 73 19 68
79 61 84 61 84 63 79 63 79 61
65 28 67 28 67 30 65 30 65 28
40 45 43 45 43 47 40 47 40 45
40 55 42 55 42 57 40 57 40 55
22 58 25 58 25 61 22 61 22 58
