26 80 28 80 28 83 26 83 26 80
19 57 22 57 22 60 19 60 19 57
11 23 16 23 16 26 11 26 11 23
47 32 52 32 52 36 47 36 47 32
80 84 83 84 83 87 80 87 80 84
35 50 39 50 39 53 35 53 35 50
31 77 35 77 35 81 31 81 31 77
34 91 37 91 37 96 34 96 34 91
14 43 18 43 18 46 14 46 14 43
76 7 81 7 81 11 76 11 76 7
84 81 89 81 89 84 84 84 84 81
80 61 84 61 84 66 80 66 80 61
85 29 87 29 87 32 85 32 85 29
6 8 9 8 9 12 6 12 6 8
9 27 14 27 14 32 9 32 9 27
34 28 36 28 36 32 34 32 34 28
66 19 71 19 71 23 66 23 66 19
59 25 63 25 63 27 59 27 59 25
23 2 28 2 28 6 23 6 23 2
62 78 65 78 65 82 62 82 62 78
10 86 14 86 14 89 10 89 10 86
87 65 91 65 91 70 87 70 87 65
84 45 87 45 87 48 84 48 84 45
75 92 78 92 78 94 75 94 75 92
18 13 21 13 21 15 18 15 18 13
15 62 17 62 17 65 15 65 15 62
72 16 75 16 75 20 72 20 72 16
95 2 97 2 97 7 95 7 95 2
89 14 94 14 94 18 89 18 89 14
79 49 83 49 83 52 79 52 79 49
94 61 98 61 98 66 94 66 94 61
54 8 58 8 58 10 54 10 54 8
22 9 25 9 25 11 22 11 22 9
71 41 74 41 74 45 71 45 71 41
8 58 13 58 13 62 8 62 8 58
66 6 70 6 70 8 66 8 66 6
68 12 70 12 70 15 68 15 68 12
21 36 24 36 24 41 21 41 21 36
45 12 47 12 47 17 45 17 45 12
54 37 56 37 56 41 54 41 54 37
43 40 47 40 47 44 43 44 43 40
43 25 45 25 45 27 43 27 43 25
32 40 34 40 34 44 32 44 32 40
52 3 56 3 56 6 52 6 52 3
39 22 44 22 44 24 39 24 39 22
36 64 41 64 41 66 36 66 36 64
5 67 7 67 7 70 5 70 5 67
94 82 97 82 97 87 94 87 94 82
23 67 27 67 27 71 23 71 23 67
90 85 92 85 92 88 90 88 90 85
85 51 87 51 87 53 85 53 85 51
82 33 87 33 87 36 82 36 82 33
16 3 18 3 18 5 16 5 16 3
84 7 86 7 86 10 84 10 84 7
93 19 98 19 98 24 93 24 93 19
71 3 76 3 76 5 71 5 71 3
37 37 41 37 41 42 37 42 37 37
40 93 43 93 43 98 40 98 40 93
57 42 60 42 60 47 57 47 57 42
35 21 38 21 38 26 35 26 35 21
41 80 43 80 43 82 41 82 41 80
12 11 15 11 15 13 12 13 12 11
48 83 53 83 53 85 48 85 48 83
76 79 79 79 79 82 76 82 76 79
21 23 25 23 25 28 21 28 21 23
51 26 56 26 56 31 51 31 51 26
48 87 53 87 53 89 48 89 48 87
67 24 71 24 71 26 67 26 67 24
33 4 36 4 36 8 33 8 33 4
57 66 59 66 59 70 57 70 57 66
53 66 55 66 55 71 53 71 53 66
2 27 4 27 4 31 2 31 2 27
60 37 63 37 63 40 60 40 60 37
71 48 74 48 74 53 71 53 71 48
15 93 17 93 17 96 15 96 15 93
33 14 37 14 37 18 33 18 33 14
2 93 6 93 6 96 2 96 2 93
37 45 40 45 40 49 37 49 37 45
65 94 67 94 67 97 65 97 65 94
92 38 96 38 96 41 92 41 92 38
25 40 28 40 28 43 25 43 25 40
86 14 88 14 88 16 86 16 86 14
17 84 21 84 21 86 17 86 17 84
43 47 48 47 48 51 43 51 43 47
69 62 74 62 74 64 69 64 69 62
5 37 10 37 10 40 5 40 5 37
51 60 53 60 53 62 51 62 51 60
41 71 43 71 43 74 41 74 41 71
50 75 54 75 54 80 50 80 50 75
59 7 63 7 63 9 59 9 59 7
89 42 93 42 93 45 89 45 89 42
5 58 7 58 7 61 5 61 5 58
95 88 98 88 98 90 95 90 95 88
48 19 53 19 53 23 48 23 48 19
60 65 64 65 64 67 60 67 60 65
44 62 47 62 47 67 44 67 44 62
16 50 21 50 21 55 16 55 16 50
65 71 68 71 68 74 65 74 65 71
37 55 42 55 42 60 37 60 37 55
89 73 92 73 92 78 89 78 89 73
61 44 64 44 64 47 61 47 61 44
80 80 82 80 82 83 80 83 80 80
81 94 84 94 84 97 81 97 81 94
30 33 35 33 35 36 30 36 30 33
66 85 68 85 68 87 66 87 66 85
37 30 41 30 41 34 37 34 37 30
61 89 64 89 64 93 61 93 61 89
75 72 79 72 79 75 75 75 75 72
82 38 84 38 84 41 82 41 82 38
51 7 53 7 53 9 51 9 51 7
6 44 11 44 11 48 6 48 6 44
82 15 84 15 84 20 82 20 82 15
55 79 59 79 59 81 55 81 55 79
66 77 68 77 68 79 66 79 66 77
68 9 72 9 72 11 68 11 68 9
7 82 11 82 11 85 7 85 7 82
9 69 14 69 14 71 9 71 9 69
79 55 82 55 82 59 79 59 79 55
72 36 75 36 75 40 72 40 72 36
18 64 21 64 21 68 18 68 18 64
46 93 48 93 48 98 46 98 46 93
30 54 33 54 33 58 30 58 30 54
76 67 81 67 81 70 76 70 76 67
32 82 36 82 36 85 32 85 32 82
27 89 31 89 31 92 27 92 27 89
34 9 39 9 39 13 34 13 34 9
55 74 60 74 60 76 55 76 55 74
65 14 67 14 67 17 65 17 65 14
49 52 53 52 53 57 49 57 49 52
30 14 32 14 32 16 30 16 30 14
77 27 81 27 81 31 77 31 77 27
43 2 48 2 48 5 43 5 43 2
54 12 58 12 58 15 54 15 54 12
3 85 6 85 6 90 3 90 3 85
68 93 70 93 70 97 68 97 68 93
5 19 9 19 9 24 5 24 5 19
64 28 67 28 67 31 64 31 64 28
22 74 26 74 26 77 22 77 22 74
26 28 29 28 29 32 26 32 26 28
31 62 35 62 35 65 31 65 31 62
41 87 44 87 44 92 41 92 41 87
2 63 7 63 7 66 2 66 2 63
26 9 30 9 30 12 26 12 26 9
25 49 29 49 29 52 25 52 25 49
86 2 89 2 89 4 86 4 86 2
67 65 71 65 71 69 67 69 67 65
72 56 75 56 75 61 72 61 72 56
49 90 51 90 51 94 49 94 49 90
10 90 13 90 13 92 10 92 10 90
23 18 28 18 28 21 23 21 23 18
43 54 46 54 46 58 43 58 43 54
48 65 51 65 51 68 48 68 48 65
69 89 74 89 74 91 69 91 69 89
64 34 66 34 66 39 64 39 64 34
17 78 19 78 19 80 17 80 17 78
79 32 81 32 81 35 79 35 79 32
57 29 61 29 61 31 57 31 57 29
49 72 51 72 51 74 49 74 49 72
32 46 34 46 34 49 32 49 32 46
13 18 16 18 16 21 13 21 13 18
41 67 43 67 43 69 41 69 41 67
54 90 59 90 59 95 54 95 54 90
79 88 82 88 82 91 79 91 79 88
87 54 92 54 92 56 87 56 87 54
88 35 91 35 91 40 88 40 88 35
59 84 63 84 63 87 59 87 59 84
5 50 7 50 7 55 5 55 5 50
91 28 94 28 94 32 91 32 91 28
71 30 74 30 74 35 71 35 71 30
48 14 53 14 53 18 48 18 48 14
68 54 70 54 70 57 68 57 68 54
46 73 48 73 48 77 46 77 46 73
89 58 92 58 92 63 89 63 89 58
17 9 21 9 21 12 17 12 17 9
14 35 16 35 16 37 14 37 14 35
62 3 67 3 67 5 62 5 62 3
62 51 64 51 64 54 62 54 62 51
10 50 13 50 13 53 10 53 10 50
67 80 70 80 70 83 67 83 67 80
54 50 59 50 59 53 54 53 54 50
69 76 72 76 72 79 69 79 69 76
56 58 60 58 60 63 56 63 56 58
94 48 97 48 97 53 94 53 94 48
58 3 61 3 61 5 58 5 58 3
2 74 6 74 6 77 2 77 2 74
92 93 95 93 95 97 92 97 92 93
94 70 98 70 98 73 94 73 94 70
10 95 13 95 13 97 10 97 10 95
29 85 31 85 31 87 29 87 29 85
16 71 18 71 18 73 16 73 16 71
21 42 24 42 24 47 21 47 21 42
66 48 69 48 69 53 66 53 66 48
82 26 84 26 84 30 82 30 82 26
28 72 30 72 30 77 28 77 28 72
58 17 61 17 61 20 58 20 58 17
10 14 12 14 12 17 10 17 10 14
76 84 78 84 78 88 76 88 76 84
83 73 85 73 85 75 83 75 83 73
85 25 88 25 88 27 85 27 85 25
2 5 5 5 5 9 2 9 2 5
