56 77 60 77 60 79 56 79 56 77
52 18 57 18 57 21 52 21 52 18
36 64 41 64 41 68 36 68 36 64
64 62 68 62 68 64 64 64 64 62
89 74 94 74 94 77 89 77 89 74
17 36 21 36 21 39 17 39 17 36
65 35 69 35 69 38 65 38 65 35
58 18 60 18 60 20 58 20 58 18
42 37 47 37 47 40 42 40 42 37
62 81 66 81 66 84 62 84 62 81
56 51 60 51 60 54 56 54 56 51
7 59 11 59 11 61 7 61 7 59
78 19 82 19 82 24 78 24 78 19
42 68 47 68 47 70 42 70 42 68
55 37 57 37 57 41 55 41 55 37
52 6 55 6 55 9 52 9 52 6
78 75 83 75 83 80 78 80 78 75
35 12 37 12 37 16 35 16 35 12
32 32 37 32 37 37 32 37 32 32
66 23 68 23 68 25 66 25 66 23
61 88 66 88 66 91 61 91 61 88
89 8 92 8 92 12 89 12 89 8
15 6 20 6 20 11 15 11 15 6
89 32 91 32 91 35 89 35 89 32
64 17 68 17 68 22 64 22 64 17
28 56 33 56 33 60 28 60 28 56
80 85 83 85 83 87 80 87 80 85
74 54 78 54 78 56 74 56 74 54
62 78 67 78 67 80 62 80 62 78
84 89 88 89 88 93 84 93 84 89
66 52 70 52 70 57 66 57 66 52
84 12 87 12 87 17 84 17 84 12
29 74 33 74 33 76 29 76 29 74
31 85 33 85 33 89 31 89 31 85
71 68 74 68 74 72 71 72 71 68
23 75 28 75 28 77 23 77 23 75
6 35 10 35 10 37 6 37 6 35
81 34 83 34 83 39 81 39 81 34
20 40 25 40 25 42 20 42 20 40
8 77 11 77 11 80 8 80 8 77
52 49 54 49 54 51 52 51 52 49
16 48 18 48 18 51 16 51 16 48
35 74 38 74 38 79 35 79 35 74
33 50 35 50 35 53 33 53 33 50
32 80 35 80 35 84 32 84 32 80
28 19 32 19 32 23 28 23 28 19
26 63 30 63 30 66 26 66 26 63
15 13 17 13 17 15 15 15 15 13
13 55 18 55 18 57 13 57 13 55
39 42 43 42 43 44 39 44 39 42
93 56 96 56 96 60 93 60 93 56
36 47 40 47 40 51 36 51 36 47
66 28 70 28 70 31 66 31 66 28
58 29 63 29 63 32 58 32 58 29
89 54 91 54 91 56 89 56 89 54
9 26 12 26 12 31 9 31 9 26
69 13 73 13 73 15 69 15 69 13
29 6 31 6 31 9 29 9 29 6
75 68 78 68 78 73 75 73 75 68
30 25 34 25 34 27 30 27 30 25
95 93 97 93 97 97 95 97 95 93
89 24 92 24 92 28 89 28 89 24
32 2 36 2 36 5 32 5 32 2
39 28 43 28 43 33 39 33 39 28
66 46 68 46 68 49 66 49 66 46
74 15 76 15 76 19 74 19 74 15
82 68 84 68 84 70 82 70 82 68
67 71 70 71 70 75 67 75 67 71
3 43 6 43 6 46 3 46 3 43
81 7 84 7 84 10 81 10 81 7
38 6 43 6 43 10 38 10 38 6
71 61 74 61 74 64 71 64 71 61
75 25 78 25 78 30 75 30 75 25
4 18 9 18 9 21 4 21 4 18
78 91 81 91 81 94 78 94 78 91
53 86 57 86 57 91 53 91 53 86
92 46 97 46 97 50 92 50 92 46
84 83 88 83 88 85 84 85 84 83
15 65 19 65 19 67 15 67 15 65
14 59 19 59 19 62 14 62 14 59
74 82 79 82 79 85 74 85 74 82
80 25 84 25 84 28 80 28 80 25
26 29 29 29 29 34 26 34 26 29
85 44 89 44 89 46 85 46 85 44
40 81 43 81 43 83 40 83 40 81
5 64 10 64 10 69 5 69 5 64
58 68 61 68 61 72 58 72 58 68
77 12 79 12 79 16 77 16 77 12
48 47 50 47 50 52 48 52 48 47
15 92 17 92 17 96 15 96 15 92
41 22 43 22 43 24 41 24 41 22
17 20 21 20 21 22 17 22 17 20
81 52 83 52 83 56 81 56 81 52
6 51 11 51 11 55 6 55 6 51
36 26 38 26 38 30 36 30 36 26
70 37 74 37 74 41 70 41 70 37
52 64 57 64 57 66 52 66 52 64
91 63 94 63 94 65 91 65 91 63
52 27 54 27 54 31 52 31 52 27
45 41 47 41 47 45 45 45 45 41
27 41 29 41 29 45 27 45 27 41
26 3 28 3 28 6 26 6 26 3
11 21 15 21 15 25 11 25 11 21
57 22 60 22 60 24 57 24 57 22
11 81 14 81 14 83 11 83 11 81
9 7 13 7 13 11 9 11 9 7
22 17 27 17 27 21 22 21 22 17
11 69 16 69 16 72 11 72 11 69
86 29 88 29 88 31 86 31 86 29
46 78 51 78 51 83 46 83 46 78
18 69 21 69 21 73 18 73 18 69
24 85 28 85 28 89 24 89 24 85
93 87 97 87 97 90 93 90 93 87
13 74 16 74 16 79 13 79 13 74
40 96 42 96 42 98 40 98 40 96
22 91 26 91 26 95 22 95 22 91
65 4 70 4 70 9 65 9 65 4
58 57 60 57 60 59 58 59 58 57
61 6 64 6 64 8 61 8 61 6
50 33 54 33 54 37 50 37 50 33
54 96 58 96 58 98 54 98 54 96
83 95 88 95 88 98 83 98 83 95
47 71 49 71 49 74 47 74 47 71
44 30 47 30 47 33 44 33 44 30
50 55 52 55 52 60 50 60 50 55
84 63 86 63 86 66 84 66 84 63
30 14 32 14 32 17 30 17 30 14
23 59 25 59 25 63 23 63 23 59
72 7 76 7 76 11 72 11 72 7
70 94 74 94 74 98 70 98 70 94
91 3 95 3 95 5 91 5 91 3
74 50 78 50 78 53 74 53 74 50
31 63 35 63 35 68 31 68 31 63
45 12 49 12 49 14 45 14 45 12
75 2 78 2 78 6 75 6 75 2
23 49 28 49 28 53 23 53 23 49
30 10 34 10 34 13 30 13 30 10
93 66 97 66 97 71 93 71 93 66
2 32 4 32 4 34 2 34 2 32
19 24 22 24 22 26 19 26 19 24
48 41 50 41 50 45 48 45 48 41
18 92 21 92 21 95 18 95 18 92
53 60 57 60 57 62 53 62 53 60
12 88 16 88 16 91 12 91 12 88
85 57 90 57 90 61 85 61 85 57
7 56 11 56 11 58 7 58 7 56
78 61 80 61 80 66 78 66 78 61
85 71 88 71 88 74 85 74 85 71
46 57 48 57 48 60 46 60 46 57
88 79 91 79 91 81 88 81 88 79
21 10 24 10 24 15 21 15 21 10
54 80 57 80 57 85 54 85 54 80
77 45 82 45 82 49 77 49 77 45
81 4 83 4 83 6 81 6 81 4
10 44 15 44 15 47 10 47 10 44
4 80 6 80 6 82 4 82 4 80
90 37 95 37 95 42 90 42 90 37
58 82 61 82 61 84 58 84 58 82
3 36 5 36 5 38 3 38 3 36
74 86 78 86 78 89 74 89 74 86
93 78 95 78 95 83 93 83 93 78
4 93 7 93 7 95 4 95 4 93
73 76 75 76 75 80 73 80 73 76
74 31 76 31 76 34 74 34 74 31
65 14 68 14 68 16 65 16 65 14
32 95 36 95 36 98 32 98 32 95
18 29 22 29 22 32 18 32 18 29
43 64 47 64 47 67 43 67 43 64
47 16 50 16 50 18 47 18 47 16
46 84 48 84 48 88 46 88 46 84
62 53 65 53 65 58 62 58 62 53
57 12 62 12 62 16 57 16 57 12
83 40 88 40 88 42 83 42 83 40
6 11 8 11 8 14 6 14 6 11
80 29 85 29 85 32 80 32 80 29
93 29 97 29 97 34 93 34 93 29
42 55 45 55 45 58 42 58 42 55
27 24 29 24 29 27 27 27 27 24
11 14 14 14 14 17 11 17 11 14
19 88 21 88 21 91 19 91 19 88
18 2 21 2 21 5 18 5 18 2
87 47 89 47 89 49 87 49 87 47
2 55 5 55 5 59 2 59 2 55
58 61 62 61 62 64 58 64 58 61
24 70 28 70 28 74 24 74 24 70
46 4 50 4 50 9 46 9 46 4
12 37 15 37 15 41 12 41 12 37
56 2 60 2 60 7 56 7 56 2
61 47 63 47 63 50 61 50 61 47
58 39 60 39 60 43 58 43 58 39
7 87 9 87 9 90 7 90 7 87
70 84 73 84 73 86 70 86 70 84
85 50 87 50 87 55 85 55 85 50
20 77 22 77 22 79 20 79 20 77
96 3 98 3 98 6 96 6 96 3
4 84 6 84 6 88 4 88 4 84
49 26 51 26 51 28 49 28 49 26
63 71 66 71 66 74 63 74 63 71
86 21 90 21 90 23 86 23 86 21
34 89 37 89 37 93 34 93 34 89
