77 51 80 51 80 55 77 55 77 51
70 29 74 29 74 31 70 31 70 29
72 21 75 21 75 24 72 24 72 21
49 88 52 88 52 93 49 93 49 88
46 83 51 83 51 85 46 85 46 83
83 39 87 39 87 41 83 41 83 39
39 29 41 29 41 31 39 31 39 29
81 83 85 83 85 87 81 87 81 83
13 63 18 63 18 65 13 65 13 63
60 20 63 20 63 23 60 23 60 20
41 65 46 65 46 70 41 70 41 65
53 64 58 64 58 66 53 66 53 64
48 36 51 36 51 41 48 41 48 36
75 10 77 10 77 12 75 12 75 10
40 18 42 18 42 21 40 21 40 18
56 95 58 95 58 97 56 97 56 95
16 40 20 40 20 44 16 44 16 40
5 33 9 33 9 36 5 36 5 33
5 47 10 47 10 52 5 52 5 47
58 84 63 84 63 89 58 89 58 84
3 28 5 28 5 30 3 30 3 28
21 95 26 95 26 97 21 97 21 95
91 25 93 25 93 30 91 30 91 25
66 46 70 46 70 50 66 50 66 46
79 15 84 15 84 18 79 18 79 15
85 90 90 90 90 92 85 92 85 90
38 3 43 3 43 7 38 7 38 3
88 68 93 68 93 73 88 73 88 68
13 17 15 17 15 22 13 22 13 17
42 92 44 92 44 94 42 94 42 92
38 79 40 79 40 84 38 84 38 79
3 20 6 20 6 24 3 24 3 20
24 43 26 43 26 46 24 46 24 43
12 35 14 35 14 37 12 37 12 35
52 2 56 2 56 5 52 5 52 2
19 24 23 24 23 28 19 28 19 24
17 84 21 84 21 88 17 88 17 84
64 52 68 52 68 56 64 56 64 52
64 70 68 70 68 73 64 73 64 70
91 10 93 10 93 12 91 12 91 10
54 48 58 48 58 51 54 51 54 48
27 73 30 73 30 75 27 75 27 73
57 91 59 91 59 93 57 93 57 91
43 75 45 75 45 80 43 80 43 75
46 20 49 20 49 25 46 25 46 20
31 86 36 86 36 90 31 90 31 86
30 57 34 57 34 59 30 59 30 57
30 35 35 35 35 37 30 37 30 35
27 4 31 4 31 6 27 6 27 4
80 90 83 90 83 95 80 95 80 90
10 56 13 56 13 60 10 60 10 56
2 80 4 80 4 85 2 85 2 80
26 10 29 10 29 12 26 12 26 10
66 76 68 76 68 81 66 81 66 76
88 83 93 83 93 85 88 85 88 83
34 11 37 11 37 16 34 16 34 11
33 39 38 39 38 41 33 41 33 39
15 92 17 92 17 94 15 94 15 92
79 27 81 27 81 32 79 32 79 27
29 22 32 22 32 26 29 26 29 22
56 43 61 43 61 47 56 47 56 43
74 58 76 58 76 63 74 63 74 58
59 60 64 60 64 62 59 62 59 60
83 65 86 65 86 67 83 67 83 65
8 76 12 76 12 79 8 79 8 76
28 62 30 62 30 66 28 66 28 62
21 44 23 44 23 46 21 46 21 44
34 17 36 17 36 20 34 20 34 17
34 42 36 42 36 45 34 45 34 42
7 54 9 54 9 58 7 58 7 54
49 46 53 46 53 50 49 50 49 46
88 23 90 23 90 26 88 26 88 23
15 4 18 4 18 6 15 6 15 4
47 55 51 55 51 59 47 59 47 55
9 23 12 23 12 27 9 27 9 23
94 10 96 10 96 15 94 15 94 10
70 25 75 25 75 27 70 27 70 25
75 37 77 37 77 40 75 40 75 37
82 42 87 42 87 47 82 47 82 42
57 53 60 53 60 57 57 57 57 53
79 78 82 78 82 80 79 80 79 78
67 27 69 27 69 32 67 32 67 27
45 12 47 12 47 15 45 15 45 12
50 77 52 77 52 79 50 79 50 77
30 77 32 77 32 80 30 80 30 77
17 11 20 11 20 15 17 15 17 11
81 56 86 56 86 58 81 58 81 56
67 83 71 83 71 86 67 86 67 83
91 5 94 5 94 7 91 7 91 5
2 70 5 70 5 74 2 74 2 70
71 93 75 93 75 98 71 98 71 93
95 63 98 63 98 65 95 65 95 63
5 65 10 65 10 69 5 69 5 65
37 47 40 47 40 52 37 52 37 47
53 68 55 68 55 71 53 71 53 68
17 57 22 57 22 59 17 59 17 57
90 62 93 62 93 65 90 65 90 62
9 41 12 41 12 45 9 45 9 41
60 27 64 27 64 32 60 32 60 27
68 57 72 57 72 62 68 62 68 57
90 34 94 34 94 36 90 36 90 34
45 2 47 2 47 7 45 7 45 2
20 29 22 29 22 32 20 32 20 29
43 50 45 50 45 52 43 52 43 50
18 51 20 51 20 54 18 54 18 51
71 90 73 90 73 92 71 92 71 90
24 84 27 84 27 88 24 88 24 84
24 39 26 39 26 41 24 41 24 39
78 41 80 41 80 45 78 45 78 41
89 96 91 96 91 98 89 98 89 96
80 67 82 67 82 71 80 71 80 67
50 10 55 10 55 13 50 13 50 10
95 88 97 88 97 92 95 92 95 88
28 83 30 83 30 86 28 86 28 83
72 47 76 47 76 51 72 51 72 47
51 51 53 51 53 53 51 53 51 51
61 63 63 63 63 68 61 68 61 63
51 33 54 33 54 35 51 35 51 33
64 88 69 88 69 90 64 90 64 88
71 13 73 13 73 18 71 18 71 13
64 23 67 23 67 26 64 26 64 23
87 8 90 8 90 11 87 11 87 8
46 74 48 74 48 78 46 78 46 74
29 67 31 67 31 69 29 69 29 67
80 60 83 60 83 63 80 63 80 60
95 41 97 41 97 44 95 44 95 41
74 66 78 66 78 71 74 71 74 66
89 57 92 57 92 61 89 61 89 57
48 42 50 42 50 44 48 44 48 42
8 85 10 85 10 90 8 90 8 85
29 46 32 46 32 50 29 50 29 46
80 37 82 37 82 40 80 40 80 37
73 5 76 5 76 8 73 8 73 5
60 71 63 71 63 75 60 75 60 71
39 12 41 12 41 17 39 17 39 12
43 42 45 42 45 46 43 46 43 42
51 16 53 16 53 20 51 20 51 16
67 13 69 13 69 15 67 15 67 13
9 7 13 7 13 9 9 9 9 7
13 67 16 67 16 70 13 70 13 67
71 64 73 64 73 66 71 66 71 64
16 72 19 72 19 75 16 75 16 72
70 73 72 73 72 78 70 78 70 73
94 45 96 45 96 47 94 47 94 45
16 34 18 34 18 38 16 38 16 34
84 28 86 28 86 33 84 33 84 28
67 5 69 5 69 7 67 7 67 5
95 4 97 4 97 6 95 6 95 4
11 48 15 48 15 52 11 52 11 48
34 61 39 61 39 64 34 64 34 61
63 7 65 7 65 9 63 9 63 7
4 15 6 15 6 19 4 19 4 15
22 5 26 5 26 7 22 7 22 5
9 61 12 61 12 64 9 64 9 61
74 18 78 18 78 20 74 20 74 18
40 87 44 87 44 90 40 90 40 87
25 56 29 56 29 61 25 61 25 56
58 11 61 11 61 15 58 15 58 11
20 91 23 91 23 93 20 93 20 91
52 38 54 38 54 42 52 42 52 38
37 43 40 43 40 45 37 45 37 43
24 69 26 69 26 73 24 73 24 69
39 35 42 35 42 40 39 40 39 35
58 4 61 4 61 7 58 7 58 4
21 68 23 68 23 73 21 73 21 68
90 37 94 37 94 40 90 40 90 37
64 40 66 40 66 43 64 43 64 40
54 19 57 19 57 21 54 21 54 19
62 91 66 91 66 93 62 93 62 91
70 87 75 87 75 89 70 89 70 87
87 13 91 13 91 15 87 15 87 13
30 7 34 7 34 10 30 10 30 7
27 51 29 51 29 54 27 54 27 51
59 33 61 33 61 38 59 38 59 33
29 95 31 95 31 98 29 98 29 95
42 30 47 30 47 32 42 32 42 30
47 61 52 61 52 66 47 66 47 61
65 33 68 33 68 36 65 36 65 33
83 72 86 72 86 74 83 74 83 72
42 22 45 22 45 24 42 24 42 22
11 94 13 94 13 96 11 96 11 94
29 91 34 91 34 93 29 93 29 91
20 47 22 47 22 50 20 50 20 47
55 23 59 23 59 25 55 25 55 23
73 52 76 52 76 56 73 56 73 52
57 77 61 77 61 79 57 79 57 77
54 15 56 15 56 17 54 17 54 15
45 39 47 39 47 41 45 41 45 39
89 41 92 41 92 45 89 45 89 41
51 94 55 94 55 96 51 96 51 94
53 88 57 88 57 90 53 90 53 88
59 80 64 80 64 83 59 83 59 80
87 18 90 18 90 21 87 21 87 18
75 73 80 73 80 75 75 75 75 73
27 78 29 78 29 82 27 82 27 78
21 65 25 65 25 67 21 67 21 65
46 93 48 93 48 97 46 97 46 93
80 6 82 6 82 9 80 9 80 6
69 37 74 37 74 41 69 41 69 37
24 16 29 16 29 20 24 20 24 16
