2 51 4 51 4 56 2 56 2 51
61 32 64 32 64 36 61 36 61 32
54 61 56 61 56 63 54 63 54 61
36 54 38 54 38 56 36 56 36 54
6 16 9 16 9 21 6 21 6 16
37 66 42 66 42 71 37 71 37 66
16 36 20 36 20 41 16 41 16 36
9 5 11 5 11 9 9 9 9 5
57 51 59 51 59 53 57 53 57 51
83 82 86 82 86 86 83 86 83 82
43 74 48 74 48 78 43 78 43 74
29 74 32 74 32 79 29 79 29 74
90 66 93 66 93 71 90 71 90 66
91 12 93 12 93 14 91 14 91 12
18 82 23 82 23 84 18 84 18 82
34 31 36 31 36 36 34 36 34 31
13 57 17 57 17 61 13 61 13 57
32 12 36 12 36 15 32 15 32 12
86 17 91 17 91 22 86 22 86 17
84 78 86 78 86 80 84 80 84 78
46 86 50 86 50 89 46 89 46 86
69 39 71 39 71 42 69 42 69 39
71 33 76 33 76 35 71 35 71 33
91 79 93 79 93 82 91 82 91 79
63 61 68 61 68 63 63 63 63 61
95 70 98 70 98 72 95 72 95 70
57 48 60 48 60 50 57 50 57 48
88 45 92 45 92 48 88 48 88 45
78 52 82 52 82 55 78 55 78 52
32 88 34 88 34 93 32 93 32 88
68 80 72 80 72 82 68 82 68 80
18 52 20 52 20 55 18 55 18 52
23 48 28 48 28 52 23 52 23 48
5 37 10 37 10 40 5 40 5 37
90 90 92 90 92 94 90 94 90 90
30 47 35 47 35 49 30 49 30 47
5 64 7 64 7 66 5 66 5 64
53 27 57 27 57 32 53 32 53 27
64 25 68 25 68 28 64 28 64 25
49 23 54 23 54 26 49 26 49 23
71 54 76 54 76 58 71 58 71 54
49 38 52 38 52 43 49 43 49 38
25 23 30 23 30 26 25 26 25 23
88 23 91 23 91 27 88 27 88 23
53 92 57 92 57 97 53 97 53 92
91 95 94 95 94 97 91 97 91 95
86 32 88 32 88 36 86 36 86 32
70 26 72 26 72 28 70 28 70 26
25 29 30 29 30 32 25 32 25 29
21 30 23 30 23 34 21 34 21 30
25 62 29 62 29 66 25 66 25 62
50 44 53 44 53 46 50 46 50 44
76 75 79 75 79 78 76 78 76 75
70 50 74 50 74 53 70 53 70 50
30 41 34 41 34 46 30 46 30 41
70 22 75 22 75 25 70 25 70 22
52 86 57 86 57 88 52 88 52 86
49 61 51 61 51 64 49 64 49 61
36 85 38 85 38 87 36 87 36 85
36 48 39 48 39 52 36 52 36 48
12 73 16 73 16 78 12 78 12 73
60 4 62 4 62 7 60 7 60 4
41 47 46 47 46 51 41 51 41 47
32 66 36 66 36 71 32 71 32 66
15 48 19 48 19 50 15 50 15 48
41 7 45 7 45 11 41 11 41 7
64 77 67 77 67 81 64 81 64 77
81 16 84 16 84 19 81 19 81 16
5 73 7 73 7 77 5 77 5 73
64 46 67 46 67 48 64 48 64 46
23 85 25 85 25 89 23 89 23 85
52 47 54 47 54 50 52 50 52 47
30 60 35 60 35 64 30 64 30 60
50 78 54 78 54 81 50 81 50 78
67 89 69 89 69 92 67 92 67 89
60 85 62 85 62 88 60 88 60 85
77 85 79 85 79 88 77 88 77 85
85 6 87 6 87 10 85 10 85 6
89 60 91 60 91 62 89 62 89 60
95 73 97 73 97 77 95 77 95 73
10 18 15 18 15 22 10 22 10 18
19 61 21 61 21 65 19 65 19 61
5 78 9 78 9 83 5 83 5 78
32 81 34 81 34 84 32 84 32 81
53 73 57 73 57 77 53 77 53 73
36 7 40 7 40 11 36 11 36 7
73 90 78 90 78 95 73 95 73 90
24 9 28 9 28 12 24 12 24 9
8 42 13 42 13 45 8 45 8 42
92 39 95 39 95 43 92 43 92 39
46 32 48 32 48 37 46 37 46 32
17 2 20 2 20 5 17 5 17 2
17 86 21 86 21 90 17 90 17 86
56 20 59 20 59 22 56 22 56 20
12 68 16 68 16 71 12 71 12 68
34 37 38 37 38 39 34 39 34 37
23 69 26 69 26 71 23 71 23 69
17 95 19 95 19 97 17 97 17 95
52 65 56 65 56 67 52 67 52 65
85 42 87 42 87 44 85 44 85 42
62 68 67 68 67 73 62 73 62 68
96 48 98 48 98 52 96 52 96 48
80 39 83 39 83 44 80 44 80 39
61 53 65 53 65 57 61 57 61 53
78 56 83 56 83 61 78 61 78 56
11 81 13 81 13 83 11 83 11 81
93 18 98 18 98 22 93 22 93 18
38 2 40 2 40 5 38 5 38 2
55 14 58 14 58 18 55 18 55 14
51 52 55 52 55 57 51 57 51 52
29 3 31 3 31 5 29 5 29 3
70 73 75 73 75 76 70 76 70 73
87 51 90 51 90 53 87 53 87 51
37 19 41 19 41 24 37 24 37 19
22 90 27 90 27 94 22 94 22 90
30 95 35 95 35 98 30 98 30 95
64 37 68 37 68 40 64 40 64 37
23 3 25 3 25 7 23 7 23 3
19 69 21 69 21 71 19 71 19 69
65 7 68 7 68 10 65 10 65 7
24 74 27 74 27 79 24 79 24 74
43 16 47 16 47 20 43 20 43 16
43 64 47 64 47 66 43 66 43 64
78 22 80 22 80 24 78 24 78 22
22 38 26 38 26 42 22 42 22 38
2 88 5 88 5 92 2 92 2 88
93 58 95 58 95 60 93 60 93 58
76 4 78 4 78 6 76 6 76 4
39 76 42 76 42 81 39 81 39 76
88 3 91 3 91 5 88 5 88 3
79 93 81 93 81 97 79 97 79 93
24 19 27 19 27 21 24 21 24 19
91 52 93 52 93 56 91 56 91 52
21 20 23 20 23 22 21 22 21 20
69 16 73 16 73 21 69 21 69 16
40 36 44 36 44 39 40 39 40 36
40 14 42 14 42 16 40 16 40 14
30 55 34 55 34 57 30 57 30 55
95 80 98 80 98 82 95 82 95 80
23 57 26 57 26 60 23 60 23 57
44 93 49 93 49 97 44 97 44 93
18 91 21 91 21 94 18 94 18 91
75 69 78 69 78 71 75 71 75 69
77 35 79 35 79 39 77 39 77 35
91 85 94 85 94 87 91 87 91 85
39 82 41 82 41 87 39 87 39 82
52 7 56 7 56 10 52 10 52 7
2 33 6 33 6 35 2 35 2 33
61 19 65 19 65 24 61 24 61 19
23 95 25 95 25 97 23 97 23 95
12 39 14 39 14 41 12 41 12 39
57 4 59 4 59 7 57 7 57 4
45 68 50 68 50 72 45 72 45 68
44 54 47 54 47 59 44 59 44 54
76 14 79 14 79 19 76 19 76 14
82 93 85 93 85 98 82 98 82 93
86 37 88 37 88 39 86 39 86 37
18 22 20 22 20 27 18 27 18 22
2 6 4 6 4 8 2 8 2 6
31 19 35 19 35 22 31 22 31 19
89 36 91 36 91 39 89 39 89 36
86 88 89 88 89 93 86 93 86 88
85 69 89 69 89 73 85 73 85 69
77 64 80 64 80 66 77 66 77 64
80 89 84 89 84 92 80 92 80 89
6 93 11 93 11 96 6 96 6 93
26 82 30 82 30 86 26 86 26 82
15 54 17 54 17 56 15 56 15 54
43 82 46 82 46 85 43 85 43 82
69 7 71 7 71 11 69 11 69 7
93 33 95 33 95 36 93 36 93 33
65 16 68 16 68 18 65 18 65 16
77 8 79 8 79 11 77 11 77 8
32 23 35 23 35 26 32 26 32 23
51 14 53 14 53 18 51 18 51 14
95 28 97 28 97 32 95 32 95 28
4 67 7 67 7 70 4 70 4 67
91 9 94 9 94 11 91 11 91 9
18 78 20 78 20 80 18 80 18 78
28 16 30 16 30 21 28 21 28 16
83 62 85 62 85 67 83 67 83 62
14 7 16 7 16 9 14 9 14 7
72 41 74 41 74 45 72 45 72 41
5 47 8 47 8 52 5 52 5 47
50 92 52 92 52 94 50 94 50 92
93 2 98 2 98 7 93 7 93 2
8 84 11 84 11 86 8 86 8 84
96 86 98 86 98 89 96 89 96 86
20 56 22 56 22 59 20 59 20 56
55 23 59 23 59 26 55 26 55 23
38 30 43 30 43 32 38 32 38 30
53 69 56 69 56 72 53 72 53 69
57 70 59 70 59 72 57 72 57 70
82 72 84 72 84 75 82 75 82 72
57 44 60 44 60 47 57 47 57 44
61 13 64 13 64 18 61 18 61 13
9 31 13 31 13 36 9 36 9 31
93 61 97 61 97 63 93 63 93 61
3 22 6 22 6 25 3 25 3 22
34 74 38 74 38 79 34 79 34 74
