14 3 16 3 16 6 14 6 14 3
18 57 20 57 20 59 18 59 18 57
19 15 23 15 23 17 19 17 19 15
23 7 28 7 28 12 23 12 23 7
59 27 63 27 63 29 59 29 59 27
4 66 6 66 6 69 4 69 4 66
23 45 25 45 25 48 23 48 23 45
70 86 75 86 75 88 70 88 70 86
3 28 6 28 6 32 3 32 3 28
36 56 41 56 41 58 36 58 36 56
84 35 89 35 89 39 84 39 84 35
37 92 40 92 40 95 37 95 37 92
59 70 64 70 64 74 59 74 59 70
84 26 89 26 89 31 84 31 84 26
61 21 65 21 65 26 61 26 61 21
50 42 55 42 55 47 50 47 50 42
41 34 46 34 46 39 41 39 41 34
81 85 86 85 86 89 81 89 81 85
83 75 87 75 87 80 83 80 83 75
80 20 85 20 85 22 80 22 80 20
26 2 30 2 30 6 26 6 26 2
36 47 40 47 40 50 36 50 36 47
53 21 56 21 56 24 53 24 53 21
82 60 86 60 86 64 82 64 82 60
9 16 12 16 12 20 9 20 9 16
18 23 22 23 22 25 18 25 18 23
71 51 74 51 74 53 71 53 71 51
19 70 23 70 23 74 19 74 19 70
92 6 97 6 97 8 92 8 92 6
28 15 30 15 30 20 28 20 28 15
75 47 79 47 79 51 75 51 75 47
35 71 38 71 38 75 35 75 35 71
88 12 90 12 90 17 88 17 88 12
35 85 37 85 37 89 35 89 35 85
52 4 55 4 55 7 52 7 52 4
11 38 14 38 14 41 11 41 11 38
66 24 68 24 68 26 66 26 66 24
67 29 69 29 69 34 67 34 67 29
15 53 19 53 19 55 15 55 15 53
51 36 55 36 55 39 51 39 51 36
74 66 77 66 77 68 74 68 74 66
86 51 90 51 90 55 86 55 86 51
75 58 79 58 79 62 75 62 75 58
40 8 45 8 45 10 40 10 40 8
45 55 47 55 47 59 45 59 45 55
22 55 24 55 24 58 22 58 22 55
7 4 12 4 12 8 7 8 7 4
62 16 67 16 67 20 62 20 62 16
69 22 74 22 74 27 69 27 69 22
78 25 83 25 83 30 78 30 78 25
29 61 34 61 34 65 29 65 29 61
31 27 36 27 36 31 31 31 31 27
69 55 71 55 71 58 69 58 69 55
58 32 62 32 62 37 58 37 58 32
74 5 78 5 78 7 74 7 74 5
30 7 34 7 34 10 30 10 30 7
68 6 71 6 71 10 68 10 68 6
28 21 32 21 32 24 28 24 28 21
52 90 54 90 54 92 52 92 52 90
60 10 63 10 63 15 60 15 60 10
15 91 18 91 18 96 15 96 15 91
55 70 57 70 57 73 55 73 55 70
81 2 84 2 84 6 81 6 81 2
92 81 95 81 95 86 92 86 92 81
53 82 57 82 57 87 53 87 53 82
39 69 42 69 42 74 39 74 39 69
81 48 84 48 84 50 81 50 81 48
23 49 28 49 28 54 23 54 23 49
69 79 73 79 73 84 69 84 69 79
13 12 16 12 16 16 13 16 13 12
16 33 20 33 20 36 16 36 16 33
29 88 34 88 34 93 29 93 29 88
60 61 64 61 64 65 60 65 60 61
12 77 16 77 16 80 12 80 12 77
92 20 94 20 94 23 92 23 92 20
45 24 49 24 49 28 45 28 45 24
2 6 4 6 4 9 2 9 2 6
67 74 71 74 71 76 67 76 67 74
89 68 93 68 93 71 89 71 89 68
95 37 98 37 98 40 95 40 95 37
62 2 66 2 66 7 62 7 62 2
9 23 13 23 13 27 9 27 9 23
30 79 33 79 33 82 30 82 30 79
87 44 89 44 89 47 87 47 87 44
14 47 16 47 16 50 14 50 14 47
36 96 41 96 41 98 36 98 36 96
4 2 6 2 6 5 4 5 4 2
50 62 53 62 53 65 50 65 50 62
70 44 72 44 72 47 70 47 70 44
40 43 42 43 42 45 40 45 40 43
94 61 97 61 97 64 94 64 94 61
21 2 24 2 24 6 21 6 21 2
5 83 9 83 9 86 5 86 5 83
46 88 51 88 51 93 46 93 46 88
46 73 50 73 50 75 46 75 46 73
57 45 59 45 59 47 57 47 57 45
48 82 50 82 50 86 48 86 48 82
56 75 58 75 58 77 56 77 56 75
21 31 25 31 25 33 21 33 21 31
31 18 36 18 36 20 31 20 31 18
19 39 24 39 24 41 19 41 19 39
92 36 94 36 94 39 92 39 92 36
35 33 39 33 39 35 35 35 35 33
72 14 77 14 77 17 72 17 72 14
23 91 25 91 25 96 23 96 23 91
79 72 82 72 82 77 79 77 79 72
95 14 98 14 98 17 95 17 95 14
29 43 33 43 33 48 29 48 29 43
11 42 14 42 14 46 11 46 11 42
77 38 81 38 81 40 77 40 77 38
53 51 58 51 58 56 53 56 53 51
77 79 79 79 79 82 77 82 77 79
92 12 94 12 94 17 92 17 92 12
60 94 63 94 63 98 60 98 60 94
3 36 8 36 8 41 3 41 3 36
36 59 41 59 41 62 36 62 36 59
54 95 59 95 59 98 54 98 54 95
96 31 98 31 98 36 96 36 96 31
62 51 64 51 64 54 62 54 62 51
28 70 33 70 33 72 28 72 28 70
41 27 43 27 43 32 41 32 41 27
46 2 50 2 50 5 46 5 46 2
77 90 79 90 79 94 77 94 77 90
16 86 21 86 21 88 16 88 16 86
14 27 16 27 16 30 14 30 14 27
50 29 52 29 52 32 50 32 50 29
43 42 48 42 48 44 43 44 43 42
95 26 97 26 97 30 95 30 95 26
30 50 34 50 34 52 30 52 30 50
50 15 55 15 55 20 50 20 50 15
3 21 6 21 6 23 3 23 3 21
67 35 70 35 70 39 67 39 67 35
66 63 70 63 70 67 66 67 66 63
24 63 27 63 27 65 24 65 24 63
33 15 35 15 35 17 33 17 33 15
40 16 42 16 42 18 40 18 40 16
65 94 69 94 69 98 65 98 65 94
45 48 47 48 47 53 45 53 45 48
61 38 63 38 63 40 61 40 61 38
89 94 93 94 93 97 89 97 89 94
7 90 11 90 11 92 7 92 7 90
87 86 89 86 89 90 87 90 87 86
4 57 6 57 6 60 4 60 4 57
71 95 75 95 75 98 71 98 71 95
24 78 27 78 27 83 24 83 24 78
85 66 87 66 87 68 85 68 85 66
79 10 82 10 82 12 79 12 79 10
7 47 9 47 9 51 7 51 7 47
88 72 93 72 93 74 88 74 88 72
20 83 22 83 22 85 20 85 20 83
60 42 65 42 65 46 60 46 60 42
45 66 47 66 47 69 45 69 45 66
40 77 45 77 45 82 40 82 40 77
57 2 61 2 61 6 57 6 57 2
49 77 52 77 52 80 49 80 49 77
4 70 6 70 6 75 4 75 4 70
53 31 57 31 57 34 53 34 53 31
10 57 15 57 15 62 10 62 10 57
8 65 13 65 13 69 8 69 8 65
92 53 97 53 97 58 92 58 92 53
31 36 34 36 34 39 31 39 31 36
47 38 49 38 49 41 47 41 47 38
60 83 65 83 65 86 60 86 60 83
58 87 60 87 60 92 58 92 58 87
25 37 29 37 29 41 25 41 25 37
54 66 59 66 59 68 54 68 54 66
76 85 78 85 78 87 76 87 76 85
7 93 9 93 9 98 7 98 7 93
41 5 43 5 43 7 41 7 41 5
11 30 13 30 13 34 11 34 11 30
16 81 18 81 18 84 16 84 16 81
56 7 59 7 59 11 56 11 56 7
78 33 80 33 80 36 78 36 78 33
82 40 86 40 86 43 82 43 82 40
3 42 8 42 8 44 3 44 3 42
89 65 94 65 94 67 89 67 89 65
71 69 75 69 75 72 71 72 71 69
15 19 18 19 18 21 15 21 15 19
71 59 73 59 73 61 71 61 71 59
83 13 87 13 87 15 83 15 83 13
81 66 83 66 83 71 81 71 81 66
32 2 34 2 34 6 32 6 32 2
85 7 89 7 89 11 85 11 85 7
39 20 42 20 42 23 39 23 39 20
68 16 70 16 70 20 68 20 68 16
11 81 15 81 15 86 11 86 11 81
40 13 42 13 42 15 40 15 40 13
48 49 50 49 50 53 48 53 48 49
71 30 74 30 74 33 71 33 71 30
18 12 21 12 21 14 18 14 18 12
5 77 7 77 7 81 5 81 5 77
19 60 23 60 23 64 19 64 19 60
36 78 38 78 38 80 36 80 36 78
96 67 98 67 98 72 96 72 96 67
45 45 48 45 48 47 45 47 45 45
66 85 69 85 69 87 66 87 66 85
27 25 29 25 29 29 27 29 27 25
83 90 86 90 86 95 83 95 83 90
89 75 91 75 91 78 89 78 89 75
86 19 90 19 90 24 86 24 86 19
