27 29 29 29 29 34 27 34 27 29
47 79 50 79 50 83 47 83 47 79
52 45 56 45 56 50 52 50 52 45
70 57 73 57 73 62 70 62 70 57
79 28 82 28 82 30 79 30 79 28
79 68 84 68 84 72 79 72 79 68
74 19 79 19 79 23 74 23 74 19
14 33 18 33 18 36 14 36 14 33
46 70 48 70 48 72 46 72 46 70
28 6 30 6 30 10 28 10 28 6
35 68 37 68 37 71 35 71 35 68
20 72 22 72 22 74 20 74 20 72
57 63 61 63 61 66 57 66 57 63
76 28 78 28 78 33 76 33 76 28
65 77 67 77 67 81 65 81 65 77
78 59 83 59 83 61 78 61 78 59
31 24 36 24 36 26 31 26 31 24
87 62 92 62 92 66 87 66 87 62
24 71 26 71 26 74 24 74 24 71
73 84 76 84 76 86 73 86 73 84
62 51 65 51 65 54 62 54 62 51
11 56 14 56 14 59 11 59 11 56
19 94 23 94 23 98 19 98 19 94
90 48 92 48 92 52 90 52 90 48
20 7 25 7 25 10 20 10 20 7
83 88 87 88 87 92 83 92 83 88
5 39 7 39 7 44 5 44 5 39
72 93 77 93 77 96 72 96 72 93
46 19 50 19 50 24 46 24 46 19
4 2 6 2 6 7 4 7 4 2
17 43 22 43 22 48 17 48 17 43
37 21 40 21 40 26 37 26 37 21
18 29 22 29 22 31 18 31 18 29
28 84 31 84 31 89 28 89 28 84
89 53 92 53 92 56 89 56 89 53
18 65 20 65 20 67 18 67 18 65
21 56 24 56 24 58 21 58 21 56
86 7 89 7 89 9 86 9 86 7
84 74 88 74 88 79 84 79 84 74
71 15 73 15 73 18 71 18 71 15
16 13 19 13 19 18 16 18 16 13
38 15 40 15 40 17 38 17 38 15
90 10 94 10 94 15 90 15 90 10
26 13 29 13 29 17 26 17 26 13
26 61 31 61 31 66 26 66 26 61
54 58 58 58 58 62 54 62 54 58
42 43 46 43 46 47 42 47 42 43
76 12 80 12 80 17 76 17 76 12
23 52 27 52 27 55 23 55 23 52
62 73 64 73 64 78 62 78 62 73
32 41 37 41 37 45 32 45 32 41
85 29 88 29 88 32 85 32 85 29
26 44 29 44 29 49 26 49 26 44
5 69 10 69 10 74 5 74 5 69
81 74 83 74 83 77 81 77 81 74
27 76 32 76 32 80 27 80 27 76
77 47 80 47 80 52 77 52 77 47
21 76 25 76 25 80 21 80 21 76
57 68 62 68 62 71 57 71 57 68
13 9 15 9 15 12 13 12 13 9
79 24 83 24 83 26 79 26 79 24
26 20 28 20 28 22 26 22 26 20
68 8 73 8 73 11 68 11 68 8
25 56 29 56 29 59 25 59 25 56
11 80 15 80 15 84 11 84 11 80
4 83 7 83 7 85 4 85 4 83
39 63 41 63 41 68 39 68 39 63
3 75 5 75 5 78 3 78 3 75
56 79 59 79 59 84 56 84 56 79
10 23 13 23 13 25 10 25 10 23
67 19 70 19 70 22 67 22 67 19
41 37 45 37 45 41 41 41 41 37
62 55 64 55 64 59 62 59 62 55
53 32 56 32 56 36 53 36 53 32
93 24 95 24 95 29 93 29 93 24
19 86 23 86 23 91 19 91 19 86
37 6 42 6 42 8 37 8 37 6
50 27 52 27 52 29 50 29 50 27
12 42 15 42 15 45 12 45 12 42
67 56 69 56 69 58 67 58 67 56
55 53 57 53 57 57 55 57 55 53
82 81 85 81 85 83 82 83 82 81
11 17 13 17 13 22 11 22 11 17
59 55 61 55 61 57 59 57 59 55
77 89 80 89 80 92 77 92 77 89
42 84 45 84 45 87 42 87 42 84
66 42 71 42 71 46 66 46 66 42
60 42 62 42 62 47 60 47 60 42
4 8 9 8 9 10 4 10 4 8
33 54 38 54 38 58 33 58 33 54
20 12 22 12 22 15 20 15 20 12
41 26 43 26 43 31 41 31 41 26
2 79 6 79 6 81 2 81 2 79
47 10 51 10 51 12 47 12 47 10
63 82 68 82 68 87 63 87 63 82
87 59 89 59 89 61 87 61 87 59
39 56 43 56 43 60 39 60 39 56
42 50 45 50 45 53 42 53 42 50
34 10 37 10 37 14 34 14 34 10
73 88 76 88 76 92 73 92 73 88
60 34 64 34 64 37 60 37 60 34
93 77 96 77 96 81 93 81 93 77
8 60 13 60 13 63 8 63 8 60
45 63 47 63 47 68 45 68 45 63
74 34 78 34 78 36 74 36 74 34
32 17 35 17 35 21 32 21 32 17
78 96 82 96 82 98 78 98 78 96
53 9 58 9 58 11 53 11 53 9
15 68 19 68 19 73 15 73 15 68
42 19 44 19 44 21 42 21 42 19
53 38 58 38 58 42 53 42 53 38
56 28 59 28 59 31 56 31 56 28
57 93 60 93 60 98 57 98 57 93
12 2 16 2 16 4 12 4 12 2
35 49 37 49 37 52 35 52 35 49
33 3 38 3 38 5 33 5 33 3
71 66 76 66 76 70 71 70 71 66
68 75 73 75 73 78 68 78 68 75
74 37 77 37 77 41 74 41 74 37
3 29 7 29 7 32 3 32 3 29
3 54 5 54 5 58 3 58 3 54
93 42 97 42 97 47 93 47 93 42
38 30 40 30 40 34 38 34 38 30
95 18 97 18 97 21 95 21 95 18
29 37 31 37 31 39 29 39 29 37
78 38 83 38 83 40 78 40 78 38
48 51 50 51 50 56 48 56 48 51
28 68 33 68 33 70 28 70 28 68
68 33 71 33 71 35 68 35 68 33
44 26 48 26 48 29 44 29 44 26
95 36 98 36 98 40 95 40 95 36
86 34 91 34 91 37 86 37 86 34
2 22 5 22 5 25 2 25 2 22
92 90 97 90 97 94 92 94 92 90
12 91 16 91 16 94 12 94 12 91
49 62 52 62 52 66 49 66 49 62
37 88 39 88 39 92 37 92 37 88
87 44 89 44 89 46 87 46 87 44
42 12 44 12 44 14 42 14 42 12
94 83 98 83 98 88 94 88 94 83
3 47 6 47 6 52 3 52 3 47
60 21 63 21 63 25 60 25 60 21
92 5 97 5 97 7 92 7 92 5
85 67 87 67 87 71 85 71 85 67
29 53 31 53 31 55 29 55 29 53
13 65 16 65 16 67 13 67 13 65
54 85 59 85 59 87 54 87 54 85
4 64 6 64 6 67 4 67 4 64
75 73 80 73 80 78 75 78 75 73
72 45 76 45 76 48 72 48 72 45
94 68 96 68 96 73 94 73 94 68
55 3 57 3 57 7 55 7 55 3
90 38 92 38 92 40 90 40 90 38
72 49 75 49 75 54 72 54 72 49
5 15 8 15 8 18 5 18 5 15
33 30 36 30 36 33 33 33 33 30
51 22 54 22 54 24 51 24 51 22
89 70 91 70 91 74 89 74 89 70
16 24 19 24 19 27 16 27 16 24
71 25 75 25 75 29 71 29 71 25
89 84 91 84 91 87 89 87 89 84
66 69 69 69 69 73 66 73 66 69
18 75 20 75 20 77 18 77 18 75
61 2 64 2 64 7 61 7 61 2
57 48 60 48 60 51 57 51 57 48
48 95 52 95 52 97 48 97 48 95
20 36 24 36 24 39 20 39 20 36
32 47 34 47 34 49 32 49 32 47
20 49 22 49 22 51 20 51 20 49
67 36 72 36 72 38 67 38 67 36
2 86 4 86 4 90 2 90 2 86
35 63 37 63 37 66 35 66 35 63
60 29 62 29 62 31 60 31 60 29
19 53 22 53 22 55 19 55 19 53
57 12 62 12 62 15 57 15 57 12
42 77 44 77 44 79 42 79 42 77
77 2 79 2 79 7 77 7 77 2
20 22 25 22 25 27 20 27 20 22
7 48 11 48 11 50 7 50 7 48
21 62 25 62 25 65 21 65 21 62
62 96 67 96 67 98 62 98 62 96
6 24 8 24 8 27 6 27 6 24
36 73 39 73 39 78 36 78 36 73
7 95 11 95 11 97 7 97 7 95
85 49 88 49 88 54 85 54 85 49
31 91 35 91 35 93 31 93 31 91
47 32 49 32 49 34 47 34 47 32
83 11 85 11 85 16 83 16 83 11
83 94 88 94 88 97 83 97 83 94
85 17 87 17 87 22 85 22 85 17
13 38 18 38 18 40 13 40 13 38
66 12 68 12 68 15 66 15 66 12
49 88 53 88 53 92 49 92 49 88
10 85 12 85 12 90 10 90 10 85
35 37 37 37 37 39 35 39 35 37
49 69 51 69 51 74 49 74 49 69
93 54 97 54 97 57 93 57 93 54
25 90 29 90 29 95 25 95 25 90
55 74 60 74 60 76 55 76 55 74
62 89 65 89 65 93 62 93 62 89
