57 65 62 65 62 67 57 67 57 65
64 90 66 90 66 93 64 93 64 90
63 34 67 34 67 36 63 36 63 34
2 8 5 8 5 11 2 11 2 8
76 25 79 25 79 29 76 29 76 25
24 17 26 17 26 20 24 20 24 17
87 28 90 28 90 32 87 32 87 28
66 22 69 22 69 27 66 27 66 22
13 15 18 15 18 18 13 18 13 15
49 48 53 48 53 51 49 51 49 48
57 76 60 76 60 81 57 81 57 76
2 43 5 43 5 47 2 47 2 43
29 5 33 5 33 10 29 10 29 5
19 19 22 19 22 21 19 21 19 19
35 37 40 37 40 39 35 39 35 37
86 42 89 42 89 45 86 45 86 42
19 24 21 24 21 29 19 29 19 24
67 44 70 44 70 47 67 47 67 44
45 79 49 79 49 84 45 84 45 79
84 54 89 54 89 57 84 57 84 54
50 66 54 66 54 70 50 70 50 66
86 68 88 68 88 70 86 70 86 68
54 43 58 43 58 46 54 46 54 43
67 13 70 13 70 18 67 18 67 13
22 38 24 38 24 43 22 43 22 38
93 6 96 6 96 11 93 11 93 6
72 61 76 61 76 63 72 63 72 61
29 17 32 17 32 22 29 22 29 17
28 87 33 87 33 90 28 90 28 87
30 63 35 63 35 67 30 67 30 63
77 52 80 52 80 55 77 55 77 52
95 93 97 93 97 96 95 96 95 93
85 84 87 84 87 88 85 88 85 84
21 78 25 78 25 80 21 80 21 78
41 69 43 69 43 72 41 72 41 69
74 92 76 92 76 95 74 95 74 92
8 62 11 62 11 65 8 65 8 62
85 78 90 78 90 83 85 83 85 78
12 37 15 37 15 39 12 39 12 37
16 32 21 32 21 35 16 35 16 32
37 28 39 28 39 32 37 32 37 28
65 82 70 82 70 84 65 84 65 82
35 72 39 72 39 76 35 76 35 72
13 42 18 42 18 44 13 44 13 42
69 76 71 76 71 79 69 79 69 76
49 4 53 4 53 8 49 8 49 4
39 47 41 47 41 49 39 49 39 47
73 68 78 68 78 70 73 70 73 68
10 20 13 20 13 24 10 24 10 20
38 22 42 22 42 27 38 27 38 22
92 61 96 61 96 65 92 65 92 61
37 94 42 94 42 98 37 98 37 94
25 24 29 24 29 26 25 26 25 24
71 32 74 32 74 36 71 36 71 32
87 71 90 71 90 76 87 76 87 71
68 52 73 52 73 57 68 57 68 52
77 87 80 87 80 91 77 91 77 87
8 26 10 26 10 29 8 29 8 26
4 55 9 55 9 59 4 59 4 55
26 32 31 32 31 34 26 34 26 32
81 34 85 34 85 37 81 37 81 34
28 93 32 93 32 96 28 96 28 93
42 52 46 52 46 56 42 56 42 52
43 60 47 60 47 62 43 62 43 60
73 13 78 13 78 16 73 16 73 13
33 43 38 43 38 48 33 48 33 43
89 33 92 33 92 37 89 37 89 33
94 86 98 86 98 88 94 88 94 86
3 34 8 34 8 39 3 39 3 34
47 37 52 37 52 41 47 41 47 37
81 44 85 44 85 48 81 48 81 44
61 86 64 86 64 89 61 89 61 86
24 10 27 10 27 14 24 14 24 10
42 46 46 46 46 48 42 48 42 46
61 70 64 70 64 73 61 73 61 70
59 51 63 51 63 54 59 54 59 51
92 41 95 41 95 46 92 46 92 41
87 92 90 92 90 94 87 94 87 92
62 40 64 40 64 45 62 45 62 40
11 67 13 67 13 69 11 69 11 67
2 63 7 63 7 67 2 67 2 63
9 82 11 82 11 84 9 84 9 82
91 80 93 80 93 84 91 84 91 80
24 51 27 51 27 55 24 55 24 51
43 7 47 7 47 9 43 9 43 7
36 85 38 85 38 90 36 90 36 85
94 71 97 71 97 74 94 74 94 71
41 10 44 10 44 15 41 15 41 10
70 4 73 4 73 8 70 8 70 4
5 89 10 89 10 91 5 91 5 89
23 61 28 61 28 65 23 65 23 61
59 91 63 91 63 93 59 93 59 91
94 24 96 24 96 27 94 27 94 24
49 26 53 26 53 29 49 29 49 26
18 7 23 7 23 12 18 12 18 7
15 65 20 65 20 70 15 70 15 65
45 87 48 87 48 90 45 90 45 87
12 56 16 56 16 59 12 59 12 56
6 2 10 2 10 7 6 7 6 2
18 90 20 90 20 93 18 93 18 90
37 5 41 5 41 8 37 8 37 5
61 75 64 75 64 77 61 77 61 75
48 60 53 60 53 64 48 64 48 60
55 6 60 6 60 9 55 9 55 6
93 32 96 32 96 36 93 36 93 32
50 20 52 20 52 23 50 23 50 20
28 41 31 41 31 44 28 44 28 41
14 75 18 75 18 77 14 77 14 75
28 57 30 57 30 60 28 60 28 57
54 33 56 33 56 38 54 38 54 33
25 39 27 39 27 43 25 43 25 39
55 50 57 50 57 53 55 53 55 50
65 40 67 40 67 43 65 43 65 40
30 25 33 25 33 28 30 28 30 25
48 32 51 32 51 36 48 36 48 32
39 50 41 50 41 54 39 54 39 50
11 46 13 46 13 49 11 49 11 46
8 93 13 93 13 96 8 96 8 93
73 25 75 25 75 28 73 28 73 25
51 81 53 81 53 84 51 84 51 81
27 83 30 83 30 85 27 85 27 83
93 15 95 15 95 19 93 19 93 15
72 80 76 80 76 82 72 82 72 80
96 78 98 78 98 82 96 82 96 78
16 52 21 52 21 54 16 54 16 52
15 6 17 6 17 10 15 10 15 6
78 18 83 18 83 20 78 20 78 18
34 57 37 57 37 61 34 61 34 57
56 60 61 60 61 62 56 62 56 60
89 21 91 21 91 25 89 25 89 21
51 91 55 91 55 94 51 94 51 91
65 73 68 73 68 75 65 75 65 73
21 83 24 83 24 87 21 87 21 83
77 78 81 78 81 82 77 82 77 78
48 15 53 15 53 19 48 19 48 15
87 13 92 13 92 18 87 18 87 13
5 78 9 78 9 81 5 81 5 78
94 2 97 2 97 5 94 5 94 2
11 27 13 27 13 31 11 31 11 27
65 53 67 53 67 56 65 56 65 53
61 12 63 12 63 14 61 14 61 12
82 95 85 95 85 98 82 98 82 95
78 58 83 58 83 60 78 60 78 58
43 76 45 76 45 78 43 78 43 76
64 5 67 5 67 9 64 9 64 5
2 28 7 28 7 30 2 30 2 28
82 74 84 74 84 79 82 79 82 74
81 28 85 28 85 30 81 30 81 28
79 71 83 71 83 73 79 73 79 71
3 18 5 18 5 21 3 21 3 18
32 78 34 78 34 82 32 82 32 78
5 52 7 52 7 54 5 54 5 52
83 10 86 10 86 13 83 13 83 10
63 25 65 25 65 28 63 28 63 25
93 75 98 75 98 77 93 77 93 75
28 11 30 11 30 13 28 13 28 11
49 73 54 73 54 76 49 76 49 73
7 44 9 44 9 47 7 47 7 44
26 77 29 77 29 81 26 81 26 77
19 72 23 72 23 74 19 74 19 72
86 62 89 62 89 67 86 67 86 62
95 66 97 66 97 70 95 70 95 66
86 23 88 23 88 26 86 26 86 23
46 43 50 43 50 45 46 45 46 43
81 24 84 24 84 27 81 27 81 24
84 15 86 15 86 18 84 18 84 15
79 96 81 96 81 98 79 98 79 96
76 83 78 83 78 86 76 86 76 83
77 35 79 35 79 37 77 37 77 35
70 20 74 20 74 23 70 23 70 20
6 13 11 13 11 15 6 15 6 13
49 10 51 10 51 12 49 12 49 10
31 49 34 49 34 53 31 53 31 49
38 63 41 63 41 67 38 67 38 63
58 19 63 19 63 21 58 21 58 19
12 85 16 85 16 89 12 89 12 85
41 90 43 90 43 92 41 92 41 90
77 92 81 92 81 95 77 95 77 92
15 22 17 22 17 26 15 26 15 22
89 38 93 38 93 40 89 40 89 38
46 72 48 72 48 77 46 77 46 72
35 12 39 12 39 14 35 14 35 12
19 40 21 40 21 43 19 43 19 40
65 58 70 58 70 63 65 63 65 58
24 46 29 46 29 49 24 49 24 46
73 38 78 38 78 41 73 41 73 38
87 58 89 58 89 60 87 60 87 58
58 33 60 33 60 35 58 35 58 33
77 21 80 21 80 24 77 24 77 21
83 64 85 64 85 67 83 67 83 64
33 83 35 83 35 86 33 86 33 83
31 69 33 69 33 71 31 71 31 69
90 67 92 67 92 70 90 70 90 67
57 3 60 3 60 5 57 5 57 3
35 16 38 16 38 20 35 20 35 16
81 6 85 6 85 8 81 8 81 6
66 31 68 31 68 33 66 33 66 31
7 49 9 49 9 51 7 51 7 49
39 81 44 81 44 83 39 83 39 81
58 22 62 22 62 26 58 26 58 22
