38 58 43 58 43 60 38 60 38 58
58 31 60 31 60 34 58 34 58 31
64 35 68 35 68 38 64 38 64 35
50 35 55 35 55 39 50 39 50 35
75 59 78 59 78 62 75 62 75 59
77 72 79 72 79 75 77 75 77 72
17 74 21 74 21 77 17 77 17 74
33 47 38 47 38 50 33 50 33 47
45 53 47 53 47 57 45 57 45 53
84 79 87 79 87 81 84 81 84 79
15 57 19 57 19 59 15 59 15 57
92 74 96 74 96 77 92 77 92 74
34 73 36 73 36 75 34 75 34 73
45 49 49 49 49 52 45 52 45 49
24 64 28 64 28 66 24 66 24 64
12 63 16 63 16 66 12 66 12 63
16 94 18 94 18 98 16 98 16 94
74 83 79 83 79 86 74 86 74 83
75 18 77 18 77 23 75 23 75 18
67 11 72 11 72 16 67 16 67 11
76 4 81 4 81 7 76 7 76 4
67 92 72 92 72 95 67 95 67 92
87 8 91 8 91 13 87 13 87 8
91 35 94 35 94 39 91 39 91 35
93 8 96 8 96 12 93 12 93 8
10 67 15 67 15 72 10 72 10 67
86 73 90 73 90 75 86 75 86 73
85 92 89 92 89 95 85 95 85 92
4 34 9 34 9 37 4 37 4 34
69 88 73 88 73 91 69 91 69 88
62 84 65 84 65 89 62 89 62 84
58 2 61 2 61 4 58 4 58 2
52 6 56 6 56 8 52 8 52 6
40 44 42 44 42 48 40 48 40 44
32 82 35 82 35 86 32 86 32 82
76 63 79 63 79 66 76 66 76 63
35 89 38 89 38 92 35 92 35 89
38 54 43 54 43 56 38 56 38 54
10 79 14 79 14 81 10 81 10 79
85 23 88 23 88 25 85 25 85 23
67 73 69 73 69 76 67 76 67 73
55 10 58 10 58 13 55 13 55 10
74 69 76 69 76 73 74 73 74 69
3 58 6 58 6 61 3 61 3 58
48 78 53 78 53 82 48 82 48 78
9 25 14 25 14 30 9 30 9 25
31 7 33 7 33 12 31 12 31 7
11 16 13 16 13 18 11 18 11 16
82 83 86 83 86 87 82 87 82 83
42 80 46 80 46 83 42 83 42 80
47 83 50 83 50 86 47 86 47 83
8 49 10 49 10 54 8 54 8 49
89 40 91 40 91 43 89 43 89 40
14 45 19 45 19 49 14 49 14 45
53 61 55 61 55 66 53 66 53 61
45 36 49 36 49 39 45 39 45 36
65 24 69 24 69 28 65 28 65 24
19 89 23 89 23 94 19 94 19 89
12 4 17 4 17 8 12 8 12 4
16 25 18 25 18 29 16 29 16 25
41 11 46 11 46 13 41 13 41 11
21 23 26 23 26 27 21 27 21 23
81 39 84 39 84 43 81 43 81 39
63 18 68 18 68 20 63 20 63 18
35 6 39 6 39 10 35 10 35 6
31 20 35 20 35 25 31 25 31 20
81 93 84 93 84 96 81 96 81 93
11 48 13 48 13 51 11 51 11 48
16 34 20 34 20 38 16 38 16 34
40 27 44 27 44 29 40 29 40 27
59 65 62 65 62 70 59 70 59 65
58 44 62 44 62 49 58 49 58 44
92 14 94 14 94 19 92 19 92 14
2 67 5 67 5 71 2 71 2 67
77 55 80 55 80 58 77 58 77 55
67 63 71 63 71 66 67 66 67 63
5 91 7 91 7 96 5 96 5 91
34 66 39 66 39 71 34 71 34 66
27 15 29 15 29 17 27 17 27 15
70 43 75 43 75 46 70 46 70 43
55 75 59 75 59 78 55 78 55 75
95 20 98 20 98 25 95 25 95 20
47 68 49 68 49 72 47 72 47 68
2 25 7 25 7 28 2 28 2 25
45 20 48 20 48 23 45 23 45 20
81 67 85 67 85 70 81 70 81 67
29 96 31 96 31 98 29 98 29 96
18 81 22 81 22 86 18 86 18 81
73 9 78 9 78 11 73 11 73 9
49 61 52 61 52 65 49 65 49 61
77 46 80 46 80 50 77 50 77 46
51 24 54 24 54 27 51 27 51 24
24 3 28 3 28 7 24 7 24 3
26 85 31 85 31 89 26 89 26 85
10 83 13 83 13 85 10 85 10 83
80 62 84 62 84 64 80 64 80 62
25 55 28 55 28 60 25 60 25 55
3 2 6 2 6 4 3 4 3 2
94 69 96 69 96 72 94 72 94 69
25 36 30 36 30 40 25 40 25 36
6 38 8 38 8 41 6 41 6 38
81 50 83 50 83 55 81 55 81 50
86 54 90 54 90 59 86 59 86 54
66 54 69 54 69 58 66 58 66 54
59 59 61 59 61 62 59 62 59 59
93 57 98 57 98 61 93 61 93 57
18 30 20 30 20 32 18 32 18 30
42 64 45 64 45 68 42 68 42 64
56 27 60 27 60 30 56 30 56 27
85 14 90 14 90 17 85 17 85 14
30 90 33 90 33 93 30 93 30 90
20 56 23 56 23 60 20 60 20 56
65 77 69 77 69 81 65 81 65 77
51 28 54 28 54 31 51 31 51 28
8 57 10 57 10 62 8 62 8 57
93 50 95 50 95 54 93 54 93 50
85 18 87 18 87 22 85 22 85 18
63 40 67 40 67 44 63 44 63 40
76 26 81 26 81 31 76 31 76 26
75 77 79 77 79 81 75 81 75 77
3 49 7 49 7 52 3 52 3 49
16 91 18 91 18 93 16 93 16 91
47 73 50 73 50 75 47 75 47 73
52 55 56 55 56 57 52 57 52 55
73 93 76 93 76 95 73 95 73 93
59 52 61 52 61 54 59 54 59 52
30 76 32 76 32 80 30 80 30 76
33 36 35 36 35 40 33 40 33 36
9 76 14 76 14 78 9 78 9 76
8 88 10 88 10 92 8 92 8 88
4 6 9 6 9 11 4 11 4 6
6 65 8 65 8 67 6 67 6 65
59 55 62 55 62 57 59 57 59 55
93 92 97 92 97 94 93 94 93 92
31 42 35 42 35 45 31 45 31 42
55 16 60 16 60 19 55 19 55 16
21 9 25 9 25 13 21 13 21 9
5 75 8 75 8 79 5 79 5 75
76 37 78 37 78 42 76 42 76 37
52 73 54 73 54 75 52 75 52 73
63 66 66 66 66 68 63 68 63 66
23 79 28 79 28 83 23 83 23 79
17 52 21 52 21 54 17 54 17 52
71 36 75 36 75 38 71 38 71 36
49 13 52 13 52 17 49 17 49 13
3 84 6 84 6 86 3 86 3 84
80 33 85 33 85 38 80 38 80 33
20 41 22 41 22 45 20 45 20 41
26 69 31 69 31 73 26 73 26 69
96 30 98 30 98 35 96 35 96 30
37 83 40 83 40 88 37 88 37 83
93 64 96 64 96 66 93 66 93 64
60 96 62 96 62 98 60 98 60 96
42 89 47 89 47 92 42 92 42 89
82 27 86 27 86 30 82 30 82 27
46 2 49 2 49 5 46 5 46 2
29 62 33 62 33 67 29 67 29 62
4 20 8 20 8 22 4 22 4 20
65 49 68 49 68 52 65 52 65 49
52 67 56 67 56 70 52 70 52 67
69 59 72 59 72 62 69 62 69 59
29 30 32 30 32 34 29 34 29 30
9 19 11 19 11 22 9 22 9 19
92 88 94 88 94 90 92 90 92 88
24 93 26 93 26 98 24 98 24 93
92 83 94 83 94 86 92 86 92 83
45 76 47 76 47 79 45 79 45 76
71 49 75 49 75 51 71 51 71 49
41 36 44 36 44 38 41 38 41 36
95 81 98 81 98 84 95 84 95 81
59 37 62 37 62 42 59 42 59 37
33 76 35 76 35 79 33 79 33 76
26 49 30 49 30 53 26 53 26 49
86 64 91 64 91 66 86 66 86 64
11 36 15 36 15 39 11 39 11 36
27 91 29 91 29 95 27 95 27 91
90 28 94 28 94 30 90 30 90 28
49 93 53 93 53 96 49 96 49 93
80 75 82 75 82 79 80 79 80 75
95 85 98 85 98 88 95 88 95 85
30 14 35 14 35 19 30 19 30 14
87 46 90 46 90 49 87 49 87 46
32 55 36 55 36 60 32 60 32 55
23 42 26 42 26 46 23 46 23 42
16 15 20 15 20 18 16 18 16 15
37 72 40 72 40 77 37 77 37 72
37 27 39 27 39 30 37 30 37 27
27 11 29 11 29 13 27 13 27 11
93 47 98 47 98 49 93 49 93 47
59 21 64 21 64 23 59 23 59 21
19 2 22 2 22 4 19 4 19 2
22 28 27 28 27 33 22 33 22 28
13 40 16 40 16 43 13 43 13 40
11 10 13 10 13 15 11 15 11 10
38 93 40 93 40 95 38 95 38 93
69 84 71 84 71 86 69 86 69 84
52 46 54 46 54 51 52 51 52 46
46 30 49 30 49 34 46 34 46 30
65 7 67 7 67 10 65 10 65 7
73 32 76 32 76 35 73 35 73 32
