61 89 66 89 66 92 61 92 61 89
17 76 21 76 21 78 17 78 17 76
83 71 85 71 85 75 83 75 83 71
36 36 38 36 38 41 36 41 36 36
87 60 89 60 89 65 87 65 87 60
19 18 23 18 23 23 19 23 19 18
66 56 69 56 69 59 66 59 66 56
46 80 50 80 50 82 46 82 46 80
56 38 59 38 59 41 56 41 56 38
75 28 79 28 79 32 75 32 75 28
88 32 90 32 90 37 88 37 88 32
50 60 52 60 52 65 50 65 50 60
17 12 21 12 21 15 17 15 17 12
92 67 95 67 95 70 92 70 92 67
5 64 7 64 7 69 5 69 5 64
65 32 69 32 69 36 65 36 65 32
72 17 75 17 75 19 72 19 72 17
45 58 48 58 48 60 45 60 45 58
90 93 93 93 93 96 90 96 90 93
53 23 57 23 57 27 53 27 53 23
36 2 39 2 39 5 36 5 36 2
69 62 74 62 74 67 69 67 69 62
27 66 32 66 32 71 27 71 27 66
76 60 78 60 78 62 76 62 76 60
19 30 21 30 21 34 19 34 19 30
23 8 27 8 27 11 23 11 23 8
10 83 15 83 15 88 10 88 10 83
46 66 50 66 50 70 46 70 46 66
32 46 35 46 35 50 32 50 32 46
5 26 10 26 10 28 5 28 5 26
86 21 88 21 88 23 86 23 86 21
60 65 65 65 65 69 60 69 60 65
84 31 87 31 87 35 84 35 84 31
66 72 70 72 70 76 66 76 66 72
66 7 70 7 70 10 66 10 66 7
59 27 63 27 63 31 59 31 59 27
90 6 95 6 95 9 90 9 90 6
40 25 42 25 42 29 40 29 40 25
91 29 95 29 95 33 91 33 91 29
37 89 42 89 42 91 37 91 37 89
84 89 89 89 89 91 84 91 84 89
76 78 79 78 79 83 76 83 76 78
5 32 10 32 10 37 5 37 5 32
69 85 71 85 71 90 69 90 69 85
11 53 13 53 13 55 11 55 11 53
83 81 85 81 85 85 83 85 83 81
58 10 61 10 61 14 58 14 58 10
51 2 54 2 54 6 51 6 51 2
84 24 88 24 88 28 84 28 84 24
92 54 96 54 96 56 92 56 92 54
20 40 22 40 22 44 20 44 20 40
4 83 8 83 8 88 4 88 4 83
5 23 10 23 10 25 5 25 5 23
77 23 80 23 80 26 77 26 77 23
91 44 93 44 93 48 91 48 91 44
92 59 96 59 96 62 92 62 92 59
40 95 43 95 43 97 40 97 40 95
18 35 23 35 23 38 18 38 18 35
28 34 30 34 30 37 28 37 28 34
79 94 83 94 83 97 79 97 79 94
79 12 81 12 81 14 79 14 79 12
46 45 49 45 49 48 46 48 46 45
39 59 43 59 43 64 39 64 39 59
23 44 25 44 25 46 23 46 23 44
42 39 44 39 44 44 42 44 42 39
22 72 26 72 26 74 22 74 22 72
32 27 36 27 36 30 32 30 32 27
66 24 70 24 70 28 66 28 66 24
57 72 61 72 61 75 57 75 57 72
13 67 16 67 16 71 13 71 13 67
8 66 10 66 10 70 8 70 8 66
7 90 9 90 9 92 7 92 7 90
77 5 82 5 82 7 77 7 77 5
5 70 7 70 7 72 5 72 5 70
10 78 15 78 15 81 10 81 10 78
4 91 6 91 6 95 4 95 4 91
61 52 65 52 65 54 61 54 61 52
39 13 44 13 44 17 39 17 39 13
10 13 12 13 12 16 10 16 10 13
92 81 97 81 97 83 92 83 92 81
46 84 48 84 48 87 46 87 46 84
51 11 56 11 56 13 51 13 51 11
23 82 26 82 26 86 23 86 23 82
78 36 81 36 81 41 78 41 78 36
6 38 8 38 8 43 6 43 6 38
48 55 51 55 51 57 48 57 48 55
86 48 88 48 88 50 86 50 86 48
74 94 76 94 76 98 74 98 74 94
73 73 75 73 75 76 73 76 73 73
73 50 76 50 76 54 73 54 73 50
44 24 48 24 48 28 44 28 44 24
10 92 13 92 13 96 10 96 10 92
38 18 43 18 43 23 38 23 38 18
61 21 63 21 63 23 61 23 61 21
32 92 37 92 37 97 32 97 32 92
33 61 37 61 37 66 33 66 33 61
8 44 11 44 11 46 8 46 8 44
6 53 10 53 10 58 6 58 6 53
24 15 29 15 29 17 24 17 24 15
80 29 82 29 82 33 80 33 80 29
22 87 26 87 26 89 22 89 22 87
50 89 52 89 52 94 50 94 50 89
72 22 74 22 74 27 72 27 72 22
65 81 70 81 70 83 65 83 65 81
32 73 34 73 34 75 32 75 32 73
53 95 57 95 57 98 53 98 53 95
26 54 29 54 29 56 26 56 26 54
65 94 70 94 70 97 65 97 65 94
52 36 55 36 55 39 52 39 52 36
63 60 68 60 68 62 63 62 63 60
4 20 8 20 8 22 4 22 4 20
91 36 93 36 93 39 91 39 91 36
66 65 68 65 68 70 66 70 66 65
28 7 30 7 30 9 28 9 28 7
32 21 35 21 35 26 32 26 32 21
31 79 36 79 36 83 31 83 31 79
55 53 60 53 60 55 55 55 55 53
2 77 7 77 7 79 2 79 2 77
16 81 18 81 18 83 16 83 16 81
79 89 81 89 81 92 79 92 79 89
94 93 96 93 96 95 94 95 94 93
16 46 18 46 18 49 16 49 16 46
34 13 38 13 38 16 34 16 34 13
78 69 82 69 82 73 78 73 78 69
19 58 22 58 22 62 19 62 19 58
5 3 8 3 8 7 5 7 5 3
3 8 8 8 8 12 3 12 3 8
20 48 22 48 22 53 20 53 20 48
56 66 59 66 59 68 56 68 56 66
53 77 58 77 58 79 53 79 53 77
67 29 72 29 72 31 67 31 67 29
52 28 54 28 54 31 52 31 52 28
39 46 41 46 41 49 39 49 39 46
25 77 28 77 28 79 25 79 25 77
45 75 48 75 48 79 45 79 45 75
59 32 61 32 61 36 59 36 59 32
25 95 28 95 28 97 25 97 25 95
29 29 31 29 31 33 29 33 29 29
42 3 46 3 46 8 42 8 42 3
57 43 62 43 62 47 57 47 57 43
58 15 60 15 60 19 58 19 58 15
22 31 27 31 27 33 22 33 22 31
22 93 24 93 24 97 22 97 22 93
45 41 48 41 48 43 45 43 45 41
79 43 84 43 84 47 79 47 79 43
14 5 19 5 19 7 14 7 14 5
16 91 18 91 18 93 16 93 16 91
53 86 55 86 55 89 53 89 53 86
56 83 60 83 60 87 56 87 56 83
88 78 90 78 90 82 88 82 88 78
42 50 44 50 44 54 42 54 42 50
23 4 27 4 27 7 23 7 23 4
96 11 98 11 98 14 96 14 96 11
62 13 64 13 64 16 62 16 62 13
27 86 32 86 32 88 27 88 27 86
8 60 10 60 10 64 8 64 8 60
61 6 64 6 64 9 61 9 61 6
11 23 13 23 13 26 11 26 11 23
93 85 96 85 96 87 93 87 93 85
29 24 31 24 31 26 29 26 29 24
2 57 5 57 5 59 2 59 2 57
40 71 45 71 45 74 40 74 40 71
33 54 35 54 35 56 33 56 33 54
79 52 82 52 82 55 79 55 79 52
75 85 78 85 78 90 75 90 75 85
23 61 25 61 25 64 23 64 23 61
73 56 78 56 78 58 73 58 73 56
20 65 22 65 22 68 20 68 20 65
48 33 51 33 51 38 48 38 48 33
92 13 95 13 95 18 92 18 92 13
54 92 58 92 58 94 54 94 54 92
92 72 96 72 96 75 92 75 92 72
72 79 75 79 75 81 72 81 72 79
81 63 85 63 85 65 81 65 81 63
9 7 11 7 11 12 9 12 9 7
58 56 60 56 60 61 58 61 58 56
39 77 42 77 42 81 39 81 39 77
73 38 77 38 77 41 73 41 73 38
45 21 47 21 47 23 45 23 45 21
7 74 11 74 11 76 7 76 7 74
36 32 38 32 38 34 36 34 36 32
84 53 87 53 87 57 84 57 84 53
74 7 76 7 76 11 74 11 74 7
44 35 46 35 46 37 44 37 44 35
95 20 98 20 98 22 95 22 95 20
64 43 69 43 69 46 64 46 64 43
51 14 55 14 55 17 51 17 51 14
54 56 57 56 57 61 54 61 54 56
29 10 34 10 34 12 29 12 29 10
38 54 41 54 41 57 38 57 38 54
55 62 57 62 57 64 55 64 55 62
46 14 49 14 49 19 46 19 46 14
3 14 5 14 5 19 3 19 3 14
96 47 98 47 98 49 96 49 96 47
44 92 46 92 46 94 44 94 44 92
21 90 23 90 23 92 21 92 21 90
77 33 79 33 79 35 77 35 77 33
12 41 17 41 17 43 12 43 12 41
90 24 92 24 92 27 90 27 90 24
41 32 43 32 43 35 41 35 41 32
