4 42 7 42 7 44 4 44 4 42
69 28 71 28 71 33 69 33 69 28
93 45 95 45 95 48 93 48 93 45
63 55 67 55 67 59 63 59 63 55
28 18 30 18 30 21 28 21 28 18
51 77 53 77 53 81 51 81 51 77
72 76 77 76 77 80 72 80 72 76
19 78 22 78 22 80 19 80 19 78
76 65 79 65 79 69 76 69 76 65
9 79 13 79 13 81 9 81 9 79
34 68 38 68 38 71 34 71 34 68
86 72 89 72 89 76 86 76 86 72
49 20 51 20 51 24 49 24 49 20
77 32 81 32 81 34 77 34 77 32
46 63 51 63 51 68 46 68 46 63
32 15 34 15 34 18 32 18 32 15
87 11 90 11 90 15 87 15 87 11
32 20 35 20 35 24 32 24 32 20
40 57 43 57 43 60 40 60 40 57
69 10 72 10 72 12 69 12 69 10
43 32 46 32 46 34 43 34 43 32
46 70 49 70 49 75 46 75 46 70
82 52 84 52 84 56 82 56 82 52
73 29 75 29 75 32 73 32 73 29
86 90 90 90 90 94 86 94 86 90
67 67 69 67 69 69 67 69 67 67
38 11 40 11 40 14 38 14 38 11
63 18 66 18 66 21 63 21 63 18
47 79 50 79 50 83 47 83 47 79
70 2 74 2 74 7 70 7 70 2
66 93 70 93 70 95 66 95 66 93
15 4 17 4 17 8 15 8 15 4
69 74 71 74 71 76 69 76 69 74
85 68 88 68 88 71 85 71 85 68
42 36 44 36 44 40 42 40 42 36
5 29 8 29 8 34 5 34 5 29
30 41 35 41 35 45 30 45 30 41
16 75 18 75 18 77 16 77 16 75
72 35 74 35 74 39 72 39 72 35
95 38 98 38 98 40 95 40 95 38
39 86 42 86 42 88 39 88 39 86
43 45 47 45 47 48 43 48 43 45
21 52 25 52 25 56 21 56 21 52
39 27 44 27 44 31 39 31 39 27
83 41 85 41 85 46 83 46 83 41
92 25 95 25 95 29 92 29 92 25
68 78 70 78 70 82 68 82 68 78
22 17 24 17 24 21 22 21 22 17
44 4 49 4 49 6 44 6 44 4
32 75 34 75 34 79 32 79 32 75
21 94 23 94 23 98 21 98 21 94
19 28 21 28 21 31 19 31 19 28
2 2 5 2 5 7 2 7 2 2
58 47 63 47 63 50 58 50 58 47
48 13 51 13 51 16 48 16 48 13
39 43 42 43 42 48 39 48 39 43
84 38 86 38 86 40 84 40 84 38
13 92 17 92 17 96 13 96 13 92
94 30 96 30 96 32 94 32 94 30
54 16 59 16 59 21 54 21 54 16
59 72 61 72 61 75 59 75 59 72
27 91 32 91 32 95 27 95 27 91
92 21 94 21 94 23 92 23 92 21
8 70 11 70 11 73 8 73 8 70
81 18 84 18 84 22 81 22 81 18
12 61 17 61 17 66 12 66 12 61
49 86 54 86 54 90 49 90 49 86
78 36 82 36 82 40 78 40 78 36
58 86 62 86 62 91 58 91 58 86
63 35 67 35 67 40 63 40 63 35
6 7 11 7 11 9 6 9 6 7
25 62 29 62 29 64 25 64 25 62
2 53 4 53 4 57 2 57 2 53
14 51 18 51 18 53 14 53 14 51
38 74 40 74 40 77 38 77 38 74
10 13 14 13 14 18 10 18 10 13
30 47 34 47 34 52 30 52 30 47
24 39 28 39 28 42 24 42 24 39
29 35 32 35 32 39 29 39 29 35
47 25 51 25 51 28 47 28 47 25
41 62 43 62 43 66 41 66 41 62
30 2 33 2 33 7 30 7 30 2
61 76 66 76 66 79 61 79 61 76
16 69 18 69 18 72 16 72 16 69
41 19 43 19 43 22 41 22 41 19
37 55 39 55 39 60 37 60 37 55
87 19 91 19 91 22 87 22 87 19
58 80 62 80 62 82 58 82 58 80
73 14 75 14 75 17 73 17 73 14
22 28 24 28 24 33 22 33 22 28
58 59 60 59 60 63 58 63 58 59
8 24 13 24 13 28 8 28 8 24
47 96 49 96 49 98 47 98 47 96
55 69 58 69 58 71 55 71 55 69
36 5 38 5 38 8 36 8 36 5
26 69 30 69 30 72 26 72 26 69
39 78 44 78 44 82 39 82 39 78
75 54 78 54 78 59 75 59 75 54
17 39 20 39 20 43 17 43 17 39
77 13 79 13 79 15 77 15 77 13
53 43 56 43 56 47 53 47 53 43
73 20 78 20 78 22 73 22 73 20
87 54 92 54 92 57 87 57 87 54
20 81 22 81 22 84 20 84 20 81
64 12 67 12 67 14 64 14 64 12
33 96 37 96 37 98 33 98 33 96
76 26 79 26 79 30 76 30 76 26
82 93 85 93 85 96 82 96 82 93
93 78 98 78 98 83 93 83 93 78
75 70 77 70 77 75 75 75 75 70
18 12 20 12 20 14 18 14 18 12
14 32 19 32 19 37 14 37 14 32
2 75 5 75 5 77 2 77 2 75
2 78 4 78 4 83 2 83 2 78
58 7 60 7 60 9 58 9 58 7
50 29 54 29 54 32 50 32 50 29
50 2 53 2 53 4 50 4 50 2
12 48 16 48 16 50 12 50 12 48
49 56 51 56 51 58 49 58 49 56
5 50 9 50 9 54 5 54 5 50
39 8 44 8 44 10 39 10 39 8
87 95 90 95 90 98 87 98 87 95
58 40 61 40 61 42 58 42 58 40
36 47 38 47 38 52 36 52 36 47
51 94 54 94 54 97 51 97 51 94
2 93 6 93 6 96 2 96 2 93
34 63 38 63 38 65 34 65 34 63
54 22 57 22 57 27 54 27 54 22
24 45 27 45 27 48 24 48 24 45
64 50 69 50 69 52 64 52 64 50
80 59 82 59 82 63 80 63 80 59
5 82 7 82 7 85 5 85 5 82
9 88 11 88 11 91 9 91 9 88
71 83 75 83 75 86 71 86 71 83
78 46 82 46 82 50 78 50 78 46
31 62 33 62 33 67 31 67 31 62
68 24 71 24 71 26 68 26 68 24
3 65 6 65 6 70 3 70 3 65
81 25 86 25 86 28 81 28 81 25
29 27 34 27 34 29 29 29 29 27
18 85 21 85 21 90 18 90 18 85
24 5 28 5 28 9 24 9 24 5
27 73 30 73 30 76 27 76 27 73
71 52 74 52 74 56 71 56 71 52
53 61 57 61 57 63 53 63 53 61
24 88 26 88 26 90 24 90 24 88
82 65 84 65 84 68 82 68 82 65
12 58 17 58 17 60 12 60 12 58
10 30 12 30 12 34 10 34 10 30
89 80 91 80 91 82 89 82 89 80
26 26 28 26 28 28 26 28 26 26
27 81 30 81 30 84 27 84 27 81
2 28 4 28 4 31 2 31 2 28
36 40 38 40 38 45 36 45 36 40
32 31 36 31 36 34 32 34 32 31
51 36 53 36 53 38 51 38 51 36
19 70 24 70 24 75 19 75 19 70
24 91 26 91 26 95 24 95 24 91
47 52 52 52 52 54 47 54 47 52
67 62 71 62 71 66 67 66 67 62
39 33 41 33 41 38 39 38 39 33
67 42 70 42 70 46 67 46 67 42
53 65 57 65 57 68 53 68 53 65
92 9 95 9 95 14 92 14 92 9
10 83 15 83 15 86 10 86 10 83
91 49 95 49 95 51 91 51 91 49
91 68 96 68 96 73 91 73 91 68
2 37 7 37 7 41 2 41 2 37
17 24 22 24 22 27 17 27 17 24
3 13 8 13 8 16 3 16 3 13
47 37 49 37 49 41 47 41 47 37
78 3 80 3 80 8 78 8 78 3
93 93 96 93 96 97 93 97 93 93
81 7 86 7 86 11 81 11 81 7
71 46 74 46 74 51 71 51 71 46
56 53 61 53 61 55 56 55 56 53
8 96 10 96 10 98 8 98 8 96
55 86 57 86 57 90 55 90 55 86
88 23 91 23 91 25 88 25 88 23
96 4 98 4 98 6 96 6 96 4
75 88 78 88 78 92 75 92 75 88
49 46 51 46 51 51 49 51 49 46
33 84 35 84 35 86 33 86 33 84
88 62 91 62 91 67 88 67 88 62
64 45 66 45 66 49 64 49 64 45
55 35 58 35 58 38 55 38 55 35
53 9 57 9 57 11 53 11 53 9
11 41 15 41 15 45 11 45 11 41
74 95 79 95 79 98 74 98 74 95
18 45 20 45 20 49 18 49 18 45
5 61 10 61 10 63 5 63 5 61
79 89 83 89 83 92 79 92 79 89
64 85 68 85 68 89 64 89 64 85
89 3 94 3 94 8 89 8 89 3
58 24 61 24 61 28 58 28 58 24
77 51 81 51 81 53 77 53 77 51
89 43 91 43 91 46 89 46 89 43
52 12 57 12 57 14 52 14 52 12
67 4 69 4 69 8 67 8 67 4
24 58 29 58 29 60 24 60 24 58
