80 90 83 90 83 95 80 95 80 90
64 52 67 52 67 54 64 54 64 52
4 39 7 39 7 41 4 41 4 39
40 10 43 10 43 13 40 13 40 10
83 2 86 2 86 4 83 4 83 2
44 28 46 28 46 32 44 32 44 28
63 9 67 9 67 12 63 12 63 9
35 7 37 7 37 12 35 12 35 7
28 65 31 65 31 67 28 67 28 65
5 25 8 25 8 29 5 29 5 25
8 83 12 83 12 87 8 87 8 83
12 18 17 18 17 22 12 22 12 18
28 13 32 13 32 16 28 16 28 13
20 27 22 27 22 32 20 32 20 27
9 25 12 25 12 29 9 29 9 25
32 39 35 39 35 43 32 43 32 39
23 33 26 33 26 38 23 38 23 33
51 66 56 66 56 68 51 68 51 66
79 49 81 49 81 52 79 52 79 49
76 23 81 23 81 25 76 25 76 23
84 79 89 79 89 84 84 84 84 79
5 44 8 44 8 47 5 47 5 44
36 71 41 71 41 74 36 74 36 71
38 53 40 53 40 57 38 57 38 53
2 12 7 12 7 14 2 14 2 12
53 58 57 58 57 60 53 60 53 58
3 55 8 55 8 60 3 60 3 55
58 74 63 74 63 79 58 79 58 74
45 37 50 37 50 42 45 42 45 37
91 51 96 51 96 53 91 53 91 51
63 19 68 19 68 23 63 23 63 19
58 34 63 34 63 39 58 39 58 34
8 72 12 72 12 74 8 74 8 72
92 17 96 17 96 19 92 19 92 17
55 28 58 28 58 30 55 30 55 28
42 14 44 14 44 17 42 17 42 14
55 40 58 40 58 45 55 45 55 40
58 3 62 3 62 8 58 8 58 3
20 45 25 45 25 50 20 50 20 45
74 8 78 8 78 10 74 10 74 8
77 37 80 37 80 41 77 41 77 37
78 72 83 72 83 77 78 77 78 72
90 2 93 2 93 5 90 5 90 2
43 19 45 19 45 24 43 24 43 19
22 94 25 94 25 98 22 98 22 94
39 39 41 39 41 41 39 41 39 39
5 63 10 63 10 67 5 67 5 63
94 12 97 12 97 15 94 15 94 12
31 32 35 32 35 35 31 35 31 32
26 92 30 92 30 97 26 97 26 92
31 17 36 17 36 22 31 22 31 17
60 47 64 47 64 51 60 51 60 47
11 14 13 14 13 17 11 17 11 14
42 58 45 58 45 63 42 63 42 58
16 64 19 64 19 69 16 69 16 64
23 89 26 89 26 91 23 91 23 89
22 69 25 69 25 72 22 72 22 69
24 6 27 6 27 10 24 10 24 6
49 43 53 43 53 45 49 45 49 43
21 55 24 55 24 59 21 59 21 55
24 82 28 82 28 87 24 87 24 82
4 70 6 70 6 75 4 75 4 70
87 34 92 34 92 36 87 36 87 34
89 57 92 57 92 61 89 61 89 57
60 95 64 95 64 97 60 97 60 95
61 56 65 56 65 61 61 61 61 56
10 89 13 89 13 94 10 94 10 89
55 52 59 52 59 55 55 55 55 52
40 85 42 85 42 87 40 87 40 85
81 14 85 14 85 18 81 18 81 14
47 22 52 22 52 26 47 26 47 22
82 52 87 52 87 57 82 57 82 52
27 60 32 60 32 64 27 64 27 60
31 2 35 2 35 5 31 5 31 2
93 56 96 56 96 59 93 59 93 56
38 36 41 36 41 38 38 38 38 36
52 82 57 82 57 85 52 85 52 82
74 67 76 67 76 70 74 70 74 67
46 3 50 3 50 7 46 7 46 3
48 76 52 76 52 81 48 81 48 76
37 31 42 31 42 34 37 34 37 31
14 72 16 72 16 77 14 77 14 72
69 71 72 71 72 74 69 74 69 71
38 59 41 59 41 63 38 63 38 59
37 79 42 79 42 82 37 82 37 79
73 27 75 27 75 32 73 32 73 27
85 88 89 88 89 93 85 93 85 88
65 31 67 31 67 34 65 34 65 31
66 36 69 36 69 39 66 39 66 36
39 93 44 93 44 97 39 97 39 93
16 36 21 36 21 41 16 41 16 36
5 32 8 32 8 37 5 37 5 32
52 17 56 17 56 19 52 19 52 17
71 93 76 93 76 98 71 98 71 93
81 34 85 34 85 37 81 37 81 34
27 54 32 54 32 59 27 59 27 54
72 82 75 82 75 85 72 85 72 82
33 51 36 51 36 53 33 53 33 51
26 46 30 46 30 50 26 50 26 46
32 75 34 75 34 79 32 79 32 75
49 62 51 62 51 64 49 64 49 62
44 65 46 65 46 68 44 68 44 65
49 90 53 90 53 93 49 93 49 90
77 58 80 58 80 60 77 60 77 58
48 51 52 51 52 53 48 53 48 51
47 69 52 69 52 71 47 71 47 69
23 26 27 26 27 30 23 30 23 26
11 95 15 95 15 98 11 98 11 95
84 26 87 26 87 28 84 28 84 26
70 35 72 35 72 38 70 38 70 35
15 3 18 3 18 5 15 5 15 3
61 84 65 84 65 86 61 86 61 84
44 52 46 52 46 57 44 57 44 52
36 2 41 2 41 6 36 6 36 2
22 15 24 15 24 19 22 19 22 15
21 2 24 2 24 5 21 5 21 2
63 41 66 41 66 44 63 44 63 41
14 57 17 57 17 60 14 60 14 57
85 65 87 65 87 70 85 70 85 65
67 89 69 89 69 92 67 92 67 89
60 12 62 12 62 17 60 17 60 12
21 21 26 21 26 23 21 23 21 21
11 52 13 52 13 57 11 57 11 52
73 14 76 14 76 16 73 16 73 14
38 23 42 23 42 25 38 25 38 23
43 47 45 47 45 49 43 49 43 47
32 83 34 83 34 88 32 88 32 83
67 75 71 75 71 78 67 78 67 75
81 58 83 58 83 62 81 62 81 58
87 17 91 17 91 22 87 22 87 17
93 37 97 37 97 39 93 39 93 37
8 76 12 76 12 80 8 80 8 76
78 5 81 5 81 7 78 7 78 5
64 2 67 2 67 6 64 6 64 2
63 71 66 71 66 73 63 73 63 71
57 22 60 22 60 27 57 27 57 22
7 7 10 7 10 9 7 9 7 7
20 51 22 51 22 53 20 53 20 51
86 58 88 58 88 61 86 61 86 58
2 83 6 83 6 87 2 87 2 83
68 59 72 59 72 63 68 63 68 59
17 43 19 43 19 46 17 46 17 43
90 43 92 43 92 48 90 48 90 43
87 37 91 37 91 40 87 40 87 37
28 28 30 28 30 33 28 33 28 28
31 93 34 93 34 98 31 98 31 93
73 75 77 75 77 77 73 77 73 75
74 46 76 46 76 51 74 51 74 46
69 55 72 55 72 57 69 57 69 55
15 91 19 91 19 93 15 93 15 91
45 90 48 90 48 93 45 93 45 90
93 21 97 21 97 25 93 25 93 21
67 44 69 44 69 46 67 46 67 44
24 51 29 51 29 53 24 53 24 51
16 47 18 47 18 50 16 50 16 47
69 8 71 8 71 13 69 13 69 8
64 89 66 89 66 91 64 91 64 89
74 61 77 61 77 65 74 65 74 61
47 29 51 29 51 31 47 31 47 29
54 72 57 72 57 76 54 76 54 72
38 17 40 17 40 21 38 21 38 17
15 31 19 31 19 34 15 34 15 31
3 52 7 52 7 54 3 54 3 52
93 62 97 62 97 67 93 67 93 62
11 58 13 58 13 63 11 63 11 58
81 45 83 45 83 47 81 47 81 45
11 45 14 45 14 47 11 47 11 45
68 30 71 30 71 33 68 33 68 30
33 45 38 45 38 50 33 50 33 45
48 46 50 46 50 50 48 50 48 46
55 36 57 36 57 38 55 38 55 36
70 50 72 50 72 53 70 53 70 50
48 9 51 9 51 13 48 13 48 9
24 78 29 78 29 81 24 81 24 78
53 87 58 87 58 89 53 89 53 87
53 77 55 77 55 81 53 81 53 77
20 77 23 77 23 79 20 79 20 77
70 2 72 2 72 6 70 6 70 2
58 70 60 70 60 72 58 72 58 70
79 63 81 63 81 66 79 66 79 63
91 87 95 87 95 92 91 92 91 87
88 7 93 7 93 11 88 11 88 7
88 68 90 68 90 70 88 70 88 68
86 30 89 30 89 32 86 32 86 30
17 77 19 77 19 81 17 81 17 77
9 33 14 33 14 36 9 36 9 33
14 12 16 12 16 16 14 16 14 12
28 72 32 72 32 74 28 74 28 72
71 89 73 89 73 92 71 92 71 89
64 77 66 77 66 82 64 82 64 77
17 14 21 14 21 17 17 17 17 14
13 23 18 23 18 27 13 27 13 23
83 6 87 6 87 9 83 9 83 6
68 81 71 81 71 86 68 86 68 81
35 86 38 86 38 88 35 88 35 86
73 33 75 33 75 35 73 35 73 33
68 67 72 67 72 70 68 70 68 67
45 86 50 86 50 89 45 89 45 86
92 28 97 28 97 31 92 31 92 28
17 73 21 73 21 75 17 75 17 73
