86 33 90 33 90 38 86 38 86 33
46 47 51 47 51 51 46 51 46 47
34 17 36 17 36 22 34 22 34 17
65 64 68 64 68 68 65 68 65 64
55 14 59 14 59 19 55 19 55 14
32 47 37 47 37 51 32 51 32 47
51 91 54 91 54 95 51 95 51 91
90 42 95 42 95 44 90 44 90 42
44 4 49 4 49 9 44 9 44 4
22 87 27 87 27 92 22 92 22 87
52 58 54 58 54 61 52 61 52 58
72 12 74 12 74 16 72 16 72 12
59 46 61 46 61 51 59 51 59 46
37 52 40 52 40 56 37 56 37 52
94 73 98 73 98 75 94 75 94 73
70 46 72 46 72 51 70 51 70 46
79 87 82 87 82 91 79 91 79 87
45 86 47 86 47 89 45 89 45 86
63 26 67 26 67 29 63 29 63 26
77 22 80 22 80 27 77 27 77 22
14 77 19 77 19 79 14 79 14 77
49 65 52 65 52 68 49 68 49 65
77 52 80 52 80 54 77 54 77 52
64 77 67 77 67 80 64 80 64 77
3 57 5 57 5 62 3 62 3 57
88 16 92 16 92 20 88 20 88 16
39 57 43 57 43 62 39 62 39 57
61 74 63 74 63 76 61 76 61 74
39 41 41 41 41 45 39 45 39 41
94 67 98 67 98 71 94 71 94 67
41 73 44 73 44 77 41 77 41 73
89 24 92 24 92 29 89 29 89 24
82 93 84 93 84 98 82 98 82 93
91 31 95 31 95 33 91 33 91 31
5 29 8 29 8 33 5 33 5 29
71 22 75 22 75 26 71 26 71 22
89 13 92 13 92 15 89 15 89 13
60 67 63 67 63 69 60 69 60 67
61 86 65 86 65 90 61 90 61 86
6 68 11 68 11 72 6 72 6 68
44 67 47 67 47 69 44 69 44 67
20 38 25 38 25 41 20 41 20 38
25 95 28 95 28 98 25 98 25 95
72 39 77 39 77 43 72 43 72 39
8 37 10 37 10 41 8 41 8 37
83 62 85 62 85 67 83 67 83 62
58 24 61 24 61 28 58 28 58 24
64 20 68 20 68 22 64 22 64 20
69 54 72 54 72 57 69 57 69 54
39 7 41 7 41 10 39 10 39 7
70 17 73 17 73 20 70 20 70 17
41 83 43 83 43 87 41 87 41 83
5 25 9 25 9 28 5 28 5 25
17 33 20 33 20 35 17 35 17 33
28 89 32 89 32 93 28 93 28 89
27 34 31 34 31 38 27 38 27 34
85 55 90 55 90 60 85 60 85 55
56 58 61 58 61 61 56 61 56 58
48 10 51 10 51 14 48 14 48 10
2 40 4 40 4 42 2 42 2 40
60 10 64 10 64 14 60 14 60 10
53 40 56 40 56 44 53 44 53 40
59 80 61 80 61 85 59 85 59 80
39 21 44 21 44 26 39 26 39 21
90 47 94 47 94 50 90 50 90 47
29 82 32 82 32 84 29 84 29 82
19 50 24 50 24 52 19 52 19 50
42 91 45 91 45 95 42 95 42 91
28 53 31 53 31 56 28 56 28 53
4 48 7 48 7 51 4 51 4 48
28 19 31 19 31 21 28 21 28 19
55 34 60 34 60 39 55 39 55 34
51 73 56 73 56 78 51 78 51 73
75 17 79 17 79 20 75 20 75 17
16 29 18 29 18 32 16 32 16 29
78 66 80 66 80 70 78 70 78 66
26 2 31 2 31 6 26 6 26 2
14 70 19 70 19 74 14 74 14 70
88 94 92 94 92 98 88 98 88 94
67 85 70 85 70 90 67 90 67 85
51 52 54 52 54 56 51 56 51 52
15 90 18 90 18 93 15 93 15 90
93 87 96 87 96 89 93 89 93 87
72 85 76 85 76 88 72 88 72 85
23 58 28 58 28 60 23 60 23 58
47 25 49 25 49 27 47 27 47 25
11 55 16 55 16 60 11 60 11 55
55 93 57 93 57 98 55 98 55 93
83 25 87 25 87 30 83 30 83 25
62 44 64 44 64 47 62 47 62 44
7 12 10 12 10 16 7 16 7 12
8 4 12 4 12 6 8 6 8 4
62 55 65 55 65 57 62 57 62 55
81 19 85 19 85 21 81 21 81 19
25 71 29 71 29 74 25 74 25 71
22 61 26 61 26 63 22 63 22 61
11 21 13 21 13 25 11 25 11 21
71 70 75 70 75 74 71 74 71 70
46 16 51 16 51 20 46 20 46 16
18 6 21 6 21 8 18 8 18 6
71 66 73 66 73 68 71 68 71 66
22 30 25 30 25 33 22 33 22 30
68 29 73 29 73 31 68 31 68 29
85 49 89 49 89 51 85 51 85 49
42 28 45 28 45 30 42 30 42 28
89 84 92 84 92 87 89 87 89 84
2 73 5 73 5 77 2 77 2 73
34 77 38 77 38 81 34 81 34 77
31 26 36 26 36 31 31 31 31 26
87 76 90 76 90 80 87 80 87 76
52 84 57 84 57 86 52 86 52 84
84 73 86 73 86 76 84 76 84 73
82 43 86 43 86 46 82 46 82 43
16 82 18 82 18 87 16 87 16 82
93 6 97 6 97 10 93 10 93 6
77 9 81 9 81 14 77 14 77 9
58 77 63 77 63 79 58 79 58 77
20 20 22 20 22 22 20 22 20 20
5 83 8 83 8 86 5 86 5 83
43 53 45 53 45 55 43 55 43 53
30 9 35 9 35 14 30 14 30 9
93 25 98 25 98 27 93 27 93 25
94 58 96 58 96 63 94 63 94 58
31 63 33 63 33 67 31 67 31 63
53 46 57 46 57 48 53 48 53 46
14 41 16 41 16 44 14 44 14 41
41 49 45 49 45 51 41 51 41 49
24 21 27 21 27 23 24 23 24 21
62 70 66 70 66 73 62 73 62 70
70 91 73 91 73 94 70 94 70 91
22 76 24 76 24 81 22 81 22 76
5 89 7 89 7 94 5 94 5 89
36 83 40 83 40 88 36 88 36 83
57 74 59 74 59 76 57 76 57 74
21 12 25 12 25 15 21 15 21 12
59 2 62 2 62 6 59 6 59 2
45 38 50 38 50 40 45 40 45 38
34 89 38 89 38 91 34 91 34 89
35 39 38 39 38 44 35 44 35 39
84 88 89 88 89 91 84 91 84 88
74 33 79 33 79 35 74 35 74 33
14 15 17 15 17 17 14 17 14 15
78 76 83 76 83 79 78 79 78 76
33 2 37 2 37 4 33 4 33 2
14 23 16 23 16 26 14 26 14 23
20 67 24 67 24 72 20 72 20 67
18 16 20 16 20 18 18 18 18 16
9 83 14 83 14 85 9 85 9 83
26 76 29 76 29 79 26 79 26 76
82 36 85 36 85 41 82 41 82 36
65 33 67 33 67 37 65 37 65 33
78 6 80 6 80 8 78 8 78 6
46 54 50 54 50 57 46 57 46 54
68 12 70 12 70 15 68 15 68 12
72 78 74 78 74 81 72 81 72 78
42 78 44 78 44 80 42 80 42 78
42 11 47 11 47 15 42 15 42 11
68 8 73 8 73 10 68 10 68 8
34 69 38 69 38 74 34 74 34 69
31 15 33 15 33 17 31 17 31 15
63 5 65 5 65 8 63 8 63 5
92 77 96 77 96 80 92 80 92 77
8 89 10 89 10 92 8 92 8 89
85 11 88 11 88 14 85 14 85 11
66 38 71 38 71 41 66 41 66 38
71 4 73 4 73 7 71 7 71 4
42 88 44 88 44 90 42 90 42 88
76 3 79 3 79 5 76 5 76 3
74 65 77 65 77 69 74 69 74 65
82 31 85 31 85 34 82 34 82 31
39 36 43 36 43 38 39 38 39 36
8 47 13 47 13 50 8 50 8 47
3 44 6 44 6 46 3 46 3 44
29 57 34 57 34 60 29 60 29 57
10 8 12 8 12 11 10 11 10 8
20 25 22 25 22 27 20 27 20 25
76 48 80 48 80 51 76 51 76 48
44 62 47 62 47 64 44 64 44 62
47 28 51 28 51 31 47 31 47 28
9 93 14 93 14 98 9 98 9 93
26 50 29 50 29 52 26 52 26 50
85 8 87 8 87 10 85 10 85 8
72 59 76 59 76 64 72 64 72 59
9 30 14 30 14 33 9 33 9 30
63 92 65 92 65 97 63 97 63 92
47 44 49 44 49 46 47 46 47 44
23 82 26 82 26 85 23 85 23 82
51 23 55 23 55 26 51 26 51 23
94 35 97 35 97 39 94 39 94 35
4 9 6 9 6 14 4 14 4 9
51 81 56 81 56 83 51 83 51 81
20 43 23 43 23 46 20 46 20 43
65 43 69 43 69 48 65 48 65 43
26 29 30 29 30 31 26 31 26 29
47 94 50 94 50 97 47 97 47 94
95 50 98 50 98 53 95 53 95 50
30 76 33 76 33 81 30 81 30 76
4 64 7 64 7 66 4 66 4 64
33 92 35 92 35 97 33 97 33 92
17 11 19 11 19 14 17 14 17 11
