74 64 77 64 77 69 74 69 74 64
81 11 83 11 83 16 81 16 81 11
76 90 80 90 80 93 76 93 76 90
28 79 33 79 33 83 28 83 28 79
6 27 8 27 8 32 6 32 6 27
59 71 61 71 61 76 59 76 59 71
44 26 46 26 46 28 44 28 44 26
16 75 21 75 21 77 16 77 16 75
10 24 15 24 15 26 10 26 10 24
14 63 17 63 17 66 14 66 14 63
43 15 46 15 46 17 43 17 43 15
43 20 45 20 45 24 43 24 43 20
92 52 95 52 95 54 92 54 92 52
78 32 83 32 83 35 78 35 78 32
8 63 11 63 11 68 8 68 8 63
62 23 66 23 66 27 62 27 62 23
47 93 51 93 51 97 47 97 47 93
56 4 58 4 58 6 56 6 56 4
20 30 24 30 24 33 20 33 20 30
51 23 54 23 54 27 51 27 51 23
18 23 21 23 21 26 18 26 18 23
86 34 89 34 89 39 86 39 86 34
57 47 59 47 59 49 57 49 57 47
41 80 46 80 46 84 41 84 41 80
85 74 87 74 87 79 85 79 85 74
5 47 9 47 9 51 5 51 5 47
71 36 74 36 74 38 71 38 71 36
22 81 25 81 25 83 22 83 22 81
84 45 87 45 87 48 84 48 84 45
93 60 96 60 96 63 93 63 93 60
90 31 95 31 95 34 90 34 90 31
36 52 40 52 40 57 36 57 36 52
49 70 52 70 52 73 49 73 49 70
16 69 18 69 18 74 16 74 16 69
29 25 33 25 33 28 29 28 29 25
9 27 14 27 14 30 9 30 9 27
34 37 38 37 38 39 34 39 34 37
37 25 42 25 42 27 37 27 37 25
95 37 97 37 97 39 95 39 95 37
24 66 28 66 28 68 24 68 24 66
44 2 48 2 48 7 44 7 44 2
9 83 12 83 12 85 9 85 9 83
21 45 25 45 25 47 21 47 21 45
71 20 75 20 75 23 71 23 71 20
67 8 69 8 69 12 67 12 67 8
10 58 13 58 13 62 10 62 10 58
87 10 92 10 92 15 87 15 87 10
94 18 96 18 96 21 94 21 94 18
63 54 66 54 66 58 63 58 63 54
88 81 92 81 92 86 88 86 88 81
9 5 11 5 11 9 9 9 9 5
63 30 67 30 67 34 63 34 63 30
41 55 44 55 44 58 41 58 41 55
46 74 49 74 49 78 46 78 46 74
55 51 58 51 58 56 55 56 55 51
52 35 56 35 56 40 52 40 52 35
82 40 84 40 84 44 82 44 82 40
93 10 96 10 96 12 93 12 93 10
35 80 40 80 40 84 35 84 35 80
55 9 57 9 57 11 55 11 55 9
61 5 63 5 63 8 61 8 61 5
40 38 45 38 45 43 40 43 40 38
65 73 67 73 67 77 65 77 65 73
3 69 6 69 6 71 3 71 3 69
7 90 12 90 12 93 7 93 7 90
47 11 50 11 50 15 47 15 47 11
22 5 27 5 27 8 22 8 22 5
37 71 42 71 42 74 37 74 37 71
30 93 33 93 33 95 30 95 30 93
23 35 25 35 25 40 23 40 23 35
31 8 33 8 33 10 31 10 31 8
48 25 50 25 50 27 48 27 48 25
82 3 85 3 85 8 82 8 82 3
78 36 80 36 80 39 78 39 78 36
36 19 41 19 41 21 36 21 36 19
27 73 29 73 29 78 27 78 27 73
2 82 7 82 7 86 2 86 2 82
16 49 20 49 20 54 16 54 16 49
34 2 38 2 38 6 34 6 34 2
70 59 74 59 74 62 70 62 70 59
8 79 11 79 11 82 8 82 8 79
28 19 32 19 32 24 28 24 28 19
22 41 27 41 27 43 22 43 22 41
89 56 92 56 92 61 89 61 89 56
81 49 83 49 83 53 81 53 81 49
16 88 20 88 20 90 16 90 16 88
90 23 94 23 94 28 90 28 90 23
24 56 26 56 26 59 24 59 24 56
53 17 55 17 55 19 53 19 53 17
66 38 69 38 69 40 66 40 66 38
34 13 36 13 36 17 34 17 34 13
34 47 37 47 37 51 34 51 34 47
38 60 42 60 42 65 38 65 38 60
7 33 11 33 11 35 7 35 7 33
11 40 14 40 14 42 11 42 11 40
71 87 76 87 76 89 71 89 71 87
28 4 30 4 30 6 28 6 28 4
63 86 68 86 68 89 63 89 63 86
27 54 31 54 31 56 27 56 27 54
17 80 20 80 20 82 17 82 17 80
76 15 79 15 79 17 76 17 76 15
25 49 28 49 28 52 25 52 25 49
29 47 31 47 31 52 29 52 29 47
86 58 88 58 88 62 86 62 86 58
32 90 37 90 37 92 32 92 32 90
90 41 94 41 94 43 90 43 90 41
83 88 85 88 85 90 83 90 83 88
57 91 59 91 59 94 57 94 57 91
79 62 83 62 83 64 79 64 79 62
12 95 14 95 14 98 12 98 12 95
52 74 55 74 55 76 52 76 52 74
75 55 79 55 79 58 75 58 75 55
49 50 53 50 53 54 49 54 49 50
69 2 72 2 72 4 69 4 69 2
58 35 62 35 62 37 58 37 58 35
56 17 58 17 58 22 56 22 56 17
31 42 34 42 34 46 31 46 31 42
69 50 72 50 72 54 69 54 69 50
79 72 81 72 81 76 79 76 79 72
49 42 51 42 51 44 49 44 49 42
10 36 15 36 15 38 10 38 10 36
6 5 8 5 8 7 6 7 6 5
56 84 58 84 58 87 56 87 56 84
93 83 98 83 98 87 93 87 93 83
83 92 88 92 88 95 83 95 83 92
44 29 46 29 46 31 44 31 44 29
14 56 19 56 19 58 14 58 14 56
13 67 15 67 15 70 13 70 13 67
72 25 76 25 76 27 72 27 72 25
74 42 79 42 79 45 74 45 74 42
94 89 96 89 96 91 94 91 94 89
44 46 46 46 46 50 44 50 44 46
89 92 93 92 93 97 89 97 89 92
18 95 20 95 20 98 18 98 18 95
15 3 20 3 20 6 15 6 15 3
61 61 65 61 65 65 61 65 61 61
83 54 87 54 87 57 83 57 83 54
86 87 90 87 90 89 86 89 86 87
16 15 20 15 20 18 16 18 16 15
21 53 23 53 23 57 21 57 21 53
55 66 57 66 57 70 55 70 55 66
5 10 7 10 7 12 5 12 5 10
39 44 43 44 43 47 39 47 39 44
62 79 67 79 67 84 62 84 62 79
61 17 65 17 65 19 61 19 61 17
22 21 25 21 25 25 22 25 22 21
70 71 74 71 74 73 70 73 70 71
38 12 40 12 40 17 38 17 38 12
49 2 54 2 54 5 49 5 49 2
23 73 26 73 26 77 23 77 23 73
11 14 15 14 15 17 11 17 11 14
71 7 73 7 73 12 71 12 71 7
64 47 68 47 68 50 64 50 64 47
58 28 61 28 61 31 58 31 58 28
43 62 48 62 48 67 43 67 43 62
5 52 7 52 7 57 5 57 5 52
52 57 54 57 54 60 52 60 52 57
26 31 31 31 31 34 26 34 26 31
43 32 45 32 45 36 43 36 43 32
25 12 28 12 28 17 25 17 25 12
44 87 49 87 49 89 44 89 44 87
68 64 73 64 73 66 68 66 68 64
93 77 95 77 95 80 93 80 93 77
39 28 42 28 42 32 39 32 39 28
88 71 93 71 93 74 88 74 88 71
69 17 71 17 71 19 69 19 69 17
2 75 4 75 4 80 2 80 2 75
7 19 9 19 9 23 7 23 7 19
47 37 49 37 49 41 47 41 47 37
8 43 13 43 13 45 8 45 8 43
3 42 7 42 7 44 3 44 3 42
89 2 94 2 94 4 89 4 89 2
12 46 15 46 15 50 12 50 12 46
18 35 20 35 20 37 18 37 18 35
34 95 36 95 36 98 34 98 34 95
55 24 57 24 57 26 55 26 55 24
81 80 84 80 84 84 81 84 81 80
3 14 7 14 7 16 3 16 3 14
39 75 42 75 42 79 39 79 39 75
73 16 75 16 75 19 73 19 73 16
49 80 54 80 54 83 49 83 49 80
76 9 80 9 80 14 76 14 76 9
37 87 41 87 41 89 37 89 37 87
28 37 32 37 32 39 28 39 28 37
21 94 25 94 25 96 21 96 21 94
48 57 50 57 50 59 48 59 48 57
68 79 72 79 72 84 68 84 68 79
68 41 73 41 73 43 68 43 68 41
63 14 67 14 67 16 63 16 63 14
94 44 98 44 98 47 94 47 94 44
52 85 54 85 54 87 52 87 52 85
55 43 58 43 58 46 55 46 55 43
82 66 87 66 87 68 82 68 82 66
90 17 93 17 93 22 90 22 90 17
34 25 36 25 36 29 34 29 34 25
22 26 27 26 27 28 22 28 22 26
83 19 85 19 85 24 83 24 83 19
8 52 11 52 11 57 8 57 8 52
69 75 74 75 74 77 69 77 69 75
80 58 85 58 85 60 80 60 80 58
