82 61 84 61 84 64 82 64 82 61
95 2 97 2 97 5 95 5 95 2
88 42 90 42 90 44 88 44 88 42
79 41 83 41 83 45 79 45 79 41
7 73 9 73 9 78 7 78 7 73
62 9 65 9 65 11 62 11 62 9
71 42 75 42 75 46 71 46 71 42
44 11 47 11 47 16 44 16 44 11
66 25 70 25 70 29 66 29 66 25
68 81 71 81 71 85 68 85 68 81
23 39 25 39 25 41 23 41 23 39
22 22 25 22 25 25 22 25 22 22
23 50 28 50 28 52 23 52 23 50
92 73 95 73 95 77 92 77 92 73
66 42 69 42 69 44 66 44 66 42
24 75 27 75 27 80 24 80 24 75
13 9 16 9 16 14 13 14 13 9
59 82 63 82 63 85 59 85 59 82
35 69 37 69 37 74 35 74 35 69
76 19 81 19 81 24 76 24 76 19
21 57 24 57 24 60 21 60 21 57
8 43 12 43 12 45 8 45 8 43
33 10 37 10 37 12 33 12 33 10
17 7 22 7 22 10 17 10 17 7
27 14 30 14 30 19 27 19 27 14
71 16 74 16 74 21 71 21 71 16
15 58 17 58 17 63 15 63 15 58
24 31 26 31 26 34 24 34 24 31
48 15 52 15 52 20 48 20 48 15
41 45 43 45 43 50 41 50 41 45
62 92 67 92 67 95 62 95 62 92
51 38 55 38 55 40 51 40 51 38
7 89 10 89 10 93 7 93 7 89
90 56 93 56 93 61 90 61 90 56
95 80 98 80 98 85 95 85 95 80
75 76 80 76 80 79 75 79 75 76
65 89 70 89 70 91 65 91 65 89
85 89 88 89 88 93 85 93 85 89
83 69 85 69 85 73 83 73 83 69
67 67 71 67 71 69 67 69 67 67
23 3 25 3 25 5 23 5 23 3
72 83 75 83 75 86 72 86 72 83
72 55 76 55 76 57 72 57 72 55
35 90 37 90 37 94 35 94 35 90
58 58 61 58 61 61 58 61 58 58
42 84 44 84 44 88 42 88 42 84
40 91 43 91 43 96 40 96 40 91
45 80 50 80 50 85 45 85 45 80
60 46 64 46 64 48 60 48 60 46
8 12 12 12 12 15 8 15 8 12
73 64 75 64 75 67 73 67 73 64
56 13 59 13 59 17 56 17 56 13
81 53 85 53 85 55 81 55 81 53
52 92 56 92 56 95 52 95 52 92
4 81 9 81 9 84 4 84 4 81
89 17 92 17 92 21 89 21 89 17
20 35 22 35 22 39 20 39 20 35
91 36 94 36 94 41 91 41 91 36
16 67 19 67 19 72 16 72 16 67
86 63 88 63 88 67 86 67 86 63
21 63 23 63 23 68 21 68 21 63
55 7 59 7 59 10 55 10 55 7
43 36 47 36 47 39 43 39 43 36
8 34 13 34 13 37 8 37 8 34
32 64 37 64 37 68 32 68 32 64
72 94 74 94 74 97 72 97 72 94
31 84 34 84 34 89 31 89 31 84
59 20 63 20 63 24 59 24 59 20
7 20 10 20 10 23 7 23 7 20
59 52 61 52 61 55 59 55 59 52
31 95 33 95 33 97 31 97 31 95
18 48 21 48 21 50 18 50 18 48
68 61 71 61 71 65 68 65 68 61
89 90 92 90 92 92 89 92 89 90
38 16 42 16 42 18 38 18 38 16
11 23 14 23 14 28 11 28 11 23
23 8 25 8 25 12 23 12 23 8
89 95 91 95 91 97 89 97 89 95
31 78 33 78 33 83 31 83 31 78
7 61 9 61 9 66 7 66 7 61
85 57 89 57 89 60 85 60 85 57
17 86 20 86 20 88 17 88 17 86
76 69 81 69 81 72 76 72 76 69
60 72 65 72 65 76 60 76 60 72
59 68 63 68 63 70 59 70 59 68
63 33 65 33 65 35 63 35 63 33
18 30 23 30 23 34 18 34 18 30
38 21 43 21 43 23 38 23 38 21
80 47 83 47 83 51 80 51 80 47
81 80 83 80 83 84 81 84 81 80
11 87 16 87 16 89 11 89 11 87
17 89 20 89 20 91 17 91 17 89
50 74 54 74 54 77 50 77 50 74
4 96 7 96 7 98 4 98 4 96
36 3 38 3 38 8 36 8 36 3
71 7 75 7 75 12 71 12 71 7
77 94 79 94 79 96 77 96 77 94
52 62 54 62 54 64 52 64 52 62
82 2 86 2 86 7 82 7 82 2
44 90 48 90 48 92 44 92 44 90
50 45 55 45 55 48 50 48 50 45
38 38 40 38 40 43 38 43 38 38
92 52 94 52 94 54 92 54 92 52
89 84 94 84 94 87 89 87 89 84
84 77 86 77 86 79 84 79 84 77
83 36 88 36 88 38 83 38 83 36
5 53 10 53 10 58 5 58 5 53
2 90 4 90 4 93 2 93 2 90
21 53 23 53 23 56 21 56 21 53
45 23 48 23 48 25 45 25 45 23
77 86 82 86 82 88 77 88 77 86
46 26 48 26 48 30 46 30 46 26
27 53 29 53 29 56 27 56 27 53
32 22 37 22 37 26 32 26 32 22
49 22 52 22 52 27 49 27 49 22
75 29 79 29 79 34 75 34 75 29
86 96 88 96 88 98 86 98 86 96
13 82 18 82 18 84 13 84 13 82
11 91 16 91 16 95 11 95 11 91
55 62 60 62 60 65 55 65 55 62
53 29 56 29 56 31 53 31 53 29
32 27 37 27 37 31 32 31 32 27
89 3 94 3 94 8 89 8 89 3
77 13 79 13 79 15 77 15 77 13
32 60 36 60 36 63 32 63 32 60
93 65 98 65 98 69 93 69 93 65
61 37 66 37 66 39 61 39 61 37
79 8 84 8 84 10 79 10 79 8
86 70 91 70 91 74 86 74 86 70
62 60 64 60 64 64 62 64 62 60
23 86 25 86 25 91 23 91 23 86
20 41 22 41 22 44 20 44 20 41
67 73 69 73 69 78 67 78 67 73
48 50 52 50 52 52 48 52 48 50
56 4 61 4 61 6 56 6 56 4
10 76 14 76 14 80 10 80 10 76
49 86 54 86 54 90 49 90 49 86
2 49 4 49 4 51 2 51 2 49
54 19 57 19 57 24 54 24 54 19
84 22 88 22 88 27 84 27 84 22
39 67 41 67 41 71 39 71 39 67
68 18 70 18 70 23 68 23 68 18
2 38 6 38 6 42 2 42 2 38
89 29 93 29 93 31 89 31 89 29
22 15 25 15 25 20 22 20 22 15
62 5 65 5 65 8 62 8 62 5
40 59 43 59 43 62 40 62 40 59
61 14 66 14 66 16 61 16 61 14
4 85 7 85 7 88 4 88 4 85
36 46 39 46 39 48 36 48 36 46
37 51 42 51 42 53 37 53 37 51
51 3 54 3 54 6 51 6 51 3
16 74 20 74 20 79 16 79 16 74
12 64 17 64 17 66 12 66 12 64
40 73 44 73 44 77 40 77 40 73
48 41 52 41 52 43 48 43 48 41
18 25 21 25 21 29 18 29 18 25
16 37 19 37 19 42 16 42 16 37
19 94 24 94 24 96 19 96 19 94
84 15 86 15 86 17 84 17 84 15
35 14 37 14 37 16 35 16 35 14
95 6 97 6 97 11 95 11 95 6
17 21 19 21 19 23 17 23 17 21
28 10 31 10 31 13 28 13 28 10
64 17 66 17 66 20 64 20 64 17
28 33 31 33 31 38 28 38 28 33
46 5 48 5 48 10 46 10 46 5
27 42 31 42 31 44 27 44 27 42
37 82 39 82 39 85 37 85 37 82
5 3 8 3 8 6 5 6 5 3
38 26 43 26 43 31 38 31 38 26
12 39 14 39 14 41 12 41 12 39
94 32 96 32 96 34 94 34 94 32
64 52 67 52 67 56 64 56 64 52
16 15 21 15 21 19 16 19 16 15
84 30 88 30 88 35 84 35 84 30
73 90 77 90 77 93 73 93 73 90
6 25 10 25 10 30 6 30 6 25
54 49 57 49 57 51 54 51 54 49
34 35 37 35 37 39 34 39 34 35
26 3 29 3 29 5 26 5 26 3
54 78 57 78 57 82 54 82 54 78
12 3 14 3 14 5 12 5 12 3
12 49 17 49 17 53 12 53 12 49
59 42 64 42 64 45 59 45 59 42
30 47 35 47 35 50 30 50 30 47
41 3 44 3 44 8 41 8 41 3
93 89 96 89 96 91 93 91 93 89
51 66 53 66 53 69 51 69 51 66
4 33 6 33 6 36 4 36 4 33
26 67 30 67 30 69 26 69 26 67
46 68 48 68 48 70 46 70 46 68
72 58 77 58 77 61 72 61 72 58
53 26 58 26 58 28 53 28 53 26
60 79 63 79 63 81 60 81 60 79
37 32 40 32 40 34 37 34 37 32
84 84 87 84 87 86 84 86 84 84
45 59 47 59 47 61 45 61 45 59
61 49 64 49 64 51 61 51 61 49
52 53 56 53 56 56 52 56 52 53
