31 57 33 57 33 62 31 62 31 57
51 82 54 82 54 86 51 86 51 82
42 61 44 61 44 66 42 66 42 61
20 68 24 68 24 73 20 73 20 68
40 93 43 93 43 96 40 96 40 93
90 40 92 40 92 42 90 42 90 40
74 87 78 87 78 92 74 92 74 87
26 52 30 52 30 55 26 55 26 52
14 19 17 19 17 23 14 23 14 19
88 48 91 48 91 53 88 53 88 48
41 27 44 27 44 31 41 31 41 27
24 5 26 5 26 10 24 10 24 5
89 69 93 69 93 74 89 74 89 69
57 81 62 81 62 84 57 84 57 81
33 76 36 76 36 80 33 80 33 76
72 71 74 71 74 73 72 73 72 71
84 42 87 42 87 45 84 45 84 42
40 74 43 74 43 78 40 78 40 74
44 67 46 67 46 72 44 72 44 67
49 27 54 27 54 32 49 32 49 27
3 39 8 39 8 42 3 42 3 39
64 13 67 13 67 18 64 18 64 13
75 10 79 10 79 12 75 12 75 10
52 45 57 45 57 50 52 50 52 45
19 65 23 65 23 67 19 67 19 65
33 16 38 16 38 20 33 20 33 16
43 52 46 52 46 56 43 56 43 52
12 28 17 28 17 33 12 33 12 28
24 46 26 46 26 51 24 51 24 46
56 88 58 88 58 92 56 92 56 88
33 51 37 51 37 53 33 53 33 51
16 25 20 25 20 27 16 27 16 25
42 83 47 83 47 86 42 86 42 83
7 79 10 79 10 81 7 81 7 79
25 88 30 88 30 91 25 91 25 88
19 82 23 82 23 84 19 84 19 82
66 44 68 44 68 47 66 47 66 44
44 79 47 79 47 82 44 82 44 79
58 15 62 15 62 19 58 19 58 15
94 61 96 61 96 66 94 66 94 61
22 93 26 93 26 96 22 96 22 93
87 3 89 3 89 6 87 6 87 3
82 14 85 14 85 18 82 18 82 14
94 86 98 86 98 90 94 90 94 86
2 24 7 24 7 26 2 26 2 24
86 16 89 16 89 18 86 18 86 16
46 19 50 19 50 23 46 23 46 19
13 3 15 3 15 6 13 6 13 3
7 63 12 63 12 65 7 65 7 63
2 74 7 74 7 77 2 77 2 74
7 54 12 54 12 59 7 59 7 54
70 6 72 6 72 9 70 9 70 6
20 46 22 46 22 50 20 50 20 46
68 28 73 28 73 31 68 31 68 28
82 20 86 20 86 24 82 24 82 20
77 31 81 31 81 33 77 33 77 31
47 24 52 24 52 26 47 26 47 24
27 68 29 68 29 72 27 72 27 68
88 25 90 25 90 29 88 29 88 25
26 32 28 32 28 36 26 36 26 32
87 60 91 60 91 62 87 62 87 60
92 18 96 18 96 21 92 21 92 18
69 51 73 51 73 53 69 53 69 51
77 74 79 74 79 78 77 78 77 74
6 43 11 43 11 46 6 46 6 43
62 89 67 89 67 93 62 93 62 89
70 33 75 33 75 36 70 36 70 33
8 12 13 12 13 17 8 17 8 12
14 88 19 88 19 93 14 93 14 88
70 17 75 17 75 19 70 19 70 17
61 47 65 47 65 51 61 51 61 47
91 30 95 30 95 34 91 34 91 30
48 36 53 36 53 41 48 41 48 36
32 36 34 36 34 38 32 38 32 36
74 49 78 49 78 54 74 54 74 49
70 54 73 54 73 59 70 59 70 54
37 54 40 54 40 56 37 56 37 54
13 52 17 52 17 55 13 55 13 52
88 35 90 35 90 39 88 39 88 35
73 66 78 66 78 70 73 70 73 66
19 10 21 10 21 13 19 13 19 10
55 53 58 53 58 56 55 56 55 53
7 19 11 19 11 22 7 22 7 19
62 73 66 73 66 75 62 75 62 73
29 28 33 28 33 33 29 33 29 28
93 23 96 23 96 25 93 25 93 23
5 94 9 94 9 98 5 98 5 94
13 81 17 81 17 86 13 86 13 81
77 71 81 71 81 73 77 73 77 71
95 3 97 3 97 5 95 5 95 3
31 22 35 22 35 27 31 27 31 22
19 43 23 43 23 45 19 45 19 43
88 75 92 75 92 78 88 78 88 75
42 15 47 15 47 18 42 18 42 15
38 50 42 50 42 52 38 52 38 50
17 3 20 3 20 7 17 7 17 3
92 11 97 11 97 13 92 13 92 11
54 57 58 57 58 61 54 61 54 57
14 43 18 43 18 46 14 46 14 43
94 57 98 57 98 59 94 59 94 57
90 5 92 5 92 9 90 9 90 5
64 54 66 54 66 57 64 57 64 54
5 89 9 89 9 91 5 91 5 89
42 10 47 10 47 13 42 13 42 10
11 70 13 70 13 72 11 72 11 70
70 76 72 76 72 79 70 79 70 76
38 2 43 2 43 6 38 6 38 2
68 87 71 87 71 90 68 90 68 87
64 77 69 77 69 80 64 80 64 77
49 45 51 45 51 48 49 48 49 45
63 30 66 30 66 32 63 32 63 30
52 72 56 72 56 74 52 74 52 72
54 62 56 62 56 66 54 66 54 62
7 4 12 4 12 9 7 9 7 4
36 25 39 25 39 29 36 29 36 25
36 40 39 40 39 44 36 44 36 40
51 68 55 68 55 70 51 70 51 68
61 20 66 20 66 23 61 23 61 20
46 44 48 44 48 46 46 46 46 44
27 10 32 10 32 12 27 12 27 10
30 44 34 44 34 49 30 49 30 44
33 70 37 70 37 72 33 72 33 70
91 80 94 80 94 83 91 83 91 80
85 63 87 63 87 65 85 65 85 63
14 67 16 67 16 72 14 72 14 67
14 62 16 62 16 64 14 64 14 62
37 74 39 74 39 78 37 78 37 74
79 2 82 2 82 5 79 5 79 2
45 6 49 6 49 9 45 9 45 6
58 26 60 26 60 28 58 28 58 26
5 48 8 48 8 53 5 53 5 48
85 89 87 89 87 92 85 92 85 89
64 37 68 37 68 39 64 39 64 37
61 26 65 26 65 28 61 28 61 26
76 27 79 27 79 29 76 29 76 27
31 5 33 5 33 7 31 7 31 5
25 23 27 23 27 27 25 27 25 23
27 94 30 94 30 98 27 98 27 94
46 92 50 92 50 96 46 96 46 92
6 68 9 68 9 72 6 72 6 68
93 50 97 50 97 53 93 53 93 50
50 14 52 14 52 17 50 17 50 14
71 44 73 44 73 48 71 48 71 44
51 59 53 59 53 62 51 62 51 59
82 53 87 53 87 56 82 56 82 53
18 32 22 32 22 34 18 34 18 32
47 53 51 53 51 55 47 55 47 53
82 34 87 34 87 39 82 39 82 34
54 37 57 37 57 41 54 41 54 37
64 34 68 34 68 36 64 36 64 34
42 22 44 22 44 26 42 26 42 22
90 63 93 63 93 67 90 67 90 63
46 58 48 58 48 60 46 60 46 58
22 14 25 14 25 19 22 19 22 14
82 75 86 75 86 80 82 80 82 75
67 83 69 83 69 86 67 86 67 83
17 14 19 14 19 17 17 17 17 14
24 38 28 38 28 42 24 42 24 38
72 24 75 24 75 26 72 26 72 24
57 2 59 2 59 5 57 5 57 2
95 46 98 46 98 49 95 49 95 46
80 65 83 65 83 67 80 67 80 65
69 91 73 91 73 96 69 96 69 91
70 12 73 12 73 14 70 14 70 12
24 58 26 58 26 62 24 62 24 58
22 85 27 85 27 87 22 87 22 85
12 73 17 73 17 77 12 77 12 73
58 7 61 7 61 10 58 10 58 7
81 7 83 7 83 9 81 9 81 7
39 35 42 35 42 39 39 39 39 35
77 82 82 82 82 85 77 85 77 82
51 91 54 91 54 95 51 95 51 91
80 93 83 93 83 97 80 97 80 93
30 39 33 39 33 42 30 42 30 39
59 53 62 53 62 56 59 56 59 53
60 59 65 59 65 64 60 64 60 59
84 2 86 2 86 6 84 6 84 2
23 52 25 52 25 56 23 56 23 52
6 28 10 28 10 30 6 30 6 28
33 86 35 86 35 90 33 90 33 86
4 63 6 63 6 67 4 67 4 63
49 42 54 42 54 44 49 44 49 42
13 34 15 34 15 36 13 36 13 34
35 7 39 7 39 9 35 9 35 7
92 35 97 35 97 39 92 39 92 35
72 60 75 60 75 63 72 63 72 60
80 26 85 26 85 28 80 28 80 26
20 77 22 77 22 81 20 81 20 77
65 6 68 6 68 10 65 10 65 6
46 48 48 48 48 50 46 50 46 48
50 87 52 87 52 90 50 90 50 87
32 66 36 66 36 69 32 69 32 66
78 60 83 60 83 64 78 64 78 60
67 56 69 56 69 60 67 60 67 56
57 73 59 73 59 77 57 77 57 73
45 87 47 87 47 89 45 89 45 87
84 84 89 84 89 86 84 86 84 84
88 21 91 21 91 24 88 24 88 21
84 30 87 30 87 32 84 32 84 30
34 31 37 31 37 35 34 35 34 31
