39 72 43 72 43 75 39 75 39 72
86 83 91 83 91 85 86 85 86 83
60 16 64 16 64 21 60 21 60 16
66 26 71 26 71 30 66 30 66 26
32 21 37 21 37 24 32 24 32 21
63 36 65 36 65 38 63 38 63 36
8 52 13 52 13 56 8 56 8 52
36 65 41 65 41 70 36 70 36 65
81 77 86 77 86 81 81 81 81 77
77 69 80 69 80 72 77 72 77 69
19 19 23 19 23 22 19 22 19 19
41 93 43 93 43 96 41 96 41 93
29 57 32 57 32 59 29 59 29 57
10 62 13 62 13 65 10 65 10 62
27 21 29 21 29 24 27 24 27 21
83 23 88 23 88 25 83 25 83 23
22 42 25 42 25 45 22 45 22 42
62 77 64 77 64 82 62 82 62 77
71 35 73 35 73 37 71 37 71 35
92 16 94 16 94 19 92 19 92 16
92 94 97 94 97 96 92 96 92 94
8 8 13 8 13 12 8 12 8 8
32 87 36 87 36 91 32 91 32 87
29 4 34 4 34 9 29 9 29 4
82 92 86 92 86 97 82 97 82 92
21 93 23 93 23 95 21 95 21 93
64 73 68 73 68 75 64 75 64 73
67 21 72 21 72 24 67 24 67 21
4 41 7 41 7 43 4 43 4 41
46 14 49 14 49 17 46 17 46 14
6 22 9 22 9 27 6 27 6 22
27 36 30 36 30 40 27 40 27 36
30 77 35 77 35 81 30 81 30 77
51 57 53 57 53 61 51 61 51 57
19 65 21 65 21 69 19 69 19 65
6 88 10 88 10 92 6 92 6 88
2 85 4 85 4 90 2 90 2 85
74 35 77 35 77 37 74 37 74 35
93 76 97 76 97 79 93 79 93 76
78 42 83 42 83 47 78 47 78 42
40 80 43 80 43 84 40 84 40 80
65 48 69 48 69 52 65 52 65 48
11 94 13 94 13 96 11 96 11 94
30 65 32 65 32 70 30 70 30 65
42 39 44 39 44 44 42 44 42 39
29 41 33 41 33 43 29 43 29 41
21 70 26 70 26 72 21 72 21 70
58 70 62 70 62 73 58 73 58 70
65 83 70 83 70 85 65 85 65 83
49 11 54 11 54 13 49 13 49 11
50 16 53 16 53 18 50 18 50 16
93 33 95 33 95 35 93 35 93 33
74 25 79 25 79 30 74 30 74 25
95 4 97 4 97 9 95 9 95 4
68 43 71 43 71 46 68 46 68 43
13 87 18 87 18 92 13 92 13 87
11 27 13 27 13 32 11 32 11 27
60 11 63 11 63 14 60 14 60 11
23 12 28 12 28 15 23 15 23 12
55 93 59 93 59 95 55 95 55 93
95 22 97 22 97 26 95 26 95 22
14 51 18 51 18 54 14 54 14 51
63 59 65 59 65 61 63 61 63 59
51 80 53 80 53 85 51 85 51 80
74 14 78 14 78 19 74 19 74 14
13 23 15 23 15 25 13 25 13 23
45 83 49 83 49 85 45 85 45 83
71 73 76 73 76 78 71 78 71 73
82 70 86 70 86 75 82 75 82 70
2 55 7 55 7 59 2 59 2 55
88 44 92 44 92 49 88 49 88 44
15 79 17 79 17 82 15 82 15 79
9 76 11 76 11 81 9 81 9 76
55 10 59 10 59 13 55 13 55 10
4 35 8 35 8 39 4 39 4 35
37 40 40 40 40 42 37 42 37 40
16 93 20 93 20 97 16 97 16 93
22 87 24 87 24 91 22 91 22 87
57 28 61 28 61 31 57 31 57 28
66 89 69 89 69 94 66 94 66 89
89 86 92 86 92 91 89 91 89 86
17 61 21 61 21 64 17 64 17 61
35 13 40 13 40 18 35 18 35 13
12 78 14 78 14 83 12 83 12 78
86 12 88 12 88 17 86 17 86 12
9 67 13 67 13 69 9 69 9 67
84 34 86 34 86 38 84 38 84 34
48 49 51 49 51 51 48 51 48 49
73 2 78 2 78 7 73 7 73 2
81 83 85 83 85 85 81 85 81 83
12 72 14 72 14 76 12 76 12 72
40 55 43 55 43 60 40 60 40 55
93 43 95 43 95 48 93 48 93 43
16 33 20 33 20 36 16 36 16 33
89 21 93 21 93 26 89 26 89 21
7 14 10 14 10 17 7 17 7 14
15 56 17 56 17 60 15 60 15 56
75 57 80 57 80 59 75 59 75 57
10 58 13 58 13 61 10 61 10 58
75 88 79 88 79 91 75 91 75 88
46 33 48 33 48 36 46 36 46 33
57 42 60 42 60 44 57 44 57 42
12 42 17 42 17 45 12 45 12 42
33 47 36 47 36 50 33 50 33 47
49 38 53 38 53 42 49 42 49 38
54 64 56 64 56 66 54 66 54 64
54 71 56 71 56 75 54 75 54 71
54 54 58 54 58 58 54 58 54 54
50 88 52 88 52 91 50 91 50 88
13 5 17 5 17 7 13 7 13 5
4 81 8 81 8 83 4 83 4 81
20 83 25 83 25 85 20 85 20 83
47 4 51 4 51 7 47 7 47 4
10 36 14 36 14 39 10 39 10 36
4 60 8 60 8 65 4 65 4 60
27 71 29 71 29 74 27 74 27 71
3 71 7 71 7 74 3 74 3 71
14 11 16 11 16 14 14 14 14 11
45 26 49 26 49 30 45 30 45 26
94 12 96 12 96 14 94 14 94 12
49 8 54 8 54 10 49 10 49 8
49 66 52 66 52 68 49 68 49 66
79 6 81 6 81 10 79 10 79 6
28 49 31 49 31 52 28 52 28 49
87 77 89 77 89 82 87 82 87 77
61 39 65 39 65 42 61 42 61 39
84 42 86 42 86 44 84 44 84 42
76 32 78 32 78 34 76 34 76 32
59 45 62 45 62 47 59 47 59 45
43 3 45 3 45 5 43 5 43 3
74 95 79 95 79 97 74 97 74 95
21 36 26 36 26 38 21 38 21 36
32 30 36 30 36 34 32 34 32 30
74 8 77 8 77 12 74 12 74 8
80 13 82 13 82 16 80 16 80 13
46 19 51 19 51 22 46 22 46 19
87 36 91 36 91 40 87 40 87 36
44 66 46 66 46 70 44 70 44 66
85 64 87 64 87 67 85 67 85 64
54 50 57 50 57 53 54 53 54 50
62 29 65 29 65 32 62 32 62 29
81 86 83 86 83 88 81 88 81 86
64 4 66 4 66 7 64 7 64 4
31 84 35 84 35 86 31 86 31 84
45 8 47 8 47 11 45 11 45 8
29 17 33 17 33 20 29 20 29 17
60 91 63 91 63 96 60 96 60 91
58 61 60 61 60 66 58 66 58 61
40 87 43 87 43 90 40 90 40 87
6 46 10 46 10 51 6 51 6 46
54 33 58 33 58 37 54 37 54 33
3 8 6 8 6 10 3 10 3 8
67 76 69 76 69 78 67 78 67 76
55 19 59 19 59 24 55 24 55 19
33 44 35 44 35 46 33 46 33 44
13 46 17 46 17 50 13 50 13 46
42 29 44 29 44 32 42 32 42 29
83 3 86 3 86 5 83 5 83 3
58 83 62 83 62 88 58 88 58 83
50 32 53 32 53 35 50 35 50 32
67 58 69 58 69 61 67 61 67 58
32 72 34 72 34 76 32 76 32 72
43 14 45 14 45 19 43 19 43 14
95 64 98 64 98 67 95 67 95 64
36 76 39 76 39 80 36 80 36 76
16 37 20 37 20 41 16 41 16 37
64 12 68 12 68 15 64 15 64 12
84 30 89 30 89 33 84 33 84 30
68 31 72 31 72 33 68 33 68 31
54 25 56 25 56 27 54 27 54 25
10 20 15 20 15 22 10 22 10 20
35 57 38 57 38 59 35 59 35 57
72 66 76 66 76 71 72 71 72 66
27 82 29 82 29 85 27 85 27 82
69 11 73 11 73 13 69 13 69 11
37 51 40 51 40 54 37 54 37 51
49 92 54 92 54 94 49 94 49 92
2 24 4 24 4 28 2 28 2 24
61 53 66 53 66 55 61 55 61 53
38 25 43 25 43 27 38 27 38 25
86 51 89 51 89 53 86 53 86 51
17 75 19 75 19 78 17 78 17 75
19 51 23 51 23 53 19 53 19 51
75 62 78 62 78 65 75 65 75 62
91 66 93 66 93 68 91 68 91 66
91 58 93 58 93 60 91 60 91 58
5 3 9 3 9 7 5 7 5 3
5 85 7 85 7 87 5 87 5 85
92 53 95 53 95 55 92 55 92 53
4 95 6 95 6 98 4 98 4 95
41 35 44 35 44 37 41 37 41 35
31 60 35 60 35 64 31 64 31 60
21 29 23 29 23 31 21 31 21 29
76 81 78 81 78 86 76 86 76 81
3 75 7 75 7 80 3 80 3 75
47 45 51 45 51 48 47 48 47 45
38 4 40 4 40 9 38 9 38 4
73 48 78 48 78 51 73 51 73 48
46 58 48 58 48 63 46 63 46 58
57 67 61 67 61 69 57 69 57 67
