48 61 52 61 52 64 48 64 48 61
2 57 5 57 5 60 2 60 2 57
59 5 61 5 61 7 59 7 59 5
26 15 29 15 29 17 26 17 26 15
72 3 75 3 75 8 72 8 72 3
93 23 95 23 95 25 93 25 93 23
54 41 56 41 56 46 54 46 54 41
2 17 4 17 4 22 2 22 2 17
9 55 12 55 12 59 9 59 9 55
71 74 74 74 74 79 71 79 71 74
77 56 81 56 81 61 77 61 77 56
64 37 68 37 68 40 64 40 64 37
61 50 63 50 63 54 61 54 61 50
91 56 96 56 96 58 91 58 91 56
86 38 90 38 90 41 86 41 86 38
12 24 17 24 17 26 12 26 12 24
81 88 84 88 84 91 81 91 81 88
25 80 30 80 30 82 25 82 25 80
35 22 37 22 37 24 35 24 35 22
16 15 18 15 18 19 16 19 16 15
46 41 49 41 49 43 46 43 46 41
79 68 84 68 84 73 79 73 79 68
93 92 97 92 97 97 93 97 93 92
81 25 83 25 83 27 81 27 81 25
6 25 9 25 9 30 6 30 6 25
19 74 22 74 22 77 19 77 19 74
90 7 93 7 93 11 90 11 90 7
49 75 52 75 52 79 49 79 49 75
44 59 47 59 47 61 44 61 44 59
52 4 55 4 55 6 52 6 52 4
29 33 32 33 32 36 29 36 29 33
59 34 63 34 63 38 59 38 59 34
61 57 63 57 63 62 61 62 61 57
61 9 66 9 66 12 61 12 61 9
43 89 45 89 45 92 43 92 43 89
32 67 35 67 35 69 32 69 32 67
18 94 23 94 23 97 18 97 18 94
69 19 72 19 72 21 69 21 69 19
77 2 80 2 80 5 77 5 77 2
12 94 16 94 16 97 12 97 12 94
83 57 85 57 85 61 83 61 83 57
58 22 63 22 63 26 58 26 58 22
89 70 91 70 91 73 89 73 89 70
64 62 69 62 69 67 64 67 64 62
87 51 91 51 91 54 87 54 87 51
54 76 58 76 58 78 54 78 54 76
70 33 74 33 74 35 70 35 70 33
90 78 93 78 93 82 90 82 90 78
94 67 98 67 98 72 94 72 94 67
52 90 54 90 54 92 52 92 52 90
66 3 69 3 69 7 66 7 66 3
76 15 80 15 80 19 76 19 76 15
26 27 31 27 31 30 26 30 26 27
30 21 34 21 34 24 30 24 30 21
72 69 75 69 75 73 72 73 72 69
84 27 88 27 88 29 84 29 84 27
36 56 38 56 38 58 36 58 36 56
35 40 39 40 39 45 35 45 35 40
61 70 64 70 64 73 61 73 61 70
39 3 41 3 41 8 39 8 39 3
30 3 32 3 32 8 30 8 30 3
29 75 31 75 31 77 29 77 29 75
94 49 97 49 97 51 94 51 94 49
24 69 28 69 28 72 24 72 24 69
90 27 92 27 92 29 90 29 90 27
10 81 12 81 12 84 10 84 10 81
31 54 33 54 33 57 31 57 31 54
47 14 49 14 49 18 47 18 47 14
35 60 39 60 39 62 35 62 35 60
29 38 31 38 31 40 29 40 29 38
56 92 59 92 59 95 56 95 56 92
20 42 22 42 22 46 20 46 20 42
72 10 77 10 77 14 72 14 72 10
46 21 51 21 51 24 46 24 46 21
35 18 39 18 39 20 35 20 35 18
55 49 57 49 57 51 55 51 55 49
41 37 45 37 45 41 41 41 41 37
79 28 83 28 83 33 79 33 79 28
17 78 22 78 22 82 17 82 17 78
52 23 57 23 57 28 52 28 52 23
42 76 47 76 47 81 42 81 42 76
9 41 13 41 13 43 9 43 9 41
65 51 67 51 67 56 65 56 65 51
75 77 78 77 78 79 75 79 75 77
8 14 13 14 13 17 8 17 8 14
66 92 71 92 71 97 66 97 66 92
11 67 13 67 13 69 11 69 11 67
42 65 44 65 44 68 42 68 42 65
2 34 7 34 7 37 2 37 2 34
5 71 9 71 9 76 5 76 5 71
82 43 85 43 85 48 82 48 82 43
12 34 17 34 17 37 12 37 12 34
24 95 27 95 27 98 24 98 24 95
53 32 57 32 57 34 53 34 53 32
50 51 54 51 54 54 50 54 50 51
85 65 87 65 87 67 85 67 85 65
12 73 17 73 17 75 12 75 12 73
5 7 7 7 7 10 5 10 5 7
22 57 25 57 25 61 22 61 22 57
73 38 78 38 78 42 73 42 73 38
11 85 13 85 13 90 11 90 11 85
93 19 98 19 98 22 93 22 93 19
40 22 44 22 44 27 40 27 40 22
34 72 37 72 37 77 34 77 34 72
91 16 96 16 96 18 91 18 91 16
42 54 47 54 47 57 42 57 42 54
13 70 17 70 17 72 13 72 13 70
38 77 41 77 41 81 38 81 38 77
55 82 60 82 60 86 55 86 55 82
58 28 61 28 61 32 58 32 58 28
61 17 63 17 63 20 61 20 61 17
91 45 96 45 96 47 91 47 91 45
93 26 97 26 97 29 93 29 93 26
58 39 63 39 63 42 58 42 58 39
46 92 49 92 49 94 46 94 46 92
49 66 51 66 51 71 49 71 49 66
49 44 53 44 53 49 49 49 49 44
4 86 8 86 8 89 4 89 4 86
9 61 14 61 14 66 9 66 9 61
2 2 4 2 4 5 2 5 2 2
58 62 60 62 60 66 58 66 58 62
38 50 41 50 41 55 38 55 38 50
92 32 95 32 95 36 92 36 92 32
8 3 10 3 10 5 8 5 8 3
28 92 32 92 32 94 28 94 28 92
10 20 15 20 15 23 10 23 10 20
3 78 8 78 8 83 3 83 3 78
9 50 11 50 11 54 9 54 9 50
29 44 33 44 33 49 29 49 29 44
5 92 10 92 10 94 5 94 5 92
28 50 33 50 33 52 28 52 28 50
7 44 10 44 10 49 7 49 7 44
89 88 94 88 94 90 89 90 89 88
68 24 72 24 72 26 68 26 68 24
43 13 46 13 46 17 43 17 43 13
86 19 90 19 90 24 86 24 86 19
84 6 88 6 88 8 84 8 84 6
25 87 30 87 30 90 25 90 25 87
66 81 71 81 71 84 66 84 66 81
84 77 86 77 86 82 84 82 84 77
26 44 28 44 28 48 26 48 26 44
32 84 34 84 34 86 32 86 32 84
85 2 89 2 89 4 85 4 85 2
64 86 67 86 67 88 64 88 64 86
4 50 8 50 8 54 4 54 4 50
68 27 73 27 73 32 68 32 68 27
76 52 81 52 81 55 76 55 76 52
22 48 25 48 25 50 22 50 22 48
34 27 38 27 38 30 34 30 34 27
44 46 47 46 47 51 44 51 44 46
19 13 23 13 23 16 19 16 19 13
81 21 84 21 84 23 81 23 81 21
74 26 78 26 78 29 74 29 74 26
19 27 22 27 22 31 19 31 19 27
77 64 81 64 81 67 77 67 77 64
5 19 8 19 8 22 5 22 5 19
88 83 92 83 92 85 88 85 88 83
41 72 44 72 44 74 41 74 41 72
49 80 54 80 54 83 49 83 49 80
59 47 61 47 61 49 59 49 59 47
73 93 75 93 75 96 73 96 73 93
47 8 52 8 52 10 47 10 47 8
43 9 46 9 46 11 43 11 43 9
50 57 53 57 53 60 50 60 50 57
24 35 26 35 26 37 24 37 24 35
81 10 84 10 84 13 81 13 81 10
95 86 97 86 97 91 95 91 95 86
46 36 49 36 49 40 46 40 46 36
86 57 90 57 90 62 86 62 86 57
42 3 46 3 46 5 42 5 42 3
32 61 34 61 34 65 32 65 32 61
6 96 8 96 8 98 6 98 6 96
83 96 86 96 86 98 83 98 83 96
24 5 28 5 28 10 24 10 24 5
86 34 88 34 88 36 86 36 86 34
40 82 43 82 43 86 40 86 40 82
62 2 65 2 65 7 62 7 62 2
18 51 23 51 23 53 18 53 18 51
96 35 98 35 98 37 96 37 96 35
20 18 25 18 25 22 20 22 20 18
36 34 40 34 40 36 36 36 36 34
52 16 55 16 55 21 52 21 52 16
38 88 41 88 41 93 38 93 38 88
15 86 19 86 19 89 15 89 15 86
2 38 5 38 5 41 2 41 2 38
53 36 57 36 57 38 53 38 53 36
82 15 84 15 84 18 82 18 82 15
12 28 15 28 15 31 12 31 12 28
21 6 23 6 23 11 21 11 21 6
81 39 84 39 84 41 81 41 81 39
61 74 63 74 63 77 61 77 61 74
47 11 52 11 52 13 47 13 47 11
76 80 78 80 78 84 76 84 76 80
35 13 37 13 37 15 35 15 35 13
93 73 98 73 98 76 93 76 93 73
54 58 56 58 56 61 54 61 54 58
77 90 80 90 80 95 77 95 77 90
2 64 7 64 7 68 2 68 2 64
6 38 8 38 8 41 6 41 6 38
65 73 70 73 70 75 65 75 65 73
