37 42 41 42 41 45 37 45 37 42
89 9 92 9 92 11 89 11 89 9
32 21 36 21 36 26 32 26 32 21
59 47 61 47 61 49 59 49 59 47
8 80 13 80 13 85 8 85 8 80
60 39 65 39 65 43 60 43 60 39
91 88 93 88 93 90 91 90 91 88
3 65 6 65 6 69 3 69 3 65
8 93 13 93 13 95 8 95 8 93
3 34 6 34 6 37 3 37 3 34
55 10 57 10 57 15 55 15 55 10
57 6 61 6 61 9 57 9 57 6
87 27 90 27 90 31 87 31 87 27
66 35 70 35 70 38 66 38 66 35
23 46 26 46 26 50 23 50 23 46
11 34 13 34 13 38 11 38 11 34
28 78 31 78 31 80 28 80 28 78
12 43 16 43 16 47 12 47 12 43
53 57 55 57 55 62 53 62 53 57
63 11 67 11 67 16 63 16 63 11
73 40 78 40 78 44 73 44 73 40
87 37 92 37 92 39 87 39 87 37
72 93 74 93 74 95 72 95 72 93
57 33 59 33 59 36 57 36 57 33
44 24 49 24 49 28 44 28 44 24
62 71 65 71 65 76 62 76 62 71
12 51 17 51 17 54 12 54 12 51
89 58 93 58 93 63 89 63 89 58
51 17 53 17 53 21 51 21 51 17
54 95 57 95 57 97 54 97 54 95
93 15 96 15 96 20 93 20 93 15
39 48 41 48 41 50 39 50 39 48
20 10 23 10 23 13 20 13 20 10
30 30 35 30 35 32 30 32 30 30
48 75 50 75 50 77 48 77 48 75
70 14 74 14 74 17 70 17 70 14
74 8 78 8 78 10 74 10 74 8
38 5 40 5 40 10 38 10 38 5
77 31 79 31 79 35 77 35 77 31
62 64 64 64 64 69 62 69 62 64
39 96 41 96 41 98 39 98 39 96
95 59 98 59 98 62 95 62 95 59
87 14 90 14 90 16 87 16 87 14
20 6 25 6 25 9 20 9 20 6
38 76 40 76 40 78 38 78 38 76
76 67 79 67 79 72 76 72 76 67
84 10 86 10 86 12 84 12 84 10
17 36 21 36 21 38 17 38 17 36
13 6 17 6 17 10 13 10 13 6
92 81 96 81 96 83 92 83 92 81
20 23 22 23 22 25 20 25 20 23
92 21 97 21 97 23 92 23 92 21
54 83 58 83 58 85 54 85 54 83
25 58 27 58 27 63 25 63 25 58
83 78 88 78 88 83 83 83 83 78
60 84 65 84 65 87 60 87 60 84
7 53 9 53 9 55 7 55 7 53
43 62 46 62 46 65 43 65 43 62
22 71 25 71 25 74 22 74 22 71
29 10 31 10 31 14 29 14 29 10
89 46 92 46 92 51 89 51 89 46
39 17 43 17 43 21 39 21 39 17
76 19 78 19 78 22 76 22 76 19
82 91 84 91 84 95 82 95 82 91
63 93 68 93 68 96 63 96 63 93
17 61 22 61 22 64 17 64 17 61
93 71 96 71 96 74 93 74 93 71
30 39 32 39 32 44 30 44 30 39
83 23 85 23 85 26 83 26 83 23
50 44 53 44 53 46 50 46 50 44
46 89 51 89 51 94 46 94 46 89
29 16 33 16 33 20 29 20 29 16
45 55 48 55 48 58 45 58 45 55
78 76 82 76 82 79 78 79 78 76
56 25 58 25 58 28 56 28 56 25
69 52 71 52 71 55 69 55 69 52
59 50 61 50 61 52 59 52 59 50
23 53 25 53 25 55 23 55 23 53
39 22 41 22 41 26 39 26 39 22
75 4 78 4 78 7 75 7 75 4
54 42 59 42 59 45 54 45 54 42
50 22 54 22 54 26 50 26 50 22
76 83 81 83 81 88 76 88 76 83
91 25 96 25 96 27 91 27 91 25
22 81 26 81 26 83 22 83 22 81
81 60 83 60 83 63 81 63 81 60
55 29 59 29 59 31 55 31 55 29
50 33 52 33 52 35 50 35 50 33
5 57 7 57 7 60 5 60 5 57
25 86 28 86 28 90 25 90 25 86
55 51 57 51 57 55 55 55 55 51
81 53 84 53 84 57 81 57 81 53
34 74 36 74 36 79 34 79 34 74
91 91 93 91 93 93 91 93 91 91
27 46 29 46 29 49 27 49 27 46
34 95 37 95 37 98 34 98 34 95
86 42 90 42 90 45 86 45 86 42
26 8 28 8 28 10 26 10 26 8
83 2 85 2 85 5 83 5 83 2
48 13 50 13 50 15 48 15 48 13
83 42 85 42 85 46 83 46 83 42
37 89 39 89 39 92 37 92 37 89
31 87 35 87 35 92 31 92 31 87
72 31 74 31 74 36 72 36 72 31
40 90 45 90 45 93 40 93 40 90
79 91 81 91 81 93 79 93 79 91
58 12 60 12 60 15 58 15 58 12
68 78 71 78 71 81 68 81 68 78
18 28 20 28 20 30 18 30 18 28
19 16 23 16 23 19 19 19 19 16
43 66 45 66 45 68 43 68 43 66
78 49 83 49 83 51 78 51 78 49
15 68 20 68 20 71 15 71 15 68
31 54 36 54 36 56 31 56 31 54
23 36 27 36 27 38 23 38 23 36
2 25 7 25 7 29 2 29 2 25
75 75 77 75 77 79 75 79 75 75
4 2 6 2 6 4 4 4 4 2
56 56 60 56 60 58 56 58 56 56
65 4 68 4 68 9 65 9 65 4
47 6 52 6 52 8 47 8 47 6
2 94 6 94 6 98 2 98 2 94
94 10 96 10 96 12 94 12 94 10
49 83 53 83 53 87 49 87 49 83
42 40 44 40 44 44 42 44 42 40
89 94 92 94 92 97 89 97 89 94
38 63 42 63 42 66 38 66 38 63
70 67 72 67 72 72 70 72 70 67
13 12 16 12 16 15 13 15 13 12
10 16 13 16 13 19 10 19 10 16
95 51 98 51 98 54 95 54 95 51
63 53 67 53 67 56 63 56 63 53
96 63 98 63 98 68 96 68 96 63
85 59 88 59 88 64 85 64 85 59
3 47 6 47 6 50 3 50 3 47
48 29 51 29 51 32 48 32 48 29
93 44 95 44 95 48 93 48 93 44
57 17 60 17 60 22 57 22 57 17
56 90 60 90 60 94 56 94 56 90
32 48 35 48 35 53 32 53 32 48
16 79 21 79 21 83 16 83 16 79
73 46 75 46 75 50 73 50 73 46
4 38 6 38 6 43 4 43 4 38
17 56 22 56 22 58 17 58 17 56
68 62 72 62 72 64 68 64 68 62
2 74 7 74 7 79 2 79 2 74
88 3 93 3 93 5 88 5 88 3
24 21 27 21 27 26 24 26 24 21
69 4 72 4 72 6 69 6 69 4
64 78 67 78 67 83 64 83 64 78
38 81 40 81 40 85 38 85 38 81
44 14 46 14 46 19 44 19 44 14
94 75 97 75 97 80 94 80 94 75
82 71 87 71 87 74 82 74 82 71
67 19 71 19 71 21 67 21 67 19
9 62 14 62 14 66 9 66 9 62
38 30 41 30 41 35 38 35 38 30
90 75 92 75 92 78 90 78 90 75
20 95 24 95 24 97 20 97 20 95
64 29 69 29 69 34 64 34 64 29
3 16 6 16 6 19 3 19 3 16
10 56 13 56 13 59 10 59 10 56
27 54 29 54 29 56 27 56 27 54
41 72 45 72 45 75 41 75 41 72
44 48 48 48 48 51 44 51 44 48
96 34 98 34 98 37 96 37 96 34
88 54 91 54 91 57 88 57 88 54
32 66 35 66 35 71 32 71 32 66
19 48 21 48 21 50 19 50 19 48
71 58 73 58 73 60 71 60 71 58
59 65 61 65 61 69 59 69 59 65
69 85 72 85 72 88 69 88 69 85
82 85 87 85 87 88 82 88 82 85
29 82 34 82 34 85 29 85 29 82
42 6 44 6 44 8 42 8 42 6
64 90 69 90 69 92 64 92 64 90
81 66 84 66 84 70 81 70 81 66
35 18 37 18 37 20 35 20 35 18
74 61 78 61 78 64 74 64 74 61
66 24 71 24 71 27 66 27 66 24
9 68 14 68 14 72 9 72 9 68
85 32 90 32 90 36 85 36 85 32
8 22 13 22 13 27 8 27 8 22
73 25 76 25 76 30 73 30 73 25
46 2 48 2 48 5 46 5 46 2
2 90 6 90 6 93 2 93 2 90
14 58 16 58 16 60 14 60 14 58
89 67 92 67 92 72 89 72 89 67
79 21 82 21 82 26 79 26 79 21
69 74 74 74 74 76 69 76 69 74
6 30 8 30 8 33 6 33 6 30
96 41 98 41 98 44 96 44 96 41
23 29 28 29 28 33 23 33 23 29
75 54 80 54 80 58 75 58 75 54
17 89 20 89 20 93 17 93 17 89
20 41 22 41 22 46 20 46 20 41
84 29 86 29 86 31 84 31 84 29
22 2 24 2 24 4 22 4 22 2
40 87 42 87 42 89 40 89 40 87
80 33 83 33 83 37 80 37 80 33
