8 16 12 16 12 20 8 20 8 16
43 86 48 86 48 89 43 89 43 86
91 88 95 88 95 92 91 92 91 88
74 53 78 53 78 57 74 57 74 53
40 66 42 66 42 70 40 70 40 66
7 92 10 92 10 97 7 97 7 92
31 59 34 59 34 63 31 63 31 59
76 23 78 23 78 28 76 28 76 23
10 36 12 36 12 38 10 38 10 36
24 81 29 81 29 85 24 85 24 81
34 21 37 21 37 25 34 25 34 21
17 24 21 24 21 29 17 29 17 24
90 56 95 56 95 60 90 60 90 56
49 59 54 59 54 62 49 62 49 59
19 15 24 15 24 17 19 17 19 15
38 15 41 15 41 17 38 17 38 15
52 28 57 28 57 32 52 32 52 28
9 21 12 21 12 26 9 26 9 21
43 36 47 36 47 41 43 41 43 36
60 77 64 77 64 79 60 79 60 77
33 84 38 84 38 87 33 87 33 84
44 94 48 94 48 98 44 98 44 94
9 83 12 83 12 87 9 87 9 83
4 47 6 47 6 50 4 50 4 47
69 4 71 4 71 8 69 8 69 4
41 42 43 42 43 46 41 46 41 42
19 91 23 91 23 95 19 95 19 91
85 44 90 44 90 48 85 48 85 44
21 49 24 49 24 52 21 52 21 49
41 53 45 53 45 55 41 55 41 53
45 64 47 64 47 66 45 66 45 64
66 51 70 51 70 54 66 54 66 51
71 58 75 58 75 60 71 60 71 58
23 59 28 59 28 62 23 62 23 59
57 16 62 16 62 18 57 18 57 16
70 15 72 15 72 19 70 19 70 15
80 74 83 74 83 77 80 77 80 74
7 77 12 77 12 79 7 79 7 77
49 75 51 75 51 77 49 77 49 75
91 17 95 17 95 19 91 19 91 17
33 67 35 67 35 72 33 72 33 67
42 15 46 15 46 19 42 19 42 15
96 70 98 70 98 73 96 73 96 70
4 55 6 55 6 57 4 57 4 55
46 56 51 56 51 58 46 58 46 56
32 37 34 37 34 39 32 39 32 37
78 63 80 63 80 65 78 65 78 63
2 64 4 64 4 67 2 67 2 64
19 45 23 45 23 47 19 47 19 45
2 31 5 31 5 35 2 35 2 31
69 65 72 65 72 69 69 69 69 65
77 43 81 43 81 45 77 45 77 43
81 67 83 67 83 71 81 71 81 67
70 22 74 22 74 27 70 27 70 22
54 54 56 54 56 56 54 56 54 54
20 65 25 65 25 68 20 68 20 65
8 63 10 63 10 67 8 67 8 63
81 31 85 31 85 33 81 33 81 31
10 74 12 74 12 76 10 76 10 74
49 38 51 38 51 41 49 41 49 38
93 50 95 50 95 53 93 53 93 50
15 77 17 77 17 79 15 79 15 77
2 19 4 19 4 22 2 22 2 19
27 46 30 46 30 48 27 48 27 46
10 3 13 3 13 7 10 7 10 3
84 94 86 94 86 97 84 97 84 94
46 32 49 32 49 34 46 34 46 32
96 17 98 17 98 21 96 21 96 17
16 40 18 40 18 45 16 45 16 40
34 32 39 32 39 34 34 34 34 32
65 32 67 32 67 35 65 35 65 32
3 7 5 7 5 9 3 9 3 7
25 72 28 72 28 74 25 74 25 72
48 46 51 46 51 51 48 51 48 46
42 57 45 57 45 59 42 59 42 57
83 78 88 78 88 81 83 81 83 78
53 34 57 34 57 36 53 36 53 34
81 25 83 25 83 28 81 28 81 25
83 56 88 56 88 60 83 60 83 56
74 29 76 29 76 32 74 32 74 29
52 40 55 40 55 43 52 43 52 40
18 56 22 56 22 58 18 58 18 56
91 39 94 39 94 42 91 42 91 39
74 68 78 68 78 71 74 71 74 68
30 51 32 51 32 55 30 55 30 51
66 88 69 88 69 93 66 93 66 88
66 9 69 9 69 13 66 13 66 9
77 5 81 5 81 10 77 10 77 5
79 78 81 78 81 82 79 82 79 78
13 13 16 13 16 16 13 16 13 13
58 86 61 86 61 88 58 88 58 86
31 89 33 89 33 92 31 92 31 89
94 43 98 43 98 48 94 48 94 43
21 31 25 31 25 36 21 36 21 31
11 88 15 88 15 90 11 90 11 88
12 59 15 59 15 62 12 62 12 59
40 5 44 5 44 7 40 7 40 5
52 65 55 65 55 70 52 70 52 65
58 82 60 82 60 85 58 85 58 82
64 96 68 96 68 98 64 98 64 96
60 72 62 72 62 76 60 76 60 72
37 51 39 51 39 54 37 54 37 51
50 18 53 18 53 23 50 23 50 18
60 49 63 49 63 53 60 53 60 49
29 2 31 2 31 7 29 7 29 2
81 95 83 95 83 98 81 98 81 95
87 11 92 11 92 16 87 16 87 11
64 62 67 62 67 64 64 64 64 62
12 31 15 31 15 33 12 33 12 31
40 78 43 78 43 80 40 80 40 78
7 58 11 58 11 60 7 60 7 58
45 68 49 68 49 72 45 72 45 68
65 57 68 57 68 60 65 60 65 57
85 51 87 51 87 54 85 54 85 51
20 86 22 86 22 90 20 90 20 86
9 41 13 41 13 46 9 46 9 41
85 41 87 41 87 43 85 43 85 41
27 78 30 78 30 80 27 80 27 78
91 27 94 27 94 30 91 30 91 27
4 38 7 38 7 40 4 40 4 38
39 23 41 23 41 26 39 26 39 23
28 26 32 26 32 31 28 31 28 26
13 24 16 24 16 26 13 26 13 24
18 5 20 5 20 9 18 9 18 5
55 92 58 92 58 97 55 97 55 92
44 21 46 21 46 24 44 24 44 21
12 53 16 53 16 57 12 57 12 53
90 52 92 52 92 54 90 54 90 52
85 85 87 85 87 88 85 88 85 85
3 88 5 88 5 90 3 90 3 88
83 37 86 37 86 40 83 40 83 37
3 69 7 69 7 71 3 71 3 69
36 88 39 88 39 91 36 91 36 88
23 39 26 39 26 44 23 44 23 39
3 25 6 25 6 28 3 28 3 25
90 75 93 75 93 78 90 78 90 75
49 79 52 79 52 81 49 81 49 79
32 94 35 94 35 98 32 98 32 94
47 6 52 6 52 9 47 9 47 6
76 20 78 20 78 22 76 22 76 20
67 80 72 80 72 82 67 82 67 80
75 85 77 85 77 87 75 87 75 85
17 30 19 30 19 34 17 34 17 30
29 42 32 42 32 45 29 45 29 42
68 31 71 31 71 33 68 33 68 31
79 48 84 48 84 51 79 51 79 48
56 79 59 79 59 81 56 81 56 79
19 75 24 75 24 79 19 79 19 75
31 81 34 81 34 83 31 83 31 81
14 5 17 5 17 9 14 9 14 5
78 84 80 84 80 89 78 89 78 84
81 20 84 20 84 22 81 22 81 20
94 9 96 9 96 13 94 13 94 9
16 36 18 36 18 39 16 39 16 36
67 71 71 71 71 73 67 73 67 71
71 74 73 74 73 77 71 77 71 74
90 81 93 81 93 86 90 86 90 81
62 5 64 5 64 10 62 10 62 5
80 34 84 34 84 36 80 36 80 34
49 83 52 83 52 88 49 88 49 83
38 59 40 59 40 62 38 62 38 59
56 3 61 3 61 5 56 5 56 3
63 42 67 42 67 44 63 44 63 42
27 21 29 21 29 23 27 23 27 21
23 26 25 26 25 30 23 30 23 26
47 24 49 24 49 29 47 29 47 24
95 28 97 28 97 30 95 30 95 28
81 63 86 63 86 65 81 65 81 63
24 94 27 94 27 96 24 96 24 94
41 73 45 73 45 76 41 76 41 73
61 80 63 80 63 85 61 85 61 80
74 76 76 76 76 81 74 81 74 76
93 68 95 68 95 72 93 72 93 68
58 54 62 54 62 59 58 59 58 54
62 25 66 25 66 28 62 28 62 25
94 79 96 79 96 83 94 83 94 79
94 3 96 3 96 5 94 5 94 3
51 93 53 93 53 95 51 95 51 93
72 42 75 42 75 44 72 44 72 42
33 10 35 10 35 14 33 14 33 10
52 74 56 74 56 77 52 77 52 74
81 84 84 84 84 88 81 88 81 84
40 81 42 81 42 84 40 84 40 81
95 63 97 63 97 65 95 65 95 63
52 46 55 46 55 48 52 48 52 46
87 18 89 18 89 20 87 20 87 18
93 93 96 93 96 95 93 95 93 93
85 6 88 6 88 8 85 8 85 6
89 49 91 49 91 51 89 51 89 49
57 8 61 8 61 11 57 11 57 8
89 70 92 70 92 74 89 74 89 70
78 91 83 91 83 93 78 93 78 91
44 77 47 77 47 82 44 82 44 77
46 42 51 42 51 44 46 44 46 42
85 71 88 71 88 73 85 73 85 71
55 82 57 82 57 87 55 87 55 82
5 11 10 11 10 14 5 14 5 11
89 34 92 34 92 38 89 38 89 34
63 71 66 71 66 73 63 73 63 71
30 74 35 74 35 77 30 77 30 74
