93 78 97 78 97 83 93 83 93 78
83 30 85 30 85 32 83 32 83 30
91 2 95 2 95 7 91 7 91 2
57 14 61 14 61 18 57 18 57 14
94 58 96 58 96 62 94 62 94 58
38 33 42 33 42 36 38 36 38 33
9 49 14 49 14 52 9 52 9 49
87 35 92 35 92 40 87 40 87 35
13 70 18 70 18 73 13 73 13 70
15 7 17 7 17 11 15 11 15 7
65 25 67 25 67 28 65 28 65 25
59 81 63 81 63 85 59 85 59 81
31 8 33 8 33 11 31 11 31 8
44 41 48 41 48 43 44 43 44 41
12 33 14 33 14 37 12 37 12 33
82 74 85 74 85 76 82 76 82 74
76 57 81 57 81 60 76 60 76 57
64 9 67 9 67 11 64 11 64 9
34 37 39 37 39 40 34 40 34 37
19 93 23 93 23 97 19 97 19 93
2 12 5 12 5 16 2 16 2 12
54 71 58 71 58 73 54 73 54 71
4 60 9 60 9 65 4 65 4 60
35 84 37 84 37 86 35 86 35 84
41 60 43 60 43 62 41 62 41 60
70 6 72 6 72 9 70 9 70 6
44 67 48 67 48 72 44 72 44 67
60 60 64 60 64 62 60 62 60 60
72 84 75 84 75 86 72 86 72 84
74 71 76 71 76 74 74 74 74 71
56 66 61 66 61 68 56 68 56 66
27 25 32 25 32 27 27 27 27 25
60 53 63 53 63 56 60 56 60 53
52 53 55 53 55 57 52 57 52 53
68 58 73 58 73 63 68 63 68 58
83 83 85 83 85 88 83 88 83 83
83 22 85 22 85 27 83 27 83 22
60 49 62 49 62 51 60 51 60 49
3 71 6 71 6 74 3 74 3 71
72 77 75 77 75 79 72 79 72 77
35 90 37 90 37 93 35 93 35 90
73 30 78 30 78 33 73 33 73 30
53 14 56 14 56 19 53 19 53 14
36 66 41 66 41 70 36 70 36 66
16 75 18 75 18 77 16 77 16 75
46 51 48 51 48 54 46 54 46 51
29 59 33 59 33 63 29 63 29 59
27 17 31 17 31 19 27 19 27 17
53 49 58 49 58 52 53 52 53 49
15 91 18 91 18 96 15 96 15 91
58 93 60 93 60 96 58 96 58 93
90 27 92 27 92 30 90 30 90 27
87 44 90 44 90 49 87 49 87 44
94 15 96 15 96 18 94 18 94 15
6 17 10 17 10 20 6 20 6 17
93 19 97 19 97 22 93 22 93 19
12 86 14 86 14 90 12 90 12 86
41 92 44 92 44 95 41 95 41 92
17 83 20 83 20 86 17 86 17 83
76 12 80 12 80 17 76 17 76 12
25 83 28 83 28 86 25 86 25 83
60 45 65 45 65 48 60 48 60 45
4 22 7 22 7 27 4 27 4 22
6 30 11 30 11 34 6 34 6 30
55 78 57 78 57 80 55 80 55 78
46 37 50 37 50 39 46 39 46 37
35 50 38 50 38 53 35 53 35 50
19 48 22 48 22 53 19 53 19 48
94 51 98 51 98 53 94 53 94 51
75 87 78 87 78 90 75 90 75 87
64 50 69 50 69 54 64 54 64 50
9 40 12 40 12 44 9 44 9 40
6 89 10 89 10 92 6 92 6 89
39 5 42 5 42 9 39 9 39 5
63 73 67 73 67 76 63 76 63 73
39 16 42 16 42 21 39 21 39 16
39 71 41 71 41 76 39 76 39 71
45 14 49 14 49 19 45 19 45 14
11 58 15 58 15 63 11 63 11 58
13 13 17 13 17 16 13 16 13 13
85 9 88 9 88 13 85 13 85 9
24 33 26 33 26 38 24 38 24 33
27 68 30 68 30 73 27 73 27 68
26 75 28 75 28 80 26 80 26 75
55 86 59 86 59 91 55 91 55 86
18 79 21 79 21 81 18 81 18 79
11 65 14 65 14 69 11 69 11 65
34 57 38 57 38 62 34 62 34 57
53 44 57 44 57 48 53 48 53 44
27 39 30 39 30 44 27 44 27 39
5 43 8 43 8 48 5 48 5 43
23 62 28 62 28 64 23 64 23 62
7 80 11 80 11 83 7 83 7 80
60 69 62 69 62 72 60 72 60 69
26 3 30 3 30 7 26 7 26 3
42 50 45 50 45 55 42 55 42 50
26 87 29 87 29 90 26 90 26 87
26 50 29 50 29 52 26 52 26 50
5 4 8 4 8 9 5 9 5 4
42 83 46 83 46 86 42 86 42 83
70 74 72 74 72 76 70 76 70 74
3 94 6 94 6 98 3 98 3 94
19 17 23 17 23 19 19 19 19 17
96 69 98 69 98 72 96 72 96 69
21 22 24 22 24 27 21 27 21 22
88 84 91 84 91 89 88 89 88 84
59 19 61 19 61 22 59 22 59 19
91 8 96 8 96 12 91 12 91 8
86 91 91 91 91 94 86 94 86 91
32 79 37 79 37 83 32 83 32 79
44 7 47 7 47 9 44 9 44 7
87 73 89 73 89 75 87 75 87 73
52 96 56 96 56 98 52 98 52 96
2 79 5 79 5 84 2 84 2 79
80 2 82 2 82 4 80 4 80 2
36 15 38 15 38 17 36 17 36 15
23 11 25 11 25 15 23 15 23 11
8 36 11 36 11 38 8 38 8 36
31 14 35 14 35 16 31 16 31 14
34 21 37 21 37 25 34 25 34 21
21 5 23 5 23 7 21 7 21 5
56 27 60 27 60 32 56 32 56 27
64 95 66 95 66 97 64 97 64 95
38 81 40 81 40 84 38 84 38 81
20 54 24 54 24 59 20 59 20 54
75 49 80 49 80 54 75 54 75 49
96 87 98 87 98 89 96 89 96 87
82 57 84 57 84 60 82 60 82 57
12 17 17 17 17 21 12 21 12 17
63 4 65 4 65 7 63 7 63 4
21 67 25 67 25 71 21 71 21 67
67 44 71 44 71 48 67 48 67 44
89 18 92 18 92 20 89 20 89 18
48 77 51 77 51 79 48 79 48 77
95 25 98 25 98 29 95 29 95 25
68 87 71 87 71 92 68 92 68 87
90 66 94 66 94 69 90 69 90 66
53 58 58 58 58 60 53 60 53 58
77 80 82 80 82 85 77 85 77 80
68 64 71 64 71 68 68 68 68 64
81 89 84 89 84 94 81 94 81 89
61 90 63 90 63 93 61 93 61 90
94 44 98 44 98 47 94 47 94 44
74 3 77 3 77 6 74 6 74 3
93 90 96 90 96 94 93 94 93 90
66 40 71 40 71 43 66 43 66 40
59 76 62 76 62 79 59 79 59 76
35 29 37 29 37 34 35 34 35 29
67 16 71 16 71 19 67 19 67 16
19 28 22 28 22 33 19 33 19 28
70 23 72 23 72 27 70 27 70 23
48 11 51 11 51 13 48 13 48 11
76 41 79 41 79 46 76 46 76 41
52 6 54 6 54 10 52 10 52 6
48 31 50 31 50 35 48 35 48 31
52 35 54 35 54 38 52 38 52 35
84 15 88 15 88 18 84 18 84 15
48 90 52 90 52 95 48 95 48 90
81 46 83 46 83 49 81 49 81 46
87 21 90 21 90 24 87 24 87 21
87 61 91 61 91 65 87 65 87 61
59 8 62 8 62 12 59 12 59 8
19 61 21 61 21 63 19 63 19 61
22 72 25 72 25 75 22 75 22 72
63 67 66 67 66 71 63 71 63 67
16 37 20 37 20 41 16 41 16 37
81 53 86 53 86 55 81 55 81 53
24 28 26 28 26 30 24 30 24 28
20 11 22 11 22 16 20 16 20 11
2 50 6 50 6 52 2 52 2 50
39 47 41 47 41 52 39 52 39 47
49 3 51 3 51 7 49 7 49 3
70 31 72 31 72 34 70 34 70 31
34 10 39 10 39 12 34 12 34 10
81 34 85 34 85 38 81 38 81 34
66 80 68 80 68 82 66 82 66 80
66 2 68 2 68 7 66 7 66 2
77 22 81 22 81 26 77 26 77 22
42 24 46 24 46 27 42 27 42 24
24 40 26 40 26 43 24 43 24 40
3 85 8 85 8 88 3 88 3 85
7 72 11 72 11 77 7 77 7 72
56 7 58 7 58 12 56 12 56 7
44 31 46 31 46 33 44 33 44 31
27 92 30 92 30 95 27 95 27 92
64 88 66 88 66 90 64 90 64 88
11 54 16 54 16 56 11 56 11 54
67 34 69 34 69 38 67 38 67 34
51 27 54 27 54 32 51 32 51 27
2 57 6 57 6 59 2 59 2 57
25 53 28 53 28 55 25 55 25 53
16 44 18 44 18 47 16 47 16 44
2 40 4 40 4 45 2 45 2 40
92 95 94 95 94 98 92 98 92 95
91 71 95 71 95 76 91 76 91 71
87 52 91 52 91 57 87 57 87 52
40 87 43 87 43 90 40 90 40 87
72 93 76 93 76 98 72 98 72 93
85 4 89 4 89 8 85 8 85 4
61 31 64 31 64 36 61 36 61 31
