21 2 25 2 25 5 21 5 21 2
26 55 30 55 30 59 26 59 26 55
61 74 63 74 63 76 61 76 61 74
60 24 65 24 65 29 60 29 60 24
21 82 23 82 23 86 21 86 21 82
39 90 43 90 43 95 39 95 39 90
92 29 94 29 94 32 92 32 92 29
84 83 89 83 89 88 84 88 84 83
27 45 32 45 32 47 27 47 27 45
40 71 42 71 42 76 40 76 40 71
46 6 48 6 48 8 46 8 46 6
31 20 35 20 35 25 31 25 31 20
2 49 5 49 5 53 2 53 2 49
18 44 21 44 21 48 18 48 18 44
90 75 93 75 93 77 90 77 90 75
47 19 52 19 52 22 47 22 47 19
76 95 81 95 81 97 76 97 76 95
44 82 49 82 49 84 44 84 44 82
52 25 56 25 56 27 52 27 52 25
59 69 64 69 64 72 59 72 59 69
13 6 15 6 15 8 13 8 13 6
81 48 84 48 84 51 81 51 81 48
67 68 72 68 72 70 67 70 67 68
25 25 27 25 27 29 25 29 25 25
20 60 24 60 24 65 20 65 20 60
43 2 48 2 48 5 43 5 43 2
27 67 32 67 32 70 27 70 27 67
36 85 40 85 40 89 36 89 36 85
91 89 95 89 95 93 91 93 91 89
51 51 55 51 55 56 51 56 51 51
11 67 15 67 15 70 11 70 11 67
70 87 75 87 75 91 70 91 70 87
87 52 90 52 90 57 87 57 87 52
78 84 81 84 81 87 78 87 78 84
36 17 39 17 39 19 36 19 36 17
85 39 89 39 89 41 85 41 85 39
54 38 57 38 57 42 54 42 54 38
89 15 92 15 92 17 89 17 89 15
12 64 14 64 14 66 12 66 12 64
16 93 21 93 21 96 16 96 16 93
78 77 80 77 80 80 78 80 78 77
93 55 95 55 95 60 93 60 93 55
57 2 59 2 59 6 57 6 57 2
68 10 73 10 73 12 68 12 68 10
5 92 10 92 10 97 5 97 5 92
74 14 78 14 78 16 74 16 74 14
44 63 46 63 46 67 44 67 44 63
66 42 69 42 69 45 66 45 66 42
53 44 57 44 57 46 53 46 53 44
16 55 20 55 20 59 16 59 16 55
8 73 13 73 13 77 8 77 8 73
46 26 48 26 48 29 46 29 46 26
69 62 71 62 71 65 69 65 69 62
19 20 21 20 21 23 19 23 19 20
3 3 7 3 7 6 3 6 3 3
29 75 34 75 34 79 29 79 29 75
38 9 41 9 41 11 38 11 38 9
50 7 53 7 53 10 50 10 50 7
5 28 9 28 9 31 5 31 5 28
6 67 8 67 8 69 6 69 6 67
71 40 73 40 73 44 71 44 71 40
16 89 20 89 20 92 16 92 16 89
96 90 98 90 98 95 96 95 96 90
6 82 8 82 8 87 6 87 6 82
49 86 51 86 51 88 49 88 49 86
27 82 30 82 30 84 27 84 27 82
5 22 8 22 8 27 5 27 5 22
82 22 84 22 84 27 82 27 82 22
44 48 48 48 48 53 44 53 44 48
69 24 73 24 73 27 69 27 69 24
46 36 51 36 51 38 46 38 46 36
36 60 39 60 39 63 36 63 36 60
52 76 55 76 55 78 52 78 52 76
9 58 14 58 14 62 9 62 9 58
84 6 87 6 87 11 84 11 84 6
47 15 50 15 50 18 47 18 47 15
13 82 17 82 17 87 13 87 13 82
58 65 61 65 61 67 58 67 58 65
15 11 18 11 18 15 15 15 15 11
36 28 41 28 41 31 36 31 36 28
87 71 91 71 91 74 87 74 87 71
78 33 82 33 82 35 78 35 78 33
31 3 35 3 35 5 31 5 31 3
25 72 27 72 27 75 25 75 25 72
68 46 72 46 72 50 68 50 68 46
33 84 35 84 35 88 33 88 33 84
14 18 17 18 17 20 14 20 14 18
76 43 78 43 78 45 76 45 76 43
43 86 48 86 48 88 43 88 43 86
70 78 74 78 74 83 70 83 70 78
30 35 35 35 35 40 30 40 30 35
78 53 83 53 83 57 78 57 78 53
30 14 33 14 33 16 30 16 30 14
33 26 35 26 35 31 33 31 33 26
70 92 72 92 72 94 70 94 70 92
79 14 83 14 83 19 79 19 79 14
92 86 94 86 94 88 92 88 92 86
38 78 40 78 40 83 38 83 38 78
25 20 30 20 30 23 25 23 25 20
92 65 97 65 97 70 92 70 92 65
58 86 61 86 61 90 58 90 58 86
16 25 21 25 21 29 16 29 16 25
66 32 71 32 71 35 66 35 66 32
89 29 91 29 91 31 89 31 89 29
15 75 20 75 20 79 15 79 15 75
30 60 33 60 33 64 30 64 30 60
49 89 53 89 53 91 49 91 49 89
64 14 68 14 68 19 64 19 64 14
57 24 59 24 59 29 57 29 57 24
59 78 61 78 61 80 59 80 59 78
57 7 59 7 59 9 57 9 57 7
55 82 59 82 59 85 55 85 55 82
6 47 11 47 11 49 6 49 6 47
65 6 70 6 70 8 65 8 65 6
39 44 41 44 41 49 39 49 39 44
45 39 50 39 50 43 45 43 45 39
39 22 44 22 44 27 39 27 39 22
59 39 63 39 63 44 59 44 59 39
51 93 54 93 54 95 51 95 51 93
25 94 29 94 29 98 25 98 25 94
88 20 91 20 91 25 88 25 88 20
15 32 19 32 19 37 15 37 15 32
15 45 17 45 17 49 15 49 15 45
42 34 44 34 44 38 42 38 42 34
63 53 67 53 67 56 63 56 63 53
48 56 50 56 50 59 48 59 48 56
90 41 93 41 93 44 90 44 90 41
82 58 86 58 86 63 82 63 82 58
78 88 83 88 83 90 78 90 78 88
36 70 39 70 39 75 36 75 36 70
92 37 94 37 94 39 92 39 92 37
93 49 96 49 96 53 93 53 93 49
73 66 77 66 77 70 73 70 73 66
54 60 57 60 57 62 54 62 54 60
63 21 66 21 66 23 63 23 63 21
21 35 23 35 23 37 21 37 21 35
42 17 46 17 46 19 42 19 42 17
93 5 97 5 97 7 93 7 93 5
11 88 13 88 13 90 11 90 11 88
94 17 97 17 97 19 94 19 94 17
31 57 35 57 35 59 31 59 31 57
44 93 46 93 46 98 44 98 44 93
86 67 90 67 90 69 86 69 86 67
59 16 62 16 62 21 59 21 59 16
47 74 49 74 49 79 47 79 47 74
65 77 68 77 68 79 65 79 65 77
63 10 66 10 66 13 63 13 63 10
13 38 18 38 18 42 13 42 13 38
6 10 9 10 9 14 6 14 6 10
10 50 12 50 12 52 10 52 10 50
58 33 63 33 63 38 58 38 58 33
87 91 90 91 90 96 87 96 87 91
26 30 31 30 31 34 26 34 26 30
58 59 63 59 63 61 58 61 58 59
65 74 67 74 67 76 65 76 65 74
51 63 56 63 56 65 51 65 51 63
10 55 14 55 14 57 10 57 10 55
36 64 41 64 41 68 36 68 36 64
25 11 29 11 29 16 25 16 25 11
79 41 82 41 82 43 79 43 79 41
3 70 6 70 6 75 3 75 3 70
44 55 46 55 46 60 44 60 44 55
19 66 24 66 24 68 19 68 19 66
12 30 14 30 14 33 12 33 12 30
49 69 54 69 54 71 49 71 49 69
77 46 79 46 79 50 77 50 77 46
6 51 9 51 9 55 6 55 6 51
10 85 12 85 12 87 10 87 10 85
57 93 59 93 59 98 57 98 57 93
48 12 50 12 50 14 48 14 48 12
8 38 12 38 12 43 8 43 8 38
53 28 55 28 55 31 53 31 53 28
35 92 37 92 37 97 35 97 35 92
50 72 52 72 52 74 50 74 50 72
24 35 28 35 28 39 24 39 24 35
82 68 84 68 84 71 82 71 82 68
95 27 97 27 97 32 95 32 95 27
20 51 24 51 24 54 20 54 20 51
53 18 55 18 55 20 53 20 53 18
56 70 58 70 58 74 56 74 56 70
75 80 77 80 77 85 75 85 75 80
79 64 83 64 83 67 79 67 79 64
9 19 13 19 13 21 9 21 9 19
62 87 64 87 64 90 62 90 62 87
94 10 98 10 98 12 94 12 94 10
24 43 26 43 26 45 24 45 24 43
88 58 92 58 92 61 88 61 88 58
93 78 97 78 97 82 93 82 93 78
79 4 81 4 81 7 79 7 79 4
5 78 10 78 10 81 5 81 5 78
61 62 66 62 66 64 61 64 61 62
84 14 86 14 86 17 84 17 84 14
78 21 81 21 81 26 78 26 78 21
66 37 69 37 69 39 66 39 66 37
86 75 89 75 89 77 86 77 86 75
88 4 91 4 91 6 88 6 88 4
72 3 76 3 76 6 72 6 72 3
73 32 76 32 76 36 73 36 73 32
48 66 53 66 53 68 48 68 48 66
2 56 5 56 5 60 2 60 2 56
