15 46 19 46 19 48 15 48 15 46
91 29 94 29 94 33 91 33 91 29
27 31 32 31 32 33 27 33 27 31
87 34 91 34 91 37 87 37 87 34
24 24 29 24 29 29 24 29 24 24
43 32 47 32 47 37 43 37 43 32
27 71 31 71 31 76 27 76 27 71
2 11 4 11 4 14 2 14 2 11
30 94 32 94 32 96 30 96 30 94
28 53 31 53 31 58 28 58 28 53
57 14 59 14 59 16 57 16 57 14
47 85 50 85 50 89 47 89 47 85
83 79 85 79 85 84 83 84 83 79
7 5 10 5 10 9 7 9 7 5
17 38 19 38 19 42 17 42 17 38
70 94 73 94 73 97 70 97 70 94
9 45 13 45 13 48 9 48 9 45
30 88 32 88 32 93 30 93 30 88
68 80 70 80 70 83 68 83 68 80
77 90 82 90 82 94 77 94 77 90
92 78 94 78 94 80 92 80 92 78
17 93 22 93 22 96 17 96 17 93
88 68 93 68 93 70 88 70 88 68
34 38 36 38 36 42 34 42 34 38
18 84 23 84 23 86 18 86 18 84
24 3 26 3 26 7 24 7 24 3
86 54 90 54 90 59 86 59 86 54
49 27 54 27 54 32 49 32 49 27
65 41 70 41 70 46 65 46 65 41
25 9 27 9 27 14 25 14 25 9
5 61 8 61 8 65 5 65 5 61
34 73 36 73 36 76 34 76 34 73
28 35 32 35 32 40 28 40 28 35
40 68 45 68 45 73 40 73 40 68
12 61 15 61 15 64 12 64 12 61
70 25 75 25 75 28 70 28 70 25
86 13 90 13 90 15 86 15 86 13
54 52 59 52 59 54 54 54 54 52
25 48 29 48 29 50 25 50 25 48
84 6 86 6 86 8 84 8 84 6
75 95 79 95 79 97 75 97 75 95
66 89 71 89 71 92 66 92 66 89
50 76 52 76 52 78 50 78 50 76
71 3 74 3 74 6 71 6 71 3
55 41 60 41 60 43 55 43 55 41
89 25 93 25 93 28 89 28 89 25
31 42 33 42 33 47 31 47 31 42
37 14 39 14 39 19 37 19 37 14
60 73 63 73 63 78 60 78 60 73
76 17 79 17 79 21 76 21 76 17
24 17 26 17 26 22 24 22 24 17
19 70 24 70 24 75 19 75 19 70
43 76 45 76 45 78 43 78 43 76
16 25 18 25 18 29 16 29 16 25
48 5 53 5 53 8 48 8 48 5
88 20 90 20 90 24 88 24 88 20
68 6 70 6 70 11 68 11 68 6
72 79 77 79 77 82 72 82 72 79
5 17 9 17 9 22 5 22 5 17
22 34 25 34 25 37 22 37 22 34
85 43 90 43 90 45 85 45 85 43
71 31 74 31 74 35 71 35 71 31
11 18 13 18 13 21 11 21 11 18
35 30 39 30 39 34 35 34 35 30
32 69 35 69 35 72 32 72 32 69
60 46 64 46 64 50 60 50 60 46
11 13 16 13 16 15 11 15 11 13
86 93 88 93 88 98 86 98 86 93
62 23 64 23 64 26 62 26 62 23
23 88 27 88 27 92 23 92 23 88
42 4 47 4 47 9 42 9 42 4
18 10 23 10 23 12 18 12 18 10
33 56 35 56 35 58 33 58 33 56
68 49 71 49 71 53 68 53 68 49
41 82 46 82 46 84 41 84 41 82
81 21 83 21 83 24 81 24 81 21
53 22 58 22 58 26 53 26 53 22
78 62 81 62 81 67 78 67 78 62
72 63 76 63 76 67 72 67 72 63
42 52 47 52 47 56 42 56 42 52
86 75 89 75 89 80 86 80 86 75
55 7 58 7 58 10 55 10 55 7
2 23 5 23 5 26 2 26 2 23
23 64 28 64 28 66 23 66 23 64
94 65 96 65 96 69 94 69 94 65
9 49 11 49 11 53 9 53 9 49
89 62 92 62 92 66 89 66 89 62
73 10 78 10 78 14 73 14 73 10
75 74 79 74 79 78 75 78 75 74
40 26 45 26 45 31 40 31 40 26
35 64 37 64 37 67 35 67 35 64
55 68 57 68 57 73 55 73 55 68
39 8 41 8 41 12 39 12 39 8
83 36 85 36 85 41 83 41 83 36
63 67 68 67 68 69 63 69 63 67
53 34 58 34 58 37 53 37 53 34
37 87 42 87 42 90 37 90 37 87
37 75 39 75 39 77 37 77 37 75
89 50 93 50 93 52 89 52 89 50
59 30 64 30 64 33 59 33 59 30
18 65 20 65 20 69 18 69 18 65
15 56 19 56 19 60 15 60 15 56
54 74 59 74 59 77 54 77 54 74
11 78 14 78 14 83 11 83 11 78
11 70 13 70 13 75 11 75 11 70
3 47 7 47 7 52 3 52 3 47
19 43 22 43 22 45 19 45 19 43
70 57 75 57 75 60 70 60 70 57
81 9 83 9 83 11 81 11 81 9
32 4 34 4 34 6 32 6 32 4
62 53 66 53 66 58 62 58 62 53
53 46 55 46 55 49 53 49 53 46
44 17 49 17 49 22 44 22 44 17
4 30 8 30 8 35 4 35 4 30
44 90 47 90 47 95 44 95 44 90
52 91 54 91 54 94 52 94 52 91
19 30 24 30 24 33 19 33 19 30
91 18 94 18 94 21 91 21 91 18
24 95 29 95 29 97 24 97 24 95
66 85 70 85 70 88 66 88 66 85
92 37 94 37 94 41 92 41 92 37
60 59 63 59 63 63 60 63 60 59
9 31 13 31 13 35 9 35 9 31
34 49 39 49 39 53 34 53 34 49
16 88 19 88 19 92 16 92 16 88
94 7 97 7 97 10 94 10 94 7
56 90 59 90 59 92 56 92 56 90
28 9 30 9 30 14 28 14 28 9
36 94 40 94 40 98 36 98 36 94
93 89 96 89 96 94 93 94 93 89
55 93 59 93 59 95 55 95 55 93
53 82 57 82 57 86 53 86 53 82
63 80 65 80 65 82 63 82 63 80
21 79 26 79 26 81 21 81 21 79
80 50 83 50 83 52 80 52 80 50
6 25 8 25 8 29 6 29 6 25
8 78 10 78 10 83 8 83 8 78
42 58 44 58 44 60 42 60 42 58
95 34 98 34 98 38 95 38 95 34
65 13 69 13 69 18 65 18 65 13
59 82 61 82 61 86 59 86 59 82
33 79 38 79 38 82 33 82 33 79
38 91 40 91 40 93 38 93 38 91
49 58 53 58 53 63 49 63 49 58
93 11 98 11 98 15 93 15 93 11
77 58 80 58 80 61 77 61 77 58
6 70 9 70 9 75 6 75 6 70
61 39 64 39 64 41 61 41 61 39
70 75 72 75 72 77 70 77 70 75
83 87 85 87 85 90 83 90 83 87
40 62 42 62 42 65 40 65 40 62
35 5 37 5 37 8 35 8 35 5
82 72 85 72 85 77 82 77 82 72
71 22 75 22 75 24 71 24 71 22
15 18 17 18 17 23 15 23 15 18
75 47 79 47 79 50 75 50 75 47
61 12 63 12 63 16 61 16 61 12
87 90 92 90 92 92 87 92 87 90
95 58 97 58 97 60 95 60 95 58
81 31 85 31 85 34 81 34 81 31
6 90 9 90 9 92 6 92 6 90
54 57 56 57 56 60 54 60 54 57
96 73 98 73 98 76 96 76 96 73
58 18 60 18 60 20 58 20 58 18
42 12 47 12 47 14 42 14 42 12
81 25 86 25 86 27 81 27 81 25
7 36 10 36 10 41 7 41 7 36
74 68 76 68 76 71 74 71 74 68
30 84 32 84 32 86 30 86 30 84
66 70 68 70 68 72 66 72 66 70
21 54 24 54 24 58 21 58 21 54
16 52 20 52 20 55 16 55 16 52
43 38 48 38 48 43 43 43 43 38
73 40 75 40 75 44 73 44 73 40
34 25 36 25 36 28 34 28 34 25
6 56 10 56 10 60 6 60 6 56
94 53 98 53 98 56 94 56 94 53
47 65 51 65 51 67 47 67 47 65
39 44 43 44 43 47 39 47 39 44
75 31 79 31 79 35 75 35 75 31
31 21 33 21 33 23 31 23 31 21
51 12 53 12 53 17 51 17 51 12
65 29 70 29 70 33 65 33 65 29
88 6 91 6 91 10 88 10 88 6
61 43 64 43 64 45 61 45 61 43
40 21 43 21 43 24 40 24 40 21
51 70 53 70 53 72 51 72 51 70
8 42 11 42 11 44 8 44 8 42
37 56 41 56 41 58 37 58 37 56
72 88 74 88 74 93 72 93 72 88
66 21 69 21 69 25 66 25 66 21
29 18 34 18 34 20 29 20 29 18
70 37 72 37 72 40 70 40 70 37
2 53 6 53 6 55 2 55 2 53
6 85 10 85 10 89 6 89 6 85
61 88 65 88 65 92 61 92 61 88
55 30 57 30 57 33 55 33 55 30
78 82 82 82 82 84 78 84 78 82
83 60 87 60 87 64 83 64 83 60
29 78 31 78 31 82 29 82 29 78
