34 34 39 34 39 38 34 38 34 34
43 59 46 59 46 62 43 62 43 59
51 13 53 13 53 16 51 16 51 13
19 85 23 85 23 89 19 89 19 85
7 89 11 89 11 93 7 93 7 89
12 85 15 85 15 90 12 90 12 85
53 82 55 82 55 84 53 84 53 82
77 62 79 62 79 64 77 64 77 62
21 57 25 57 25 61 21 61 21 57
70 91 75 91 75 96 70 96 70 91
76 50 81 50 81 54 76 54 76 50
40 15 44 15 44 19 40 19 40 15
36 85 39 85 39 89 36 89 36 85
28 73 30 73 30 77 28 77 28 73
45 76 47 76 47 79 45 79 45 76
68 9 71 9 71 11 68 11 68 9
60 69 62 69 62 72 60 72 60 69
85 84 90 84 90 88 85 88 85 84
20 11 23 11 23 13 20 13 20 11
85 74 87 74 87 78 85 78 85 74
63 80 65 80 65 85 63 85 63 80
57 7 60 7 60 10 57 10 57 7
16 31 21 31 21 35 16 35 16 31
86 31 89 31 89 35 86 35 86 31
66 12 71 12 71 17 66 17 66 12
24 8 26 8 26 11 24 11 24 8
83 90 86 90 86 93 83 93 83 90
12 27 14 27 14 29 12 29 12 27
28 87 30 87 30 92 28 92 28 87
19 71 24 71 24 74 19 74 19 71
84 40 86 40 86 44 84 44 84 40
48 8 51 8 51 10 48 10 48 8
56 35 60 35 60 40 56 40 56 35
17 54 20 54 20 56 17 56 17 54
81 11 83 11 83 14 81 14 81 11
15 66 17 66 17 68 15 68 15 66
6 77 10 77 10 79 6 79 6 77
77 67 80 67 80 71 77 71 77 67
3 54 5 54 5 56 3 56 3 54
9 7 14 7 14 11 9 11 9 7
18 96 20 96 20 98 18 98 18 96
40 26 44 26 44 29 40 29 40 26
93 40 98 40 98 44 93 44 93 40
10 44 12 44 12 46 10 46 10 44
28 35 31 35 31 37 28 37 28 35
18 39 21 39 21 43 18 43 18 39
84 67 89 67 89 70 84 70 84 67
75 79 80 79 80 84 75 84 75 79
91 76 93 76 93 81 91 81 91 76
64 55 69 55 69 58 64 58 64 55
90 57 95 57 95 60 90 60 90 57
33 90 37 90 37 95 33 95 33 90
30 49 32 49 32 54 30 54 30 49
17 25 22 25 22 30 17 30 17 25
83 7 87 7 87 9 83 9 83 7
53 30 56 30 56 33 53 33 53 30
72 21 74 21 74 25 72 25 72 21
70 54 75 54 75 56 70 56 70 54
79 17 84 17 84 22 79 22 79 17
9 63 14 63 14 67 9 67 9 63
77 59 80 59 80 61 77 61 77 59
33 71 35 71 35 73 33 73 33 71
25 20 27 20 27 25 25 25 25 20
38 72 41 72 41 77 38 77 38 72
36 45 38 45 38 48 36 48 36 45
66 66 70 66 70 69 66 69 66 66
22 31 26 31 26 34 22 34 22 31
3 39 6 39 6 43 3 43 3 39
60 51 65 51 65 54 60 54 60 51
94 32 98 32 98 37 94 37 94 32
42 50 46 50 46 53 42 53 42 50
24 79 29 79 29 81 24 81 24 79
73 30 76 30 76 32 73 32 73 30
67 89 69 89 69 92 67 92 67 89
59 95 64 95 64 97 59 97 59 95
65 25 70 25 70 27 65 27 65 25
3 13 7 13 7 16 3 16 3 13
45 80 47 80 47 85 45 85 45 80
8 25 10 25 10 28 8 28 8 25
19 20 24 20 24 23 19 23 19 20
34 21 36 21 36 24 34 24 34 21
72 10 74 10 74 13 72 13 72 10
55 75 57 75 57 78 55 78 55 75
55 26 59 26 59 28 55 28 55 26
52 58 57 58 57 63 52 63 52 58
33 50 37 50 37 53 33 53 33 50
71 73 73 73 73 76 71 76 71 73
94 66 98 66 98 68 94 68 94 66
49 65 51 65 51 68 49 68 49 65
87 36 89 36 89 39 87 39 87 36
87 90 91 90 91 94 87 94 87 90
25 94 30 94 30 96 25 96 25 94
60 56 62 56 62 61 60 61 60 56
15 59 17 59 17 64 15 64 15 59
40 95 42 95 42 98 40 98 40 95
79 88 81 88 81 91 79 91 79 88
83 58 86 58 86 63 83 63 83 58
48 44 52 44 52 49 48 49 48 44
43 89 48 89 48 94 43 94 43 89
85 25 90 25 90 30 85 30 85 25
38 23 40 23 40 25 38 25 38 23
61 11 63 11 63 14 61 14 61 11
55 42 59 42 59 46 55 46 55 42
35 40 40 40 40 44 35 44 35 40
30 40 32 40 32 44 30 44 30 40
66 50 68 50 68 52 66 52 66 50
13 77 15 77 15 79 13 79 13 77
67 31 72 31 72 35 67 35 67 31
28 20 33 20 33 24 28 24 28 20
3 10 7 10 7 12 3 12 3 10
42 63 44 63 44 67 42 67 42 63
9 60 14 60 14 62 9 62 9 60
79 37 81 37 81 39 79 39 79 37
84 79 89 79 89 82 84 82 84 79
89 48 92 48 92 52 89 52 89 48
11 12 16 12 16 15 11 15 11 12
63 69 65 69 65 71 63 71 63 69
2 19 6 19 6 22 2 22 2 19
66 19 71 19 71 24 66 24 66 19
75 72 80 72 80 76 75 76 75 72
23 2 28 2 28 7 23 7 23 2
6 47 8 47 8 51 6 51 6 47
60 86 64 86 64 91 60 91 60 86
43 43 46 43 46 47 43 47 43 43
5 62 7 62 7 67 5 67 5 62
31 10 33 10 33 14 31 14 31 10
60 16 63 16 63 21 60 21 60 16
3 6 7 6 7 9 3 9 3 6
86 19 88 19 88 22 86 22 86 19
61 2 66 2 66 5 61 5 61 2
21 14 23 14 23 16 21 16 21 14
12 39 15 39 15 43 12 43 12 39
74 5 79 5 79 7 74 7 74 5
10 16 14 16 14 19 10 19 10 16
58 81 61 81 61 84 58 84 58 81
36 79 39 79 39 81 36 81 36 79
32 26 34 26 34 30 32 30 32 26
69 45 71 45 71 49 69 49 69 45
31 55 33 55 33 57 31 57 31 55
82 49 86 49 86 53 82 53 82 49
51 35 54 35 54 37 51 37 51 35
47 38 52 38 52 41 47 41 47 38
31 66 34 66 34 70 31 70 31 66
74 85 76 85 76 90 74 90 74 85
23 28 27 28 27 30 23 30 23 28
65 74 70 74 70 76 65 76 65 74
59 22 61 22 61 25 59 25 59 22
92 25 96 25 96 27 92 27 92 25
17 77 20 77 20 79 17 79 17 77
36 15 39 15 39 17 36 17 36 15
91 69 96 69 96 74 91 74 91 69
36 11 40 11 40 14 36 14 36 11
78 30 83 30 83 35 78 35 78 30
63 38 67 38 67 42 63 42 63 38
8 31 12 31 12 34 8 34 8 31
35 55 37 55 37 60 35 60 35 55
14 51 19 51 19 53 14 53 14 51
12 80 17 80 17 84 12 84 12 80
50 76 54 76 54 81 50 81 50 76
8 72 12 72 12 76 8 76 8 72
56 47 58 47 58 52 56 52 56 47
56 12 59 12 59 16 56 16 56 12
6 54 8 54 8 59 6 59 6 54
46 33 48 33 48 37 46 37 46 33
24 15 29 15 29 19 24 19 24 15
52 17 56 17 56 21 52 21 52 17
13 73 18 73 18 75 13 75 13 73
96 82 98 82 98 85 96 85 96 82
84 2 89 2 89 6 84 6 84 2
29 6 31 6 31 9 29 9 29 6
73 43 77 43 77 47 73 47 73 43
93 53 95 53 95 56 93 56 93 53
54 66 56 66 56 70 54 70 54 66
36 28 38 28 38 30 36 30 36 28
76 55 78 55 78 57 76 57 76 55
66 6 68 6 68 8 66 8 66 6
45 16 47 16 47 19 45 19 45 16
75 9 79 9 79 14 75 14 75 9
62 46 64 46 64 50 62 50 62 46
71 39 74 39 74 41 71 41 71 39
68 77 70 77 70 82 68 82 68 77
72 62 75 62 75 67 72 67 72 62
81 71 84 71 84 76 81 76 81 71
18 45 23 45 23 48 18 48 18 45
91 19 93 19 93 22 91 22 91 19
32 61 35 61 35 65 32 65 32 61
88 9 92 9 92 12 88 12 88 9
93 13 98 13 98 17 93 17 93 13
72 15 75 15 75 18 72 18 72 15
27 62 29 62 29 65 27 65 27 62
9 56 14 56 14 58 9 58 9 56
12 22 15 22 15 24 12 24 12 22
33 6 36 6 36 9 33 9 33 6
21 90 24 90 24 94 21 94 21 90
46 64 48 64 48 66 46 66 46 64
45 23 49 23 49 27 45 27 45 23
96 57 98 57 98 60 96 60 96 57
52 87 54 87 54 91 52 91 52 87
15 96 17 96 17 98 15 98 15 96
47 4 52 4 52 7 47 7 47 4
