46 17 51 17 51 21 46 21 46 17
89 26 91 26 91 28 89 28 89 26
78 82 83 82 83 87 78 87 78 82
78 48 80 48 80 52 78 52 78 48
7 40 11 40 11 44 7 44 7 40
15 7 19 7 19 9 15 9 15 7
90 7 95 7 95 10 90 10 90 7
44 22 47 22 47 25 44 25 44 22
48 54 51 54 51 58 48 58 48 54
36 52 38 52 38 55 36 55 36 52
9 92 14 92 14 97 9 97 9 92
42 34 47 34 47 37 42 37 42 34
56 82 58 82 58 84 56 84 56 82
36 78 40 78 40 81 36 81 36 78
30 57 33 57 33 62 30 62 30 57
33 18 36 18 36 21 33 21 33 18
20 19 23 19 23 24 20 24 20 19
12 70 14 70 14 73 12 73 12 70
86 17 89 17 89 19 86 19 86 17
52 59 54 59 54 61 52 61 52 59
15 46 18 46 18 50 15 50 15 46
3 43 6 43 6 48 3 48 3 43
61 13 66 13 66 18 61 18 61 13
32 68 35 68 35 70 32 70 32 68
39 43 42 43 42 47 39 47 39 43
60 70 62 70 62 74 60 74 60 70
82 6 87 6 87 10 82 10 82 6
49 43 51 43 51 45 49 45 49 43
78 6 80 6 80 9 78 9 78 6
49 92 51 92 51 95 49 95 49 92
67 44 71 44 71 48 67 48 67 44
80 20 84 20 84 25 80 25 80 20
27 64 32 64 32 67 27 67 27 64
88 89 91 89 91 94 88 94 88 89
21 70 26 70 26 73 21 73 21 70
25 8 28 8 28 11 25 11 25 8
42 8 44 8 44 11 42 11 42 8
46 7 50 7 50 10 46 10 46 7
67 16 72 16 72 21 67 21 67 16
25 23 27 23 27 26 25 26 25 23
10 59 13 59 13 62 10 62 10 59
34 12 39 12 39 17 34 17 34 12
19 42 22 42 22 45 19 45 19 42
17 65 20 65 20 67 17 67 17 65
88 36 91 36 91 40 88 40 88 36
60 24 63 24 63 28 60 28 60 24
12 78 15 78 15 83 12 83 12 78
25 36 28 36 28 41 25 41 25 36
36 37 41 37 41 39 36 39 36 37
2 92 6 92 6 94 2 94 2 92
82 51 84 51 84 54 82 54 82 51
40 63 43 63 43 66 40 66 40 63
63 31 68 31 68 34 63 34 63 31
69 54 72 54 72 59 69 59 69 54
50 30 54 30 54 32 50 32 50 30
23 42 25 42 25 44 23 44 23 42
63 7 65 7 65 9 63 9 63 7
71 67 74 67 74 70 71 70 71 67
33 31 38 31 38 36 33 36 33 31
60 59 62 59 62 61 60 61 60 59
51 23 56 23 56 26 51 26 51 23
84 68 87 68 87 70 84 70 84 68
76 36 79 36 79 40 76 40 76 36
76 18 78 18 78 22 76 22 76 18
49 71 51 71 51 76 49 76 49 71
21 91 23 91 23 94 21 94 21 91
60 51 63 51 63 55 60 55 60 51
2 67 7 67 7 72 2 72 2 67
41 82 44 82 44 85 41 85 41 82
29 84 34 84 34 88 29 88 29 84
78 15 82 15 82 17 78 17 78 15
31 75 33 75 33 78 31 78 31 75
34 26 38 26 38 30 34 30 34 26
36 87 40 87 40 92 36 92 36 87
23 55 27 55 27 59 23 59 23 55
30 7 34 7 34 11 30 11 30 7
21 61 23 61 23 65 21 65 21 61
73 7 75 7 75 11 73 11 73 7
5 56 8 56 8 59 5 59 5 56
11 4 14 4 14 9 11 9 11 4
11 48 13 48 13 53 11 53 11 48
13 54 17 54 17 57 13 57 13 54
54 48 57 48 57 52 54 52 54 48
56 34 61 34 61 37 56 37 56 34
53 13 57 13 57 17 53 17 53 13
73 74 75 74 75 76 73 76 73 74
68 85 70 85 70 90 68 90 68 85
50 46 52 46 52 51 50 51 50 46
61 94 65 94 65 98 61 98 61 94
83 43 85 43 85 47 83 47 83 43
49 11 52 11 52 15 49 15 49 11
90 14 95 14 95 17 90 17 90 14
90 68 93 68 93 72 90 72 90 68
43 3 45 3 45 5 43 5 43 3
37 82 40 82 40 84 37 84 37 82
26 89 30 89 30 94 26 94 26 89
72 49 77 49 77 53 72 53 72 49
80 2 85 2 85 5 80 5 80 2
43 41 48 41 48 45 43 45 43 41
36 61 38 61 38 65 36 65 36 61
63 86 65 86 65 91 63 91 63 86
10 19 12 19 12 21 10 21 10 19
82 29 84 29 84 33 82 33 82 29
95 31 98 31 98 35 95 35 95 31
5 86 7 86 7 88 5 88 5 86
55 42 58 42 58 45 55 45 55 42
2 76 7 76 7 81 2 81 2 76
46 60 49 60 49 63 46 63 46 60
76 92 79 92 79 97 76 97 76 92
64 78 68 78 68 82 64 82 64 78
69 78 74 78 74 82 69 82 69 78
26 12 31 12 31 14 26 14 26 12
46 82 48 82 48 85 46 85 46 82
84 26 87 26 87 28 84 28 84 26
77 66 82 66 82 69 77 69 77 66
73 89 76 89 76 91 73 91 73 89
68 62 70 62 70 65 68 65 68 62
94 22 98 22 98 26 94 26 94 22
26 79 29 79 29 83 26 83 26 79
82 36 87 36 87 41 82 41 82 36
61 63 65 63 65 68 61 68 61 63
89 84 92 84 92 86 89 86 89 84
86 51 89 51 89 56 86 56 86 51
19 30 21 30 21 34 19 34 19 30
20 2 25 2 25 7 20 7 20 2
89 42 92 42 92 45 89 45 89 42
69 12 72 12 72 15 69 15 69 12
44 48 48 48 48 51 44 51 44 48
77 43 81 43 81 46 77 46 77 43
18 81 22 81 22 85 18 85 18 81
5 4 10 4 10 6 5 6 5 4
82 76 84 76 84 80 82 80 82 76
23 28 26 28 26 31 23 31 23 28
33 44 38 44 38 46 33 46 33 44
55 3 60 3 60 8 55 8 55 3
87 60 89 60 89 62 87 62 87 60
5 30 9 30 9 32 5 32 5 30
39 30 41 30 41 32 39 32 39 30
45 87 47 87 47 89 45 89 45 87
3 18 8 18 8 23 3 23 3 18
55 88 60 88 60 90 55 90 55 88
28 31 31 31 31 35 28 35 28 31
36 2 39 2 39 6 36 6 36 2
83 56 85 56 85 59 83 59 83 56
11 31 13 31 13 33 11 33 11 31
3 37 6 37 6 39 3 39 3 37
42 77 44 77 44 81 42 81 42 77
19 48 21 48 21 53 19 53 19 48
43 71 48 71 48 76 43 76 43 71
67 94 70 94 70 96 67 96 67 94
94 45 97 45 97 48 94 48 94 45
26 48 30 48 30 52 26 52 26 48
41 20 43 20 43 25 41 25 41 20
47 68 50 68 50 70 47 70 47 68
8 72 10 72 10 74 8 74 8 72
11 87 15 87 15 89 11 89 11 87
7 7 9 7 9 11 7 11 7 7
67 69 70 69 70 74 67 74 67 69
7 35 9 35 9 39 7 39 7 35
59 91 61 91 61 93 59 93 59 91
48 89 50 89 50 91 48 91 48 89
96 90 98 90 98 92 96 92 96 90
12 39 16 39 16 42 12 42 12 39
49 80 54 80 54 85 49 85 49 80
9 24 12 24 12 28 9 28 9 24
74 54 79 54 79 58 74 58 74 54
12 84 16 84 16 86 12 86 12 84
79 62 84 62 84 65 79 65 79 62
90 80 95 80 95 82 90 82 90 80
12 15 15 15 15 18 12 18 12 15
73 85 75 85 75 87 73 87 73 85
70 29 75 29 75 31 70 31 70 29
62 3 65 3 65 6 62 6 62 3
35 22 37 22 37 24 35 24 35 22
60 40 63 40 63 43 60 43 60 40
73 39 75 39 75 41 73 41 73 39
15 69 20 69 20 74 15 74 15 69
90 74 92 74 92 78 90 78 90 74
75 13 77 13 77 15 75 15 75 13
35 56 38 56 38 58 35 58 35 56
55 53 58 53 58 56 55 56 55 53
96 54 98 54 98 59 96 59 96 54
14 28 16 28 16 33 14 33 14 28
39 93 44 93 44 97 39 97 39 93
20 14 23 14 23 16 20 16 20 14
66 66 68 66 68 68 66 68 66 66
36 7 40 7 40 9 36 9 36 7
42 26 46 26 46 28 42 28 42 26
39 56 42 56 42 59 39 59 39 56
81 88 85 88 85 92 81 92 81 88
76 29 80 29 80 32 76 32 76 29
60 81 63 81 63 85 60 85 60 81
32 2 35 2 35 5 32 5 32 2
23 45 28 45 28 47 23 47 23 45
58 46 63 46 63 49 58 49 58 46
76 75 78 75 78 77 76 77 76 75
20 76 24 76 24 79 20 79 20 76
91 49 95 49 95 54 91 54 91 49
19 56 21 56 21 60 19 60 19 56
71 26 75 26 75 28 71 28 71 26
