58 13 63 13 63 16 58 16 58 13
7 95 11 95 11 97 7 97 7 95
60 58 62 58 62 63 60 63 60 58
18 54 21 54 21 57 18 57 18 54
3 75 6 75 6 80 3 80 3 75
85 92 88 92 88 94 85 94 85 92
48 21 50 21 50 24 48 24 48 21
62 37 64 37 64 42 62 42 62 37
50 13 54 13 54 15 50 15 50 13
8 23 12 23 12 25 8 25 8 23
82 11 84 11 84 15 82 15 82 11
76 23 80 23 80 28 76 28 76 23
16 18 20 18 20 20 16 20 16 18
39 35 41 35 41 39 39 39 39 35
72 55 74 55 74 57 72 57 72 55
68 44 73 44 73 49 68 49 68 44
19 81 24 81 24 84 19 84 19 81
5 43 7 43 7 47 5 47 5 43
14 28 19 28 19 33 14 33 14 28
72 74 75 74 75 78 72 78 72 74
73 8 78 8 78 13 73 13 73 8
26 40 29 40 29 44 26 44 26 40
22 10 25 10 25 13 22 13 22 10
49 25 51 25 51 30 49 30 49 25
66 53 71 53 71 57 66 57 66 53
94 20 96 20 96 23 94 23 94 20
31 78 36 78 36 81 31 81 31 78
76 96 79 96 79 98 76 98 76 96
36 17 39 17 39 22 36 22 36 17
39 29 44 29 44 32 39 32 39 29
54 45 58 45 58 47 54 47 54 45
28 84 30 84 30 88 28 88 28 84
78 86 82 86 82 88 78 88 78 86
83 21 85 21 85 26 83 26 83 21
39 90 44 90 44 94 39 94 39 90
20 2 24 2 24 6 20 6 20 2
48 80 52 80 52 83 48 83 48 80
55 55 60 55 60 57 55 57 55 55
39 82 42 82 42 84 39 84 39 82
82 48 86 48 86 53 82 53 82 48
95 10 98 10 98 15 95 15 95 10
77 16 79 16 79 19 77 19 77 16
89 43 92 43 92 46 89 46 89 43
45 58 49 58 49 61 45 61 45 58
66 83 70 83 70 86 66 86 66 83
76 73 80 73 80 78 76 78 76 73
84 79 89 79 89 81 84 81 84 79
27 55 30 55 30 60 27 60 27 55
2 49 5 49 5 51 2 51 2 49
7 55 11 55 11 57 7 57 7 55
38 47 40 47 40 50 38 50 38 47
21 25 23 25 23 30 21 30 21 25
4 3 6 3 6 8 4 8 4 3
14 5 17 5 17 10 14 10 14 5
61 82 65 82 65 86 61 86 61 82
42 75 45 75 45 78 42 78 42 75
55 67 59 67 59 72 55 72 55 67
72 68 75 68 75 70 72 70 72 68
56 36 61 36 61 39 56 39 56 36
92 31 94 31 94 33 92 33 92 31
40 20 45 20 45 24 40 24 40 20
67 19 70 19 70 24 67 24 67 19
71 60 74 60 74 62 71 62 71 60
69 9 71 9 71 12 69 12 69 9
90 28 93 28 93 30 90 30 90 28
85 41 88 41 88 45 85 45 85 41
86 31 90 31 90 36 86 36 86 31
52 91 54 91 54 96 52 96 52 91
45 5 48 5 48 10 45 10 45 5
46 36 48 36 48 40 46 40 46 36
39 11 44 11 44 14 39 14 39 11
14 84 18 84 18 89 14 89 14 84
21 35 25 35 25 39 21 39 21 35
12 53 14 53 14 56 12 56 12 53
79 57 82 57 82 62 79 62 79 57
72 17 74 17 74 20 72 20 72 17
28 66 31 66 31 68 28 68 28 66
26 52 29 52 29 54 26 54 26 52
5 31 10 31 10 34 5 34 5 31
25 76 27 76 27 78 25 78 25 76
89 85 94 85 94 90 89 90 89 85
78 69 82 69 82 72 78 72 78 69
5 38 8 38 8 42 5 42 5 38
54 75 57 75 57 79 54 79 54 75
38 53 40 53 40 57 38 57 38 53
14 38 19 38 19 42 14 42 14 38
71 80 75 80 75 85 71 85 71 80
31 58 35 58 35 60 31 60 31 58
70 35 73 35 73 39 70 39 70 35
89 7 91 7 91 9 89 9 89 7
65 28 68 28 68 32 65 32 65 28
63 44 67 44 67 49 63 49 63 44
75 33 80 33 80 38 75 38 75 33
69 67 71 67 71 69 69 69 69 67
91 35 95 35 95 37 91 37 91 35
66 95 70 95 70 98 66 98 66 95
65 79 69 79 69 81 65 81 65 79
16 92 19 92 19 94 16 94 16 92
38 41 40 41 40 45 38 45 38 41
26 89 29 89 29 93 26 93 26 89
43 70 45 70 45 73 43 73 43 70
50 58 54 58 54 63 50 63 50 58
52 40 55 40 55 44 52 44 52 40
48 45 53 45 53 48 48 48 48 45
14 68 17 68 17 73 14 73 14 68
26 9 31 9 31 11 26 11 26 9
67 91 69 91 69 94 67 94 67 91
25 16 27 16 27 18 25 18 25 16
15 12 18 12 18 15 15 15 15 12
52 51 54 51 54 56 52 56 52 51
77 45 81 45 81 50 77 50 77 45
37 73 41 73 41 76 37 76 37 73
56 29 61 29 61 31 56 31 56 29
92 94 96 94 96 96 92 96 92 94
30 38 35 38 35 43 30 43 30 38
76 63 81 63 81 65 76 65 76 63
20 89 22 89 22 94 20 94 20 89
25 21 29 21 29 25 25 25 25 21
10 77 15 77 15 81 10 81 10 77
8 11 12 11 12 15 8 15 8 11
10 43 14 43 14 45 10 45 10 43
33 94 35 94 35 97 33 97 33 94
89 51 91 51 91 56 89 56 89 51
23 48 28 48 28 51 23 51 23 48
33 65 35 65 35 70 33 70 33 65
33 87 36 87 36 89 33 89 33 87
8 61 13 61 13 63 8 63 8 61
33 50 36 50 36 54 33 54 33 50
91 17 93 17 93 20 91 20 91 17
32 33 35 33 35 37 32 37 32 33
26 32 31 32 31 36 26 36 26 32
79 9 81 9 81 12 79 12 79 9
87 70 90 70 90 73 87 73 87 70
89 64 94 64 94 67 89 67 89 64
41 57 43 57 43 59 41 59 41 57
95 46 98 46 98 50 95 50 95 46
13 94 15 94 15 98 13 98 13 94
50 70 53 70 53 75 50 75 50 70
18 22 21 22 21 24 18 24 18 22
17 76 20 76 20 79 17 79 17 76
29 27 34 27 34 30 29 30 29 27
34 2 38 2 38 5 34 5 34 2
16 44 20 44 20 48 16 48 16 44
85 67 88 67 88 69 85 69 85 67
92 71 95 71 95 76 92 76 92 71
75 90 77 90 77 95 75 95 75 90
65 34 69 34 69 37 65 37 65 34
56 82 60 82 60 85 56 85 56 82
79 81 82 81 82 84 79 84 79 81
78 29 82 29 82 32 78 32 78 29
4 87 8 87 8 89 4 89 4 87
53 5 55 5 55 7 53 7 53 5
84 17 87 17 87 19 84 19 84 17
59 75 63 75 63 77 59 77 59 75
9 82 11 82 11 87 9 87 9 82
12 47 15 47 15 50 12 50 12 47
85 85 87 85 87 87 85 87 85 85
77 53 81 53 81 56 77 56 77 53
56 32 59 32 59 35 56 35 56 32
19 70 23 70 23 74 19 74 19 70
53 20 57 20 57 22 53 22 53 20
6 26 10 26 10 29 6 29 6 26
62 92 65 92 65 96 62 96 62 92
3 62 7 62 7 65 3 65 3 62
81 73 84 73 84 76 81 76 81 73
66 3 69 3 69 8 66 8 66 3
43 45 46 45 46 48 43 48 43 45
60 65 65 65 65 67 60 67 60 65
47 92 51 92 51 96 47 96 47 92
46 53 51 53 51 57 46 57 46 53
3 70 5 70 5 72 3 72 3 70
61 7 63 7 63 9 61 9 61 7
32 8 36 8 36 10 32 10 32 8
19 12 21 12 21 16 19 16 19 12
64 71 67 71 67 74 64 74 64 71
73 50 76 50 76 53 73 53 73 50
14 61 16 61 16 65 14 65 14 61
55 10 57 10 57 14 55 14 55 10
12 74 15 74 15 76 12 76 12 74
57 62 59 62 59 64 57 64 57 62
51 37 54 37 54 39 51 39 51 37
67 14 70 14 70 17 67 17 67 14
31 83 34 83 34 85 31 85 31 83
70 3 75 3 75 5 70 5 70 3
11 34 13 34 13 39 11 39 11 34
55 49 59 49 59 51 55 51 55 49
62 26 64 26 64 29 62 29 62 26
33 55 35 55 35 57 33 57 33 55
36 59 38 59 38 61 36 61 36 59
41 15 46 15 46 18 41 18 41 15
8 66 12 66 12 70 8 70 8 66
69 27 72 27 72 32 69 32 69 27
38 85 42 85 42 89 38 89 38 85
2 35 4 35 4 38 2 38 2 35
92 56 94 56 94 60 92 60 92 56
79 39 84 39 84 41 79 41 79 39
56 86 59 86 59 89 56 89 56 86
40 64 44 64 44 69 40 69 40 64
52 23 54 23 54 28 52 28 52 23
90 38 93 38 93 41 90 41 90 38
