58 13 60 13 60 18 58 18 58 13
78 7 82 7 82 10 78 10 78 7
94 5 96 5 96 7 94 7 94 5
36 19 41 19 41 23 36 23 36 19
73 92 76 92 76 94 73 94 73 92
12 82 14 82 14 84 12 84 12 82
84 77 87 77 87 81 84 81 84 77
91 48 95 48 95 52 91 52 91 48
5 43 8 43 8 47 5 47 5 43
62 21 65 21 65 23 62 23 62 21
13 34 17 34 17 38 13 38 13 34
49 10 53 10 53 13 49 13 49 10
93 62 98 62 98 67 93 67 93 62
40 28 43 28 43 30 40 30 40 28
76 80 79 80 79 82 76 82 76 80
79 25 84 25 84 30 79 30 79 25
68 35 71 35 71 38 68 38 68 35
56 47 60 47 60 51 56 51 56 47
82 41 85 41 85 44 82 44 82 41
52 88 55 88 55 93 52 93 52 88
50 71 55 71 55 73 50 73 50 71
24 23 26 23 26 25 24 25 24 23
48 91 50 91 50 96 48 96 48 91
26 17 31 17 31 20 26 20 26 17
65 15 68 15 68 19 65 19 65 15
57 92 59 92 59 97 57 97 57 92
81 72 84 72 84 76 81 76 81 72
43 79 46 79 46 81 43 81 43 79
23 45 26 45 26 47 23 47 23 45
69 29 71 29 71 33 69 33 69 29
60 84 63 84 63 87 60 87 60 84
77 51 81 51 81 55 77 55 77 51
2 14 5 14 5 16 2 16 2 14
60 32 63 32 63 36 60 36 60 32
62 26 67 26 67 29 62 29 62 26
69 84 72 84 72 87 69 87 69 84
69 62 73 62 73 66 69 66 69 62
47 28 50 28 50 31 47 31 47 28
17 75 19 75 19 79 17 79 17 75
89 85 93 85 93 88 89 88 89 85
17 18 22 18 22 23 17 23 17 18
13 94 18 94 18 97 13 97 13 94
28 79 30 79 30 82 28 82 28 79
73 15 78 15 78 17 73 17 73 15
70 55 75 55 75 58 70 58 70 55
73 10 75 10 75 14 73 14 73 10
39 32 43 32 43 35 39 35 39 32
80 88 82 88 82 93 80 93 80 88
67 20 70 20 70 22 67 22 67 20
35 30 38 30 38 33 35 33 35 30
16 42 21 42 21 44 16 44 16 42
49 44 54 44 54 49 49 49 49 44
5 77 10 77 10 82 5 82 5 77
66 77 69 77 69 82 66 82 66 77
43 8 47 8 47 12 43 12 43 8
51 67 54 67 54 70 51 70 51 67
5 23 9 23 9 25 5 25 5 23
68 11 71 11 71 14 68 14 68 11
37 85 40 85 40 88 37 88 37 85
14 24 16 24 16 28 14 28 14 24
36 38 41 38 41 41 36 41 36 38
74 86 79 86 79 89 74 89 74 86
10 67 15 67 15 70 10 70 10 67
63 72 66 72 66 76 63 76 63 72
9 90 11 90 11 94 9 94 9 90
56 82 58 82 58 85 56 85 56 82
88 71 92 71 92 73 88 73 88 71
56 69 58 69 58 71 56 71 56 69
41 75 45 75 45 78 41 78 41 75
19 10 24 10 24 13 19 13 19 10
30 87 33 87 33 91 30 91 30 87
65 5 67 5 67 8 65 8 65 5
89 40 91 40 91 45 89 45 89 40
57 58 59 58 59 61 57 61 57 58
74 21 78 21 78 25 74 25 74 21
62 43 64 43 64 47 62 47 62 43
50 34 52 34 52 38 50 38 50 34
93 80 97 80 97 83 93 83 93 80
51 75 56 75 56 80 51 80 51 75
62 51 65 51 65 54 62 54 62 51
34 4 38 4 38 7 34 7 34 4
50 51 52 51 52 53 50 53 50 51
54 52 56 52 56 54 54 54 54 52
27 59 31 59 31 61 27 61 27 59
16 57 18 57 18 62 16 62 16 57
6 72 10 72 10 75 6 75 6 72
23 33 26 33 26 37 23 37 23 33
79 20 82 20 82 22 79 22 79 20
4 53 6 53 6 55 4 55 4 53
58 75 61 75 61 80 58 80 58 75
88 22 92 22 92 25 88 25 88 22
45 42 47 42 47 46 45 46 45 42
71 47 75 47 75 52 71 52 71 47
37 93 39 93 39 95 37 95 37 93
64 88 68 88 68 93 64 93 64 88
47 58 49 58 49 62 47 62 47 58
6 60 8 60 8 65 6 65 6 60
32 64 37 64 37 67 32 67 32 64
94 24 97 24 97 29 94 29 94 24
83 54 88 54 88 58 83 58 83 54
15 48 20 48 20 53 15 53 15 48
24 59 26 59 26 62 24 62 24 59
12 72 17 72 17 74 12 74 12 72
12 30 15 30 15 33 12 33 12 30
57 41 59 41 59 46 57 46 57 41
26 2 31 2 31 4 26 4 26 2
51 30 56 30 56 32 51 32 51 30
51 82 55 82 55 87 51 87 51 82
13 10 16 10 16 12 13 12 13 10
37 46 42 46 42 50 37 50 37 46
87 51 89 51 89 53 87 53 87 51
20 85 23 85 23 88 20 88 20 85
30 13 33 13 33 15 30 15 30 13
21 90 25 90 25 93 21 93 21 90
36 53 40 53 40 58 36 58 36 53
9 46 13 46 13 50 9 50 9 46
93 91 96 91 96 95 93 95 93 91
18 71 21 71 21 74 18 74 18 71
80 94 85 94 85 97 80 97 80 94
19 33 21 33 21 36 19 36 19 33
7 32 10 32 10 36 7 36 7 32
25 74 27 74 27 78 25 78 25 74
69 8 72 8 72 10 69 10 69 8
77 34 81 34 81 36 77 36 77 34
5 3 9 3 9 5 5 5 5 3
2 70 4 70 4 74 2 74 2 70
90 92 92 92 92 97 90 97 90 92
13 85 16 85 16 90 13 90 13 85
50 40 54 40 54 43 50 43 50 40
30 44 34 44 34 46 30 46 30 44
87 10 89 10 89 12 87 12 87 10
12 59 15 59 15 61 12 61 12 59
90 57 92 57 92 59 90 59 90 57
70 91 72 91 72 94 70 94 70 91
7 15 12 15 12 20 7 20 7 15
25 5 30 5 30 10 25 10 25 5
96 10 98 10 98 15 96 15 96 10
26 93 28 93 28 95 26 95 26 93
83 3 87 3 87 6 83 6 83 3
27 30 29 30 29 32 27 32 27 30
92 43 94 43 94 46 92 46 92 43
73 70 75 70 75 73 73 73 73 70
61 11 65 11 65 14 61 14 61 11
49 17 52 17 52 20 49 20 49 17
92 37 97 37 97 39 92 39 92 37
71 74 75 74 75 78 71 78 71 74
37 70 40 70 40 75 37 75 37 70
28 67 30 67 30 71 28 71 28 67
42 22 45 22 45 26 42 26 42 22
76 47 78 47 78 50 76 50 76 47
51 94 54 94 54 98 51 98 51 94
42 83 46 83 46 86 42 86 42 83
72 39 77 39 77 41 72 41 72 39
3 88 5 88 5 90 3 90 3 88
92 14 95 14 95 19 92 19 92 14
8 51 12 51 12 55 8 55 8 51
43 19 46 19 46 21 43 21 43 19
70 42 72 42 72 44 70 44 70 42
30 51 32 51 32 54 30 54 30 51
77 60 82 60 82 62 77 62 77 60
54 7 56 7 56 9 54 9 54 7
64 68 67 68 67 70 64 70 64 68
44 15 47 15 47 18 44 18 44 15
23 41 28 41 28 44 23 44 23 41
9 40 13 40 13 42 9 42 9 40
94 58 97 58 97 60 94 60 94 58
83 20 87 20 87 24 83 24 83 20
46 52 48 52 48 56 46 56 46 52
35 76 38 76 38 78 35 78 35 76
33 69 35 69 35 74 33 74 33 69
24 53 29 53 29 56 24 56 24 53
22 72 24 72 24 76 22 76 22 72
35 79 40 79 40 81 35 81 35 79
88 2 91 2 91 5 88 5 88 2
30 83 34 83 34 85 30 85 30 83
95 69 97 69 97 71 95 71 95 69
7 85 12 85 12 87 7 87 7 85
11 63 15 63 15 65 11 65 11 63
13 91 17 91 17 93 13 93 13 91
89 32 91 32 91 36 89 36 89 32
36 42 40 42 40 45 36 45 36 42
60 89 62 89 62 92 60 92 60 89
43 88 47 88 47 92 43 92 43 88
36 12 40 12 40 16 36 16 36 12
57 24 60 24 60 26 57 26 57 24
86 14 91 14 91 16 86 16 86 14
34 59 38 59 38 62 34 62 34 59
88 65 92 65 92 70 88 70 88 65
2 28 7 28 7 31 2 31 2 28
50 2 52 2 52 7 50 7 50 2
45 36 47 36 47 41 45 41 45 36
16 65 18 65 18 68 16 68 16 65
64 57 69 57 69 60 64 60 64 57
90 54 92 54 92 56 90 56 90 54
9 96 11 96 11 98 9 98 9 96
5 37 8 37 8 40 5 40 5 37
53 3 56 3 56 5 53 5 53 3
22 66 27 66 27 69 22 69 22 66
71 3 76 3 76 5 71 5 71 3
89 76 92 76 92 78 89 78 89 76
