52 45 54 45 54 47 52 47 52 45
14 39 18 39 18 44 14 44 14 39
66 35 70 35 70 39 66 39 66 35
44 13 48 13 48 17 44 17 44 13
21 36 24 36 24 38 21 38 21 36
15 92 20 92 20 96 15 96 15 92
82 84 86 84 86 88 82 88 82 84
18 50 22 50 22 52 18 52 18 50
95 21 97 21 97 26 95 26 95 21
61 65 64 65 64 70 61 70 61 65
50 53 54 53 54 55 50 55 50 53
90 25 92 25 92 30 90 30 90 25
33 64 37 64 37 68 33 68 33 64
14 77 16 77 16 79 14 79 14 77
37 88 42 88 42 91 37 91 37 88
42 41 45 41 45 45 42 45 42 41
66 59 71 59 71 62 66 62 66 59
8 31 11 31 11 36 8 36 8 31
95 50 97 50 97 55 95 55 95 50
27 19 30 19 30 21 27 21 27 19
34 39 36 39 36 44 34 44 34 39
39 73 44 73 44 78 39 78 39 73
61 20 63 20 63 24 61 24 61 20
83 74 88 74 88 76 83 76 83 74
50 30 55 30 55 32 50 32 50 30
70 88 72 88 72 93 70 93 70 88
75 62 79 62 79 64 75 64 75 62
36 20 39 20 39 24 36 24 36 20
20 86 24 86 24 89 20 89 20 86
17 54 21 54 21 57 17 57 17 54
84 50 88 50 88 54 84 54 84 50
38 52 43 52 43 56 38 56 38 52
2 48 7 48 7 51 2 51 2 48
11 45 14 45 14 48 11 48 11 45
76 33 81 33 81 37 76 37 76 33
87 5 91 5 91 9 87 9 87 5
56 14 61 14 61 17 56 17 56 14
66 93 68 93 68 98 66 98 66 93
66 13 71 13 71 16 66 16 66 13
50 70 53 70 53 72 50 72 50 70
76 84 79 84 79 86 76 86 76 84
66 50 69 50 69 55 66 55 66 50
14 13 18 13 18 17 14 17 14 13
3 29 5 29 5 32 3 32 3 29
68 75 70 75 70 79 68 79 68 75
54 38 58 38 58 43 54 43 54 38
51 78 55 78 55 82 51 82 51 78
8 3 13 3 13 7 8 7 8 3
79 24 84 24 84 29 79 29 79 24
61 71 63 71 63 74 61 74 61 71
10 23 14 23 14 28 10 28 10 23
67 20 72 20 72 23 67 23 67 20
52 2 54 2 54 4 52 4 52 2
81 78 86 78 86 82 81 82 81 78
81 16 85 16 85 20 81 20 81 16
40 46 42 46 42 49 40 49 40 46
4 60 8 60 8 65 4 65 4 60
32 10 35 10 35 15 32 15 32 10
33 58 36 58 36 62 33 62 33 58
19 45 23 45 23 47 19 47 19 45
55 83 60 83 60 88 55 88 55 83
79 55 84 55 84 60 79 60 79 55
81 43 84 43 84 46 81 46 81 43
45 95 49 95 49 97 45 97 45 95
32 17 35 17 35 19 32 19 32 17
15 67 20 67 20 72 15 72 15 67
74 90 79 90 79 93 74 93 74 90
23 11 27 11 27 15 23 15 23 11
6 74 9 74 9 77 6 77 6 74
94 15 97 15 97 17 94 17 94 15
71 39 76 39 76 42 71 42 71 39
26 53 30 53 30 55 26 55 26 53
26 78 30 78 30 80 26 80 26 78
59 6 61 6 61 8 59 8 59 6
2 88 6 88 6 92 2 92 2 88
79 69 84 69 84 72 79 72 79 69
92 4 94 4 94 8 92 8 92 4
89 78 94 78 94 83 89 83 89 78
29 4 31 4 31 7 29 7 29 4
36 26 40 26 40 29 36 29 36 26
75 27 78 27 78 32 75 32 75 27
87 59 89 59 89 64 87 64 87 59
81 93 84 93 84 97 81 97 81 93
88 93 93 93 93 95 88 95 88 93
26 63 28 63 28 65 26 65 26 63
57 56 62 56 62 59 57 59 57 56
40 10 43 10 43 14 40 14 40 10
3 80 7 80 7 82 3 82 3 80
58 60 60 60 60 63 58 63 58 60
66 43 70 43 70 45 66 45 66 43
94 66 98 66 98 70 94 70 94 66
75 46 80 46 80 48 75 48 75 46
53 63 56 63 56 66 53 66 53 63
36 31 40 31 40 33 36 33 36 31
58 52 61 52 61 55 58 55 58 52
59 45 61 45 61 47 59 47 59 45
57 21 60 21 60 24 57 24 57 21
21 70 26 70 26 72 21 72 21 70
43 46 45 46 45 51 43 51 43 46
87 89 90 89 90 92 87 92 87 89
56 73 59 73 59 76 56 76 56 73
49 10 51 10 51 12 49 12 49 10
32 48 37 48 37 53 32 53 32 48
18 26 22 26 22 28 18 28 18 26
64 18 66 18 66 22 64 22 64 18
41 21 43 21 43 24 41 24 41 21
57 89 59 89 59 94 57 94 57 89
40 61 45 61 45 66 40 66 40 61
47 39 49 39 49 41 47 41 47 39
92 33 94 33 94 37 92 37 92 33
64 25 66 25 66 30 64 30 64 25
15 58 18 58 18 62 15 62 15 58
76 6 80 6 80 10 76 10 76 6
50 74 55 74 55 77 50 77 50 74
41 15 43 15 43 20 41 20 41 15
23 40 27 40 27 44 23 44 23 40
24 49 27 49 27 51 24 51 24 49
64 81 69 81 69 85 64 85 64 81
65 2 70 2 70 4 65 4 65 2
71 52 73 52 73 55 71 55 71 52
9 17 13 17 13 21 9 21 9 17
65 8 68 8 68 10 65 10 65 8
55 44 58 44 58 48 55 48 55 44
85 43 88 43 88 45 85 45 85 43
56 2 61 2 61 5 56 5 56 2
60 38 65 38 65 41 60 41 60 38
29 65 32 65 32 67 29 67 29 65
91 71 93 71 93 73 91 73 91 71
51 93 55 93 55 97 51 97 51 93
49 83 52 83 52 85 49 85 49 83
14 86 17 86 17 91 14 91 14 86
9 63 11 63 11 67 9 67 9 63
75 71 78 71 78 74 75 74 75 71
9 87 12 87 12 90 9 90 9 87
37 79 41 79 41 84 37 84 37 79
6 41 9 41 9 44 6 44 6 41
21 75 25 75 25 77 21 77 21 75
18 73 20 73 20 78 18 78 18 73
86 16 90 16 90 19 86 19 86 16
46 66 50 66 50 68 46 68 46 66
26 32 30 32 30 35 26 35 26 32
3 93 7 93 7 98 3 98 3 93
9 55 11 55 11 58 9 58 9 55
46 61 49 61 49 65 46 65 46 61
26 57 30 57 30 60 26 60 26 57
82 64 85 64 85 66 82 66 82 64
45 71 47 71 47 74 45 74 45 71
95 79 98 79 98 84 95 84 95 79
22 18 26 18 26 20 22 20 22 18
90 85 95 85 95 88 90 88 90 85
15 63 17 63 17 65 15 65 15 63
42 5 46 5 46 8 42 8 42 5
58 27 60 27 60 29 58 29 58 27
10 51 13 51 13 53 10 53 10 51
29 93 33 93 33 97 29 97 29 93
49 23 52 23 52 27 49 27 49 23
31 74 35 74 35 77 31 77 31 74
28 25 31 25 31 30 28 30 28 25
18 31 22 31 22 35 18 35 18 31
48 45 51 45 51 49 48 49 48 45
69 94 74 94 74 98 69 98 69 94
9 96 13 96 13 98 9 98 9 96
3 12 6 12 6 15 3 15 3 12
14 19 17 19 17 22 14 22 14 19
85 68 88 68 88 72 85 72 85 68
28 86 31 86 31 89 28 89 28 86
41 33 45 33 45 35 41 35 41 33
43 82 47 82 47 84 43 84 43 82
74 53 78 53 78 56 74 56 74 53
62 76 64 76 64 80 62 80 62 76
75 18 79 18 79 22 75 22 75 18
23 92 28 92 28 97 23 97 23 92
30 81 33 81 33 84 30 84 30 81
62 34 64 34 64 37 62 37 62 34
72 8 75 8 75 11 72 11 72 8
9 68 13 68 13 72 9 72 9 68
36 3 40 3 40 6 36 6 36 3
95 8 97 8 97 12 95 12 95 8
45 2 50 2 50 4 45 4 45 2
86 36 89 36 89 39 86 39 86 36
37 40 40 40 40 45 37 45 37 40
84 6 86 6 86 9 84 9 84 6
88 21 91 21 91 23 88 23 88 21
36 8 38 8 38 10 36 10 36 8
67 70 70 70 70 73 67 73 67 70
52 5 55 5 55 10 52 10 52 5
29 43 31 43 31 45 29 45 29 43
93 42 96 42 96 47 93 47 93 42
23 25 26 25 26 28 23 28 23 25
8 81 13 81 13 83 8 83 8 81
50 15 52 15 52 18 50 18 50 15
67 30 71 30 71 32 67 32 67 30
47 6 49 6 49 8 47 8 47 6
61 87 64 87 64 92 61 92 61 87
33 54 37 54 37 57 33 57 33 54
82 12 87 12 87 14 82 14 82 12
91 50 94 50 94 55 91 55 91 50
46 90 48 90 48 93 46 93 46 90
4 23 9 23 9 25 4 25 4 23
76 77 78 77 78 82 76 82 76 77
