45 31 48 31 48 36 45 36 45 31
53 46 56 46 56 50 53 50 53 46
46 74 49 74 49 76 46 76 46 74
65 2 70 2 70 7 65 7 65 2
53 83 55 83 55 86 53 86 53 83
90 49 94 49 94 51 90 51 90 49
95 26 98 26 98 30 95 30 95 26
58 59 62 59 62 63 58 63 58 59
79 4 82 4 82 6 79 6 79 4
50 72 55 72 55 76 50 76 50 72
77 17 80 17 80 22 77 22 77 17
72 68 76 68 76 71 72 71 72 68
74 76 78 76 78 78 74 78 74 76
87 53 90 53 90 56 87 56 87 53
28 56 30 56 30 59 28 59 28 56
73 38 77 38 77 41 73 41 73 38
60 90 63 90 63 94 60 94 60 90
58 8 62 8 62 10 58 10 58 8
23 10 28 10 28 12 23 12 23 10
86 16 90 16 90 20 86 20 86 16
31 37 33 37 33 42 31 42 31 37
91 27 93 27 93 31 91 31 91 27
38 65 43 65 43 68 38 68 38 65
6 33 9 33 9 37 6 37 6 33
92 79 94 79 94 84 92 84 92 79
23 95 25 95 25 98 23 98 23 95
95 57 98 57 98 61 95 61 95 57
94 65 96 65 96 70 94 70 94 65
36 59 39 59 39 63 36 63 36 59
39 70 43 70 43 74 39 74 39 70
52 62 56 62 56 64 52 64 52 62
59 53 63 53 63 57 59 57 59 53
18 43 20 43 20 47 18 47 18 43
3 88 6 88 6 92 3 92 3 88
3 23 7 23 7 26 3 26 3 23
19 9 21 9 21 13 19 13 19 9
5 59 9 59 9 64 5 64 5 59
22 20 27 20 27 23 22 23 22 20
73 85 78 85 78 88 73 88 73 85
29 93 32 93 32 95 29 95 29 93
81 69 84 69 84 73 81 73 81 69
66 60 71 60 71 64 66 64 66 60
17 68 22 68 22 70 17 70 17 68
53 37 58 37 58 42 53 42 53 37
33 57 35 57 35 61 33 61 33 57
80 84 85 84 85 88 80 88 80 84
31 74 35 74 35 76 31 76 31 74
68 22 71 22 71 26 68 26 68 22
12 15 15 15 15 20 12 20 12 15
73 64 78 64 78 67 73 67 73 64
48 58 50 58 50 63 48 63 48 58
53 90 58 90 58 93 53 93 53 90
65 44 68 44 68 47 65 47 65 44
23 71 26 71 26 73 23 73 23 71
4 85 6 85 6 87 4 87 4 85
32 85 37 85 37 87 32 87 32 85
44 22 49 22 49 27 44 27 44 22
13 37 18 37 18 42 13 42 13 37
81 31 84 31 84 33 81 33 81 31
36 54 40 54 40 56 36 56 36 54
92 13 95 13 95 17 92 17 92 13
41 26 43 26 43 31 41 31 41 26
14 72 16 72 16 74 14 74 14 72
85 65 90 65 90 68 85 68 85 65
42 38 45 38 45 41 42 41 42 38
81 35 86 35 86 37 81 37 81 35
7 30 12 30 12 32 7 32 7 30
74 8 76 8 76 13 74 13 74 8
86 10 89 10 89 13 86 13 86 10
90 6 94 6 94 11 90 11 90 6
59 72 62 72 62 77 59 77 59 72
9 89 14 89 14 91 9 91 9 89
64 14 67 14 67 18 64 18 64 14
49 69 51 69 51 71 49 71 49 69
23 68 25 68 25 70 23 70 23 68
68 75 73 75 73 77 68 77 68 75
65 38 69 38 69 42 65 42 65 38
26 15 31 15 31 17 26 17 26 15
76 91 78 91 78 94 76 94 76 91
59 38 64 38 64 40 59 40 59 38
35 8 37 8 37 12 35 12 35 8
12 57 14 57 14 59 12 59 12 57
82 76 86 76 86 80 82 80 82 76
58 82 60 82 60 86 58 86 58 82
21 84 25 84 25 89 21 89 21 84
92 52 97 52 97 56 92 56 92 52
26 44 29 44 29 47 26 47 26 44
6 17 11 17 11 21 6 21 6 17
93 39 98 39 98 43 93 43 93 39
5 5 9 5 9 8 5 8 5 5
33 28 37 28 37 32 33 32 33 28
88 86 93 86 93 88 88 88 88 86
81 49 85 49 85 54 81 54 81 49
40 77 44 77 44 80 40 80 40 77
85 31 88 31 88 34 85 34 85 31
18 51 20 51 20 54 18 54 18 51
55 18 58 18 58 23 55 23 55 18
90 43 92 43 92 47 90 47 90 43
80 39 82 39 82 43 80 43 80 39
2 38 7 38 7 40 2 40 2 38
67 72 70 72 70 74 67 74 67 72
11 80 14 80 14 84 11 84 11 80
84 6 88 6 88 8 84 8 84 6
51 87 56 87 56 89 51 89 51 87
23 80 28 80 28 83 23 83 23 80
19 91 22 91 22 96 19 96 19 91
45 17 49 17 49 20 45 20 45 17
63 25 66 25 66 30 63 30 63 25
11 47 15 47 15 50 11 50 11 47
86 82 88 82 88 85 86 85 86 82
73 16 75 16 75 19 73 19 73 16
34 79 39 79 39 84 34 84 34 79
78 10 82 10 82 15 78 15 78 10
37 92 42 92 42 95 37 95 37 92
21 25 24 25 24 27 21 27 21 25
41 44 45 44 45 46 41 46 41 44
17 4 22 4 22 7 17 7 17 4
58 32 62 32 62 36 58 36 58 32
96 87 98 87 98 92 96 92 96 87
57 24 59 24 59 27 57 27 57 24
64 92 67 92 67 96 64 96 64 92
63 60 65 60 65 64 63 64 63 60
78 25 81 25 81 29 78 29 78 25
50 7 52 7 52 10 50 10 50 7
26 50 29 50 29 54 26 54 26 50
46 78 48 78 48 82 46 82 46 78
46 42 48 42 48 44 46 44 46 42
68 85 70 85 70 89 68 89 68 85
26 37 30 37 30 41 26 41 26 37
14 92 18 92 18 94 14 94 14 92
23 59 26 59 26 61 23 61 23 59
80 89 84 89 84 93 80 93 80 89
85 91 89 91 89 96 85 96 85 91
61 45 64 45 64 47 61 47 61 45
38 35 41 35 41 40 38 40 38 35
13 28 16 28 16 31 13 31 13 28
36 22 39 22 39 26 36 26 36 22
25 90 27 90 27 93 25 93 25 90
7 74 12 74 12 79 7 79 7 74
29 18 33 18 33 23 29 23 29 18
94 73 98 73 98 75 94 75 94 73
72 31 76 31 76 36 72 36 72 31
85 72 90 72 90 75 85 75 85 72
7 9 9 9 9 13 7 13 7 9
73 81 75 81 75 84 73 84 73 81
27 84 29 84 29 87 27 87 27 84
54 54 58 54 58 58 54 58 54 54
7 70 9 70 9 73 7 73 7 70
55 67 57 67 57 70 55 70 55 67
63 75 67 75 67 77 63 77 63 75
49 39 51 39 51 41 49 41 49 39
55 94 58 94 58 96 55 96 55 94
46 3 48 3 48 6 46 6 46 3
75 49 80 49 80 53 75 53 75 49
50 16 52 16 52 19 50 19 50 16
74 5 76 5 76 7 74 7 74 5
8 94 13 94 13 97 8 97 8 94
42 85 44 85 44 89 42 89 42 85
3 46 5 46 5 51 3 51 3 46
61 11 63 11 63 16 61 16 61 11
11 52 14 52 14 54 11 54 11 52
33 13 38 13 38 17 33 17 33 13
15 10 18 10 18 12 15 12 15 10
92 20 97 20 97 25 92 25 92 20
33 49 37 49 37 53 33 53 33 49
14 60 18 60 18 65 14 65 14 60
96 96 98 96 98 98 96 98 96 96
21 43 23 43 23 45 21 45 21 43
55 43 58 43 58 45 55 45 55 43
70 50 73 50 73 54 70 54 70 50
73 23 75 23 75 28 73 28 73 23
83 14 85 14 85 17 83 17 83 14
20 56 22 56 22 60 20 60 20 56
45 9 47 9 47 14 45 14 45 9
27 60 30 60 30 63 27 63 27 60
13 85 15 85 15 88 13 88 13 85
86 23 89 23 89 27 86 27 86 23
44 28 49 28 49 30 44 30 44 28
83 41 88 41 88 45 83 45 83 41
18 79 20 79 20 81 18 81 18 79
2 81 5 81 5 84 2 84 2 81
19 62 23 62 23 65 19 65 19 62
11 44 14 44 14 46 11 46 11 44
87 60 90 60 90 64 87 64 87 60
19 31 22 31 22 35 19 35 19 31
68 91 71 91 71 93 68 93 68 91
45 83 48 83 48 88 45 88 45 83
44 61 47 61 47 66 44 66 44 61
47 90 52 90 52 92 47 92 47 90
17 20 21 20 21 24 17 24 17 20
79 57 83 57 83 61 79 61 79 57
93 34 96 34 96 37 93 37 93 34
29 69 32 69 32 72 29 72 29 69
9 38 11 38 11 41 9 41 9 38
28 24 32 24 32 29 28 29 28 24
2 12 4 12 4 14 2 14 2 12
47 51 50 51 50 56 47 56 47 51
39 14 43 14 43 16 39 16 39 14
72 95 74 95 74 98 72 98 72 95
68 16 71 16 71 21 68 21 68 16
