77 76 79 76 79 80 77 80 77 76
88 88 90 88 90 90 88 90 88 88
10 78 15 78 15 80 10 80 10 78
44 43 49 43 49 45 44 45 44 43
41 9 44 9 44 13 41 13 41 9
78 30 82 30 82 34 78 34 78 30
80 79 84 79 84 81 80 81 80 79
55 82 58 82 58 86 55 86 55 82
70 79 75 79 75 83 70 83 70 79
57 70 59 70 59 74 57 74 57 70
13 69 17 69 17 74 13 74 13 69
79 53 83 53 83 58 79 58 79 53
84 58 88 58 88 60 84 60 84 58
56 88 59 88 59 92 56 92 56 88
67 79 69 79 69 84 67 84 67 79
62 58 65 58 65 62 62 62 62 58
37 30 42 30 42 32 37 32 37 30
50 82 53 82 53 86 50 86 50 82
35 60 37 60 37 65 35 65 35 60
18 10 22 10 22 15 18 15 18 10
32 6 37 6 37 11 32 11 32 6
85 42 90 42 90 47 85 47 85 42
23 94 27 94 27 96 23 96 23 94
76 69 78 69 78 71 76 71 76 69
29 90 32 90 32 93 29 93 29 90
68 34 70 34 70 38 68 38 68 34
40 55 42 55 42 60 40 60 40 55
11 22 16 22 16 24 11 24 11 22
65 4 70 4 70 9 65 9 65 4
56 20 60 20 60 23 56 23 56 20
37 52 39 52 39 56 37 56 37 52
87 26 90 26 90 28 87 28 87 26
24 41 29 41 29 46 24 46 24 41
45 73 48 73 48 78 45 78 45 73
56 40 58 40 58 42 56 42 56 40
6 8 10 8 10 13 6 13 6 8
29 21 33 21 33 23 29 23 29 21
81 23 83 23 83 28 81 28 81 23
64 72 66 72 66 77 64 77 64 72
15 75 17 75 17 77 15 77 15 75
84 2 86 2 86 7 84 7 84 2
23 6 28 6 28 11 23 11 23 6
87 53 92 53 92 57 87 57 87 53
33 47 35 47 35 52 33 52 33 47
71 67 74 67 74 69 71 69 71 67
39 16 44 16 44 19 39 19 39 16
19 56 21 56 21 58 19 58 19 56
54 78 59 78 59 81 54 81 54 78
81 67 85 67 85 72 81 72 81 67
66 20 70 20 70 22 66 22 66 20
52 13 56 13 56 17 52 17 52 13
92 63 94 63 94 65 92 65 92 63
50 65 52 65 52 67 50 67 50 65
43 52 46 52 46 57 43 57 43 52
33 78 35 78 35 80 33 80 33 78
46 16 48 16 48 20 46 20 46 16
90 72 93 72 93 74 90 74 90 72
85 84 90 84 90 86 85 86 85 84
79 15 81 15 81 17 79 17 79 15
81 87 84 87 84 89 81 89 81 87
4 90 7 90 7 93 4 93 4 90
85 20 90 20 90 22 85 22 85 20
92 36 97 36 97 38 92 38 92 36
21 27 25 27 25 31 21 31 21 27
69 72 72 72 72 75 69 75 69 72
75 7 79 7 79 10 75 10 75 7
46 24 49 24 49 27 46 27 46 24
26 49 31 49 31 51 26 51 26 49
22 64 27 64 27 67 22 67 22 64
59 15 62 15 62 18 59 18 59 15
43 64 48 64 48 68 43 68 43 64
37 40 41 40 41 45 37 45 37 40
89 15 91 15 91 19 89 19 89 15
80 95 84 95 84 97 80 97 80 95
94 80 98 80 98 85 94 85 94 80
95 28 98 28 98 30 95 30 95 28
3 34 8 34 8 39 3 39 3 34
49 56 52 56 52 58 49 58 49 56
91 91 96 91 96 95 91 95 91 91
71 37 75 37 75 40 71 40 71 37
65 44 69 44 69 46 65 46 65 44
8 43 10 43 10 48 8 48 8 43
77 84 80 84 80 86 77 86 77 84
45 31 48 31 48 36 45 36 45 31
87 65 91 65 91 69 87 69 87 65
9 66 11 66 11 68 9 68 9 66
84 34 87 34 87 36 84 36 84 34
13 31 17 31 17 36 13 36 13 31
19 19 21 19 21 24 19 24 19 19
8 71 10 71 10 73 8 73 8 71
71 42 75 42 75 44 71 44 71 42
77 21 79 21 79 26 77 26 77 21
32 67 37 67 37 71 32 71 32 67
80 62 84 62 84 66 80 66 80 62
3 21 5 21 5 25 3 25 3 21
16 37 21 37 21 39 16 39 16 37
58 3 62 3 62 5 58 5 58 3
74 24 76 24 76 27 74 27 74 24
50 92 53 92 53 97 50 97 50 92
65 24 70 24 70 26 65 26 65 24
62 29 64 29 64 34 62 34 62 29
33 91 36 91 36 95 33 95 33 91
56 7 59 7 59 12 56 12 56 7
80 38 83 38 83 43 80 43 80 38
30 72 35 72 35 77 30 77 30 72
13 54 16 54 16 59 13 59 13 54
26 34 29 34 29 39 26 39 26 34
27 72 29 72 29 77 27 77 27 72
7 14 12 14 12 18 7 18 7 14
4 82 6 82 6 86 4 86 4 82
19 45 22 45 22 49 19 49 19 45
33 16 36 16 36 18 33 18 33 16
38 69 41 69 41 71 38 71 38 69
4 73 7 73 7 76 4 76 4 73
20 16 23 16 23 18 20 18 20 16
40 85 43 85 43 90 40 90 40 85
41 4 44 4 44 6 41 6 41 4
75 61 77 61 77 65 75 65 75 61
73 72 76 72 76 76 73 76 73 72
58 43 61 43 61 48 58 48 58 43
4 55 9 55 9 59 4 59 4 55
33 42 35 42 35 45 33 45 33 42
15 91 19 91 19 95 15 95 15 91
21 82 25 82 25 85 21 85 21 82
26 52 30 52 30 55 26 55 26 52
60 51 65 51 65 56 60 56 60 51
18 70 21 70 21 72 18 72 18 70
2 43 5 43 5 47 2 47 2 43
49 72 51 72 51 75 49 75 49 72
53 63 57 63 57 65 53 65 53 63
19 42 23 42 23 44 19 44 19 42
14 43 17 43 17 48 14 48 14 43
65 63 67 63 67 65 65 65 65 63
79 35 83 35 83 37 79 37 79 35
94 52 96 52 96 57 94 57 94 52
23 52 25 52 25 55 23 55 23 52
73 93 77 93 77 96 73 96 73 93
62 92 67 92 67 95 62 95 62 92
61 67 64 67 64 70 61 70 61 67
7 84 12 84 12 89 7 89 7 84
49 79 51 79 51 81 49 81 49 79
47 49 52 49 52 53 47 53 47 49
46 5 50 5 50 9 46 9 46 5
77 12 80 12 80 14 77 14 77 12
88 11 90 11 90 13 88 13 88 11
75 45 78 45 78 47 75 47 75 45
65 96 67 96 67 98 65 98 65 96
12 62 14 62 14 64 12 64 12 62
6 50 8 50 8 53 6 53 6 50
36 46 38 46 38 51 36 51 36 46
44 85 47 85 47 87 44 87 44 85
5 66 8 66 8 70 5 70 5 66
44 92 46 92 46 96 44 96 44 92
40 35 43 35 43 38 40 38 40 35
92 43 95 43 95 45 92 45 92 43
21 59 24 59 24 62 21 62 21 59
26 15 28 15 28 18 26 18 26 15
88 48 93 48 93 51 88 51 88 48
73 31 76 31 76 34 73 34 73 31
15 3 20 3 20 5 15 5 15 3
24 56 28 56 28 58 24 58 24 56
81 50 85 50 85 52 81 52 81 50
88 35 90 35 90 39 88 39 88 35
75 87 77 87 77 92 75 92 75 87
10 2 12 2 12 7 10 7 10 2
90 32 93 32 93 34 90 34 90 32
72 4 74 4 74 6 72 6 72 4
66 51 70 51 70 53 66 53 66 51
84 11 86 11 86 13 84 13 84 11
73 57 77 57 77 60 73 60 73 57
19 74 23 74 23 79 19 79 19 74
34 20 37 20 37 22 34 22 34 20
22 33 25 33 25 38 22 38 22 33
5 94 8 94 8 97 5 97 5 94
30 84 35 84 35 86 30 86 30 84
75 3 79 3 79 5 75 5 75 3
3 60 8 60 8 62 3 62 3 60
65 41 69 41 69 43 65 43 65 41
57 32 61 32 61 35 57 35 57 32
15 81 20 81 20 86 15 86 15 81
63 84 66 84 66 89 63 89 63 84
30 30 34 30 34 33 30 33 30 30
34 23 39 23 39 25 34 25 34 23
52 29 54 29 54 33 52 33 52 29
38 62 40 62 40 65 38 65 38 62
84 17 86 17 86 19 84 19 84 17
50 88 53 88 53 90 50 90 50 88
63 79 66 79 66 83 63 83 63 79
39 92 43 92 43 94 39 94 39 92
87 78 91 78 91 80 87 80 87 78
39 46 41 46 41 51 39 51 39 46
5 78 9 78 9 80 5 80 5 78
89 3 93 3 93 8 89 8 89 3
58 26 60 26 60 28 58 28 58 26
29 2 31 2 31 5 29 5 29 2
29 64 31 64 31 67 29 67 29 64
53 51 55 51 55 56 53 56 53 51
34 36 38 36 38 39 34 39 34 36
52 22 55 22 55 27 52 27 52 22
95 6 97 6 97 9 95 9 95 6
