19 63 24 63 24 65 19 65 19 63
56 26 59 26 59 30 56 30 56 26
33 49 38 49 38 51 33 51 33 49
4 61 7 61 7 64 4 64 4 61
22 44 25 44 25 49 22 49 22 44
50 32 55 32 55 34 50 34 50 32
28 74 31 74 31 79 28 79 28 74
22 82 25 82 25 85 22 85 22 82
45 56 47 56 47 59 45 59 45 56
82 12 84 12 84 15 82 15 82 12
61 57 65 57 65 59 61 59 61 57
91 6 94 6 94 11 91 11 91 6
38 85 42 85 42 88 38 88 38 85
60 25 65 25 65 27 60 27 60 25
8 56 12 56 12 58 8 58 8 56
13 64 18 64 18 68 13 68 13 64
57 18 62 18 62 20 57 20 57 18
65 20 69 20 69 22 65 22 65 20
81 30 84 30 84 33 81 33 81 30
56 43 60 43 60 46 56 46 56 43
13 76 18 76 18 78 13 78 13 76
76 21 79 21 79 24 76 24 76 21
39 33 41 33 41 35 39 35 39 33
25 63 27 63 27 66 25 66 25 63
94 79 98 79 98 82 94 82 94 79
23 74 25 74 25 76 23 76 23 74
24 34 27 34 27 37 24 37 24 34
10 46 15 46 15 49 10 49 10 46
67 55 69 55 69 57 67 57 67 55
89 31 92 31 92 33 89 33 89 31
61 76 66 76 66 78 61 78 61 76
39 70 42 70 42 75 39 75 39 70
49 44 53 44 53 49 49 49 49 44
33 33 36 33 36 38 33 38 33 33
79 8 82 8 82 11 79 11 79 8
83 67 86 67 86 72 83 72 83 67
43 21 48 21 48 24 43 24 43 21
91 27 94 27 94 29 91 29 91 27
44 15 46 15 46 20 44 20 44 15
23 8 28 8 28 12 23 12 23 8
92 37 95 37 95 42 92 42 92 37
59 22 63 22 63 24 59 24 59 22
49 36 51 36 51 41 49 41 49 36
38 7 41 7 41 9 38 9 38 7
62 49 67 49 67 54 62 54 62 49
58 56 60 56 60 60 58 60 58 56
52 53 54 53 54 55 52 55 52 53
75 29 78 29 78 33 75 33 75 29
6 15 10 15 10 18 6 18 6 15
65 31 67 31 67 35 65 35 65 31
44 6 49 6 49 9 44 9 44 6
13 19 18 19 18 22 13 22 13 19
26 44 30 44 30 46 26 46 26 44
4 77 9 77 9 80 4 80 4 77
14 92 19 92 19 96 14 96 14 92
61 93 63 93 63 98 61 98 61 93
90 83 92 83 92 87 90 87 90 83
28 58 33 58 33 63 28 63 28 58
44 40 48 40 48 44 44 44 44 40
73 90 76 90 76 93 73 93 73 90
84 8 89 8 89 11 84 11 84 8
57 82 61 82 61 84 57 84 57 82
40 91 45 91 45 96 40 96 40 91
29 84 33 84 33 88 29 88 29 84
25 21 29 21 29 24 25 24 25 21
52 70 55 70 55 75 52 75 52 70
61 7 64 7 64 11 61 11 61 7
15 8 17 8 17 10 15 10 15 8
21 13 25 13 25 15 21 15 21 13
95 55 98 55 98 60 95 60 95 55
70 35 75 35 75 38 70 38 70 35
92 47 97 47 97 52 92 52 92 47
5 47 9 47 9 50 5 50 5 47
70 81 75 81 75 84 70 84 70 81
56 72 60 72 60 77 56 77 56 72
30 24 33 24 33 26 30 26 30 24
31 42 33 42 33 47 31 47 31 42
24 16 26 16 26 18 24 18 24 16
35 24 37 24 37 29 35 29 35 24
49 82 54 82 54 84 49 84 49 82
25 91 28 91 28 96 25 96 25 91
8 83 12 83 12 87 8 87 8 83
5 9 9 9 9 14 5 14 5 9
74 73 76 73 76 78 74 78 74 73
57 38 62 38 62 41 57 41 57 38
30 11 33 11 33 14 30 14 30 11
18 51 20 51 20 54 18 54 18 51
10 50 12 50 12 54 10 54 10 50
43 83 47 83 47 87 43 87 43 83
5 23 10 23 10 27 5 27 5 23
19 45 21 45 21 49 19 49 19 45
42 64 45 64 45 66 42 66 42 64
89 67 93 67 93 70 89 70 89 67
59 85 63 85 63 87 59 87 59 85
8 65 12 65 12 69 8 69 8 65
88 14 92 14 92 17 88 17 88 14
63 14 65 14 65 17 63 17 63 14
20 38 22 38 22 42 20 42 20 38
66 90 71 90 71 92 66 92 66 90
8 3 12 3 12 7 8 7 8 3
38 55 40 55 40 57 38 57 38 55
16 70 19 70 19 73 16 73 16 70
52 19 54 19 54 21 52 21 52 19
90 90 93 90 93 92 90 92 90 90
8 59 12 59 12 64 8 64 8 59
35 18 38 18 38 22 35 22 35 18
43 25 48 25 48 27 43 27 43 25
46 76 51 76 51 80 46 80 46 76
50 61 53 61 53 66 50 66 50 61
69 71 73 71 73 75 69 75 69 71
34 59 36 59 36 62 34 62 34 59
30 6 32 6 32 10 30 10 30 6
14 3 17 3 17 7 14 7 14 3
94 64 97 64 97 66 94 66 94 64
77 15 79 15 79 17 77 17 77 15
65 60 68 60 68 64 65 64 65 60
78 38 82 38 82 42 78 42 78 38
8 92 12 92 12 96 8 96 8 92
52 26 55 26 55 28 52 28 52 26
64 67 66 67 66 72 64 72 64 67
25 53 30 53 30 55 25 55 25 53
22 56 27 56 27 60 22 60 22 56
83 86 86 86 86 88 83 88 83 86
14 12 19 12 19 16 14 16 14 12
48 57 53 57 53 60 48 60 48 57
18 6 21 6 21 10 18 10 18 6
84 27 89 27 89 29 84 29 84 27
40 77 45 77 45 82 40 82 40 77
95 5 98 5 98 8 95 8 95 5
62 2 67 2 67 6 62 6 62 2
84 62 89 62 89 65 84 65 84 62
84 80 89 80 89 83 84 83 84 80
68 30 72 30 72 32 68 32 68 30
26 27 28 27 28 32 26 32 26 27
56 31 58 31 58 34 56 34 56 31
94 12 96 12 96 16 94 16 94 12
53 11 55 11 55 14 53 14 53 11
85 50 88 50 88 55 85 55 85 50
34 82 37 82 37 84 34 84 34 82
95 67 98 67 98 71 95 71 95 67
3 32 5 32 5 37 3 37 3 32
26 13 29 13 29 15 26 15 26 13
56 47 60 47 60 52 56 52 56 47
31 95 36 95 36 97 31 97 31 95
17 79 22 79 22 81 17 81 17 79
55 62 57 62 57 67 55 67 55 62
80 60 82 60 82 62 80 62 80 60
96 76 98 76 98 78 96 78 96 76
68 3 70 3 70 7 68 7 68 3
75 44 79 44 79 49 75 49 75 44
34 73 37 73 37 76 34 76 34 73
57 8 59 8 59 13 57 13 57 8
49 27 51 27 51 30 49 30 49 27
88 3 90 3 90 6 88 6 88 3
67 14 69 14 69 18 67 18 67 14
60 29 63 29 63 33 60 33 60 29
77 80 82 80 82 84 77 84 77 80
52 23 57 23 57 25 52 25 52 23
82 73 84 73 84 75 82 75 82 73
76 8 78 8 78 13 76 13 76 8
69 40 71 40 71 42 69 42 69 40
20 19 23 19 23 23 20 23 20 19
80 65 82 65 82 70 80 70 80 65
14 86 18 86 18 89 14 89 14 86
34 46 37 46 37 48 34 48 34 46
58 93 60 93 60 95 58 95 58 93
75 58 78 58 78 61 75 61 75 58
77 76 80 76 80 79 77 79 77 76
29 92 33 92 33 94 29 94 29 92
84 35 88 35 88 39 84 39 84 35
93 19 95 19 95 24 93 24 93 19
87 41 89 41 89 43 87 43 87 41
71 94 76 94 76 96 71 96 71 94
65 41 68 41 68 43 65 43 65 41
26 84 28 84 28 89 26 89 26 84
80 53 82 53 82 58 80 58 80 53
75 68 79 68 79 72 75 72 75 68
2 83 5 83 5 86 2 86 2 83
22 69 24 69 24 73 22 73 22 69
26 2 29 2 29 6 26 6 26 2
27 16 30 16 30 20 27 20 27 16
2 68 4 68 4 70 2 70 2 68
89 19 91 19 91 21 89 21 89 19
70 52 74 52 74 56 70 56 70 52
86 19 88 19 88 21 86 21 86 19
5 55 7 55 7 58 5 58 5 55
39 15 41 15 41 19 39 19 39 15
50 85 54 85 54 88 50 88 50 85
34 12 37 12 37 16 34 16 34 12
6 72 9 72 9 74 6 74 6 72
28 37 31 37 31 40 28 40 28 37
79 93 81 93 81 96 79 96 79 93
47 12 52 12 52 17 47 17 47 12
19 34 22 34 22 36 19 36 19 34
46 51 51 51 51 55 46 55 46 51
45 37 47 37 47 39 45 39 45 37
16 25 20 25 20 27 16 27 16 25
82 77 85 77 85 79 82 79 82 77
42 34 44 34 44 38 42 38 42 34
90 58 93 58 93 60 90 60 90 58
