4 66 6 66 6 68 4 68 4 66
22 11 26 11 26 14 22 14 22 11
3 29 6 29 6 31 3 31 3 29
21 21 25 21 25 24 21 24 21 21
85 21 90 21 90 23 85 23 85 21
8 67 10 67 10 72 8 72 8 67
34 4 38 4 38 7 34 7 34 4
16 63 18 63 18 65 16 65 16 63
92 32 95 32 95 36 92 36 92 32
28 27 31 27 31 29 28 29 28 27
21 37 23 37 23 39 21 39 21 37
58 23 62 23 62 28 58 28 58 23
90 70 92 70 92 75 90 75 90 70
75 13 80 13 80 18 75 18 75 13
76 4 80 4 80 6 76 6 76 4
37 76 41 76 41 81 37 81 37 76
89 43 93 43 93 45 89 45 89 43
22 52 24 52 24 54 22 54 22 52
72 86 76 86 76 88 72 88 72 86
30 30 35 30 35 33 30 33 30 30
27 83 30 83 30 85 27 85 27 83
50 25 55 25 55 29 50 29 50 25
23 73 25 73 25 76 23 76 23 73
69 19 73 19 73 21 69 21 69 19
64 47 69 47 69 52 64 52 64 47
2 24 5 24 5 27 2 27 2 24
54 62 59 62 59 64 54 64 54 62
46 41 51 41 51 43 46 43 46 41
66 81 71 81 71 86 66 86 66 81
55 36 57 36 57 38 55 38 55 36
86 79 91 79 91 81 86 81 86 79
40 95 45 95 45 98 40 98 40 95
58 50 60 50 60 55 58 55 58 50
92 89 96 89 96 91 92 91 92 89
70 93 73 93 73 96 70 96 70 93
29 64 34 64 34 68 29 68 29 64
3 37 8 37 8 39 3 39 3 37
17 11 19 11 19 16 17 16 17 11
27 37 31 37 31 39 27 39 27 37
32 40 37 40 37 44 32 44 32 40
89 92 91 92 91 95 89 95 89 92
56 79 60 79 60 81 56 81 56 79
19 27 22 27 22 30 19 30 19 27
64 56 69 56 69 58 64 58 64 56
21 83 25 83 25 87 21 87 21 83
6 82 10 82 10 87 6 87 6 82
61 92 66 92 66 94 61 94 61 92
14 84 16 84 16 88 14 88 14 84
33 70 35 70 35 73 33 73 33 70
76 71 79 71 79 75 76 75 76 71
64 75 68 75 68 77 64 77 64 75
88 54 90 54 90 56 88 56 88 54
83 32 87 32 87 36 83 36 83 32
26 53 28 53 28 57 26 57 26 53
86 58 89 58 89 62 86 62 86 58
65 25 70 25 70 29 65 29 65 25
13 53 16 53 16 57 13 57 13 53
5 4 10 4 10 8 5 8 5 4
37 31 41 31 41 36 37 36 37 31
72 8 74 8 74 12 72 12 72 8
24 88 26 88 26 91 24 91 24 88
82 95 87 95 87 98 82 98 82 95
76 77 80 77 80 79 76 79 76 77
47 64 51 64 51 67 47 67 47 64
53 65 56 65 56 70 53 70 53 65
63 39 65 39 65 42 63 42 63 39
90 17 94 17 94 19 90 19 90 17
8 90 12 90 12 95 8 95 8 90
33 81 35 81 35 84 33 84 33 81
3 55 8 55 8 58 3 58 3 55
72 60 76 60 76 64 72 64 72 60
93 78 98 78 98 80 93 80 93 78
12 33 15 33 15 35 12 35 12 33
37 83 41 83 41 86 37 86 37 83
54 53 56 53 56 57 54 57 54 53
81 4 84 4 84 8 81 8 81 4
82 46 84 46 84 48 82 48 82 46
75 29 80 29 80 31 75 31 75 29
21 56 25 56 25 58 21 58 21 56
54 89 57 89 57 92 54 92 54 89
93 4 98 4 98 9 93 9 93 4
7 48 12 48 12 52 7 52 7 48
78 82 81 82 81 86 78 86 78 82
49 59 53 59 53 62 49 62 49 59
15 49 19 49 19 52 15 52 15 49
38 88 41 88 41 90 38 90 38 88
12 69 14 69 14 72 12 72 12 69
18 95 23 95 23 97 18 97 18 95
77 65 80 65 80 67 77 67 77 65
85 43 87 43 87 48 85 48 85 43
22 62 25 62 25 66 22 66 22 62
64 44 68 44 68 46 64 46 64 44
45 10 48 10 48 14 45 14 45 10
54 21 57 21 57 23 54 23 54 21
9 12 13 12 13 17 9 17 9 12
19 34 23 34 23 36 19 36 19 34
45 74 47 74 47 79 45 79 45 74
28 22 33 22 33 25 28 25 28 22
44 58 46 58 46 60 44 60 44 58
39 44 42 44 42 49 39 49 39 44
57 66 59 66 59 68 57 68 57 66
61 65 66 65 66 67 61 67 61 65
79 42 81 42 81 45 79 45 79 42
93 10 96 10 96 14 93 14 93 10
15 4 20 4 20 7 15 7 15 4
69 31 73 31 73 35 69 35 69 31
60 19 65 19 65 22 60 22 60 19
36 21 41 21 41 26 36 26 36 21
65 34 67 34 67 37 65 37 65 34
27 19 32 19 32 21 27 21 27 19
49 10 52 10 52 13 49 13 49 10
69 42 72 42 72 44 69 44 69 42
72 82 77 82 77 84 72 84 72 82
8 40 12 40 12 44 8 44 8 40
75 23 78 23 78 26 75 26 75 23
89 49 94 49 94 53 89 53 89 49
91 55 94 55 94 58 91 58 91 55
34 9 38 9 38 11 34 11 34 9
77 93 81 93 81 95 77 95 77 93
16 35 18 35 18 40 16 40 16 35
84 63 88 63 88 65 84 65 84 63
3 71 6 71 6 75 3 75 3 71
35 12 39 12 39 17 35 17 35 12
47 86 50 86 50 90 47 90 47 86
28 3 31 3 31 7 28 7 28 3
54 83 58 83 58 85 54 85 54 83
38 40 40 40 40 42 38 42 38 40
88 13 90 13 90 16 88 16 88 13
16 78 19 78 19 81 16 81 16 78
6 34 11 34 11 36 6 36 6 34
43 49 46 49 46 51 43 51 43 49
25 32 29 32 29 36 25 36 25 32
80 55 83 55 83 58 80 58 80 55
54 39 59 39 59 44 54 44 54 39
21 42 24 42 24 44 21 44 21 42
75 54 77 54 77 59 75 59 75 54
37 59 40 59 40 63 37 63 37 59
46 33 51 33 51 35 46 35 46 33
46 94 49 94 49 97 46 97 46 94
49 48 53 48 53 52 49 52 49 48
55 10 57 10 57 12 55 12 55 10
4 61 9 61 9 64 4 64 4 61
93 72 95 72 95 75 93 75 93 72
86 27 91 27 91 29 86 29 86 27
11 60 13 60 13 64 11 64 11 60
13 95 16 95 16 98 13 98 13 95
31 77 35 77 35 80 31 80 31 77
84 9 87 9 87 11 84 11 84 9
18 56 20 56 20 59 18 59 18 56
22 45 26 45 26 47 22 47 22 45
42 19 44 19 44 22 42 22 42 19
77 88 79 88 79 91 77 91 77 88
91 59 96 59 96 63 91 63 91 59
7 22 11 22 11 27 7 27 7 22
29 87 33 87 33 92 29 92 29 87
45 91 50 91 50 93 45 93 45 91
35 92 38 92 38 96 35 96 35 92
58 73 63 73 63 78 58 78 58 73
31 9 33 9 33 13 31 13 31 9
71 45 74 45 74 47 71 47 71 45
2 95 5 95 5 98 2 98 2 95
43 6 46 6 46 9 43 9 43 6
71 72 74 72 74 76 71 76 71 72
94 27 96 27 96 30 94 30 94 27
26 8 28 8 28 10 26 10 26 8
94 93 96 93 96 98 94 98 94 93
2 12 5 12 5 15 2 15 2 12
18 70 20 70 20 75 18 75 18 70
88 34 90 34 90 37 88 37 88 34
58 33 62 33 62 37 58 37 58 33
48 37 52 37 52 40 48 40 48 37
42 68 47 68 47 73 42 73 42 68
70 38 74 38 74 40 70 40 70 38
85 70 88 70 88 74 85 74 85 70
84 39 86 39 86 42 84 42 84 39
21 3 24 3 24 5 21 5 21 3
88 38 90 38 90 41 88 41 88 38
12 24 14 24 14 29 12 29 12 24
29 60 32 60 32 62 29 62 29 60
67 68 70 68 70 72 67 72 67 68
82 90 85 90 85 93 82 93 82 90
80 32 82 32 82 36 80 36 80 32
37 56 39 56 39 58 37 58 37 56
53 31 55 31 55 33 53 33 53 31
95 20 97 20 97 24 95 24 95 20
28 71 30 71 30 74 28 74 28 71
70 15 72 15 72 18 70 18 70 15
47 3 49 3 49 8 47 8 47 3
43 80 47 80 47 84 43 84 43 80
92 39 95 39 95 42 92 42 92 39
83 14 86 14 86 17 83 17 83 14
45 18 48 18 48 21 45 21 45 18
81 69 83 69 83 74 81 74 81 69
52 71 55 71 55 73 52 73 52 71
78 47 81 47 81 52 78 52 78 47
87 3 89 3 89 8 87 8 87 3
60 57 63 57 63 59 60 59 60 57
68 87 70 87 70 91 68 91 68 87
85 82 89 82 89 87 85 87 85 82
66 38 68 38 68 42 66 42 66 38
