13 75 16 75 16 78 13 78 13 75
19 20 24 20 24 22 19 22 19 20
88 23 91 23 91 27 88 27 88 23
77 77 79 77 79 81 77 81 77 77
56 9 58 9 58 11 56 11 56 9
7 77 11 77 11 79 7 79 7 77
26 92 29 92 29 96 26 96 26 92
68 18 72 18 72 22 68 22 68 18
82 45 84 45 84 50 82 50 82 45
22 55 27 55 27 60 22 60 22 55
33 59 38 59 38 61 33 61 33 59
69 39 74 39 74 41 69 41 69 39
11 19 16 19 16 24 11 24 11 19
38 47 40 47 40 50 38 50 38 47
92 29 96 29 96 31 92 31 92 29
28 2 32 2 32 4 28 4 28 2
60 74 63 74 63 79 60 79 60 74
14 90 17 90 17 92 14 92 14 90
8 56 10 56 10 60 8 60 8 56
75 55 77 55 77 60 75 60 75 55
2 45 7 45 7 48 2 48 2 45
58 63 60 63 60 67 58 67 58 63
64 5 67 5 67 7 64 7 64 5
80 89 85 89 85 93 80 93 80 89
80 63 85 63 85 66 80 66 80 63
54 44 57 44 57 48 54 48 54 44
66 88 69 88 69 93 66 93 66 88
94 85 98 85 98 89 94 89 94 85
75 13 79 13 79 17 75 17 75 13
92 53 95 53 95 58 92 58 92 53
48 52 51 52 51 55 48 55 48 52
55 80 57 80 57 82 55 82 55 80
70 10 73 10 73 13 70 13 70 10
23 6 25 6 25 8 23 8 23 6
95 39 98 39 98 44 95 44 95 39
33 76 37 76 37 78 33 78 33 76
82 3 87 3 87 7 82 7 82 3
48 56 51 56 51 61 48 61 48 56
49 14 52 14 52 16 49 16 49 14
54 86 57 86 57 91 54 91 54 86
11 81 13 81 13 86 11 86 11 81
86 30 88 30 88 32 86 32 86 30
6 27 11 27 11 32 6 32 6 27
30 36 35 36 35 40 30 40 30 36
93 48 96 48 96 51 93 51 93 48
62 35 64 35 64 40 62 40 62 35
22 75 25 75 25 79 22 79 22 75
57 57 60 57 60 61 57 61 57 57
20 42 22 42 22 44 20 44 20 42
72 32 77 32 77 35 72 35 72 32
42 39 45 39 45 43 42 43 42 39
33 64 37 64 37 68 33 68 33 64
40 29 45 29 45 34 40 34 40 29
86 40 88 40 88 43 86 43 86 40
78 43 81 43 81 46 78 46 78 43
69 46 71 46 71 51 69 51 69 46
15 45 20 45 20 49 15 49 15 45
28 88 33 88 33 90 28 90 28 88
90 36 93 36 93 40 90 40 90 36
88 47 92 47 92 52 88 52 88 47
22 87 25 87 25 90 22 90 22 87
3 63 8 63 8 66 3 66 3 63
10 5 13 5 13 9 10 9 10 5
39 64 44 64 44 67 39 67 39 64
23 42 28 42 28 45 23 45 23 42
11 60 13 60 13 62 11 62 11 60
65 56 69 56 69 60 65 60 65 56
73 63 75 63 75 65 73 65 73 63
28 48 32 48 32 53 28 53 28 48
66 11 69 11 69 15 66 15 66 11
74 69 76 69 76 73 74 73 74 69
76 84 80 84 80 86 76 86 76 84
49 6 53 6 53 10 49 10 49 6
8 69 12 69 12 73 8 73 8 69
42 13 45 13 45 17 42 17 42 13
46 93 48 93 48 98 46 98 46 93
5 39 10 39 10 43 5 43 5 39
48 37 51 37 51 40 48 40 48 37
6 10 9 10 9 12 6 12 6 10
86 66 91 66 91 71 86 71 86 66
93 79 95 79 95 81 93 81 93 79
33 83 35 83 35 86 33 86 33 83
49 21 53 21 53 23 49 23 49 21
59 85 61 85 61 89 59 89 59 85
93 13 95 13 95 17 93 17 93 13
15 39 19 39 19 44 15 44 15 39
35 90 39 90 39 95 35 95 35 90
74 21 76 21 76 26 74 26 74 21
42 3 44 3 44 8 42 8 42 3
40 81 45 81 45 84 40 84 40 81
71 28 74 28 74 31 71 31 71 28
43 88 45 88 45 91 43 91 43 88
34 28 38 28 38 31 34 31 34 28
4 95 8 95 8 98 4 98 4 95
42 56 45 56 45 58 42 58 42 56
81 21 84 21 84 25 81 25 81 21
31 56 34 56 34 58 31 58 31 56
63 48 68 48 68 53 63 53 63 48
16 33 21 33 21 37 16 37 16 33
55 24 59 24 59 26 55 26 55 24
70 66 72 66 72 70 70 70 70 66
78 34 83 34 83 36 78 36 78 34
68 77 70 77 70 82 68 82 68 77
2 16 5 16 5 21 2 21 2 16
35 55 37 55 37 58 35 58 35 55
32 24 35 24 35 27 32 27 32 24
14 54 17 54 17 59 14 59 14 54
70 53 72 53 72 56 70 56 70 53
94 32 98 32 98 37 94 37 94 32
77 23 79 23 79 27 77 27 77 23
14 9 17 9 17 14 14 14 14 9
64 73 66 73 66 77 64 77 64 73
52 34 55 34 55 37 52 37 52 34
57 5 59 5 59 8 57 8 57 5
4 85 6 85 6 90 4 90 4 85
61 29 65 29 65 33 61 33 61 29
28 8 32 8 32 11 28 11 28 8
62 61 66 61 66 66 62 66 62 61
47 82 50 82 50 87 47 87 47 82
56 69 58 69 58 73 56 73 56 69
83 82 87 82 87 85 83 85 83 82
85 13 90 13 90 18 85 18 85 13
24 36 29 36 29 39 24 39 24 36
39 18 41 18 41 21 39 21 39 18
37 81 39 81 39 83 37 83 37 81
90 90 93 90 93 92 90 92 90 90
56 38 60 38 60 40 56 40 56 38
7 85 9 85 9 90 7 90 7 85
82 75 87 75 87 79 82 79 82 75
77 49 81 49 81 51 77 51 77 49
63 81 65 81 65 83 63 83 63 81
19 28 22 28 22 32 19 32 19 28
28 21 31 21 31 25 28 25 28 21
34 45 37 45 37 48 34 48 34 45
8 18 10 18 10 21 8 21 8 18
38 71 40 71 40 76 38 76 38 71
27 64 29 64 29 67 27 67 27 64
16 70 21 70 21 72 16 72 16 70
30 70 34 70 34 75 30 75 30 70
95 92 97 92 97 97 95 97 95 92
2 67 4 67 4 72 2 72 2 67
29 85 32 85 32 87 29 87 29 85
53 12 58 12 58 16 53 16 53 12
52 27 57 27 57 31 52 31 52 27
76 38 80 38 80 40 76 40 76 38
27 31 31 31 31 35 27 35 27 31
17 66 19 66 19 69 17 69 17 66
88 83 90 83 90 87 88 87 88 83
19 82 23 82 23 86 19 86 19 82
46 71 49 71 49 76 46 76 46 71
68 23 71 23 71 25 68 25 68 23
14 84 17 84 17 89 14 89 14 84
40 22 44 22 44 24 40 24 40 22
74 93 78 93 78 98 74 98 74 93
72 5 76 5 76 8 72 8 72 5
92 60 94 60 94 63 92 63 92 60
34 8 37 8 37 13 34 13 34 8
55 63 57 63 57 67 55 67 55 63
81 28 83 28 83 32 81 32 81 28
80 67 83 67 83 71 80 71 80 67
90 42 94 42 94 45 90 45 90 42
67 30 69 30 69 33 67 33 67 30
80 14 84 14 84 16 80 16 80 14
73 45 76 45 76 50 73 50 73 45
2 22 7 22 7 25 2 25 2 22
26 13 28 13 28 16 26 16 26 13
51 71 55 71 55 76 51 76 51 71
3 53 7 53 7 58 3 58 3 53
56 32 60 32 60 35 56 35 56 32
17 23 20 23 20 26 17 26 17 23
22 92 25 92 25 94 22 94 22 92
2 33 4 33 4 35 2 35 2 33
85 21 87 21 87 26 85 26 85 21
60 94 63 94 63 97 60 97 60 94
86 90 89 90 89 93 86 93 86 90
77 4 80 4 80 9 77 9 77 4
84 35 88 35 88 39 84 39 84 35
52 40 54 40 54 43 52 43 52 40
50 88 52 88 52 90 50 90 50 88
15 29 18 29 18 31 15 31 15 29
91 5 94 5 94 7 91 7 91 5
27 75 29 75 29 77 27 77 27 75
86 58 89 58 89 60 86 60 86 58
93 20 97 20 97 22 93 22 93 20
54 56 56 56 56 59 54 59 54 56
46 46 50 46 50 51 46 51 46 46
58 18 61 18 61 23 58 23 58 18
26 81 31 81 31 83 26 83 26 81
22 68 24 68 24 71 22 71 22 68
43 70 45 70 45 75 43 75 43 70
20 11 22 11 22 14 20 14 20 11
25 68 28 68 28 70 25 70 25 68
96 2 98 2 98 7 96 7 96 2
88 4 90 4 90 7 88 7 88 4
65 38 68 38 68 43 65 43 65 38
51 64 54 64 54 68 51 68 51 64
9 93 11 93 11 95 9 95 9 93
2 2 7 2 7 7 2 7 2 2
31 17 33 17 33 20 31 20 31 17
37 14 41 14 41 16 37 16 37 14
