91 66 93 66 93 71 91 71 91 66
42 2 45 2 45 6 42 6 42 2
59 48 62 48 62 50 59 50 59 48
8 61 12 61 12 65 8 65 8 61
14 89 18 89 18 94 14 94 14 89
6 7 9 7 9 9 6 9 6 7
9 79 13 79 13 84 9 84 9 79
62 65 66 65 66 67 62 67 62 65
18 60 20 60 20 65 18 65 18 60
60 59 65 59 65 61 60 61 60 59
49 11 52 11 52 14 49 14 49 11
51 52 55 52 55 55 51 55 51 52
59 37 63 37 63 39 59 39 59 37
93 39 97 39 97 44 93 44 93 39
5 90 7 90 7 92 5 92 5 90
50 4 52 4 52 6 50 6 50 4
63 46 65 46 65 51 63 51 63 46
58 20 60 20 60 24 58 24 58 20
72 90 75 90 75 94 72 94 72 90
28 75 31 75 31 77 28 77 28 75
67 38 71 38 71 43 67 43 67 38
78 68 83 68 83 70 78 70 78 68
41 31 43 31 43 33 41 33 41 31
77 3 80 3 80 5 77 5 77 3
66 13 71 13 71 16 66 16 66 13
89 28 93 28 93 31 89 31 89 28
67 27 70 27 70 29 67 29 67 27
67 81 70 81 70 83 67 83 67 81
84 34 86 34 86 39 84 39 84 34
9 26 14 26 14 28 9 28 9 26
61 9 64 9 64 14 61 14 61 9
37 3 40 3 40 7 37 7 37 3
41 49 43 49 43 51 41 51 41 49
31 36 33 36 33 40 31 40 31 36
70 35 75 35 75 37 70 37 70 35
61 29 63 29 63 33 61 33 61 29
36 18 40 18 40 22 36 22 36 18
22 28 26 28 26 30 22 30 22 28
32 93 36 93 36 97 32 97 32 93
43 87 47 87 47 92 43 92 43 87
24 36 29 36 29 41 24 41 24 36
44 31 46 31 46 34 44 34 44 31
86 84 88 84 88 88 86 88 86 84
12 73 15 73 15 77 12 77 12 73
37 75 39 75 39 78 37 78 37 75
90 18 93 18 93 21 90 21 90 18
50 78 52 78 52 81 50 81 50 78
46 74 49 74 49 76 46 76 46 74
58 69 62 69 62 72 58 72 58 69
43 10 45 10 45 12 43 12 43 10
46 35 50 35 50 37 46 37 46 35
82 62 86 62 86 67 82 67 82 62
81 26 84 26 84 28 81 28 81 26
4 51 8 51 8 54 4 54 4 51
25 42 30 42 30 47 25 47 25 42
26 60 29 60 29 63 26 63 26 60
88 76 90 76 90 81 88 81 88 76
47 64 51 64 51 66 47 66 47 64
25 13 29 13 29 16 25 16 25 13
14 79 17 79 17 83 14 83 14 79
16 11 18 11 18 16 16 16 16 11
50 45 55 45 55 49 50 49 50 45
64 28 66 28 66 32 64 32 64 28
43 43 46 43 46 47 43 47 43 43
74 10 77 10 77 14 74 14 74 10
34 25 39 25 39 27 34 27 34 25
28 4 31 4 31 7 28 7 28 4
33 85 35 85 35 87 33 87 33 85
67 63 69 63 69 67 67 67 67 63
88 62 90 62 90 67 88 67 88 62
51 67 56 67 56 69 51 69 51 67
21 33 23 33 23 35 21 35 21 33
64 54 67 54 67 56 64 56 64 54
56 40 60 40 60 43 56 43 56 40
60 53 63 53 63 56 60 56 60 53
70 3 74 3 74 8 70 8 70 3
91 7 96 7 96 9 91 9 91 7
3 45 7 45 7 48 3 48 3 45
82 89 84 89 84 94 82 94 82 89
76 40 79 40 79 45 76 45 76 40
84 2 88 2 88 6 84 6 84 2
41 56 44 56 44 61 41 61 41 56
63 77 67 77 67 79 63 79 63 77
75 77 79 77 79 82 75 82 75 77
67 93 70 93 70 97 67 97 67 93
33 73 35 73 35 77 33 77 33 73
14 53 19 53 19 55 14 55 14 53
11 22 14 22 14 25 11 25 11 22
52 31 55 31 55 36 52 36 52 31
80 6 83 6 83 9 80 9 80 6
73 73 78 73 78 76 73 76 73 73
27 53 31 53 31 58 27 58 27 53
71 27 76 27 76 31 71 31 71 27
21 2 26 2 26 7 21 7 21 2
56 15 59 15 59 17 56 17 56 15
89 55 91 55 91 57 89 57 89 55
35 88 38 88 38 90 35 90 35 88
2 40 5 40 5 44 2 44 2 40
29 82 31 82 31 87 29 87 29 82
10 3 14 3 14 5 10 5 10 3
73 21 77 21 77 26 73 26 73 21
2 24 6 24 6 27 2 27 2 24
96 18 98 18 98 20 96 20 96 18
24 83 27 83 27 85 24 85 24 83
7 73 9 73 9 78 7 78 7 73
59 90 64 90 64 95 59 95 59 90
78 47 80 47 80 50 78 50 78 47
47 23 50 23 50 26 47 26 47 23
50 58 53 58 53 62 50 62 50 58
6 15 9 15 9 18 6 18 6 15
85 15 89 15 89 20 85 20 85 15
44 78 49 78 49 82 44 82 44 78
33 55 35 55 35 60 33 60 33 55
73 44 75 44 75 48 73 48 73 44
11 48 14 48 14 50 11 50 11 48
26 92 28 92 28 97 26 97 26 92
36 34 41 34 41 36 36 36 36 34
76 56 81 56 81 59 76 59 76 56
25 24 27 24 27 27 25 27 25 24
88 91 90 91 90 95 88 95 88 91
35 79 39 79 39 83 35 83 35 79
54 60 57 60 57 63 54 63 54 60
9 30 12 30 12 32 9 32 9 30
93 61 97 61 97 64 93 64 93 61
67 20 69 20 69 23 67 23 67 20
77 89 81 89 81 92 77 92 77 89
40 84 44 84 44 86 40 86 40 84
69 85 73 85 73 89 69 89 69 85
52 25 55 25 55 30 52 30 52 25
63 72 66 72 66 75 63 75 63 72
55 90 57 90 57 93 55 93 55 90
21 87 25 87 25 91 21 91 21 87
62 15 64 15 64 20 62 20 62 15
2 83 6 83 6 86 2 86 2 83
16 46 18 46 18 49 16 49 16 46
28 69 31 69 31 74 28 74 28 69
69 58 74 58 74 61 69 61 69 58
28 23 33 23 33 28 28 28 28 23
2 62 5 62 5 66 2 66 2 62
31 43 33 43 33 47 31 47 31 43
82 73 84 73 84 76 82 76 82 73
77 51 80 51 80 55 77 55 77 51
79 11 84 11 84 14 79 14 79 11
59 25 62 25 62 28 59 28 59 25
81 45 85 45 85 48 81 48 81 45
57 84 61 84 61 88 57 88 57 84
61 96 66 96 66 98 61 98 61 96
93 2 95 2 95 4 93 4 93 2
92 55 97 55 97 59 92 59 92 55
86 44 91 44 91 46 86 46 86 44
10 16 13 16 13 21 10 21 10 16
5 10 7 10 7 13 5 13 5 10
33 48 36 48 36 51 33 51 33 48
41 15 46 15 46 17 41 17 41 15
68 45 70 45 70 50 68 50 68 45
48 17 51 17 51 19 48 19 48 17
89 47 93 47 93 51 89 51 89 47
15 84 19 84 19 88 15 88 15 84
55 6 60 6 60 8 55 8 55 6
20 19 25 19 25 23 20 23 20 19
16 26 19 26 19 28 16 28 16 26
27 31 32 31 32 33 27 33 27 31
14 68 17 68 17 70 14 70 14 68
88 68 90 68 90 71 88 71 88 68
94 51 96 51 96 54 94 54 94 51
57 3 61 3 61 5 57 5 57 3
52 18 57 18 57 22 52 22 52 18
34 42 38 42 38 44 34 44 34 42
40 73 42 73 42 75 40 75 40 73
5 3 9 3 9 6 5 6 5 3
78 19 83 19 83 23 78 23 78 19
19 13 23 13 23 15 19 15 19 13
87 32 92 32 92 36 87 36 87 32
35 10 40 10 40 13 35 13 35 10
75 6 77 6 77 9 75 9 75 6
77 61 79 61 79 65 77 65 77 61
59 79 61 79 61 81 59 81 59 79
17 6 19 6 19 10 17 10 17 6
39 38 42 38 42 42 39 42 39 38
12 37 16 37 16 41 12 41 12 37
28 64 32 64 32 68 28 68 28 64
22 44 24 44 24 49 22 49 22 44
63 85 68 85 68 89 63 89 63 85
22 8 24 8 24 11 22 11 22 8
5 93 10 93 10 97 5 97 5 93
40 62 45 62 45 66 40 66 40 62
21 38 23 38 23 40 21 40 21 38
3 36 7 36 7 38 3 38 3 36
41 69 43 69 43 71 41 71 41 69
42 19 47 19 47 21 42 21 42 19
22 67 26 67 26 72 22 72 22 67
34 38 38 38 38 40 34 40 34 38
4 76 6 76 6 80 4 80 4 76
2 31 4 31 4 33 2 33 2 31
38 56 40 56 40 58 38 58 38 56
81 80 85 80 85 83 81 83 81 80
85 74 87 74 87 79 85 79 85 74
24 53 26 53 26 58 24 58 24 53
73 95 76 95 76 98 73 98 73 95
6 69 9 69 9 72 6 72 6 69
