60 19 64 19 64 22 60 22 60 19
28 42 30 42 30 47 28 47 28 42
12 7 17 7 17 12 12 12 12 7
19 61 23 61 23 64 19 64 19 61
71 84 73 84 73 88 71 88 71 84
70 22 72 22 72 25 70 25 70 22
35 57 40 57 40 61 35 61 35 57
42 58 46 58 46 60 42 60 42 58
63 92 67 92 67 95 63 95 63 92
81 31 85 31 85 34 81 34 81 31
53 80 58 80 58 84 53 84 53 80
37 19 39 19 39 24 37 24 37 19
18 50 22 50 22 52 18 52 18 50
8 29 12 29 12 31 8 31 8 29
44 74 49 74 49 77 44 77 44 74
54 92 59 92 59 97 54 97 54 92
11 70 14 70 14 72 11 72 11 70
21 25 24 25 24 30 21 30 21 25
54 7 59 7 59 9 54 9 54 7
68 61 70 61 70 66 68 66 68 61
63 34 67 34 67 37 63 37 63 34
50 73 52 73 52 78 50 78 50 73
65 76 70 76 70 81 65 81 65 76
47 3 51 3 51 5 47 5 47 3
63 49 66 49 66 54 63 54 63 49
3 14 7 14 7 18 3 18 3 14
91 63 94 63 94 66 91 66 91 63
67 55 72 55 72 57 67 57 67 55
7 49 11 49 11 52 7 52 7 49
18 38 20 38 20 41 18 41 18 38
73 39 76 39 76 44 73 44 73 39
96 16 98 16 98 18 96 18 96 16
89 74 93 74 93 77 89 77 89 74
62 60 67 60 67 63 62 63 62 60
33 79 36 79 36 81 33 81 33 79
69 47 73 47 73 52 69 52 69 47
46 46 49 46 49 51 46 51 46 46
21 39 26 39 26 44 21 44 21 39
28 66 31 66 31 70 28 70 28 66
25 7 30 7 30 9 25 9 25 7
80 44 82 44 82 49 80 49 80 44
83 76 88 76 88 81 83 81 83 76
80 68 82 68 82 72 80 72 80 68
76 94 79 94 79 96 76 96 76 94
46 21 49 21 49 26 46 26 46 21
31 32 33 32 33 34 31 34 31 32
63 7 65 7 65 11 63 11 63 7
5 55 7 55 7 58 5 58 5 55
53 3 58 3 58 6 53 6 53 3
30 17 32 17 32 19 30 19 30 17
83 37 86 37 86 39 83 39 83 37
53 42 55 42 55 45 53 45 53 42
45 85 50 85 50 90 45 90 45 85
40 90 44 90 44 92 40 92 40 90
79 84 81 84 81 89 79 89 79 84
9 92 13 92 13 96 9 96 9 92
82 87 87 87 87 89 82 89 82 87
19 92 23 92 23 95 19 95 19 92
35 12 37 12 37 14 35 14 35 12
38 38 43 38 43 40 38 40 38 38
37 7 42 7 42 11 37 11 37 7
31 71 34 71 34 75 31 75 31 71
23 11 26 11 26 14 23 14 23 11
4 75 7 75 7 77 4 77 4 75
87 28 92 28 92 32 87 32 87 28
64 12 69 12 69 16 64 16 64 12
84 16 87 16 87 19 84 19 84 16
52 27 57 27 57 32 52 32 52 27
38 30 41 30 41 32 38 32 38 30
6 35 11 35 11 40 6 40 6 35
63 40 68 40 68 45 63 45 63 40
71 93 74 93 74 96 71 96 71 93
11 66 15 66 15 69 11 69 11 66
93 31 96 31 96 34 93 34 93 31
91 52 96 52 96 56 91 56 91 52
47 91 51 91 51 96 47 96 47 91
58 26 62 26 62 28 58 28 58 26
58 62 60 62 60 67 58 67 58 62
92 17 95 17 95 21 92 21 92 17
16 68 18 68 18 72 16 72 16 68
21 33 25 33 25 35 21 35 21 33
24 94 29 94 29 97 24 97 24 94
14 19 17 19 17 24 14 24 14 19
41 20 44 20 44 22 41 22 41 20
38 83 42 83 42 88 38 88 38 83
52 53 56 53 56 57 52 57 52 53
87 68 89 68 89 71 87 71 87 68
50 61 53 61 53 65 50 65 50 61
50 22 55 22 55 25 50 25 50 22
86 55 88 55 88 57 86 57 86 55
60 4 62 4 62 8 60 8 60 4
3 67 7 67 7 69 3 69 3 67
81 25 83 25 83 27 81 27 81 25
21 80 24 80 24 83 21 83 21 80
75 22 80 22 80 25 75 25 75 22
92 6 97 6 97 11 92 11 92 6
2 57 4 57 4 61 2 61 2 57
51 34 54 34 54 37 51 37 51 34
94 42 96 42 96 45 94 45 94 42
3 8 6 8 6 12 3 12 3 8
25 23 30 23 30 26 25 26 25 23
58 71 63 71 63 73 58 73 58 71
6 62 11 62 11 65 6 65 6 62
57 11 61 11 61 14 57 14 57 11
53 71 55 71 55 75 53 75 53 71
78 60 82 60 82 64 78 64 78 60
45 8 49 8 49 10 45 10 45 8
32 36 37 36 37 39 32 39 32 36
77 11 81 11 81 13 77 13 77 11
71 70 73 70 73 72 71 72 71 70
58 36 62 36 62 38 58 38 58 36
4 91 7 91 7 96 4 96 4 91
36 62 40 62 40 66 36 66 36 62
43 42 47 42 47 45 43 45 43 42
24 2 29 2 29 4 24 4 24 2
80 40 83 40 83 42 80 42 80 40
66 28 71 28 71 30 66 30 66 28
62 87 64 87 64 90 62 90 62 87
35 93 37 93 37 96 35 96 35 93
47 66 50 66 50 69 47 69 47 66
76 70 78 70 78 73 76 73 76 70
75 59 77 59 77 64 75 64 75 59
29 83 33 83 33 86 29 86 29 83
77 79 80 79 80 83 77 83 77 79
75 32 77 32 77 35 75 35 75 32
44 12 48 12 48 17 44 17 44 12
39 54 42 54 42 56 39 56 39 54
56 18 58 18 58 23 56 23 56 18
20 5 24 5 24 10 20 10 20 5
29 51 32 51 32 54 29 54 29 51
13 35 16 35 16 38 13 38 13 35
18 85 20 85 20 90 18 90 18 85
58 56 60 56 60 61 58 61 58 56
14 57 17 57 17 60 14 60 14 57
93 85 98 85 98 89 93 89 93 85
3 4 7 4 7 7 3 7 3 4
42 30 44 30 44 34 42 34 42 30
26 59 31 59 31 62 26 62 26 59
28 10 32 10 32 14 28 14 28 10
2 23 5 23 5 26 2 26 2 23
87 52 89 52 89 54 87 54 87 52
15 25 20 25 20 28 15 28 15 25
14 82 17 82 17 87 14 87 14 82
24 86 26 86 26 88 24 88 24 86
39 34 41 34 41 36 39 36 39 34
22 45 25 45 25 47 22 47 22 45
2 87 4 87 4 90 2 90 2 87
83 53 85 53 85 55 83 55 83 53
84 23 89 23 89 25 84 25 84 23
87 11 91 11 91 15 87 15 87 11
18 56 21 56 21 58 18 58 18 56
26 71 28 71 28 76 26 76 26 71
95 79 97 79 97 84 95 84 95 79
93 57 98 57 98 60 93 60 93 57
71 10 75 10 75 14 71 14 71 10
21 17 26 17 26 21 21 21 21 17
73 27 75 27 75 30 73 30 73 27
53 38 57 38 57 41 53 41 53 38
10 79 12 79 12 83 10 83 10 79
16 30 20 30 20 33 16 33 16 30
9 45 11 45 11 47 9 47 9 45
75 84 77 84 77 87 75 87 75 84
52 19 55 19 55 21 52 21 52 19
95 63 97 63 97 65 95 65 95 63
84 41 87 41 87 43 84 43 84 41
45 36 47 36 47 41 45 41 45 36
43 54 47 54 47 57 43 57 43 54
36 68 40 68 40 71 36 71 36 68
42 96 44 96 44 98 42 98 42 96
58 75 60 75 60 78 58 78 58 75
3 79 6 79 6 81 3 81 3 79
52 48 56 48 56 50 52 50 52 48
89 36 91 36 91 38 89 38 89 36
34 54 36 54 36 56 34 56 34 54
24 65 27 65 27 69 24 69 24 65
29 27 33 27 33 31 29 31 29 27
78 4 83 4 83 6 78 6 78 4
72 77 75 77 75 80 72 80 72 77
33 41 35 41 35 43 33 43 33 41
77 51 79 51 79 56 77 56 77 51
12 13 15 13 15 16 12 16 12 13
68 68 70 68 70 70 68 70 68 68
32 20 36 20 36 25 32 25 32 20
38 44 40 44 40 47 38 47 38 44
18 53 22 53 22 55 18 55 18 53
64 23 67 23 67 25 64 25 64 23
38 96 40 96 40 98 38 98 38 96
77 65 79 65 79 68 77 68 77 65
53 85 58 85 58 90 53 90 53 85
64 66 67 66 67 69 64 69 64 66
87 92 90 92 90 95 87 95 87 92
12 74 15 74 15 76 12 76 12 74
40 49 43 49 43 52 40 52 40 49
42 3 45 3 45 5 42 5 42 3
94 93 96 93 96 95 94 95 94 93
46 81 51 81 51 84 46 84 46 81
59 51 62 51 62 53 59 53 59 51
83 67 86 67 86 72 83 72 83 67
11 3 16 3 16 5 11 5 11 3
43 69 45 69 45 71 43 71 43 69
