79 22 83 22 83 27 79 27 79 22
53 59 57 59 57 62 53 62 53 59
13 12 18 12 18 14 13 14 13 12
95 26 98 26 98 29 95 29 95 26
73 6 76 6 76 11 73 11 73 6
31 70 33 70 33 75 31 75 31 70
33 55 35 55 35 58 33 58 33 55
78 10 81 10 81 14 78 14 78 10
8 37 12 37 12 39 8 39 8 37
58 27 62 27 62 32 58 32 58 27
53 36 56 36 56 41 53 41 53 36
43 68 47 68 47 72 43 72 43 68
39 49 43 49 43 54 39 54 39 49
5 19 10 19 10 24 5 24 5 19
29 48 32 48 32 51 29 51 29 48
86 31 91 31 91 33 86 33 86 31
77 15 80 15 80 20 77 20 77 15
43 93 48 93 48 98 43 98 43 93
29 82 33 82 33 84 29 84 29 82
50 88 55 88 55 91 50 91 50 88
37 31 40 31 40 35 37 35 37 31
50 46 55 46 55 49 50 49 50 46
85 18 89 18 89 22 85 22 85 18
34 61 39 61 39 66 34 66 34 61
88 5 91 5 91 7 88 7 88 5
36 74 41 74 41 78 36 78 36 74
20 94 22 94 22 98 20 98 20 94
3 64 6 64 6 69 3 69 3 64
26 96 31 96 31 98 26 98 26 96
85 90 89 90 89 94 85 94 85 90
28 91 32 91 32 93 28 93 28 91
66 73 71 73 71 77 66 77 66 73
68 19 70 19 70 21 68 21 68 19
65 49 70 49 70 52 65 52 65 49
45 61 48 61 48 65 45 65 45 61
62 67 67 67 67 69 62 69 62 67
29 15 32 15 32 20 29 20 29 15
16 39 21 39 21 42 16 42 16 39
84 54 87 54 87 57 84 57 84 54
22 69 27 69 27 72 22 72 22 69
93 8 98 8 98 11 93 11 93 8
53 83 56 83 56 87 53 87 53 83
14 50 16 50 16 54 14 54 14 50
70 27 72 27 72 31 70 31 70 27
59 18 64 18 64 23 59 23 59 18
15 74 20 74 20 78 15 78 15 74
51 3 53 3 53 6 51 6 51 3
30 78 32 78 32 81 30 81 30 78
94 87 96 87 96 92 94 92 94 87
79 46 84 46 84 49 79 49 79 46
22 9 27 9 27 12 22 12 22 9
28 23 31 23 31 28 28 28 28 23
10 41 12 41 12 43 10 43 10 41
29 3 31 3 31 5 29 5 29 3
49 65 53 65 53 70 49 70 49 65
74 20 76 20 76 24 74 24 74 20
43 32 46 32 46 35 43 35 43 32
42 38 44 38 44 43 42 43 42 38
69 12 74 12 74 14 69 14 69 12
36 9 41 9 41 14 36 14 36 9
74 80 77 80 77 84 74 84 74 80
80 93 82 93 82 97 80 97 80 93
80 77 84 77 84 80 80 80 80 77
51 92 54 92 54 94 51 94 51 92
85 76 90 76 90 79 85 79 85 76
12 91 17 91 17 94 12 94 12 91
7 33 9 33 9 35 7 35 7 33
53 11 58 11 58 13 53 13 53 11
53 50 55 50 55 54 53 54 53 50
27 36 32 36 32 41 27 41 27 36
59 54 61 54 61 57 59 57 59 54
18 25 20 25 20 30 18 30 18 25
71 46 74 46 74 49 71 49 71 46
47 73 52 73 52 76 47 76 47 73
83 8 85 8 85 13 83 13 83 8
62 88 65 88 65 90 62 90 62 88
78 59 80 59 80 62 78 62 78 59
17 64 19 64 19 68 17 68 17 64
21 80 26 80 26 82 21 82 21 80
50 77 53 77 53 80 50 80 50 77
20 60 22 60 22 64 20 64 20 60
68 35 72 35 72 38 68 38 68 35
9 26 11 26 11 28 9 28 9 26
13 96 16 96 16 98 13 98 13 96
77 3 80 3 80 5 77 5 77 3
6 43 9 43 9 48 6 48 6 43
4 49 8 49 8 52 4 52 4 49
84 83 89 83 89 86 84 86 84 83
37 2 39 2 39 6 37 6 37 2
6 77 11 77 11 80 6 80 6 77
20 4 23 4 23 7 20 7 20 4
64 24 68 24 68 27 64 27 64 24
64 34 66 34 66 39 64 39 64 34
36 56 39 56 39 58 36 58 36 56
12 28 15 28 15 32 12 32 12 28
82 59 85 59 85 61 82 61 82 59
93 16 96 16 96 19 93 19 93 16
72 65 74 65 74 69 72 69 72 65
7 13 10 13 10 18 7 18 7 13
12 45 17 45 17 48 12 48 12 45
2 54 7 54 7 57 2 57 2 54
69 81 72 81 72 84 69 84 69 81
47 9 51 9 51 12 47 12 47 9
13 16 17 16 17 20 13 20 13 16
21 90 24 90 24 93 21 93 21 90
26 60 29 60 29 62 26 62 26 60
14 55 19 55 19 58 14 58 14 55
36 82 41 82 41 85 36 85 36 82
91 75 93 75 93 79 91 79 91 75
7 7 10 7 10 10 7 10 7 7
71 57 76 57 76 61 71 61 71 57
36 86 39 86 39 88 36 88 36 86
5 84 7 84 7 89 5 89 5 84
57 6 59 6 59 9 57 9 57 6
93 50 96 50 96 54 93 54 93 50
49 81 51 81 51 85 49 85 49 81
92 30 96 30 96 33 92 33 92 30
43 16 46 16 46 19 43 19 43 16
71 88 73 88 73 92 71 92 71 88
25 15 27 15 27 20 25 20 25 15
63 7 66 7 66 10 63 10 63 7
80 37 82 37 82 40 80 40 80 37
85 43 88 43 88 47 85 47 85 43
50 23 53 23 53 28 50 28 50 23
49 56 52 56 52 60 49 60 49 56
57 78 60 78 60 83 57 83 57 78
91 56 94 56 94 60 91 60 91 56
12 66 15 66 15 69 12 69 12 66
76 86 81 86 81 89 76 89 76 86
58 40 62 40 62 44 58 44 58 40
12 76 14 76 14 78 12 78 12 76
8 2 13 2 13 4 8 4 8 2
88 68 91 68 91 73 88 73 88 68
9 56 11 56 11 58 9 58 9 56
36 20 39 20 39 23 36 23 36 20
76 39 78 39 78 43 76 43 76 39
18 69 21 69 21 72 18 72 18 69
2 76 4 76 4 81 2 81 2 76
60 92 64 92 64 95 60 95 60 92
46 21 49 21 49 24 46 24 46 21
36 70 39 70 39 73 36 73 36 70
8 83 12 83 12 85 8 85 8 83
48 35 52 35 52 38 48 38 48 35
39 45 42 45 42 48 39 48 39 45
26 42 31 42 31 44 26 44 26 42
93 43 96 43 96 46 93 46 93 43
23 84 25 84 25 88 23 88 23 84
2 25 5 25 5 27 2 27 2 25
14 80 19 80 19 85 14 85 14 80
23 42 25 42 25 45 23 45 23 42
61 14 63 14 63 17 61 17 61 14
73 33 75 33 75 38 73 38 73 33
27 31 29 31 29 35 27 35 27 31
64 55 68 55 68 57 64 57 64 55
21 51 23 51 23 53 21 53 21 51
22 31 24 31 24 34 22 34 22 31
77 92 79 92 79 96 77 96 77 92
77 68 82 68 82 70 77 70 77 68
54 69 57 69 57 72 54 72 54 69
2 84 4 84 4 87 2 87 2 84
3 12 6 12 6 15 3 15 3 12
28 7 32 7 32 10 28 10 28 7
22 76 26 76 26 79 22 79 22 76
84 69 86 69 86 71 84 71 84 69
2 37 6 37 6 39 2 39 2 37
34 91 38 91 38 95 34 95 34 91
54 22 57 22 57 27 54 27 54 22
92 66 95 66 95 70 92 70 92 66
89 51 91 51 91 54 89 54 89 51
19 10 21 10 21 13 19 13 19 10
44 73 46 73 46 77 44 77 44 73
5 92 8 92 8 95 5 95 5 92
62 50 64 50 64 54 62 54 62 50
33 49 36 49 36 51 33 51 33 49
91 62 96 62 96 64 91 64 91 62
60 33 62 33 62 38 60 38 60 33
90 93 93 93 93 97 90 97 90 93
60 45 65 45 65 48 60 48 60 45
8 61 12 61 12 63 8 63 8 61
96 36 98 36 98 38 96 38 96 36
44 4 47 4 47 8 44 8 44 4
28 85 30 85 30 87 28 87 28 85
79 42 84 42 84 45 79 45 79 42
75 75 77 75 77 77 75 77 75 75
21 35 24 35 24 38 21 38 21 35
28 53 31 53 31 57 28 57 28 53
71 94 74 94 74 97 71 97 71 94
89 41 91 41 91 43 89 43 89 41
94 76 98 76 98 80 94 80 94 76
43 89 48 89 48 92 43 92 43 89
47 15 50 15 50 18 47 18 47 15
47 41 49 41 49 45 47 45 47 41
86 8 89 8 89 13 86 13 86 8
59 61 64 61 64 66 59 66 59 61
54 15 58 15 58 19 54 19 54 15
14 7 18 7 18 9 14 9 14 7
30 29 33 29 33 34 30 34 30 29
84 24 87 24 87 26 84 26 84 24
66 59 70 59 70 63 66 63 66 59
83 39 88 39 88 41 83 41 83 39
