70 70 72 70 72 74 70 74 70 70
87 42 90 42 90 46 87 46 87 42
12 61 15 61 15 66 12 66 12 61
57 78 60 78 60 80 57 80 57 78
48 50 51 50 51 53 48 53 48 50
61 11 64 11 64 14 61 14 61 11
54 12 58 12 58 16 54 16 54 12
82 56 86 56 86 59 82 59 82 56
52 18 56 18 56 21 52 21 52 18
79 3 82 3 82 5 79 5 79 3
81 11 84 11 84 15 81 15 81 11
19 17 23 17 23 21 19 21 19 17
30 44 32 44 32 47 30 47 30 44
77 96 80 96 80 98 77 98 77 96
22 10 24 10 24 13 22 13 22 10
5 13 7 13 7 15 5 15 5 13
31 77 35 77 35 82 31 82 31 77
22 25 24 25 24 29 22 29 22 25
39 80 43 80 43 85 39 85 39 80
5 82 8 82 8 85 5 85 5 82
80 61 85 61 85 63 80 63 80 61
75 17 77 17 77 19 75 19 75 17
95 7 97 7 97 11 95 11 95 7
33 43 35 43 35 46 33 46 33 43
86 18 89 18 89 23 86 23 86 18
72 32 77 32 77 34 72 34 72 32
14 49 19 49 19 51 14 51 14 49
11 16 16 16 16 21 11 21 11 16
34 91 37 91 37 96 34 96 34 91
5 88 10 88 10 92 5 92 5 88
6 32 8 32 8 34 6 34 6 32
32 25 35 25 35 29 32 29 32 25
75 67 80 67 80 70 75 70 75 67
84 24 86 24 86 28 84 28 84 24
16 66 18 66 18 69 16 69 16 66
28 95 31 95 31 98 28 98 28 95
25 87 27 87 27 89 25 89 25 87
55 67 58 67 58 72 55 72 55 67
92 60 94 60 94 64 92 64 92 60
27 5 31 5 31 7 27 7 27 5
61 70 63 70 63 74 61 74 61 70
69 76 74 76 74 81 69 81 69 76
77 81 81 81 81 85 77 85 77 81
42 16 46 16 46 21 42 21 42 16
22 3 24 3 24 6 22 6 22 3
52 7 54 7 54 9 52 9 52 7
84 84 87 84 87 86 84 86 84 84
93 27 96 27 96 30 93 30 93 27
15 71 17 71 17 75 15 75 15 71
45 60 50 60 50 62 45 62 45 60
79 18 81 18 81 22 79 22 79 18
48 45 53 45 53 47 48 47 48 45
43 51 45 51 45 55 43 55 43 51
59 41 64 41 64 45 59 45 59 41
87 25 91 25 91 27 87 27 87 25
43 38 48 38 48 42 43 42 43 38
83 33 86 33 86 38 83 38 83 33
39 6 43 6 43 10 39 10 39 6
20 44 22 44 22 46 20 46 20 44
70 39 72 39 72 44 70 44 70 39
78 29 83 29 83 31 78 31 78 29
93 79 98 79 98 83 93 83 93 79
13 37 18 37 18 39 13 39 13 37
20 34 24 34 24 36 20 36 20 34
32 64 36 64 36 67 32 67 32 64
84 78 88 78 88 81 84 81 84 78
8 47 10 47 10 50 8 50 8 47
34 87 38 87 38 90 34 90 34 87
22 50 26 50 26 52 22 52 22 50
14 57 19 57 19 60 14 60 14 57
74 49 77 49 77 54 74 54 74 49
62 83 67 83 67 87 62 87 62 83
80 44 82 44 82 47 80 47 80 44
13 79 16 79 16 81 13 81 13 79
37 36 39 36 39 38 37 38 37 36
86 92 91 92 91 95 86 95 86 92
68 18 70 18 70 22 68 22 68 18
33 3 38 3 38 8 33 8 33 3
34 37 36 37 36 42 34 42 34 37
30 31 35 31 35 33 30 33 30 31
66 11 70 11 70 16 66 16 66 11
66 66 70 66 70 68 66 68 66 66
83 3 87 3 87 8 83 8 83 3
74 37 76 37 76 40 74 40 74 37
83 88 86 88 86 90 83 90 83 88
54 39 57 39 57 41 54 41 54 39
42 11 47 11 47 13 42 13 42 11
63 56 67 56 67 61 63 61 63 56
90 48 93 48 93 52 90 52 90 48
11 29 14 29 14 31 11 31 11 29
65 24 70 24 70 29 65 29 65 24
9 67 14 67 14 69 9 69 9 67
26 58 30 58 30 61 26 61 26 58
88 4 91 4 91 7 88 7 88 4
76 75 81 75 81 77 76 77 76 75
42 24 44 24 44 29 42 29 42 24
93 39 98 39 98 44 93 44 93 39
35 71 37 71 37 74 35 74 35 71
71 57 73 57 73 60 71 60 71 57
46 31 49 31 49 33 46 33 46 31
71 93 73 93 73 95 71 95 71 93
42 73 44 73 44 76 42 76 42 73
42 67 45 67 45 69 42 69 42 67
70 85 75 85 75 89 70 89 70 85
49 76 54 76 54 79 49 79 49 76
61 38 63 38 63 40 61 40 61 38
47 71 50 71 50 75 47 75 47 71
5 17 8 17 8 20 5 20 5 17
47 87 52 87 52 91 47 91 47 87
60 92 62 92 62 94 60 94 60 92
53 33 55 33 55 35 53 35 53 33
20 67 25 67 25 72 20 72 20 67
62 20 65 20 65 23 62 23 62 20
9 35 11 35 11 39 9 39 9 35
60 24 64 24 64 27 60 27 60 24
78 88 80 88 80 91 78 91 78 88
83 64 87 64 87 68 83 68 83 64
9 95 12 95 12 98 9 98 9 95
93 53 95 53 95 56 93 56 93 53
37 63 39 63 39 66 37 66 37 63
55 23 58 23 58 28 55 28 55 23
39 92 42 92 42 95 39 95 39 92
45 80 48 80 48 83 45 83 45 80
50 84 52 84 52 86 50 86 50 84
57 63 62 63 62 65 57 65 57 63
80 92 83 92 83 95 80 95 80 92
23 56 25 56 25 60 23 60 23 56
49 36 52 36 52 41 49 41 49 36
88 31 90 31 90 36 88 36 88 31
92 13 96 13 96 18 92 18 92 13
37 50 40 50 40 53 37 53 37 50
77 7 80 7 80 10 77 10 77 7
8 6 12 6 12 11 8 11 8 6
12 22 17 22 17 27 12 27 12 22
29 22 33 22 33 24 29 24 29 22
4 36 7 36 7 38 4 38 4 36
37 42 42 42 42 45 37 45 37 42
79 37 82 37 82 42 79 42 79 37
56 34 58 34 58 36 56 36 56 34
51 54 55 54 55 59 51 59 51 54
34 17 36 17 36 22 34 22 34 17
7 61 9 61 9 63 7 63 7 61
59 50 63 50 63 54 59 54 59 50
31 51 36 51 36 55 31 55 31 51
51 61 56 61 56 63 51 63 51 61
18 93 22 93 22 96 18 96 18 93
95 90 97 90 97 93 95 93 95 90
79 71 83 71 83 74 79 74 79 71
60 4 64 4 64 6 60 6 60 4
6 74 11 74 11 76 6 76 6 74
88 86 93 86 93 88 88 88 88 86
9 32 12 32 12 34 9 34 9 32
17 2 19 2 19 4 17 4 17 2
8 2 13 2 13 5 8 5 8 2
15 29 18 29 18 33 15 33 15 29
30 9 35 9 35 14 30 14 30 9
75 43 78 43 78 45 75 45 75 43
86 71 88 71 88 74 86 74 86 71
28 36 30 36 30 38 28 38 28 36
20 81 23 81 23 86 20 86 20 81
3 65 6 65 6 69 3 69 3 65
37 28 39 28 39 32 37 32 37 28
45 28 48 28 48 30 45 30 45 28
3 76 5 76 5 79 3 79 3 76
25 79 30 79 30 82 25 82 25 79
23 62 28 62 28 64 23 64 23 62
18 73 21 73 21 76 18 76 18 73
6 27 10 27 10 30 6 30 6 27
15 87 19 87 19 92 15 92 15 87
90 72 92 72 92 76 90 76 90 72
14 8 18 8 18 12 14 12 14 8
49 17 51 17 51 21 49 21 49 17
54 81 57 81 57 83 54 83 54 81
66 30 69 30 69 32 66 32 66 30
23 40 26 40 26 45 23 45 23 40
56 88 58 88 58 92 56 92 56 88
68 48 70 48 70 51 68 51 68 48
23 90 27 90 27 92 23 92 23 90
65 76 67 76 67 78 65 78 65 76
63 63 65 63 65 66 63 66 63 63
85 48 87 48 87 52 85 52 85 48
13 42 16 42 16 47 13 47 13 42
91 65 96 65 96 70 91 70 91 65
57 56 60 56 60 61 57 61 57 56
81 96 86 96 86 98 81 98 81 96
74 56 77 56 77 59 74 59 74 56
28 70 31 70 31 75 28 75 28 70
24 46 26 46 26 49 24 49 24 46
44 43 47 43 47 46 44 46 44 43
7 57 10 57 10 60 7 60 7 57
47 23 52 23 52 26 47 26 47 23
66 71 68 71 68 74 66 74 66 71
63 7 65 7 65 9 63 9 63 7
23 95 26 95 26 97 23 97 23 95
74 95 76 95 76 97 74 97 74 95
29 16 32 16 32 21 29 21 29 16
75 24 79 24 79 26 75 26 75 24
50 92 54 92 54 94 50 94 50 92
51 68 53 68 53 72 51 72 51 68
57 29 59 29 59 31 57 31 57 29
