71 88 76 88 76 93 71 93 71 88
64 73 67 73 67 78 64 78 64 73
85 72 87 72 87 75 85 75 85 72
92 42 94 42 94 45 92 45 92 42
53 53 57 53 57 56 53 56 53 53
66 42 71 42 71 45 66 45 66 42
4 11 9 11 9 13 4 13 4 11
32 38 34 38 34 42 32 42 32 38
27 47 32 47 32 52 27 52 27 47
20 70 22 70 22 72 20 72 20 70
43 66 46 66 46 69 43 69 43 66
9 50 13 50 13 54 9 54 9 50
3 86 7 86 7 89 3 89 3 86
29 74 32 74 32 78 29 78 29 74
85 78 87 78 87 80 85 80 85 78
16 74 19 74 19 76 16 76 16 74
21 7 24 7 24 10 21 10 21 7
77 55 79 55 79 58 77 58 77 55
22 73 25 73 25 77 22 77 22 73
23 15 26 15 26 20 23 20 23 15
46 84 50 84 50 86 46 86 46 84
59 27 64 27 64 29 59 29 59 27
96 71 98 71 98 74 96 74 96 71
44 88 48 88 48 91 44 91 44 88
4 43 6 43 6 48 4 48 4 43
69 94 73 94 73 97 69 97 69 94
63 3 65 3 65 7 63 7 63 3
88 60 91 60 91 64 88 64 88 60
21 51 23 51 23 54 21 54 21 51
23 66 27 66 27 69 23 69 23 66
55 86 59 86 59 89 55 89 55 86
29 33 34 33 34 37 29 37 29 33
27 3 32 3 32 7 27 7 27 3
6 23 11 23 11 25 6 25 6 23
53 71 57 71 57 76 53 76 53 71
23 27 26 27 26 32 23 32 23 27
94 28 98 28 98 30 94 30 94 28
14 52 17 52 17 54 14 54 14 52
78 10 83 10 83 12 78 12 78 10
33 4 35 4 35 9 33 9 33 4
77 23 80 23 80 28 77 28 77 23
95 81 97 81 97 83 95 83 95 81
26 81 29 81 29 85 26 85 26 81
34 63 36 63 36 68 34 68 34 63
38 27 40 27 40 30 38 30 38 27
37 37 41 37 41 39 37 39 37 37
41 82 43 82 43 87 41 87 41 82
5 76 7 76 7 80 5 80 5 76
58 56 62 56 62 58 58 58 58 56
67 25 69 25 69 27 67 27 67 25
89 6 92 6 92 8 89 8 89 6
33 56 37 56 37 59 33 59 33 56
94 46 97 46 97 49 94 49 94 46
8 6 12 6 12 9 8 9 8 6
63 54 65 54 65 57 63 57 63 54
40 6 42 6 42 11 40 11 40 6
32 19 34 19 34 21 32 21 32 19
89 94 94 94 94 97 89 97 89 94
41 73 45 73 45 75 41 75 41 73
82 40 85 40 85 45 82 45 82 40
94 16 97 16 97 20 94 20 94 16
23 61 27 61 27 64 23 64 23 61
80 54 82 54 82 59 80 59 80 54
87 26 92 26 92 30 87 30 87 26
70 81 75 81 75 84 70 84 70 81
58 38 61 38 61 43 58 43 58 38
78 70 82 70 82 75 78 75 78 70
87 50 89 50 89 52 87 52 87 50
69 65 74 65 74 69 69 69 69 65
62 31 65 31 65 35 62 35 62 31
13 87 17 87 17 89 13 89 13 87
36 32 39 32 39 36 36 36 36 32
38 90 42 90 42 92 38 92 38 90
20 36 25 36 25 38 20 38 20 36
66 13 68 13 68 16 66 16 66 13
45 2 47 2 47 5 45 5 45 2
55 80 59 80 59 84 55 84 55 80
86 3 88 3 88 7 86 7 86 3
37 79 41 79 41 81 37 81 37 79
61 49 64 49 64 53 61 53 61 49
62 9 64 9 64 12 62 12 62 9
46 38 51 38 51 42 46 42 46 38
15 27 19 27 19 29 15 29 15 27
31 80 36 80 36 85 31 85 31 80
27 19 31 19 31 21 27 21 27 19
63 37 68 37 68 39 63 39 63 37
64 19 69 19 69 23 64 23 64 19
52 29 57 29 57 32 52 32 52 29
9 18 12 18 12 22 9 22 9 18
66 93 68 93 68 97 66 97 66 93
22 12 25 12 25 14 22 14 22 12
31 63 33 63 33 67 31 67 31 63
10 46 12 46 12 48 10 48 10 46
31 28 35 28 35 30 31 30 31 28
41 21 45 21 45 26 41 26 41 21
18 15 22 15 22 17 18 17 18 15
79 90 81 90 81 92 79 92 79 90
13 66 16 66 16 70 13 70 13 66
54 61 58 61 58 66 54 66 54 61
77 3 81 3 81 6 77 6 77 3
38 41 41 41 41 46 38 46 38 41
21 80 23 80 23 84 21 84 21 80
63 68 65 68 65 70 63 70 63 68
20 18 22 18 22 22 20 22 20 18
13 82 18 82 18 85 13 85 13 82
9 64 11 64 11 68 9 68 9 64
91 22 96 22 96 24 91 24 91 22
34 86 36 86 36 91 34 91 34 86
60 80 64 80 64 82 60 82 60 80
76 42 81 42 81 46 76 46 76 42
24 93 27 93 27 97 24 97 24 93
57 34 60 34 60 37 57 37 57 34
28 96 30 96 30 98 28 98 28 96
78 63 81 63 81 68 78 68 78 63
52 24 56 24 56 27 52 27 52 24
44 6 48 6 48 9 44 9 44 6
44 95 47 95 47 98 44 98 44 95
70 55 72 55 72 60 70 60 70 55
43 11 45 11 45 13 43 13 43 11
6 33 9 33 9 36 6 36 6 33
34 93 38 93 38 96 34 96 34 93
3 64 5 64 5 67 3 67 3 64
17 41 19 41 19 45 17 45 17 41
11 71 13 71 13 73 11 73 11 71
2 90 5 90 5 92 2 92 2 90
83 36 86 36 86 38 83 38 83 36
95 38 98 38 98 42 95 42 95 38
69 2 73 2 73 6 69 6 69 2
66 7 71 7 71 9 66 9 66 7
48 67 52 67 52 72 48 72 48 67
76 20 79 20 79 22 76 22 76 20
82 31 85 31 85 35 82 35 82 31
48 57 52 57 52 62 48 62 48 57
86 46 88 46 88 48 86 48 86 46
22 87 26 87 26 92 22 92 22 87
61 19 63 19 63 23 61 23 61 19
84 19 87 19 87 24 84 24 84 19
47 49 49 49 49 54 47 54 47 49
27 9 32 9 32 13 27 13 27 9
2 53 4 53 4 58 2 58 2 53
6 93 9 93 9 96 6 96 6 93
69 13 74 13 74 18 69 18 69 13
64 88 69 88 69 92 64 92 64 88
10 31 13 31 13 35 10 35 10 31
90 78 92 78 92 81 90 81 90 78
10 77 15 77 15 80 10 80 10 77
14 20 17 20 17 23 14 23 14 20
45 31 47 31 47 35 45 35 45 31
73 30 75 30 75 33 73 33 73 30
72 71 77 71 77 75 72 75 72 71
83 91 87 91 87 96 83 96 83 91
31 87 33 87 33 90 31 90 31 87
26 43 28 43 28 46 26 46 26 43
50 93 54 93 54 96 50 96 50 93
13 56 17 56 17 60 13 60 13 56
55 3 59 3 59 6 55 6 55 3
56 16 58 16 58 18 56 18 56 16
93 70 95 70 95 74 93 74 93 70
39 14 41 14 41 16 39 16 39 14
5 56 7 56 7 61 5 61 5 56
90 53 95 53 95 57 90 57 90 53
42 59 45 59 45 64 42 64 42 59
27 38 30 38 30 40 27 40 27 38
46 78 48 78 48 80 46 80 46 78
9 43 13 43 13 45 9 45 9 43
28 86 30 86 30 91 28 91 28 86
52 10 56 10 56 12 52 12 52 10
81 15 85 15 85 18 81 18 81 15
83 64 87 64 87 66 83 66 83 64
80 48 82 48 82 51 80 51 80 48
76 30 79 30 79 34 76 34 76 30
71 49 76 49 76 51 71 51 71 49
66 79 69 79 69 82 66 82 66 79
79 79 81 79 81 83 79 83 79 79
59 13 61 13 61 16 59 16 59 13
90 69 92 69 92 73 90 73 90 69
89 35 92 35 92 39 89 39 89 35
83 56 85 56 85 58 83 58 83 56
48 22 50 22 50 27 48 27 48 22
4 8 7 8 7 10 4 10 4 8
2 39 4 39 4 41 2 41 2 39
19 90 21 90 21 92 19 92 19 90
49 28 51 28 51 30 49 30 49 28
4 3 8 3 8 5 4 5 4 3
50 79 52 79 52 83 50 83 50 79
14 13 16 13 16 17 14 17 14 13
34 72 39 72 39 76 34 76 34 72
65 64 68 64 68 66 65 66 65 64
40 54 42 54 42 57 40 57 40 54
77 35 79 35 79 38 77 38 77 35
4 69 6 69 6 73 4 73 4 69
12 94 17 94 17 98 12 98 12 94
36 14 38 14 38 16 36 16 36 14
76 84 81 84 81 87 76 87 76 84
83 67 85 67 85 71 83 71 83 67
83 88 86 88 86 90 83 90 83 88
71 23 73 23 73 25 71 25 71 23
39 59 41 59 41 64 39 64 39 59
73 7 78 7 78 9 73 9 73 7
94 59 98 59 98 61 94 61 94 59
