55 49 60 49 60 53 55 53 55 49
85 70 88 70 88 75 85 75 85 70
26 19 31 19 31 23 26 23 26 19
27 51 31 51 31 56 27 56 27 51
64 73 69 73 69 78 64 78 64 73
13 13 17 13 17 18 13 18 13 13
62 40 65 40 65 44 62 44 62 40
10 57 13 57 13 62 10 62 10 57
76 44 81 44 81 46 76 46 76 44
79 47 83 47 83 51 79 51 79 47
48 50 53 50 53 52 48 52 48 50
69 12 74 12 74 16 69 16 69 12
25 34 30 34 30 38 25 38 25 34
71 25 74 25 74 27 71 27 71 25
70 46 73 46 73 49 70 49 70 46
94 88 97 88 97 90 94 90 94 88
38 20 41 20 41 22 38 22 38 20
16 50 21 50 21 52 16 52 16 50
62 65 67 65 67 69 62 69 62 65
35 13 37 13 37 17 35 17 35 13
39 83 41 83 41 87 39 87 39 83
30 79 32 79 32 83 30 83 30 79
37 55 39 55 39 60 37 60 37 55
20 62 22 62 22 67 20 67 20 62
79 56 81 56 81 59 79 59 79 56
40 79 44 79 44 82 40 82 40 79
59 88 62 88 62 93 59 93 59 88
49 80 54 80 54 84 49 84 49 80
17 75 19 75 19 80 17 80 17 75
41 73 43 73 43 75 41 75 41 73
30 44 34 44 34 47 30 47 30 44
24 69 29 69 29 72 24 72 24 69
58 35 60 35 60 37 58 37 58 35
89 21 91 21 91 23 89 23 89 21
45 87 48 87 48 90 45 90 45 87
54 24 57 24 57 26 54 26 54 24
45 31 48 31 48 35 45 35 45 31
26 57 31 57 31 62 26 62 26 57
84 41 88 41 88 46 84 46 84 41
41 65 43 65 43 69 41 69 41 65
75 28 77 28 77 31 75 31 75 28
16 88 19 88 19 92 16 92 16 88
9 54 13 54 13 56 9 56 9 54
79 15 82 15 82 17 79 17 79 15
46 59 50 59 50 63 46 63 46 59
90 64 93 64 93 68 90 68 90 64
29 7 31 7 31 10 29 10 29 7
72 90 77 90 77 92 72 92 72 90
16 55 20 55 20 59 16 59 16 55
67 4 71 4 71 7 67 7 67 4
16 29 21 29 21 34 16 34 16 29
58 6 61 6 61 8 58 8 58 6
46 73 49 73 49 78 46 78 46 73
6 81 8 81 8 86 6 86 6 81
10 67 13 67 13 69 10 69 10 67
26 25 31 25 31 29 26 29 26 25
31 90 34 90 34 92 31 92 31 90
46 94 51 94 51 96 46 96 46 94
84 9 87 9 87 11 84 11 84 9
5 43 8 43 8 48 5 48 5 43
37 27 42 27 42 30 37 30 37 27
63 13 66 13 66 17 63 17 63 13
70 59 74 59 74 63 70 63 70 59
90 41 94 41 94 43 90 43 90 41
87 31 89 31 89 35 87 35 87 31
66 83 69 83 69 87 66 87 66 83
38 46 41 46 41 51 38 51 38 46
57 57 59 57 59 59 57 59 57 57
41 92 44 92 44 96 41 96 41 92
40 9 42 9 42 14 40 14 40 9
10 28 14 28 14 32 10 32 10 28
25 92 29 92 29 97 25 97 25 92
38 90 40 90 40 95 38 95 38 90
46 38 48 38 48 42 46 42 46 38
10 42 14 42 14 44 10 44 10 42
51 17 55 17 55 21 51 21 51 17
45 22 49 22 49 24 45 24 45 22
4 23 8 23 8 27 4 27 4 23
61 26 65 26 65 30 61 30 61 26
6 90 10 90 10 93 6 93 6 90
12 46 15 46 15 48 12 48 12 46
60 56 64 56 64 61 60 61 60 56
80 52 83 52 83 54 80 54 80 52
79 73 84 73 84 78 79 78 79 73
57 94 59 94 59 98 57 98 57 94
65 18 70 18 70 20 65 20 65 18
33 68 38 68 38 72 33 72 33 68
62 5 65 5 65 7 62 7 62 5
23 14 26 14 26 16 23 16 23 14
42 52 46 52 46 55 42 55 42 52
24 42 28 42 28 46 24 46 24 42
10 6 14 6 14 9 10 9 10 6
12 64 15 64 15 66 12 66 12 64
79 10 81 10 81 14 79 14 79 10
24 74 27 74 27 77 24 77 24 74
90 47 92 47 92 52 90 52 90 47
53 43 57 43 57 47 53 47 53 43
8 76 13 76 13 78 8 78 8 76
81 92 83 92 83 95 81 95 81 92
7 5 9 5 9 7 7 7 7 5
46 7 51 7 51 11 46 11 46 7
22 50 24 50 24 53 22 53 22 50
32 34 34 34 34 38 32 38 32 34
77 18 79 18 79 20 77 20 77 18
26 66 31 66 31 68 26 68 26 66
52 76 56 76 56 78 52 78 52 76
66 47 68 47 68 52 66 52 66 47
49 34 52 34 52 39 49 39 49 34
3 32 6 32 6 34 3 34 3 32
76 64 81 64 81 67 76 67 76 64
96 21 98 21 98 26 96 26 96 21
62 37 66 37 66 39 62 39 62 37
73 35 76 35 76 37 73 37 73 35
7 14 11 14 11 17 7 17 7 14
64 94 68 94 68 97 64 97 64 94
2 86 5 86 5 88 2 88 2 86
93 12 96 12 96 14 93 14 93 12
42 45 45 45 45 49 42 49 42 45
79 3 82 3 82 5 79 5 79 3
64 32 69 32 69 35 64 35 64 32
39 31 41 31 41 34 39 34 39 31
54 86 56 86 56 88 54 88 54 86
70 71 75 71 75 74 70 74 70 71
94 53 97 53 97 57 94 57 94 53
21 84 26 84 26 89 21 89 21 84
45 69 49 69 49 71 45 71 45 69
5 77 7 77 7 80 5 80 5 77
54 95 56 95 56 98 54 98 54 95
32 26 35 26 35 28 32 28 32 26
73 77 78 77 78 80 73 80 73 77
55 67 57 67 57 72 55 72 55 67
62 8 67 8 67 11 62 11 62 8
35 36 37 36 37 38 35 38 35 36
3 57 8 57 8 62 3 62 3 57
79 26 83 26 83 28 79 28 79 26
30 86 34 86 34 89 30 89 30 86
6 71 11 71 11 75 6 75 6 71
88 26 90 26 90 29 88 29 88 26
93 44 97 44 97 46 93 46 93 44
15 93 17 93 17 98 15 98 15 93
20 5 24 5 24 8 20 8 20 5
41 38 45 38 45 41 41 41 41 38
27 89 29 89 29 91 27 91 27 89
45 12 48 12 48 17 45 17 45 12
54 13 56 13 56 15 54 15 54 13
85 15 87 15 87 17 85 17 85 15
85 63 88 63 88 67 85 67 85 63
18 26 23 26 23 28 18 28 18 26
82 30 86 30 86 35 82 35 82 30
57 12 59 12 59 17 57 17 57 12
52 67 54 67 54 69 52 69 52 67
93 3 97 3 97 7 93 7 93 3
21 9 26 9 26 12 21 12 21 9
21 21 24 21 24 24 21 24 21 21
2 15 4 15 4 19 2 19 2 15
11 84 15 84 15 86 11 86 11 84
16 40 21 40 21 42 16 42 16 40
83 81 88 81 88 84 83 84 83 81
56 63 60 63 60 66 56 66 56 63
85 3 89 3 89 8 85 8 85 3
50 86 53 86 53 89 50 89 50 86
31 31 33 31 33 33 31 33 31 31
35 40 37 40 37 42 35 42 35 40
16 83 20 83 20 87 16 87 16 83
70 94 72 94 72 96 70 96 70 94
92 32 95 32 95 34 92 34 92 32
34 6 37 6 37 11 34 11 34 6
72 38 77 38 77 41 72 41 72 38
58 82 63 82 63 85 58 85 58 82
3 50 8 50 8 52 3 52 3 50
2 94 7 94 7 96 2 96 2 94
86 48 88 48 88 51 86 51 86 48
51 62 54 62 54 66 51 66 51 62
10 94 13 94 13 98 10 98 10 94
34 52 36 52 36 56 34 56 34 52
64 89 68 89 68 93 64 93 64 89
48 44 50 44 50 49 48 49 48 44
89 82 93 82 93 87 89 87 89 82
70 81 75 81 75 85 70 85 70 81
92 16 95 16 95 19 92 19 92 16
52 56 55 56 55 59 52 59 52 56
74 49 77 49 77 53 74 53 74 49
91 75 94 75 94 80 91 80 91 75
71 8 74 8 74 10 71 10 71 8
57 74 62 74 62 79 57 79 57 74
28 4 30 4 30 6 28 6 28 4
60 22 64 22 64 24 60 24 60 22
22 78 27 78 27 82 22 82 22 78
86 92 90 92 90 95 86 95 86 92
43 61 45 61 45 64 43 64 43 61
11 33 15 33 15 36 11 36 11 33
56 29 58 29 58 34 56 34 56 29
81 36 85 36 85 38 81 38 81 36
76 6 79 6 79 8 76 8 76 6
3 10 5 10 5 13 3 13 3 10
76 83 81 83 81 87 76 87 76 83
28 16 33 16 33 18 28 18 28 16
75 60 78 60 78 63 75 63 75 60
77 68 82 68 82 72 77 72 77 68
96 77 98 77 98 79 96 79 96 77
