4 81 7 81 7 84 4 84 4 81
40 61 43 61 43 65 40 65 40 61
5 11 8 11 8 16 5 16 5 11
29 59 33 59 33 63 29 63 29 59
15 4 20 4 20 6 15 6 15 4
40 46 45 46 45 49 40 49 40 46
37 78 42 78 42 82 37 82 37 78
25 49 28 49 28 53 25 53 25 49
31 4 35 4 35 8 31 8 31 4
66 23 70 23 70 25 66 25 66 23
67 80 72 80 72 83 67 83 67 80
84 51 86 51 86 55 84 55 84 51
84 61 86 61 86 63 84 63 84 61
11 91 14 91 14 94 11 94 11 91
20 29 24 29 24 32 20 32 20 29
37 53 39 53 39 55 37 55 37 53
8 47 10 47 10 50 8 50 8 47
53 44 56 44 56 47 53 47 53 44
6 61 8 61 8 64 6 64 6 61
53 88 57 88 57 92 53 92 53 88
85 74 87 74 87 76 85 76 85 74
3 48 6 48 6 52 3 52 3 48
37 33 40 33 40 37 37 37 37 33
80 93 83 93 83 97 80 97 80 93
56 21 58 21 58 25 56 25 56 21
10 22 15 22 15 26 10 26 10 22
22 63 24 63 24 66 22 66 22 63
44 86 49 86 49 90 44 90 44 86
20 10 22 10 22 13 20 13 20 10
75 8 78 8 78 13 75 13 75 8
30 47 33 47 33 50 30 50 30 47
70 3 74 3 74 6 70 6 70 3
77 39 79 39 79 43 77 43 77 39
96 83 98 83 98 86 96 86 96 83
93 57 98 57 98 59 93 59 93 57
72 89 75 89 75 92 72 92 72 89
93 69 97 69 97 71 93 71 93 69
9 79 11 79 11 83 9 83 9 79
78 90 82 90 82 92 78 92 78 90
47 19 52 19 52 23 47 23 47 19
35 58 38 58 38 61 35 61 35 58
39 70 42 70 42 74 39 74 39 70
66 11 69 11 69 13 66 13 66 11
34 87 36 87 36 90 34 90 34 87
79 67 81 67 81 70 79 70 79 67
26 86 30 86 30 89 26 89 26 86
47 43 52 43 52 48 47 48 47 43
13 43 18 43 18 45 13 45 13 43
55 28 59 28 59 30 55 30 55 28
76 25 80 25 80 29 76 29 76 25
93 94 95 94 95 98 93 98 93 94
81 15 84 15 84 19 81 19 81 15
59 66 63 66 63 68 59 68 59 66
9 30 13 30 13 34 9 34 9 30
59 77 61 77 61 79 59 79 59 77
70 63 73 63 73 68 70 68 70 63
89 33 94 33 94 35 89 35 89 33
28 75 30 75 30 77 28 77 28 75
91 75 95 75 95 78 91 78 91 75
41 53 45 53 45 55 41 55 41 53
54 36 58 36 58 39 54 39 54 36
38 9 43 9 43 11 38 11 38 9
62 28 65 28 65 31 62 31 62 28
83 34 86 34 86 37 83 37 83 34
58 58 61 58 61 63 58 63 58 58
47 28 52 28 52 32 47 32 47 28
44 35 47 35 47 39 44 39 44 35
84 70 87 70 87 72 84 72 84 70
84 82 87 82 87 86 84 86 84 82
95 89 98 89 98 92 95 92 95 89
89 43 93 43 93 45 89 45 89 43
14 17 16 17 16 19 14 19 14 17
11 85 16 85 16 87 11 87 11 85
31 81 36 81 36 85 31 85 31 81
59 49 63 49 63 52 59 52 59 49
67 47 71 47 71 52 67 52 67 47
73 35 78 35 78 37 73 37 73 35
87 47 89 47 89 50 87 50 87 47
34 13 36 13 36 15 34 15 34 13
29 51 34 51 34 56 29 56 29 51
11 70 16 70 16 73 11 73 11 70
18 70 22 70 22 72 18 72 18 70
67 43 71 43 71 45 67 45 67 43
17 91 22 91 22 93 17 93 17 91
74 32 79 32 79 34 74 34 74 32
26 11 31 11 31 13 26 13 26 11
54 6 56 6 56 10 54 10 54 6
3 70 8 70 8 72 3 72 3 70
3 17 5 17 5 21 3 21 3 17
27 16 31 16 31 21 27 21 27 16
23 70 26 70 26 73 23 73 23 70
87 8 89 8 89 11 87 11 87 8
25 28 29 28 29 32 25 32 25 28
25 35 28 35 28 37 25 37 25 35
79 73 82 73 82 75 79 75 79 73
41 56 45 56 45 59 41 59 41 56
92 25 94 25 94 28 92 28 92 25
14 8 17 8 17 10 14 10 14 8
43 18 45 18 45 23 43 23 43 18
10 54 13 54 13 59 10 59 10 54
38 84 41 84 41 88 38 88 38 84
81 20 86 20 86 23 81 23 81 20
80 4 84 4 84 9 80 9 80 4
18 86 21 86 21 88 18 88 18 86
68 28 72 28 72 32 68 32 68 28
80 41 85 41 85 43 80 43 80 41
18 73 22 73 22 76 18 76 18 73
8 75 12 75 12 77 8 77 8 75
27 24 30 24 30 27 27 27 27 24
15 49 18 49 18 54 15 54 15 49
23 38 27 38 27 43 23 43 23 38
35 69 38 69 38 74 35 74 35 69
23 83 27 83 27 85 23 85 23 83
82 76 84 76 84 80 82 80 82 76
31 23 34 23 34 26 31 26 31 23
15 62 18 62 18 66 15 66 15 62
14 28 16 28 16 30 14 30 14 28
79 11 81 11 81 14 79 14 79 11
27 70 31 70 31 72 27 72 27 70
68 94 71 94 71 96 68 96 68 94
5 85 8 85 8 87 5 87 5 85
37 94 39 94 39 97 37 97 37 94
14 36 18 36 18 40 14 40 14 36
77 59 80 59 80 63 77 63 77 59
91 49 95 49 95 51 91 51 91 49
25 45 28 45 28 47 25 47 25 45
66 37 71 37 71 39 66 39 66 37
18 56 21 56 21 61 18 61 18 56
75 5 77 5 77 7 75 7 75 5
78 15 80 15 80 17 78 17 78 15
39 4 41 4 41 6 39 6 39 4
78 20 80 20 80 24 78 24 78 20
32 43 35 43 35 46 32 46 32 43
76 46 78 46 78 49 76 49 76 46
51 65 56 65 56 69 51 69 51 65
41 66 43 66 43 68 41 68 41 66
71 71 76 71 76 75 71 75 71 71
16 77 19 77 19 79 16 79 16 77
42 50 44 50 44 52 42 52 42 50
5 2 10 2 10 5 5 5 5 2
72 56 75 56 75 59 72 59 72 56
81 28 83 28 83 32 81 32 81 28
47 75 50 75 50 77 47 77 47 75
43 2 45 2 45 7 43 7 43 2
90 18 92 18 92 21 90 21 90 18
65 66 69 66 69 69 65 69 65 66
46 82 48 82 48 84 46 84 46 82
30 94 34 94 34 97 30 97 30 94
36 26 38 26 38 31 36 31 36 26
19 15 24 15 24 18 19 18 19 15
8 7 13 7 13 9 8 9 8 7
47 72 51 72 51 74 47 74 47 72
11 48 14 48 14 50 11 50 11 48
64 73 69 73 69 78 64 78 64 73
55 80 58 80 58 85 55 85 55 80
60 71 63 71 63 73 60 73 60 71
47 50 52 50 52 54 47 54 47 50
66 89 70 89 70 92 66 92 66 89
44 64 49 64 49 67 44 67 44 64
76 65 78 65 78 70 76 70 76 65
51 15 55 15 55 18 51 18 51 15
4 26 6 26 6 28 4 28 4 26
24 79 26 79 26 82 24 82 24 79
82 46 86 46 86 50 82 50 82 46
71 16 75 16 75 18 71 18 71 16
88 12 92 12 92 15 88 15 88 12
2 31 5 31 5 33 2 33 2 31
5 56 7 56 7 60 5 60 5 56
31 32 36 32 36 36 31 36 31 32
59 22 62 22 62 25 59 25 59 22
20 34 24 34 24 36 20 36 20 34
88 93 90 93 90 95 88 95 88 93
60 17 64 17 64 19 60 19 60 17
44 10 47 10 47 13 44 13 44 10
43 24 45 24 45 28 43 28 43 24
61 7 64 7 64 12 61 12 61 7
87 19 89 19 89 24 87 24 87 19
93 79 96 79 96 82 93 82 93 79
54 52 58 52 58 56 54 56 54 52
2 76 7 76 7 79 2 79 2 76
87 55 91 55 91 57 87 57 87 55
4 37 6 37 6 39 4 39 4 37
84 65 89 65 89 67 84 67 84 65
64 48 66 48 66 50 64 50 64 48
43 71 45 71 45 74 43 74 43 71
60 32 63 32 63 35 60 35 60 32
28 38 31 38 31 43 28 43 28 38
59 38 63 38 63 42 59 42 59 38
89 85 92 85 92 87 89 87 89 85
96 23 98 23 98 27 96 27 96 23
52 3 57 3 57 5 52 5 52 3
72 93 76 93 76 97 72 97 72 93
94 45 96 45 96 48 94 48 94 45
6 43 9 43 9 46 6 46 6 43
64 55 66 55 66 60 64 60 64 55
47 6 52 6 52 9 47 9 47 6
35 16 40 16 40 21 35 21 35 16
76 85 81 85 81 87 76 87 76 85
38 12 42 12 42 15 38 15 38 12
20 96 25 96 25 98 20 98 20 96
