20 60 22 60 22 64 20 64 20 60
87 51 91 51 91 55 87 55 87 51
53 89 55 89 55 92 53 92 53 89
67 73 69 73 69 77 67 77 67 73
8 73 10 73 10 76 8 76 8 73
73 7 76 7 76 9 73 9 73 7
32 56 36 56 36 59 32 59 32 56
16 80 18 80 18 84 16 84 16 80
31 28 36 28 36 32 31 32 31 28
18 7 20 7 20 9 18 9 18 7
5 25 9 25 9 29 5 29 5 25
8 30 11 30 11 35 8 35 8 30
86 26 88 26 88 31 86 31 86 26
7 63 10 63 10 65 7 65 7 63
91 73 93 73 93 75 91 75 91 73
54 79 58 79 58 83 54 83 54 79
38 87 41 87 41 90 38 90 38 87
17 49 19 49 19 54 17 54 17 49
75 82 80 82 80 84 75 84 75 82
45 15 48 15 48 17 45 17 45 15
89 46 93 46 93 49 89 49 89 46
75 68 78 68 78 72 75 72 75 68
54 40 59 40 59 43 54 43 54 40
27 79 30 79 30 82 27 82 27 79
28 28 30 28 30 32 28 32 28 28
11 59 15 59 15 64 11 64 11 59
74 10 78 10 78 15 74 15 74 10
11 92 15 92 15 96 11 96 11 92
10 41 14 41 14 43 10 43 10 41
82 35 84 35 84 39 82 39 82 35
26 6 29 6 29 9 26 9 26 6
65 36 68 36 68 41 65 41 65 36
46 91 48 91 48 93 46 93 46 91
33 39 36 39 36 42 33 42 33 39
32 94 35 94 35 96 32 96 32 94
35 9 37 9 37 11 35 11 35 9
44 65 48 65 48 68 44 68 44 65
64 82 69 82 69 84 64 84 64 82
38 71 42 71 42 76 38 76 38 71
8 22 12 22 12 24 8 24 8 22
29 13 31 13 31 16 29 16 29 13
65 24 67 24 67 28 65 28 65 24
60 90 64 90 64 94 60 94 60 90
12 80 14 80 14 82 12 82 12 80
70 46 74 46 74 50 70 50 70 46
74 53 78 53 78 58 74 58 74 53
15 30 20 30 20 34 15 34 15 30
77 18 82 18 82 22 77 22 77 18
95 54 97 54 97 56 95 56 95 54
12 66 17 66 17 70 12 70 12 66
90 38 92 38 92 40 90 40 90 38
55 34 59 34 59 38 55 38 55 34
73 75 77 75 77 77 73 77 73 75
27 40 31 40 31 42 27 42 27 40
38 42 41 42 41 47 38 47 38 42
80 7 85 7 85 10 80 10 80 7
68 52 70 52 70 57 68 57 68 52
86 7 90 7 90 9 86 9 86 7
45 56 49 56 49 59 45 59 45 56
74 27 76 27 76 31 74 31 74 27
71 86 75 86 75 91 71 91 71 86
35 74 37 74 37 79 35 79 35 74
3 56 6 56 6 60 3 60 3 56
12 14 17 14 17 16 12 16 12 14
88 12 92 12 92 17 88 17 88 12
30 72 32 72 32 76 30 76 30 72
72 93 74 93 74 96 72 96 72 93
68 26 72 26 72 29 68 29 68 26
8 54 11 54 11 56 8 56 8 54
52 26 55 26 55 30 52 30 52 26
20 88 25 88 25 91 20 91 20 88
92 29 97 29 97 34 92 34 92 29
66 59 68 59 68 63 66 63 66 59
55 47 59 47 59 51 55 51 55 47
4 38 6 38 6 43 4 43 4 38
73 37 77 37 77 40 73 40 73 37
23 44 28 44 28 49 23 49 23 44
33 3 35 3 35 6 33 6 33 3
60 10 64 10 64 13 60 13 60 10
49 20 52 20 52 24 49 24 49 20
54 56 57 56 57 59 54 59 54 56
47 80 52 80 52 85 47 85 47 80
79 48 82 48 82 50 79 50 79 48
29 87 32 87 32 92 29 92 29 87
2 88 5 88 5 90 2 90 2 88
21 53 24 53 24 58 21 58 21 53
70 31 72 31 72 35 70 35 70 31
42 36 45 36 45 39 42 39 42 36
34 12 36 12 36 14 34 14 34 12
85 62 88 62 88 64 85 64 85 62
95 58 97 58 97 60 95 60 95 58
39 50 42 50 42 55 39 55 39 50
49 91 52 91 52 96 49 96 49 91
86 78 90 78 90 81 86 81 86 78
3 79 5 79 5 82 3 82 3 79
15 41 20 41 20 45 15 45 15 41
66 68 71 68 71 72 66 72 66 68
37 19 42 19 42 24 37 24 37 19
48 39 52 39 52 41 48 41 48 39
63 42 65 42 65 45 63 45 63 42
56 18 60 18 60 22 56 22 56 18
82 74 84 74 84 76 82 76 82 74
94 6 97 6 97 8 94 8 94 6
45 10 48 10 48 13 45 13 45 10
45 25 48 25 48 28 45 28 45 25
75 60 77 60 77 63 75 63 75 60
54 69 56 69 56 71 54 71 54 69
79 55 82 55 82 58 79 58 79 55
50 60 55 60 55 64 50 64 50 60
64 74 66 74 66 79 64 79 64 74
79 40 82 40 82 45 79 45 79 40
32 51 34 51 34 55 32 55 32 51
65 16 68 16 68 21 65 21 65 16
91 59 94 59 94 62 91 62 91 59
25 13 27 13 27 15 25 15 25 13
14 71 16 71 16 75 14 75 14 71
15 86 19 86 19 88 15 88 15 86
9 66 11 66 11 69 9 69 9 66
51 35 54 35 54 38 51 38 51 35
37 25 41 25 41 28 37 28 37 25
11 51 16 51 16 53 11 53 11 51
66 92 69 92 69 95 66 95 66 92
4 83 6 83 6 86 4 86 4 83
16 57 19 57 19 60 16 60 16 57
47 72 49 72 49 74 47 74 47 72
83 82 86 82 86 87 83 87 83 82
82 89 85 89 85 91 82 91 82 89
38 30 40 30 40 34 38 34 38 30
19 93 24 93 24 97 19 97 19 93
81 66 84 66 84 70 81 70 81 66
20 68 23 68 23 72 20 72 20 68
44 19 46 19 46 24 44 24 44 19
10 88 13 88 13 91 10 91 10 88
3 47 6 47 6 51 3 51 3 47
71 78 74 78 74 80 71 80 71 78
92 80 95 80 95 82 92 82 92 80
52 6 57 6 57 11 52 11 52 6
58 29 62 29 62 32 58 32 58 29
81 26 84 26 84 30 81 30 81 26
33 63 35 63 35 68 33 68 33 63
29 63 32 63 32 66 29 66 29 63
59 65 64 65 64 67 59 67 59 65
38 60 40 60 40 63 38 63 38 60
61 49 66 49 66 51 61 51 61 49
92 84 96 84 96 89 92 89 92 84
33 18 36 18 36 21 33 21 33 18
2 26 4 26 4 31 2 31 2 26
41 91 43 91 43 93 41 93 41 91
48 48 53 48 53 51 48 51 48 48
95 72 98 72 98 76 95 76 95 72
7 8 11 8 11 11 7 11 7 8
65 5 70 5 70 8 65 8 65 5
94 64 97 64 97 69 94 69 94 64
85 92 90 92 90 94 85 94 85 92
29 67 31 67 31 69 29 69 29 67
20 24 23 24 23 29 20 29 20 24
43 50 47 50 47 54 43 54 43 50
5 2 7 2 7 7 5 7 5 2
92 23 97 23 97 26 92 26 92 23
39 78 44 78 44 80 39 80 39 78
50 75 53 75 53 77 50 77 50 75
61 56 63 56 63 59 61 59 61 56
93 9 97 9 97 12 93 12 93 9
3 93 8 93 8 96 3 96 3 93
27 58 30 58 30 60 27 60 27 58
56 85 58 85 58 89 56 89 56 85
41 7 44 7 44 10 41 10 41 7
29 46 32 46 32 50 29 50 29 46
39 12 42 12 42 14 39 14 39 12
33 83 38 83 38 86 33 86 33 83
19 12 21 12 21 16 19 16 19 12
47 33 50 33 50 36 47 36 47 33
86 88 90 88 90 90 86 90 86 88
40 56 42 56 42 59 40 59 40 56
59 6 62 6 62 9 59 9 59 6
95 51 98 51 98 53 95 53 95 51
78 35 81 35 81 37 78 37 78 35
21 5 24 5 24 7 21 7 21 5
71 16 73 16 73 21 71 21 71 16
86 74 90 74 90 76 86 76 86 74
3 13 8 13 8 15 3 15 3 13
13 22 16 22 16 24 13 24 13 22
54 95 59 95 59 98 54 98 54 95
83 46 87 46 87 49 83 49 83 46
86 66 88 66 88 70 86 70 86 66
25 62 28 62 28 65 25 65 25 62
69 63 74 63 74 66 69 66 69 63
61 96 64 96 64 98 61 98 61 96
8 4 12 4 12 6 8 6 8 4
88 32 91 32 91 36 88 36 88 32
23 37 25 37 25 39 23 39 23 37
78 77 83 77 83 79 78 79 78 77
2 18 7 18 7 23 2 23 2 18
57 60 60 60 60 64 57 64 57 60
45 60 47 60 47 63 45 63 45 60
52 52 57 52 57 54 52 54 52 52
25 74 28 74 28 77 25 77 25 74
82 12 84 12 84 15 82 15 82 12
62 36 64 36 64 39 62 39 62 36
30 18 32 18 32 23 30 23 30 18
