51 76 55 76 55 81 51 81 51 76
31 92 34 92 34 95 31 95 31 92
71 57 73 57 73 59 71 59 71 57
24 58 26 58 26 60 24 60 24 58
34 80 36 80 36 83 34 83 34 80
23 91 28 91 28 93 23 93 23 91
52 89 54 89 54 93 52 93 52 89
66 49 71 49 71 53 66 53 66 49
42 8 44 8 44 11 42 11 42 8
7 15 12 15 12 19 7 19 7 15
72 75 77 75 77 80 72 80 72 75
34 8 38 8 38 10 34 10 34 8
89 54 91 54 91 59 89 59 89 54
45 16 50 16 50 18 45 18 45 16
6 64 10 64 10 66 6 66 6 64
14 73 18 73 18 77 14 77 14 73
82 9 87 9 87 13 82 13 82 9
24 21 29 21 29 25 24 25 24 21
75 12 79 12 79 17 75 17 75 12
66 91 68 91 68 96 66 96 66 91
8 83 10 83 10 85 8 85 8 83
47 10 51 10 51 15 47 15 47 10
84 57 88 57 88 59 84 59 84 57
2 27 7 27 7 32 2 32 2 27
94 84 98 84 98 87 94 87 94 84
20 12 23 12 23 16 20 16 20 12
88 21 92 21 92 24 88 24 88 21
2 4 4 4 4 7 2 7 2 4
31 37 34 37 34 39 31 39 31 37
21 33 23 33 23 38 21 38 21 33
63 30 68 30 68 35 63 35 63 30
43 56 46 56 46 58 43 58 43 56
86 86 91 86 91 88 86 88 86 86
66 78 71 78 71 80 66 80 66 78
16 19 19 19 19 21 16 21 16 19
53 19 55 19 55 23 53 23 53 19
49 37 54 37 54 39 49 39 49 37
93 12 96 12 96 15 93 15 93 12
68 14 72 14 72 18 68 18 68 14
46 61 48 61 48 63 46 63 46 61
40 34 44 34 44 36 40 36 40 34
52 50 54 50 54 52 52 52 52 50
35 27 37 27 37 29 35 29 35 27
42 84 45 84 45 88 42 88 42 84
51 71 56 71 56 74 51 74 51 71
5 37 9 37 9 40 5 40 5 37
70 43 72 43 72 47 70 47 70 43
93 89 98 89 98 92 93 92 93 89
12 21 15 21 15 25 12 25 12 21
62 12 65 12 65 15 62 15 62 12
3 85 7 85 7 88 3 88 3 85
11 96 16 96 16 98 11 98 11 96
77 30 82 30 82 32 77 32 77 30
70 8 75 8 75 11 70 11 70 8
4 51 7 51 7 55 4 55 4 51
39 69 41 69 41 74 39 74 39 69
67 43 69 43 69 47 67 47 67 43
34 43 37 43 37 46 34 46 34 43
85 4 89 4 89 7 85 7 85 4
16 60 21 60 21 62 16 62 16 60
55 13 59 13 59 18 55 18 55 13
91 28 93 28 93 33 91 33 91 28
29 49 31 49 31 54 29 54 29 49
88 75 90 75 90 79 88 79 88 75
64 36 69 36 69 40 64 40 64 36
31 31 36 31 36 36 31 36 31 31
45 72 48 72 48 76 45 76 45 72
91 46 96 46 96 49 91 49 91 46
49 67 52 67 52 70 49 70 49 67
46 23 49 23 49 25 46 25 46 23
12 34 14 34 14 37 12 37 12 34
48 27 53 27 53 31 48 31 48 27
9 91 13 91 13 94 9 94 9 91
14 44 19 44 19 46 14 46 14 44
20 84 23 84 23 87 20 87 20 84
94 75 96 75 96 80 94 80 94 75
90 35 95 35 95 39 90 39 90 35
10 46 12 46 12 51 10 51 10 46
66 5 68 5 68 10 66 10 66 5
80 33 84 33 84 37 80 37 80 33
21 66 23 66 23 69 21 69 21 66
43 91 45 91 45 94 43 94 43 91
41 79 45 79 45 82 41 82 41 79
21 74 25 74 25 77 21 77 21 74
61 17 65 17 65 19 61 19 61 17
92 5 97 5 97 9 92 9 92 5
84 60 87 60 87 65 84 65 84 60
78 91 83 91 83 93 78 93 78 91
7 41 12 41 12 45 7 45 7 41
63 59 67 59 67 62 63 62 63 59
59 87 61 87 61 92 59 92 59 87
75 61 78 61 78 63 75 63 75 61
92 52 94 52 94 54 92 54 92 52
77 66 80 66 80 71 77 71 77 66
25 31 29 31 29 36 25 36 25 31
25 39 28 39 28 44 25 44 25 39
57 27 59 27 59 31 57 31 57 27
15 49 20 49 20 51 15 51 15 49
15 30 18 30 18 35 15 35 15 30
79 3 84 3 84 5 79 5 79 3
41 46 44 46 44 51 41 51 41 46
59 46 63 46 63 50 59 50 59 46
14 54 16 54 16 56 14 56 14 54
57 79 61 79 61 82 57 82 57 79
15 80 20 80 20 83 15 83 15 80
89 95 91 95 91 98 89 98 89 95
38 17 41 17 41 19 38 19 38 17
71 69 73 69 73 73 71 73 71 69
27 16 29 16 29 18 27 18 27 16
81 67 85 67 85 71 81 71 81 67
62 7 65 7 65 11 62 11 62 7
82 14 84 14 84 17 82 17 82 14
30 57 35 57 35 60 30 60 30 57
64 21 67 21 67 24 64 24 64 21
28 9 31 9 31 13 28 13 28 9
22 47 26 47 26 52 22 52 22 47
4 23 9 23 9 26 4 26 4 23
27 64 31 64 31 68 27 68 27 64
32 49 36 49 36 51 32 51 32 49
84 45 87 45 87 47 84 47 84 45
44 52 48 52 48 55 44 55 44 52
58 55 62 55 62 60 58 60 58 55
4 46 6 46 6 49 4 49 4 46
31 76 33 76 33 79 31 79 31 76
23 80 28 80 28 83 23 83 23 80
62 66 65 66 65 71 62 71 62 66
73 45 75 45 75 47 73 47 73 45
19 56 21 56 21 58 19 58 19 56
35 14 37 14 37 17 35 17 35 14
81 19 85 19 85 24 81 24 81 19
48 3 51 3 51 5 48 5 48 3
46 83 49 83 49 88 46 88 46 83
96 16 98 16 98 18 96 18 96 16
77 6 79 6 79 9 77 9 77 6
90 71 95 71 95 74 90 74 90 71
55 37 59 37 59 41 55 41 55 37
54 94 57 94 57 98 54 98 54 94
82 41 85 41 85 43 82 43 82 41
48 94 50 94 50 96 48 96 48 94
38 20 40 20 40 23 38 23 38 20
65 84 69 84 69 87 65 87 65 84
11 7 15 7 15 11 11 11 11 7
38 91 42 91 42 94 38 94 38 91
4 11 7 11 7 14 4 14 4 11
73 34 77 34 77 37 73 37 73 34
92 61 97 61 97 64 92 64 92 61
80 52 84 52 84 54 80 54 80 52
38 28 40 28 40 31 38 31 38 28
35 3 39 3 39 7 35 7 35 3
12 60 15 60 15 63 12 63 12 60
39 65 43 65 43 68 39 68 39 65
76 57 78 57 78 59 76 59 76 57
84 30 89 30 89 32 84 32 84 30
29 26 34 26 34 29 29 29 29 26
41 22 45 22 45 24 41 24 41 22
80 78 84 78 84 80 80 80 80 78
8 76 11 76 11 81 8 81 8 76
3 94 7 94 7 98 3 98 3 94
62 96 65 96 65 98 62 98 62 96
32 68 35 68 35 73 32 73 32 68
74 52 79 52 79 54 74 54 74 52
9 30 14 30 14 32 9 32 9 30
33 62 37 62 37 64 33 64 33 62
66 69 69 69 69 71 66 71 66 69
86 94 88 94 88 96 86 96 86 94
88 49 90 49 90 51 88 51 88 49
56 63 58 63 58 67 56 67 56 63
82 27 86 27 86 29 82 29 82 27
93 96 95 96 95 98 93 98 93 96
44 66 47 66 47 70 44 70 44 66
19 5 22 5 22 7 19 7 19 5
5 7 7 7 7 10 5 10 5 7
51 43 55 43 55 46 51 46 51 43
6 68 10 68 10 72 6 72 6 68
59 8 61 8 61 10 59 10 59 8
2 18 4 18 4 20 2 20 2 18
13 85 17 85 17 89 13 89 13 85
86 82 90 82 90 84 86 84 86 82
51 54 55 54 55 58 51 58 51 54
94 20 97 20 97 25 94 25 94 20
70 22 75 22 75 25 70 25 70 22
30 84 33 84 33 87 30 87 30 84
71 91 73 91 73 95 71 95 71 91
32 11 37 11 37 13 32 13 32 11
43 31 46 31 46 33 43 33 43 31
59 74 61 74 61 78 59 78 59 74
77 38 81 38 81 40 77 40 77 38
43 5 45 5 45 7 43 7 43 5
39 57 41 57 41 59 39 59 39 57
24 53 28 53 28 57 24 57 24 53
2 63 5 63 5 67 2 67 2 63
17 36 19 36 19 41 17 41 17 36
38 48 40 48 40 51 38 51 38 48
65 74 69 74 69 76 65 76 65 74
69 26 73 26 73 30 69 30 69 26
75 83 79 83 79 87 75 87 75 83
34 76 38 76 38 78 34 78 34 76
23 61 27 61 27 63 23 63 23 61
45 44 50 44 50 49 45 49 45 44
67 66 72 66 72 68 67 68 67 66
