18 10 20 10 20 15 18 15 18 10
55 7 57 7 57 11 55 11 55 7
3 78 6 78 6 82 3 82 3 78
25 70 30 70 30 73 25 73 25 70
41 8 44 8 44 10 41 10 41 8
14 73 17 73 17 76 14 76 14 73
84 17 87 17 87 20 84 20 84 17
24 13 27 13 27 16 24 16 24 13
92 92 94 92 94 97 92 97 92 92
62 5 64 5 64 7 62 7 62 5
14 19 16 19 16 22 14 22 14 19
79 67 81 67 81 72 79 72 79 67
38 89 42 89 42 92 38 92 38 89
62 68 65 68 65 73 62 73 62 68
86 27 88 27 88 32 86 32 86 27
41 26 44 26 44 29 41 29 41 26
20 58 23 58 23 63 20 63 20 58
78 29 82 29 82 32 78 32 78 29
14 89 19 89 19 94 14 94 14 89
57 72 60 72 60 74 57 74 57 72
10 28 13 28 13 31 10 31 10 28
74 72 77 72 77 75 74 75 74 72
45 54 48 54 48 59 45 59 45 54
64 30 66 30 66 35 64 35 64 30
25 65 28 65 28 69 25 69 25 65
20 32 24 32 24 35 20 35 20 32
44 71 49 71 49 73 44 73 44 71
17 37 22 37 22 41 17 41 17 37
68 60 73 60 73 65 68 65 68 60
26 43 28 43 28 46 26 46 26 43
39 96 43 96 43 98 39 98 39 96
29 49 33 49 33 52 29 52 29 49
61 89 64 89 64 91 61 91 61 89
6 39 10 39 10 43 6 43 6 39
95 48 98 48 98 53 95 53 95 48
67 54 70 54 70 59 67 59 67 54
44 2 49 2 49 6 44 6 44 2
71 38 76 38 76 42 71 42 71 38
77 22 82 22 82 26 77 26 77 22
60 22 63 22 63 24 60 24 60 22
20 50 22 50 22 54 20 54 20 50
56 40 58 40 58 42 56 42 56 40
94 9 97 9 97 13 94 13 94 9
28 14 33 14 33 16 28 16 28 14
36 20 40 20 40 23 36 23 36 20
70 94 74 94 74 98 70 98 70 94
38 14 43 14 43 18 38 18 38 14
55 80 59 80 59 82 55 82 55 80
90 69 92 69 92 74 90 74 90 69
91 25 95 25 95 30 91 30 91 25
27 79 32 79 32 83 27 83 27 79
74 29 76 29 76 33 74 33 74 29
44 34 49 34 49 36 44 36 44 34
15 23 17 23 17 26 15 26 15 23
93 38 98 38 98 40 93 40 93 38
64 93 69 93 69 96 64 96 64 93
34 3 38 3 38 8 34 8 34 3
82 55 86 55 86 59 82 59 82 55
62 76 67 76 67 79 62 79 62 76
32 26 34 26 34 29 32 29 32 26
18 21 20 21 20 25 18 25 18 21
45 89 48 89 48 94 45 94 45 89
4 68 7 68 7 72 4 72 4 68
11 64 16 64 16 67 11 67 11 64
65 18 70 18 70 22 65 22 65 18
61 53 66 53 66 58 61 58 61 53
75 54 79 54 79 59 75 59 75 54
8 9 12 9 12 14 8 14 8 9
49 43 52 43 52 47 49 47 49 43
39 82 42 82 42 87 39 87 39 82
91 81 96 81 96 83 91 83 91 81
61 29 63 29 63 33 61 33 61 29
20 67 24 67 24 69 20 69 20 67
51 93 56 93 56 98 51 98 51 93
75 78 79 78 79 81 75 81 75 78
59 40 61 40 61 44 59 44 59 40
45 48 49 48 49 53 45 53 45 48
59 48 61 48 61 51 59 51 59 48
35 54 39 54 39 58 35 58 35 54
55 50 57 50 57 53 55 53 55 50
62 62 66 62 66 66 62 66 62 62
46 66 50 66 50 69 46 69 46 66
93 58 96 58 96 60 93 60 93 58
9 49 13 49 13 53 9 53 9 49
44 42 46 42 46 47 44 47 44 42
12 77 16 77 16 82 12 82 12 77
55 56 57 56 57 60 55 60 55 56
56 33 58 33 58 38 56 38 56 33
28 37 31 37 31 42 28 42 28 37
38 75 42 75 42 78 38 78 38 75
16 55 19 55 19 57 16 57 16 55
34 64 36 64 36 67 34 67 34 64
15 31 19 31 19 34 15 34 15 31
64 44 69 44 69 49 64 49 64 44
81 62 86 62 86 65 81 65 81 62
29 31 33 31 33 34 29 34 29 31
6 63 10 63 10 66 6 66 6 63
23 20 26 20 26 24 23 24 23 20
75 67 77 67 77 71 75 71 75 67
83 92 85 92 85 94 83 94 83 92
47 14 52 14 52 19 47 19 47 14
18 17 22 17 22 20 18 20 18 17
82 43 87 43 87 47 82 47 82 43
39 50 43 50 43 52 39 52 39 50
88 65 91 65 91 68 88 68 88 65
2 73 7 73 7 76 2 76 2 73
12 40 14 40 14 45 12 45 12 40
71 79 74 79 74 83 71 83 71 79
49 22 53 22 53 25 49 25 49 22
51 34 54 34 54 38 51 38 51 34
51 66 53 66 53 70 51 70 51 66
89 85 92 85 92 87 89 87 89 85
86 80 89 80 89 82 86 82 86 80
46 75 49 75 49 78 46 78 46 75
54 12 57 12 57 17 54 17 54 12
45 20 48 20 48 23 45 23 45 20
29 24 31 24 31 27 29 27 29 24
34 76 37 76 37 79 34 79 34 76
7 94 11 94 11 98 7 98 7 94
64 12 69 12 69 17 64 17 64 12
37 40 40 40 40 42 37 42 37 40
54 84 56 84 56 86 54 86 54 84
80 92 82 92 82 97 80 97 80 92
6 83 9 83 9 86 6 86 6 83
68 23 73 23 73 28 68 28 68 23
66 6 71 6 71 11 66 11 66 6
26 53 31 53 31 55 26 55 26 53
76 5 80 5 80 10 76 10 76 5
77 16 80 16 80 21 77 21 77 16
63 37 65 37 65 42 63 42 63 37
83 72 86 72 86 75 83 75 83 72
19 43 22 43 22 45 19 45 19 43
66 69 70 69 70 74 66 74 66 69
85 48 90 48 90 50 85 50 85 48
88 5 91 5 91 8 88 8 88 5
84 33 88 33 88 35 84 35 84 33
38 60 43 60 43 62 38 62 38 60
6 5 11 5 11 8 6 8 6 5
20 93 23 93 23 96 20 96 20 93
3 17 6 17 6 21 3 21 3 17
2 48 7 48 7 52 2 52 2 48
82 76 84 76 84 81 82 81 82 76
95 19 98 19 98 23 95 23 95 19
93 4 98 4 98 8 93 8 93 4
20 70 22 70 22 74 20 74 20 70
79 85 82 85 82 87 79 87 79 85
8 68 13 68 13 72 8 72 8 68
83 51 87 51 87 53 83 53 83 51
25 91 27 91 27 95 25 95 25 91
2 53 4 53 4 57 2 57 2 53
92 19 94 19 94 22 92 22 92 19
11 15 13 15 13 18 11 18 11 15
50 26 55 26 55 28 50 28 50 26
35 72 40 72 40 74 35 74 35 72
51 89 53 89 53 91 51 91 51 89
79 43 81 43 81 45 79 45 79 43
62 84 67 84 67 87 62 87 62 84
19 83 24 83 24 85 19 85 19 83
68 33 72 33 72 37 68 37 68 33
13 37 16 37 16 39 13 39 13 37
61 34 63 34 63 36 61 36 61 34
30 4 33 4 33 6 30 6 30 4
85 87 88 87 88 90 85 90 85 87
90 41 94 41 94 44 90 44 90 41
88 96 91 96 91 98 88 98 88 96
88 13 92 13 92 18 88 18 88 13
32 10 34 10 34 12 32 12 32 10
84 7 86 7 86 10 84 10 84 7
36 25 39 25 39 27 36 27 36 25
56 62 58 62 58 64 56 64 56 62
2 30 4 30 4 32 2 32 2 30
52 4 54 4 54 9 52 9 52 4
4 90 6 90 6 92 4 92 4 90
25 8 30 8 30 12 25 12 25 8
82 88 84 88 84 90 82 90 82 88
84 83 87 83 87 86 84 86 84 83
6 29 8 29 8 33 6 33 6 29
45 27 48 27 48 32 45 32 45 27
73 11 76 11 76 14 73 14 73 11
22 89 24 89 24 92 22 92 22 89
3 35 8 35 8 38 3 38 3 35
10 57 12 57 12 62 10 62 10 57
9 87 11 87 11 89 9 89 9 87
88 56 91 56 91 61 88 61 88 56
5 56 9 56 9 59 5 59 5 56
40 64 45 64 45 68 40 68 40 64
49 11 53 11 53 13 49 13 49 11
72 85 74 85 74 88 72 88 72 85
44 14 46 14 46 17 44 17 44 14
90 53 93 53 93 55 90 55 90 53
69 85 71 85 71 87 69 87 69 85
44 81 48 81 48 83 44 83 44 81
58 93 61 93 61 95 58 95 58 93
59 11 62 11 62 13 59 13 59 11
31 43 36 43 36 48 31 48 31 43
36 31 38 31 38 36 36 36 36 31
31 71 34 71 34 74 31 74 31 71
13 57 15 57 15 61 13 61 13 57
47 37 49 37 49 39 47 39 47 37
14 27 18 27 18 29 14 29 14 27
