3 66 6 66 6 70 3 70 3 66
20 51 23 51 23 53 20 53 20 51
37 76 41 76 41 81 37 81 37 76
88 54 90 54 90 59 88 59 88 54
23 84 28 84 28 88 23 88 23 84
27 4 30 4 30 9 27 9 27 4
69 81 71 81 71 83 69 83 69 81
23 28 26 28 26 31 23 31 23 28
79 52 81 52 81 57 79 57 79 52
28 57 30 57 30 62 28 62 28 57
11 62 14 62 14 64 11 64 11 62
47 72 51 72 51 74 47 74 47 72
78 23 82 23 82 27 78 27 78 23
51 86 54 86 54 89 51 89 51 86
38 24 42 24 42 27 38 27 38 24
89 6 92 6 92 9 89 9 89 6
79 44 83 44 83 46 79 46 79 44
41 13 43 13 43 15 41 15 41 13
37 54 39 54 39 59 37 59 37 54
78 32 81 32 81 34 78 34 78 32
19 72 23 72 23 76 19 76 19 72
36 10 39 10 39 14 36 14 36 10
11 89 16 89 16 92 11 92 11 89
22 65 25 65 25 67 22 67 22 65
90 25 93 25 93 27 90 27 90 25
35 85 39 85 39 89 35 89 35 85
87 14 90 14 90 17 87 17 87 14
88 2 92 2 92 4 88 4 88 2
58 27 62 27 62 32 58 32 58 27
17 40 20 40 20 44 17 44 17 40
5 78 8 78 8 83 5 83 5 78
59 81 63 81 63 86 59 86 59 81
7 88 10 88 10 93 7 93 7 88
73 30 77 30 77 35 73 35 73 30
45 44 48 44 48 49 45 49 45 44
46 14 48 14 48 16 46 16 46 14
41 6 45 6 45 11 41 11 41 6
47 34 51 34 51 39 47 39 47 34
13 79 17 79 17 84 13 84 13 79
61 72 65 72 65 74 61 74 61 72
4 19 7 19 7 21 4 21 4 19
25 79 29 79 29 81 25 81 25 79
14 2 17 2 17 5 14 5 14 2
94 25 98 25 98 27 94 27 94 25
65 86 70 86 70 89 65 89 65 86
66 30 71 30 71 34 66 34 66 30
32 90 34 90 34 92 32 92 32 90
12 11 14 11 14 15 12 15 12 11
36 70 40 70 40 74 36 74 36 70
94 53 97 53 97 55 94 55 94 53
40 55 42 55 42 57 40 57 40 55
53 22 58 22 58 24 53 24 53 22
12 33 15 33 15 35 12 35 12 33
44 59 49 59 49 62 44 62 44 59
49 63 54 63 54 66 49 66 49 63
19 56 21 56 21 58 19 58 19 56
46 3 48 3 48 8 46 8 46 3
27 46 32 46 32 50 27 50 27 46
26 40 30 40 30 43 26 43 26 40
36 90 41 90 41 95 36 95 36 90
53 27 57 27 57 32 53 32 53 27
84 83 87 83 87 88 84 88 84 83
28 20 33 20 33 25 28 25 28 20
17 25 19 25 19 29 17 29 17 25
9 55 14 55 14 58 9 58 9 55
7 6 9 6 9 10 7 10 7 6
68 41 73 41 73 44 68 44 68 41
93 62 96 62 96 64 93 64 93 62
90 80 95 80 95 84 90 84 90 80
36 4 40 4 40 9 36 9 36 4
44 64 48 64 48 69 44 69 44 64
95 38 98 38 98 41 95 41 95 38
2 53 7 53 7 55 2 55 2 53
66 76 71 76 71 78 66 78 66 76
8 27 10 27 10 32 8 32 8 27
65 19 69 19 69 23 65 23 65 19
73 71 75 71 75 75 73 75 73 71
61 54 65 54 65 59 61 59 61 54
43 23 46 23 46 26 43 26 43 23
25 34 28 34 28 39 25 39 25 34
79 91 83 91 83 96 79 96 79 91
12 38 16 38 16 43 12 43 12 38
48 50 53 50 53 54 48 54 48 50
74 2 79 2 79 7 74 7 74 2
77 39 80 39 80 43 77 43 77 39
27 74 30 74 30 78 27 78 27 74
73 87 77 87 77 90 73 90 73 87
69 92 71 92 71 96 69 96 69 92
46 85 49 85 49 89 46 89 46 85
34 42 38 42 38 45 34 45 34 42
17 6 22 6 22 11 17 11 17 6
91 69 95 69 95 74 91 74 91 69
61 39 63 39 63 43 61 43 61 39
66 58 70 58 70 60 66 60 66 58
33 28 36 28 36 33 33 33 33 28
46 93 48 93 48 95 46 95 46 93
23 8 26 8 26 11 23 11 23 8
29 85 33 85 33 87 29 87 29 85
31 74 34 74 34 76 31 76 31 74
6 34 8 34 8 38 6 38 6 34
80 9 82 9 82 11 80 11 80 9
17 36 21 36 21 39 17 39 17 36
37 35 41 35 41 38 37 38 37 35
17 52 19 52 19 55 17 55 17 52
54 33 58 33 58 37 54 37 54 33
63 7 68 7 68 9 63 9 63 7
43 76 45 76 45 80 43 80 43 76
83 73 85 73 85 78 83 78 83 73
83 17 85 17 85 19 83 19 83 17
59 62 61 62 61 65 59 65 59 62
75 81 77 81 77 83 75 83 75 81
57 6 60 6 60 8 57 8 57 6
54 54 56 54 56 56 54 56 54 54
39 31 42 31 42 33 39 33 39 31
55 38 60 38 60 43 55 43 55 38
2 14 5 14 5 17 2 17 2 14
6 44 9 44 9 46 6 46 6 44
79 35 82 35 82 38 79 38 79 35
73 22 75 22 75 24 73 24 73 22
58 88 63 88 63 93 58 93 58 88
25 68 30 68 30 71 25 71 25 68
91 16 95 16 95 19 91 19 91 16
56 11 58 11 58 16 56 16 56 11
34 65 39 65 39 68 34 68 34 65
10 69 14 69 14 73 10 73 10 69
55 77 59 77 59 79 55 79 55 77
19 21 21 21 21 23 19 23 19 21
52 67 54 67 54 70 52 70 52 67
45 17 48 17 48 21 45 21 45 17
31 63 33 63 33 67 31 67 31 63
84 35 88 35 88 40 84 40 84 35
93 4 96 4 96 7 93 7 93 4
69 36 72 36 72 39 69 39 69 36
34 79 36 79 36 83 34 83 34 79
27 91 30 91 30 96 27 96 27 91
79 75 82 75 82 80 79 80 79 75
76 67 79 67 79 70 76 70 76 67
64 35 67 35 67 39 64 39 64 35
73 93 77 93 77 96 73 96 73 93
7 12 11 12 11 15 7 15 7 12
78 58 80 58 80 60 78 60 78 58
55 2 59 2 59 4 55 4 55 2
84 92 89 92 89 94 84 94 84 92
70 66 72 66 72 70 70 70 70 66
63 47 65 47 65 51 63 51 63 47
84 41 88 41 88 44 84 44 84 41
94 96 98 96 98 98 94 98 94 96
83 48 85 48 85 53 83 53 83 48
81 65 85 65 85 68 81 68 81 65
13 45 15 45 15 50 13 50 13 45
4 22 8 22 8 24 4 24 4 22
88 74 90 74 90 78 88 78 88 74
49 41 54 41 54 43 49 43 49 41
64 90 66 90 66 95 64 95 64 90
31 69 35 69 35 71 31 71 31 69
41 41 43 41 43 46 41 46 41 41
76 71 78 71 78 73 76 73 76 71
74 50 78 50 78 55 74 55 74 50
27 52 31 52 31 56 27 56 27 52
83 3 86 3 86 6 83 6 83 3
34 61 39 61 39 63 34 63 34 61
4 61 8 61 8 63 4 63 4 61
83 21 85 21 85 25 83 25 83 21
64 41 67 41 67 45 64 45 64 41
21 77 23 77 23 80 21 80 21 77
57 45 59 45 59 48 57 48 57 45
62 62 66 62 66 67 62 67 62 62
54 59 57 59 57 61 54 61 54 59
59 22 63 22 63 24 59 24 59 22
17 61 20 61 20 64 17 64 17 61
15 57 18 57 18 60 15 60 15 57
61 16 64 16 64 19 61 19 61 16
2 36 4 36 4 39 2 39 2 36
32 15 36 15 36 18 32 18 32 15
22 18 24 18 24 21 22 21 22 18
67 48 71 48 71 52 67 52 67 48
52 91 56 91 56 96 52 96 52 91
82 61 84 61 84 63 82 63 82 61
54 19 58 19 58 21 54 21 54 19
72 77 75 77 75 80 72 80 72 77
89 86 93 86 93 91 89 91 89 86
56 64 58 64 58 66 56 66 56 64
13 26 16 26 16 31 13 31 13 26
86 32 91 32 91 34 86 34 86 32
66 80 68 80 68 84 66 84 66 80
73 64 78 64 78 66 73 66 73 64
37 17 41 17 41 21 37 21 37 17
69 9 73 9 73 13 69 13 69 9
47 9 51 9 51 11 47 11 47 9
28 10 33 10 33 14 28 14 28 10
58 53 60 53 60 57 58 57 58 53
90 92 93 92 93 96 90 96 90 92
79 85 81 85 81 87 79 87 79 85
93 44 95 44 95 48 93 48 93 44
16 74 18 74 18 77 16 77 16 74
66 25 68 25 68 29 66 29 66 25
58 71 60 71 60 74 58 74 58 71
20 91 22 91 22 93 20 93 20 91
87 63 91 63 91 65 87 65 87 63
23 45 26 45 26 47 23 47 23 45
