32 87 37 87 37 90 32 90 32 87
60 66 63 66 63 69 60 69 60 66
81 32 85 32 85 35 81 35 81 32
23 84 25 84 25 86 23 86 23 84
7 16 11 16 11 20 7 20 7 16
89 15 94 15 94 18 89 18 89 15
2 61 5 61 5 63 2 63 2 61
48 63 50 63 50 65 48 65 48 63
29 56 31 56 31 60 29 60 29 56
7 82 9 82 9 85 7 85 7 82
64 53 69 53 69 56 64 56 64 53
9 88 14 88 14 90 9 90 9 88
87 85 92 85 92 88 87 88 87 85
8 3 10 3 10 5 8 5 8 3
15 51 20 51 20 53 15 53 15 51
52 48 54 48 54 50 52 50 52 48
2 53 4 53 4 55 2 55 2 53
41 16 44 16 44 18 41 18 41 16
48 19 51 19 51 22 48 22 48 19
52 56 56 56 56 58 52 58 52 56
56 92 60 92 60 97 56 97 56 92
44 92 49 92 49 96 44 96 44 92
40 82 43 82 43 84 40 84 40 82
35 24 40 24 40 28 35 28 35 24
41 64 44 64 44 66 41 66 41 64
36 11 41 11 41 15 36 15 36 11
4 37 7 37 7 41 4 41 4 37
29 28 33 28 33 31 29 31 29 28
11 59 14 59 14 61 11 61 11 59
84 67 87 67 87 69 84 69 84 67
2 91 5 91 5 96 2 96 2 91
60 85 63 85 63 90 60 90 60 85
52 5 57 5 57 9 52 9 52 5
33 39 38 39 38 42 33 42 33 39
62 25 66 25 66 29 62 29 62 25
16 43 18 43 18 45 16 45 16 43
85 24 88 24 88 29 85 29 85 24
9 73 13 73 13 78 9 78 9 73
79 62 81 62 81 65 79 65 79 62
2 73 6 73 6 78 2 78 2 73
2 32 7 32 7 35 2 35 2 32
67 63 72 63 72 66 67 66 67 63
47 83 50 83 50 87 47 87 47 83
7 45 9 45 9 50 7 50 7 45
19 70 24 70 24 75 19 75 19 70
60 51 63 51 63 54 60 54 60 51
15 76 19 76 19 79 15 79 15 76
59 79 63 79 63 84 59 84 59 79
25 74 28 74 28 79 25 79 25 74
91 54 96 54 96 56 91 56 91 54
58 11 60 11 60 16 58 16 58 11
59 32 64 32 64 35 59 35 59 32
8 54 12 54 12 57 8 57 8 54
33 33 37 33 37 36 33 36 33 33
84 46 89 46 89 49 84 49 84 46
56 59 61 59 61 64 56 64 56 59
67 67 70 67 70 72 67 72 67 67
79 40 81 40 81 45 79 45 79 40
74 12 79 12 79 16 74 16 74 12
32 74 34 74 34 77 32 77 32 74
19 61 24 61 24 65 19 65 19 61
28 61 31 61 31 63 28 63 28 61
26 51 30 51 30 53 26 53 26 51
21 50 23 50 23 54 21 54 21 50
68 5 71 5 71 9 68 9 68 5
96 66 98 66 98 69 96 69 96 66
12 16 17 16 17 20 12 20 12 16
22 29 25 29 25 31 22 31 22 29
39 93 43 93 43 95 39 95 39 93
45 75 48 75 48 77 45 77 45 75
41 27 45 27 45 31 41 31 41 27
53 67 58 67 58 71 53 71 53 67
91 61 94 61 94 65 91 65 91 61
90 29 95 29 95 32 90 32 90 29
33 61 36 61 36 66 33 66 33 61
49 57 51 57 51 59 49 59 49 57
24 93 29 93 29 98 24 98 24 93
14 81 18 81 18 83 14 83 14 81
54 74 56 74 56 76 54 76 54 74
20 4 22 4 22 7 20 7 20 4
42 3 47 3 47 5 42 5 42 3
25 33 29 33 29 38 25 38 25 33
48 40 53 40 53 45 48 45 48 40
66 92 71 92 71 95 66 95 66 92
19 89 22 89 22 94 19 94 19 89
63 21 65 21 65 24 63 24 63 21
61 11 64 11 64 16 61 16 61 11
4 24 6 24 6 26 4 26 4 24
93 82 98 82 98 84 93 84 93 82
30 78 33 78 33 82 30 82 30 78
64 76 69 76 69 80 64 80 64 76
65 43 68 43 68 46 65 46 65 43
67 30 71 30 71 34 67 34 67 30
11 2 14 2 14 6 11 6 11 2
81 22 84 22 84 26 81 26 81 22
70 57 73 57 73 62 70 62 70 57
12 33 17 33 17 37 12 37 12 33
64 4 67 4 67 6 64 6 64 4
26 81 29 81 29 86 26 86 26 81
76 82 81 82 81 84 76 84 76 82
55 48 58 48 58 52 55 52 55 48
11 25 15 25 15 27 11 27 11 25
74 32 79 32 79 35 74 35 74 32
61 17 63 17 63 19 61 19 61 17
7 28 9 28 9 31 7 31 7 28
30 40 32 40 32 45 30 45 30 40
72 5 77 5 77 9 72 9 72 5
53 96 55 96 55 98 53 98 53 96
45 67 47 67 47 72 45 72 45 67
71 37 76 37 76 40 71 40 71 37
85 75 88 75 88 78 85 78 85 75
77 89 80 89 80 93 77 93 77 89
36 52 38 52 38 56 36 56 36 52
48 10 50 10 50 13 48 13 48 10
15 11 17 11 17 14 15 14 15 11
42 88 47 88 47 90 42 90 42 88
35 16 38 16 38 21 35 21 35 16
73 69 77 69 77 73 73 73 73 69
81 14 83 14 83 18 81 18 81 14
23 4 26 4 26 6 23 6 23 4
93 51 95 51 95 53 93 53 93 51
23 18 25 18 25 22 23 22 23 18
70 84 72 84 72 87 70 87 70 84
50 37 54 37 54 39 50 39 50 37
6 61 10 61 10 63 6 63 6 61
52 61 55 61 55 65 52 65 52 61
90 77 95 77 95 79 90 79 90 77
93 94 97 94 97 96 93 96 93 94
96 26 98 26 98 28 96 28 96 26
38 58 43 58 43 62 38 62 38 58
8 64 10 64 10 66 8 66 8 64
23 88 26 88 26 91 23 91 23 88
72 19 74 19 74 23 72 23 72 19
29 15 32 15 32 19 29 19 29 15
79 6 83 6 83 9 79 9 79 6
82 91 85 91 85 94 82 94 82 91
47 28 49 28 49 32 47 32 47 28
89 21 91 21 91 25 89 25 89 21
7 79 9 79 9 81 7 81 7 79
16 70 18 70 18 72 16 72 16 70
44 19 47 19 47 24 44 24 44 19
19 82 22 82 22 85 19 85 19 82
41 49 44 49 44 52 41 52 41 49
66 14 68 14 68 19 66 19 66 14
82 39 87 39 87 42 82 42 82 39
16 8 18 8 18 10 16 10 16 8
29 21 33 21 33 23 29 23 29 21
86 4 88 4 88 8 86 8 86 4
89 33 93 33 93 38 89 38 89 33
6 9 8 9 8 12 6 12 6 9
44 33 47 33 47 38 44 38 44 33
74 74 79 74 79 78 74 78 74 74
74 64 77 64 77 68 74 68 74 64
54 43 57 43 57 45 54 45 54 43
75 17 79 17 79 19 75 19 75 17
18 20 20 20 20 25 18 25 18 20
62 38 66 38 66 40 62 40 62 38
69 13 73 13 73 17 69 17 69 13
64 87 69 87 69 91 64 91 64 87
78 58 80 58 80 60 78 60 78 58
21 78 24 78 24 81 21 81 21 78
4 79 6 79 6 81 4 81 4 79
11 21 14 21 14 23 11 23 11 21
92 45 97 45 97 47 92 47 92 45
80 52 83 52 83 57 80 57 80 52
51 83 55 83 55 86 51 86 51 83
29 10 31 10 31 12 29 12 29 10
29 88 31 88 31 91 29 91 29 88
55 17 60 17 60 21 55 21 55 17
31 47 33 47 33 52 31 52 31 47
72 27 76 27 76 30 72 30 72 27
81 96 83 96 83 98 81 98 81 96
20 41 24 41 24 46 20 46 20 41
17 26 19 26 19 28 17 28 17 26
23 12 27 12 27 16 23 16 23 12
35 2 40 2 40 7 35 7 35 2
96 76 98 76 98 78 96 78 96 76
85 43 88 43 88 45 85 45 85 43
44 46 47 46 47 48 44 48 44 46
58 42 63 42 63 45 58 45 58 42
83 58 86 58 86 60 83 60 83 58
29 2 32 2 32 7 29 7 29 2
37 79 40 79 40 81 37 81 37 79
17 38 19 38 19 42 17 42 17 38
89 12 92 12 92 14 89 14 89 12
67 25 71 25 71 27 67 27 67 25
78 27 81 27 81 31 78 31 78 27
55 25 58 25 58 30 55 30 55 25
53 31 55 31 55 35 53 35 53 31
38 68 40 68 40 70 38 70 38 68
70 48 75 48 75 53 70 53 70 48
25 42 28 42 28 45 25 45 25 42
2 11 5 11 5 13 2 13 2 11
11 40 13 40 13 44 11 44 11 40
12 47 16 47 16 50 12 50 12 47
86 93 88 93 88 98 86 98 86 93
25 67 30 67 30 72 25 72 25 67
18 55 23 55 23 58 18 58 18 55
47 53 50 53 50 55 47 55 47 53
47 79 52 79 52 82 47 82 47 79
