43 44 46 44 46 48 43 48 43 44
51 62 54 62 54 67 51 67 51 62
70 6 75 6 75 8 70 8 70 6
37 68 42 68 42 72 37 72 37 68
7 27 9 27 9 30 7 30 7 27
52 34 56 34 56 39 52 39 52 34
89 6 92 6 92 10 89 10 89 6
73 48 77 48 77 52 73 52 73 48
80 8 82 8 82 11 80 11 80 8
78 85 82 85 82 89 78 89 78 85
92 28 95 28 95 30 92 30 92 28
64 75 68 75 68 78 64 78 64 75
42 76 44 76 44 79 42 79 42 76
25 87 27 87 27 92 25 92 25 87
86 48 90 48 90 52 86 52 86 48
33 30 36 30 36 33 33 33 33 30
58 35 60 35 60 39 58 39 58 35
11 16 15 16 15 21 11 21 11 16
93 16 95 16 95 20 93 20 93 16
4 56 6 56 6 59 4 59 4 56
77 68 79 68 79 71 77 71 77 68
11 6 13 6 13 11 11 11 11 6
22 65 24 65 24 70 22 70 22 65
9 61 11 61 11 63 9 63 9 61
81 21 86 21 86 26 81 26 81 21
23 18 26 18 26 21 23 21 23 18
83 7 87 7 87 11 83 11 83 7
55 41 59 41 59 44 55 44 55 41
68 42 72 42 72 45 68 45 68 42
59 70 64 70 64 74 59 74 59 70
12 90 16 90 16 93 12 93 12 90
86 92 89 92 89 94 86 94 86 92
27 75 32 75 32 78 27 78 27 75
21 94 26 94 26 97 21 97 21 94
37 81 42 81 42 85 37 85 37 81
35 9 38 9 38 11 35 11 35 9
44 38 49 38 49 41 44 41 44 38
8 37 11 37 11 39 8 39 8 37
13 47 16 47 16 50 13 50 13 47
66 80 68 80 68 85 66 85 66 80
24 8 28 8 28 12 24 12 24 8
47 84 51 84 51 87 47 87 47 84
12 27 16 27 16 31 12 31 12 27
77 12 82 12 82 17 77 17 77 12
70 55 73 55 73 58 70 58 70 55
28 29 32 29 32 31 28 31 28 29
38 61 43 61 43 63 38 63 38 61
46 70 50 70 50 73 46 73 46 70
34 35 37 35 37 37 34 37 34 35
74 36 78 36 78 40 74 40 74 36
49 49 51 49 51 52 49 52 49 49
5 75 8 75 8 79 5 79 5 75
5 64 8 64 8 69 5 69 5 64
79 72 81 72 81 75 79 75 79 72
7 49 11 49 11 53 7 53 7 49
26 62 28 62 28 65 26 65 26 62
48 93 52 93 52 97 48 97 48 93
68 26 72 26 72 31 68 31 68 26
90 74 92 74 92 76 90 76 90 74
20 34 23 34 23 39 20 39 20 34
84 36 86 36 86 41 84 41 84 36
58 15 61 15 61 18 58 18 58 15
41 31 44 31 44 33 41 33 41 31
5 19 10 19 10 22 5 22 5 19
75 27 79 27 79 29 75 29 75 27
64 14 68 14 68 18 64 18 64 14
58 83 60 83 60 87 58 87 58 83
48 8 50 8 50 13 48 13 48 8
24 35 28 35 28 38 24 38 24 35
67 35 71 35 71 40 67 40 67 35
54 47 56 47 56 51 54 51 54 47
88 13 92 13 92 15 88 15 88 13
41 25 43 25 43 28 41 28 41 25
79 30 82 30 82 35 79 35 79 30
39 90 43 90 43 93 39 93 39 90
26 69 31 69 31 72 26 72 26 69
14 53 18 53 18 58 14 58 14 53
49 57 52 57 52 61 49 61 49 57
62 19 66 19 66 23 62 23 62 19
45 30 47 30 47 32 45 32 45 30
60 4 62 4 62 9 60 9 60 4
35 14 37 14 37 17 35 17 35 14
65 2 67 2 67 6 65 6 65 2
60 40 62 40 62 42 60 42 60 40
53 10 56 10 56 13 53 13 53 10
22 22 27 22 27 26 22 26 22 22
31 46 36 46 36 50 31 50 31 46
49 81 51 81 51 83 49 83 49 81
74 44 77 44 77 46 74 46 74 44
55 57 60 57 60 62 55 62 55 57
14 70 18 70 18 75 14 75 14 70
78 81 81 81 81 83 78 83 78 81
63 8 68 8 68 11 63 11 63 8
34 55 36 55 36 60 34 60 34 55
59 11 62 11 62 14 59 14 59 11
59 46 64 46 64 51 59 51 59 46
55 84 57 84 57 87 55 87 55 84
66 46 68 46 68 50 66 50 66 46
31 6 35 6 35 8 31 8 31 6
36 93 38 93 38 98 36 98 36 93
39 35 42 35 42 39 39 39 39 35
18 27 21 27 21 30 18 30 18 27
35 21 38 21 38 26 35 26 35 21
23 83 27 83 27 85 23 85 23 83
29 92 32 92 32 97 29 97 29 92
44 60 48 60 48 62 44 62 44 60
94 54 96 54 96 56 94 56 94 54
39 51 44 51 44 54 39 54 39 51
85 68 87 68 87 73 85 73 85 68
74 84 77 84 77 86 74 86 74 84
16 83 18 83 18 88 16 88 16 83
56 21 61 21 61 24 56 24 56 21
82 93 84 93 84 95 82 95 82 93
60 90 65 90 65 95 60 95 60 90
26 15 29 15 29 17 26 17 26 15
80 66 82 66 82 70 80 70 80 66
39 44 41 44 41 49 39 49 39 44
87 76 89 76 89 80 87 80 87 76
92 64 96 64 96 67 92 67 92 64
12 59 17 59 17 62 12 62 12 59
43 8 46 8 46 11 43 11 43 8
2 40 7 40 7 42 2 42 2 40
74 77 76 77 76 80 74 80 74 77
76 58 80 58 80 61 76 61 76 58
79 52 81 52 81 55 79 55 79 52
31 51 33 51 33 53 31 53 31 51
95 38 97 38 97 43 95 43 95 38
39 11 41 11 41 14 39 14 39 11
3 44 8 44 8 46 3 46 3 44
6 83 10 83 10 87 6 87 6 83
54 93 57 93 57 95 54 95 54 93
86 27 91 27 91 30 86 30 86 27
14 66 17 66 17 69 14 69 14 66
21 3 24 3 24 7 21 7 21 3
96 45 98 45 98 48 96 48 96 45
30 12 32 12 32 14 30 14 30 12
13 33 15 33 15 38 13 38 13 33
71 81 73 81 73 84 71 84 71 81
78 2 80 2 80 7 78 7 78 2
14 5 18 5 18 8 14 8 14 5
51 70 54 70 54 73 51 73 51 70
36 64 38 64 38 67 36 67 36 64
62 34 64 34 64 38 62 38 62 34
20 76 23 76 23 80 20 80 20 76
94 59 97 59 97 61 94 61 94 59
83 13 85 13 85 18 83 18 83 13
52 27 56 27 56 31 52 31 52 27
4 9 9 9 9 14 4 14 4 9
58 67 60 67 60 69 58 69 58 67
2 17 4 17 4 22 2 22 2 17
91 51 93 51 93 53 91 53 91 51
33 39 36 39 36 44 33 44 33 39
24 54 29 54 29 56 24 56 24 54
5 4 10 4 10 8 5 8 5 4
2 28 4 28 4 30 2 30 2 28
89 82 93 82 93 85 89 85 89 82
74 64 77 64 77 67 74 67 74 64
30 15 32 15 32 19 30 19 30 15
46 25 48 25 48 29 46 29 46 25
32 87 36 87 36 91 32 91 32 87
11 40 15 40 15 45 11 45 11 40
18 61 21 61 21 65 18 65 18 61
93 87 96 87 96 92 93 92 93 87
26 40 29 40 29 44 26 44 26 40
39 64 42 64 42 66 39 66 39 64
75 91 78 91 78 95 75 95 75 91
93 75 98 75 98 78 93 78 93 75
16 44 20 44 20 46 16 46 16 44
70 64 72 64 72 67 70 67 70 64
63 53 66 53 66 56 63 56 63 53
17 77 19 77 19 80 17 80 17 77
30 64 35 64 35 66 30 66 30 64
51 74 55 74 55 77 51 77 51 74
89 18 91 18 91 20 89 20 89 18
77 18 79 18 79 22 77 22 77 18
90 41 93 41 93 43 90 43 90 41
45 20 48 20 48 23 45 23 45 20
72 15 76 15 76 19 72 19 72 15
45 65 50 65 50 68 45 68 45 65
89 55 93 55 93 60 89 60 89 55
48 34 50 34 50 36 48 36 48 34
96 6 98 6 98 8 96 8 96 6
12 82 15 82 15 85 12 85 12 82
89 33 91 33 91 35 89 35 89 33
84 86 89 86 89 88 84 88 84 86
83 59 85 59 85 61 83 61 83 59
29 82 33 82 33 84 29 84 29 82
87 42 89 42 89 46 87 46 87 42
89 37 92 37 92 39 89 39 89 37
20 48 25 48 25 50 20 50 20 48
19 8 22 8 22 12 19 12 19 8
83 76 85 76 85 79 83 79 83 76
94 93 98 93 98 97 94 97 94 93
71 89 74 89 74 91 71 91 71 89
2 79 4 79 4 81 2 81 2 79
40 18 43 18 43 20 40 20 40 18
50 43 54 43 54 46 50 46 50 43
2 94 6 94 6 96 2 96 2 94
54 2 56 2 56 5 54 5 54 2
4 34 8 34 8 36 4 36 4 34
