45 89 47 89 47 92 45 92 45 89
11 57 16 57 16 59 11 59 11 57
8 79 12 79 12 81 8 81 8 79
19 66 21 66 21 70 19 70 19 66
60 36 63 36 63 38 60 38 60 36
80 78 85 78 85 81 80 81 80 78
32 7 37 7 37 9 32 9 32 7
62 55 66 55 66 59 62 59 62 55
13 67 15 67 15 71 13 71 13 67
47 64 51 64 51 69 47 69 47 64
31 33 36 33 36 38 31 38 31 33
69 78 73 78 73 81 69 81 69 78
57 60 62 60 62 63 57 63 57 60
68 55 72 55 72 59 68 59 68 55
12 23 15 23 15 27 12 27 12 23
91 3 94 3 94 6 91 6 91 3
68 25 73 25 73 27 68 27 68 25
58 84 61 84 61 89 58 89 58 84
63 17 65 17 65 22 63 22 63 17
78 21 81 21 81 23 78 23 78 21
35 74 38 74 38 78 35 78 35 74
18 21 23 21 23 24 18 24 18 21
47 35 49 35 49 40 47 40 47 35
20 77 25 77 25 80 20 80 20 77
34 14 36 14 36 16 34 16 34 14
93 33 96 33 96 35 93 35 93 33
8 66 10 66 10 71 8 71 8 66
81 52 83 52 83 57 81 57 81 52
61 73 66 73 66 76 61 76 61 73
73 68 75 68 75 70 73 70 73 68
82 40 87 40 87 42 82 42 82 40
85 83 89 83 89 88 85 88 85 83
35 85 37 85 37 89 35 89 35 85
10 53 14 53 14 56 10 56 10 53
27 57 32 57 32 61 27 61 27 57
17 17 22 17 22 19 17 19 17 17
85 43 89 43 89 48 85 48 85 43
83 16 87 16 87 19 83 19 83 16
36 50 38 50 38 53 36 53 36 50
8 10 11 10 11 15 8 15 8 10
67 49 72 49 72 51 67 51 67 49
66 37 70 37 70 42 66 42 66 37
80 74 84 74 84 76 80 76 80 74
91 66 94 66 94 68 91 68 91 66
17 60 21 60 21 63 17 63 17 60
88 36 90 36 90 38 88 38 88 36
14 11 16 11 16 14 14 14 14 11
13 81 15 81 15 84 13 84 13 81
69 29 74 29 74 31 69 31 69 29
51 43 53 43 53 47 51 47 51 43
92 24 97 24 97 28 92 28 92 24
62 79 65 79 65 84 62 84 62 79
48 51 50 51 50 54 48 54 48 51
81 34 84 34 84 39 81 39 81 34
77 58 81 58 81 62 77 62 77 58
77 9 79 9 79 13 77 13 77 9
26 5 28 5 28 9 26 9 26 5
86 2 89 2 89 5 86 5 86 2
54 66 57 66 57 70 54 70 54 66
18 39 20 39 20 41 18 41 18 39
41 64 46 64 46 67 41 67 41 64
30 91 33 91 33 94 30 94 30 91
44 23 46 23 46 26 44 26 44 23
54 40 59 40 59 44 54 44 54 40
34 24 39 24 39 26 34 26 34 24
74 38 78 38 78 42 74 42 74 38
62 29 67 29 67 34 62 34 62 29
2 56 4 56 4 59 2 59 2 56
62 23 66 23 66 26 62 26 62 23
6 56 9 56 9 58 6 58 6 56
44 80 47 80 47 85 44 85 44 80
36 28 41 28 41 32 36 32 36 28
71 39 73 39 73 43 71 43 71 39
49 79 54 79 54 82 49 82 49 79
73 50 75 50 75 53 73 53 73 50
79 93 84 93 84 95 79 95 79 93
91 91 95 91 95 96 91 96 91 91
21 44 24 44 24 46 21 46 21 44
22 69 24 69 24 73 22 73 22 69
9 42 14 42 14 44 9 44 9 42
4 61 8 61 8 65 4 65 4 61
91 36 93 36 93 38 91 38 91 36
84 10 87 10 87 12 84 12 84 10
63 94 67 94 67 97 63 97 63 94
36 58 40 58 40 62 36 62 36 58
96 94 98 94 98 97 96 97 96 94
93 84 96 84 96 88 93 88 93 84
8 4 12 4 12 8 8 8 8 4
63 67 67 67 67 69 63 69 63 67
69 87 74 87 74 90 69 90 69 87
93 18 95 18 95 23 93 23 93 18
17 33 19 33 19 38 17 38 17 33
36 41 39 41 39 44 36 44 36 41
45 15 47 15 47 17 45 17 45 15
22 6 24 6 24 9 22 9 22 6
24 24 27 24 27 27 24 27 24 24
57 14 62 14 62 18 57 18 57 14
56 93 58 93 58 96 56 96 56 93
79 31 82 31 82 33 79 33 79 31
49 3 53 3 53 8 49 8 49 3
23 14 26 14 26 16 23 16 23 14
52 91 55 91 55 96 52 96 52 91
12 92 16 92 16 97 12 97 12 92
96 79 98 79 98 82 96 82 96 79
36 17 40 17 40 20 36 20 36 17
47 18 51 18 51 22 47 22 47 18
43 10 47 10 47 12 43 12 43 10
11 17 13 17 13 21 11 21 11 17
46 60 51 60 51 63 46 63 46 60
24 89 29 89 29 91 24 91 24 89
22 84 25 84 25 88 22 88 22 84
41 93 45 93 45 95 41 95 41 93
85 61 90 61 90 64 85 64 85 61
17 46 20 46 20 48 17 48 17 46
36 10 40 10 40 13 36 13 36 10
23 37 27 37 27 40 23 40 23 37
15 74 19 74 19 79 15 79 15 74
33 57 35 57 35 59 33 59 33 57
4 49 6 49 6 52 4 52 4 49
8 31 10 31 10 35 8 35 8 31
49 25 54 25 54 28 49 28 49 25
49 83 53 83 53 88 49 88 49 83
45 3 48 3 48 5 45 5 45 3
82 6 84 6 84 9 82 9 82 6
53 32 55 32 55 35 53 35 53 32
55 6 57 6 57 9 55 9 55 6
73 16 77 16 77 20 73 20 73 16
93 11 95 11 95 16 93 16 93 11
45 43 47 43 47 47 45 47 45 43
65 63 67 63 67 66 65 66 65 63
74 33 76 33 76 35 74 35 74 33
4 37 8 37 8 41 4 41 4 37
6 84 8 84 8 88 6 88 6 84
16 82 21 82 21 86 16 86 16 82
79 26 81 26 81 30 79 30 79 26
41 75 45 75 45 78 41 78 41 75
58 4 61 4 61 7 58 7 58 4
96 5 98 5 98 9 96 9 96 5
14 4 16 4 16 7 14 7 14 4
85 71 88 71 88 74 85 74 85 71
33 2 35 2 35 6 33 6 33 2
52 50 55 50 55 54 52 54 52 50
58 49 60 49 60 52 58 52 58 49
67 72 70 72 70 74 67 74 67 72
40 38 43 38 43 42 40 42 40 38
91 46 94 46 94 51 91 51 91 46
94 41 98 41 98 44 94 44 94 41
16 66 18 66 18 68 16 68 16 66
89 73 91 73 91 78 89 78 89 73
8 48 12 48 12 52 8 52 8 48
35 47 37 47 37 49 35 49 35 47
29 24 31 24 31 27 29 27 29 24
85 57 90 57 90 59 85 59 85 57
85 24 88 24 88 27 85 27 85 24
58 31 60 31 60 33 58 33 58 31
24 96 29 96 29 98 24 98 24 96
78 70 82 70 82 73 78 73 78 70
54 74 59 74 59 77 54 77 54 74
91 29 94 29 94 31 91 31 91 29
63 47 66 47 66 49 63 49 63 47
69 17 72 17 72 22 69 22 69 17
25 31 30 31 30 33 25 33 25 31
79 82 83 82 83 85 79 85 79 82
66 4 70 4 70 7 66 7 66 4
37 80 40 80 40 83 37 83 37 80
30 65 32 65 32 70 30 70 30 65
7 19 10 19 10 23 7 23 7 19
29 75 33 75 33 80 29 80 29 75
33 68 37 68 37 70 33 70 33 68
3 11 7 11 7 14 3 14 3 11
23 92 26 92 26 95 23 95 23 92
87 65 89 65 89 68 87 68 87 65
28 15 31 15 31 20 28 20 28 15
56 19 58 19 58 21 56 21 56 19
18 55 20 55 20 57 18 57 18 55
64 10 66 10 66 13 64 13 64 10
4 91 8 91 8 96 4 96 4 91
52 11 56 11 56 15 52 15 52 11
3 21 5 21 5 24 3 24 3 21
63 50 66 50 66 53 63 53 63 50
63 87 67 87 67 90 63 90 63 87
70 8 75 8 75 10 70 10 70 8
26 46 31 46 31 48 26 48 26 46
3 28 5 28 5 30 3 30 3 28
18 92 22 92 22 94 18 94 18 92
68 67 71 67 71 70 68 70 68 67
41 33 44 33 44 37 41 37 41 33
29 83 31 83 31 88 29 88 29 83
41 18 43 18 43 21 41 21 41 18
12 64 14 64 14 66 12 66 12 64
81 48 83 48 83 51 81 51 81 48
9 72 12 72 12 74 9 74 9 72
74 75 79 75 79 77 74 77 74 75
59 55 61 55 61 58 59 58 59 55
17 10 19 10 19 15 17 15 17 10
46 74 48 74 48 79 46 79 46 74
87 79 92 79 92 81 87 81 87 79
88 9 90 9 90 14 88 14 88 9
76 86 80 86 80 90 76 90 76 86
41 54 44 54 44 56 41 56 41 54
