46 12 51 12 51 15 46 15 46 12
68 63 72 63 72 67 68 67 68 63
54 70 56 70 56 74 54 74 54 70
94 66 98 66 98 69 94 69 94 66
55 21 59 21 59 25 55 25 55 21
62 51 64 51 64 54 62 54 62 51
64 76 68 76 68 78 64 78 64 76
93 80 97 80 97 83 93 83 93 80
43 86 48 86 48 88 43 88 43 86
57 89 62 89 62 91 57 91 57 89
76 85 79 85 79 88 76 88 76 85
6 15 10 15 10 20 6 20 6 15
66 32 69 32 69 37 66 37 66 32
9 79 11 79 11 84 9 84 9 79
59 32 61 32 61 36 59 36 59 32
18 81 23 81 23 83 18 83 18 81
71 8 75 8 75 13 71 13 71 8
18 26 23 26 23 30 18 30 18 26
11 16 13 16 13 19 11 19 11 16
31 22 36 22 36 27 31 27 31 22
55 66 59 66 59 69 55 69 55 66
46 24 48 24 48 28 46 28 46 24
16 9 21 9 21 13 16 13 16 9
53 30 57 30 57 33 53 33 53 30
46 57 51 57 51 62 46 62 46 57
79 71 82 71 82 76 79 76 79 71
38 4 43 4 43 6 38 6 38 4
29 69 34 69 34 74 29 74 29 69
41 70 46 70 46 74 41 74 41 70
49 44 52 44 52 47 49 47 49 44
16 2 20 2 20 6 16 6 16 2
7 64 10 64 10 67 7 67 7 64
34 31 37 31 37 33 34 33 34 31
30 84 33 84 33 88 30 88 30 84
41 26 44 26 44 29 41 29 41 26
40 18 44 18 44 23 40 23 40 18
21 61 24 61 24 63 21 63 21 61
26 52 30 52 30 56 26 56 26 52
83 88 85 88 85 90 83 90 83 88
73 61 77 61 77 65 73 65 73 61
32 17 36 17 36 19 32 19 32 17
44 47 48 47 48 49 44 49 44 47
29 29 33 29 33 32 29 32 29 29
90 53 92 53 92 58 90 58 90 53
5 44 10 44 10 49 5 49 5 44
33 78 35 78 35 80 33 80 33 78
40 56 44 56 44 61 40 61 40 56
73 91 75 91 75 94 73 94 73 91
76 12 78 12 78 16 76 16 76 12
79 27 81 27 81 31 79 31 79 27
5 57 8 57 8 59 5 59 5 57
83 69 86 69 86 73 83 73 83 69
4 22 9 22 9 24 4 24 4 22
20 18 23 18 23 20 20 20 20 18
87 27 89 27 89 30 87 30 87 27
14 52 16 52 16 55 14 55 14 52
30 42 32 42 32 46 30 46 30 42
11 26 13 26 13 30 11 30 11 26
48 65 53 65 53 67 48 67 48 65
17 54 20 54 20 59 17 59 17 54
38 10 42 10 42 14 38 14 38 10
53 13 57 13 57 18 53 18 53 13
40 38 45 38 45 43 40 43 40 38
4 82 7 82 7 87 4 87 4 82
81 39 86 39 86 44 81 44 81 39
93 62 97 62 97 65 93 65 93 62
68 79 70 79 70 82 68 82 68 79
65 13 67 13 67 16 65 16 65 13
24 7 29 7 29 11 24 11 24 7
21 53 25 53 25 56 21 56 21 53
92 24 97 24 97 28 92 28 92 24
7 36 12 36 12 39 7 39 7 36
71 21 74 21 74 24 71 24 71 21
95 40 97 40 97 45 95 45 95 40
19 37 24 37 24 39 19 39 19 37
58 47 62 47 62 50 58 50 58 47
16 69 21 69 21 72 16 72 16 69
57 94 61 94 61 96 57 96 57 94
35 91 38 91 38 95 35 95 35 91
20 49 24 49 24 51 20 51 20 49
21 95 26 95 26 97 21 97 21 95
42 51 46 51 46 54 42 54 42 51
60 65 65 65 65 68 60 68 60 65
57 3 62 3 62 6 57 6 57 3
78 17 81 17 81 21 78 21 78 17
91 59 94 59 94 61 91 61 91 59
54 50 56 50 56 55 54 55 54 50
10 76 14 76 14 78 10 78 10 76
51 70 53 70 53 74 51 74 51 70
21 45 24 45 24 48 21 48 21 45
36 63 39 63 39 66 36 66 36 63
85 53 88 53 88 55 85 55 85 53
24 33 29 33 29 36 24 36 24 33
85 12 90 12 90 15 85 15 85 12
94 30 97 30 97 32 94 32 94 30
32 53 36 53 36 56 32 56 32 53
23 21 26 21 26 24 23 24 23 21
55 76 58 76 58 79 55 79 55 76
88 66 93 66 93 69 88 69 88 66
72 53 77 53 77 55 72 55 72 53
87 44 92 44 92 46 87 46 87 44
33 45 36 45 36 50 33 50 33 45
8 85 13 85 13 88 8 88 8 85
84 48 89 48 89 51 84 51 84 48
48 52 53 52 53 55 48 55 48 52
73 39 75 39 75 42 73 42 73 39
82 62 87 62 87 66 82 66 82 62
90 93 94 93 94 96 90 96 90 93
45 19 50 19 50 22 45 22 45 19
42 64 44 64 44 68 42 68 42 64
4 6 7 6 7 8 4 8 4 6
36 36 38 36 38 39 36 39 36 36
89 36 92 36 92 40 89 40 89 36
90 6 95 6 95 9 90 9 90 6
12 63 15 63 15 66 12 66 12 63
39 87 42 87 42 92 39 92 39 87
93 36 95 36 95 38 93 38 93 36
78 56 82 56 82 61 78 61 78 56
92 15 97 15 97 20 92 20 92 15
76 35 78 35 78 40 76 40 76 35
82 25 84 25 84 29 82 29 82 25
85 79 88 79 88 84 85 84 85 79
72 76 76 76 76 81 72 81 72 76
2 50 6 50 6 54 2 54 2 50
15 79 17 79 17 82 15 82 15 79
10 11 14 11 14 14 10 14 10 11
96 89 98 89 98 93 96 93 96 89
63 86 68 86 68 88 63 88 63 86
56 61 61 61 61 64 56 64 56 61
59 78 62 78 62 80 59 80 59 78
14 29 17 29 17 34 14 34 14 29
5 32 7 32 7 34 5 34 5 32
24 30 27 30 27 32 24 32 24 30
4 71 6 71 6 74 4 74 4 71
18 91 20 91 20 93 18 93 18 91
11 67 14 67 14 69 11 69 11 67
79 47 83 47 83 49 79 49 79 47
24 14 28 14 28 18 24 18 24 14
84 5 89 5 89 10 84 10 84 5
42 81 46 81 46 83 42 83 42 81
46 7 50 7 50 11 46 11 46 7
70 28 72 28 72 31 70 31 70 28
50 81 53 81 53 86 50 86 50 81
80 53 84 53 84 55 80 55 80 53
90 88 95 88 95 90 90 90 90 88
84 17 88 17 88 22 84 22 84 17
59 58 64 58 64 60 59 60 59 58
66 42 71 42 71 47 66 47 66 42
43 78 47 78 47 80 43 80 43 78
8 92 10 92 10 97 8 97 8 92
59 26 64 26 64 29 59 29 59 26
84 56 89 56 89 60 84 60 84 56
85 94 87 94 87 97 85 97 85 94
33 9 37 9 37 14 33 14 33 9
51 2 56 2 56 6 51 6 51 2
5 25 10 25 10 27 5 27 5 25
71 32 74 32 74 34 71 34 71 32
69 2 72 2 72 4 69 4 69 2
21 85 25 85 25 88 21 88 21 85
50 77 53 77 53 80 50 80 50 77
72 18 76 18 76 20 72 20 72 18
18 44 20 44 20 48 18 48 18 44
30 2 33 2 33 4 30 4 30 2
4 11 6 11 6 14 4 14 4 11
25 60 29 60 29 64 25 64 25 60
13 96 16 96 16 98 13 98 13 96
2 30 4 30 4 35 2 35 2 30
41 30 45 30 45 34 41 34 41 30
26 38 28 38 28 41 26 41 26 38
58 41 61 41 61 44 58 44 58 41
6 60 8 60 8 62 6 62 6 60
29 94 33 94 33 96 29 96 29 94
22 71 24 71 24 76 22 76 22 71
72 48 76 48 76 52 72 52 72 48
62 39 64 39 64 42 62 42 62 39
42 95 44 95 44 98 42 98 42 95
68 94 70 94 70 98 68 98 68 94
49 24 51 24 51 27 49 27 49 24
91 84 93 84 93 86 91 86 91 84
52 92 56 92 56 96 52 96 52 92
57 7 61 7 61 10 57 10 57 7
63 80 65 80 65 85 63 85 63 80
26 2 29 2 29 6 26 6 26 2
75 70 78 70 78 75 75 75 75 70
60 22 65 22 65 25 60 25 60 22
74 95 76 95 76 97 74 97 74 95
36 69 38 69 38 71 36 71 36 69
25 68 27 68 27 72 25 72 25 68
86 32 88 32 88 37 86 37 86 32
92 70 97 70 97 74 92 74 92 70
31 59 33 59 33 61 31 61 31 59
77 23 80 23 80 25 77 25 77 23
55 37 59 37 59 40 55 40 55 37
29 75 31 75 31 77 29 77 29 75
47 90 49 90 49 92 47 92 47 90
77 89 81 89 81 91 77 91 77 89
47 2 50 2 50 6 47 6 47 2
87 72 90 72 90 74 87 74 87 72
45 96 50 96 50 98 45 98 45 96
36 79 38 79 38 84 36 84 36 79
