57 5 60 5 60 10 57 10 57 5
7 65 11 65 11 69 7 69 7 65
93 13 95 13 95 16 93 16 93 13
27 33 32 33 32 35 27 35 27 33
12 5 14 5 14 8 12 8 12 5
36 78 41 78 41 81 36 81 36 78
72 24 75 24 75 28 72 28 72 24
30 43 33 43 33 47 30 47 30 43
9 16 11 16 11 18 9 18 9 16
30 52 34 52 34 54 30 54 30 52
85 10 90 10 90 13 85 13 85 10
15 85 19 85 19 87 15 87 15 85
64 40 66 40 66 43 64 43 64 40
41 2 45 2 45 6 41 6 41 2
19 71 22 71 22 75 19 75 19 71
23 61 25 61 25 63 23 63 23 61
71 46 76 46 76 48 71 48 71 46
32 20 37 20 37 23 32 23 32 20
60 76 65 76 65 78 60 78 60 76
52 40 56 40 56 42 52 42 52 40
37 54 42 54 42 59 37 59 37 54
56 52 61 52 61 55 56 55 56 52
24 82 27 82 27 85 24 85 24 82
43 32 45 32 45 36 43 36 43 32
79 65 81 65 81 67 79 67 79 65
85 43 88 43 88 45 85 45 85 43
19 10 23 10 23 13 19 13 19 10
50 57 55 57 55 60 50 60 50 57
12 9 16 9 16 13 12 13 12 9
79 69 81 69 81 72 79 72 79 69
2 92 7 92 7 95 2 95 2 92
58 42 61 42 61 47 58 47 58 42
86 4 88 4 88 9 86 9 86 4
14 36 18 36 18 41 14 41 14 36
94 3 96 3 96 7 94 7 94 3
12 21 16 21 16 26 12 26 12 21
18 19 23 19 23 23 18 23 18 19
89 96 94 96 94 98 89 98 89 96
89 59 92 59 92 63 89 63 89 59
2 70 7 70 7 75 2 75 2 70
74 82 79 82 79 87 74 87 74 82
76 9 81 9 81 11 76 11 76 9
27 72 30 72 30 76 27 76 27 72
42 50 44 50 44 52 42 52 42 50
33 13 37 13 37 15 33 15 33 13
82 16 87 16 87 20 82 20 82 16
74 33 76 33 76 35 74 35 74 33
4 36 9 36 9 38 4 38 4 36
23 55 25 55 25 60 23 60 23 55
71 30 73 30 73 32 71 32 71 30
28 7 33 7 33 12 28 12 28 7
9 52 14 52 14 57 9 57 9 52
47 34 49 34 49 39 47 39 47 34
76 55 81 55 81 58 76 58 76 55
92 44 94 44 94 48 92 48 92 44
33 63 36 63 36 68 33 68 33 63
15 76 17 76 17 79 15 79 15 76
84 26 87 26 87 30 84 30 84 26
61 56 64 56 64 59 61 59 61 56
12 74 14 74 14 76 12 76 12 74
18 78 20 78 20 80 18 80 18 78
66 75 71 75 71 80 66 80 66 75
38 74 42 74 42 77 38 77 38 74
51 67 54 67 54 71 51 71 51 67
93 25 97 25 97 29 93 29 93 25
74 12 79 12 79 17 74 17 74 12
90 19 92 19 92 21 90 21 90 19
77 76 79 76 79 79 77 79 77 76
35 24 38 24 38 27 35 27 35 24
50 6 53 6 53 11 50 11 50 6
47 87 49 87 49 92 47 92 47 87
88 79 92 79 92 82 88 82 88 79
56 61 58 61 58 66 56 66 56 61
52 88 55 88 55 91 52 91 52 88
6 5 11 5 11 9 6 9 6 5
94 61 98 61 98 65 94 65 94 61
30 57 35 57 35 60 30 60 30 57
45 74 49 74 49 76 45 76 45 74
4 57 8 57 8 62 4 62 4 57
88 30 90 30 90 34 88 34 88 30
84 61 86 61 86 65 84 65 84 61
63 51 65 51 65 55 63 55 63 51
49 63 53 63 53 66 49 66 49 63
48 95 51 95 51 97 48 97 48 95
3 24 8 24 8 26 3 26 3 24
45 49 47 49 47 52 45 52 45 49
71 5 76 5 76 8 71 8 71 5
93 51 95 51 95 53 93 53 93 51
51 30 53 30 53 34 51 34 51 30
17 92 21 92 21 95 17 95 17 92
59 36 62 36 62 40 59 40 59 36
61 28 66 28 66 31 61 31 61 28
51 24 56 24 56 26 51 26 51 24
40 69 43 69 43 72 40 72 40 69
57 18 60 18 60 23 57 23 57 18
63 7 65 7 65 11 63 11 63 7
31 87 33 87 33 89 31 89 31 87
13 27 16 27 16 31 13 31 13 27
68 83 73 83 73 88 68 88 68 83
81 28 83 28 83 32 81 32 81 28
16 61 18 61 18 64 16 64 16 61
5 16 7 16 7 20 5 20 5 16
43 25 45 25 45 28 43 28 43 25
87 52 90 52 90 55 87 55 87 52
61 94 64 94 64 97 61 97 61 94
61 88 63 88 63 90 61 90 61 88
51 36 54 36 54 38 51 38 51 36
36 96 39 96 39 98 36 98 36 96
19 39 21 39 21 44 19 44 19 39
24 28 27 28 27 30 24 30 24 28
35 33 39 33 39 35 35 35 35 33
29 28 32 28 32 30 29 30 29 28
68 9 70 9 70 13 68 13 68 9
3 45 5 45 5 47 3 47 3 45
88 85 93 85 93 89 88 89 88 85
95 82 98 82 98 85 95 85 95 82
15 42 18 42 18 44 15 44 15 42
70 18 73 18 73 23 70 23 70 18
24 31 26 31 26 36 24 36 24 31
91 74 96 74 96 77 91 77 91 74
60 82 64 82 64 86 60 86 60 82
91 5 93 5 93 7 91 7 91 5
93 55 97 55 97 57 93 57 93 55
18 67 22 67 22 69 18 69 18 67
8 92 11 92 11 95 8 95 8 92
68 41 71 41 71 44 68 44 68 41
43 21 47 21 47 23 43 23 43 21
64 24 69 24 69 27 64 27 64 24
91 68 96 68 96 71 91 71 91 68
30 24 34 24 34 27 30 27 30 24
78 37 82 37 82 39 78 39 78 37
6 47 9 47 9 50 6 50 6 47
93 30 95 30 95 34 93 34 93 30
55 93 57 93 57 98 55 98 55 93
41 45 43 45 43 48 41 48 41 45
66 92 68 92 68 95 66 95 66 92
50 44 55 44 55 48 50 48 50 44
62 44 66 44 66 47 62 47 62 44
93 22 97 22 97 24 93 24 93 22
7 78 10 78 10 83 7 83 7 78
22 38 24 38 24 42 22 42 22 38
73 65 77 65 77 70 73 70 73 65
19 32 21 32 21 35 19 35 19 32
65 18 69 18 69 23 65 23 65 18
48 13 50 13 50 17 48 17 48 13
21 49 25 49 25 54 21 54 21 49
41 91 44 91 44 93 41 93 41 91
75 59 80 59 80 62 75 62 75 59
8 29 12 29 12 33 8 33 8 29
24 20 28 20 28 22 24 22 24 20
22 43 24 43 24 45 22 45 22 43
48 41 51 41 51 43 48 43 48 41
64 68 67 68 67 72 64 72 64 68
58 67 60 67 60 69 58 69 58 67
26 63 31 63 31 67 26 67 26 63
69 53 74 53 74 56 69 56 69 53
3 88 7 88 7 91 3 91 3 88
83 34 87 34 87 36 83 36 83 34
22 94 26 94 26 96 22 96 22 94
28 78 33 78 33 83 28 83 28 78
28 90 32 90 32 94 28 94 28 90
65 96 69 96 69 98 65 98 65 96
69 34 72 34 72 36 69 36 69 34
25 15 29 15 29 17 25 17 25 15
44 53 46 53 46 57 44 57 44 53
44 60 46 60 46 62 44 62 44 60
81 44 83 44 83 48 81 48 81 44
2 9 4 9 4 14 2 14 2 9
63 61 68 61 68 66 63 66 63 61
13 82 16 82 16 84 13 84 13 82
71 90 76 90 76 95 71 95 71 90
56 71 60 71 60 74 56 74 56 71
27 57 29 57 29 61 27 61 27 57
54 2 56 2 56 4 54 4 54 2
27 95 32 95 32 98 27 98 27 95
43 85 45 85 45 90 43 90 43 85
77 20 80 20 80 25 77 25 77 20
34 46 38 46 38 49 34 49 34 46
18 58 22 58 22 60 18 60 18 58
4 51 7 51 7 53 4 53 4 51
18 26 21 26 21 31 18 31 18 26
42 7 46 7 46 10 42 10 42 7
46 80 49 80 49 82 46 82 46 80
10 45 15 45 15 49 10 49 10 45
41 64 46 64 46 68 41 68 41 64
23 24 27 24 27 27 23 27 23 24
28 37 31 37 31 40 28 40 28 37
83 93 86 93 86 96 83 96 83 93
94 37 98 37 98 41 94 41 94 37
28 68 31 68 31 71 28 71 28 68
6 85 10 85 10 87 6 87 6 85
35 88 40 88 40 93 35 93 35 88
9 58 13 58 13 63 9 63 9 58
31 74 36 74 36 76 31 76 31 74
26 49 29 49 29 52 26 52 26 49
25 2 27 2 27 7 25 7 25 2
43 82 45 82 45 84 43 84 43 82
56 87 59 87 59 90 56 90 56 87
23 89 27 89 27 91 23 91 23 89
43 12 47 12 47 16 43 16 43 12
