6 55 8 55 8 59 6 59 6 55
25 96 29 96 29 98 25 98 25 96
83 38 87 38 87 43 83 43 83 38
53 88 58 88 58 91 53 91 53 88
57 59 60 59 60 62 57 62 57 59
22 90 26 90 26 93 22 93 22 90
26 42 29 42 29 47 26 47 26 42
40 10 44 10 44 12 40 12 40 10
6 26 11 26 11 29 6 29 6 26
65 10 67 10 67 14 65 14 65 10
67 43 72 43 72 45 67 45 67 43
33 34 37 34 37 38 33 38 33 34
77 31 82 31 82 33 77 33 77 31
16 52 20 52 20 57 16 57 16 52
62 3 66 3 66 5 62 5 62 3
30 51 35 51 35 55 30 55 30 51
61 19 65 19 65 21 61 21 61 19
26 12 31 12 31 14 26 14 26 12
55 22 60 22 60 27 55 27 55 22
57 38 60 38 60 42 57 42 57 38
69 51 74 51 74 53 69 53 69 51
15 94 20 94 20 97 15 97 15 94
14 43 17 43 17 46 14 46 14 43
55 53 57 53 57 56 55 56 55 53
75 19 78 19 78 21 75 21 75 19
58 51 61 51 61 55 58 55 58 51
3 79 5 79 5 81 3 81 3 79
76 55 81 55 81 59 76 59 76 55
20 9 23 9 23 11 20 11 20 9
4 37 6 37 6 39 4 39 4 37
81 50 84 50 84 54 81 54 81 50
4 95 9 95 9 98 4 98 4 95
15 49 19 49 19 51 15 51 15 49
59 15 62 15 62 17 59 17 59 15
70 87 75 87 75 89 70 89 70 87
61 39 64 39 64 41 61 41 61 39
90 80 95 80 95 85 90 85 90 80
78 87 83 87 83 91 78 91 78 87
67 67 70 67 70 72 67 72 67 67
85 76 90 76 90 79 85 79 85 76
10 5 12 5 12 7 10 7 10 5
14 70 19 70 19 74 14 74 14 70
87 57 91 57 91 61 87 61 87 57
90 67 95 67 95 69 90 69 90 67
15 58 17 58 17 62 15 62 15 58
44 45 48 45 48 49 44 49 44 45
16 18 20 18 20 22 16 22 16 18
38 24 41 24 41 29 38 29 38 24
85 4 87 4 87 7 85 7 85 4
69 94 74 94 74 98 69 98 69 94
12 12 16 12 16 16 12 16 12 12
36 57 38 57 38 62 36 62 36 57
7 72 11 72 11 76 7 76 7 72
90 35 95 35 95 38 90 38 90 35
40 71 44 71 44 76 40 76 40 71
9 89 11 89 11 92 9 92 9 89
47 69 52 69 52 74 47 74 47 69
41 89 43 89 43 92 41 92 41 89
62 26 66 26 66 29 62 29 62 26
41 66 45 66 45 68 41 68 41 66
56 72 60 72 60 76 56 76 56 72
96 50 98 50 98 52 96 52 96 50
62 63 64 63 64 66 62 66 62 63
33 23 37 23 37 28 33 28 33 23
27 29 29 29 29 31 27 31 27 29
49 18 53 18 53 21 49 21 49 18
57 29 59 29 59 32 57 32 57 29
91 16 94 16 94 20 91 20 91 16
80 75 83 75 83 80 80 80 80 75
93 41 97 41 97 46 93 46 93 41
71 30 73 30 73 34 71 34 71 30
49 43 52 43 52 48 49 48 49 43
10 35 15 35 15 40 10 40 10 35
42 29 45 29 45 31 42 31 42 29
31 78 33 78 33 82 31 82 31 78
71 5 76 5 76 7 71 7 71 5
41 84 45 84 45 88 41 88 41 84
58 92 62 92 62 96 58 96 58 92
4 11 7 11 7 15 4 15 4 11
48 62 53 62 53 67 48 67 48 62
30 90 32 90 32 94 30 94 30 90
65 57 67 57 67 62 65 62 65 57
74 23 76 23 76 28 74 28 74 23
49 38 54 38 54 41 49 41 49 38
83 25 86 25 86 29 83 29 83 25
48 4 50 4 50 9 48 9 48 4
43 36 48 36 48 40 43 40 43 36
20 46 22 46 22 51 20 51 20 46
3 32 7 32 7 34 3 34 3 32
36 91 38 91 38 95 36 95 36 91
35 65 39 65 39 68 35 68 35 65
12 22 14 22 14 26 12 26 12 22
55 67 60 67 60 71 55 71 55 67
79 10 81 10 81 14 79 14 79 10
49 50 52 50 52 53 49 53 49 50
92 30 96 30 96 33 92 33 92 30
87 93 90 93 90 95 87 95 87 93
19 59 24 59 24 61 19 61 19 59
94 54 96 54 96 56 94 56 94 54
73 61 75 61 75 64 73 64 73 61
15 2 17 2 17 4 15 4 15 2
96 17 98 17 98 20 96 20 96 17
37 78 39 78 39 81 37 81 37 78
39 96 44 96 44 98 39 98 39 96
42 18 45 18 45 21 42 21 42 18
38 3 40 3 40 8 38 8 38 3
93 27 98 27 98 29 93 29 93 27
80 15 84 15 84 19 80 19 80 15
60 79 64 79 64 81 60 81 60 79
63 51 66 51 66 53 63 53 63 51
28 25 30 25 30 27 28 27 28 25
74 66 76 66 76 68 74 68 74 66
19 28 24 28 24 33 19 33 19 28
88 87 90 87 90 92 88 92 88 87
12 84 17 84 17 87 12 87 12 84
75 69 80 69 80 72 75 72 75 69
2 52 5 52 5 57 2 57 2 52
92 12 96 12 96 14 92 14 92 12
73 39 78 39 78 43 73 43 73 39
71 12 73 12 73 16 71 16 71 12
41 4 44 4 44 6 41 6 41 4
4 62 7 62 7 66 4 66 4 62
52 78 57 78 57 81 52 81 52 78
43 13 46 13 46 15 43 15 43 13
76 46 78 46 78 50 76 50 76 46
10 62 12 62 12 67 10 67 10 62
78 4 80 4 80 7 78 7 78 4
29 66 33 66 33 70 29 70 29 66
4 42 8 42 8 47 4 47 4 42
84 33 89 33 89 36 84 36 84 33
33 12 35 12 35 16 33 16 33 12
39 57 44 57 44 60 39 60 39 57
59 45 64 45 64 49 59 49 59 45
58 18 60 18 60 20 58 20 58 18
19 14 22 14 22 17 19 17 19 14
26 19 30 19 30 24 26 24 26 19
19 25 21 25 21 27 19 27 19 25
57 34 59 34 59 37 57 37 57 34
2 70 6 70 6 72 2 72 2 70
91 72 95 72 95 74 91 74 91 72
21 71 24 71 24 75 21 75 21 71
7 49 11 49 11 53 7 53 7 49
31 87 35 87 35 89 31 89 31 87
41 80 45 80 45 82 41 82 41 80
82 63 87 63 87 65 82 65 82 63
65 22 68 22 68 25 65 25 65 22
24 62 29 62 29 65 24 65 24 62
59 11 63 11 63 14 59 14 59 11
90 4 93 4 93 6 90 6 90 4
21 80 25 80 25 82 21 82 21 80
16 24 18 24 18 26 16 26 16 24
92 51 95 51 95 53 92 53 92 51
46 88 49 88 49 92 46 92 46 88
93 64 96 64 96 66 93 66 93 64
34 42 37 42 37 44 34 44 34 42
68 77 70 77 70 79 68 79 68 77
29 4 31 4 31 9 29 9 29 4
15 88 18 88 18 91 15 91 15 88
70 47 73 47 73 50 70 50 70 47
51 95 53 95 53 97 51 97 51 95
15 7 18 7 18 10 15 10 15 7
51 82 55 82 55 84 51 84 51 82
9 54 14 54 14 57 9 57 9 54
50 32 52 32 52 34 50 34 50 32
63 68 66 68 66 71 63 71 63 68
50 54 53 54 53 57 50 57 50 54
19 38 24 38 24 42 19 42 19 38
71 65 73 65 73 68 71 68 71 65
20 63 23 63 23 67 20 67 20 63
74 11 78 11 78 13 74 13 74 11
91 23 95 23 95 25 91 25 91 23
7 5 9 5 9 7 7 7 7 5
64 88 66 88 66 93 64 93 64 88
21 85 25 85 25 87 21 87 21 85
86 10 90 10 90 12 86 12 86 10
23 23 25 23 25 26 23 26 23 23
51 6 55 6 55 10 51 10 51 6
7 77 12 77 12 79 7 79 7 77
83 9 85 9 85 11 83 11 83 9
46 22 49 22 49 27 46 27 46 22
44 51 46 51 46 56 44 56 44 51
50 12 53 12 53 14 50 14 50 12
40 33 42 33 42 35 40 35 40 33
66 80 68 80 68 85 66 85 66 80
3 3 5 3 5 5 3 5 3 3
16 39 18 39 18 42 16 42 16 39
58 5 61 5 61 10 58 10 58 5
29 35 32 35 32 37 29 37 29 35
26 71 29 71 29 73 26 73 26 71
71 69 74 69 74 74 71 74 71 69
35 46 37 46 37 48 35 48 35 46
68 8 73 8 73 10 68 10 68 8
84 57 86 57 86 59 84 59 84 57
68 55 70 55 70 57 68 57 68 55
36 85 40 85 40 88 36 88 36 85
68 90 72 90 72 92 68 92 68 90
78 60 81 60 81 65 78 65 78 60
36 16 38 16 38 19 36 19 36 16
69 23 71 23 71 27 69 27 69 23
81 22 85 22 85 24 81 24 81 22
