45 92 48 92 48 97 45 97 45 92
20 19 23 19 23 22 20 22 20 19
88 84 92 84 92 88 88 88 88 84
16 18 19 18 19 23 16 23 16 18
92 16 94 16 94 18 92 18 92 16
32 24 36 24 36 28 32 28 32 24
76 42 78 42 78 47 76 47 76 42
34 80 38 80 38 84 34 84 34 80
77 57 82 57 82 61 77 61 77 57
76 53 80 53 80 56 76 56 76 53
70 36 75 36 75 40 70 40 70 36
33 5 37 5 37 10 33 10 33 5
30 48 32 48 32 51 30 51 30 48
91 31 94 31 94 34 91 34 91 31
11 89 13 89 13 94 11 94 11 89
81 66 85 66 85 68 81 68 81 66
23 57 28 57 28 61 23 61 23 57
11 82 16 82 16 86 11 86 11 82
18 41 22 41 22 45 18 45 18 41
47 63 52 63 52 65 47 65 47 63
12 57 14 57 14 62 12 62 12 57
88 13 90 13 90 16 88 16 88 13
2 9 7 9 7 11 2 11 2 9
76 12 81 12 81 15 76 15 76 12
9 35 13 35 13 39 9 39 9 35
25 18 27 18 27 20 25 20 25 18
31 45 34 45 34 47 31 47 31 45
55 26 58 26 58 28 55 28 55 26
39 61 41 61 41 64 39 64 39 61
59 30 62 30 62 35 59 35 59 30
63 9 65 9 65 14 63 14 63 9
61 81 63 81 63 86 61 86 61 81
85 79 88 79 88 81 85 81 85 79
76 21 81 21 81 23 76 23 76 21
39 18 41 18 41 21 39 21 39 18
21 72 26 72 26 75 21 75 21 72
6 64 9 64 9 68 6 68 6 64
62 90 65 90 65 94 62 94 62 90
69 89 72 89 72 94 69 94 69 89
10 13 14 13 14 16 10 16 10 13
49 66 51 66 51 68 49 68 49 66
93 11 95 11 95 15 93 15 93 11
34 14 36 14 36 19 34 19 34 14
3 77 5 77 5 80 3 80 3 77
66 18 70 18 70 23 66 23 66 18
9 17 14 17 14 21 9 21 9 17
28 11 31 11 31 16 28 16 28 11
89 48 94 48 94 51 89 51 89 48
29 90 31 90 31 94 29 94 29 90
59 18 63 18 63 21 59 21 59 18
90 92 95 92 95 97 90 97 90 92
40 37 45 37 45 41 40 41 40 37
56 49 60 49 60 51 56 51 56 49
11 72 15 72 15 75 11 75 11 72
90 79 93 79 93 82 90 82 90 79
17 4 21 4 21 7 17 7 17 4
70 4 73 4 73 7 70 7 70 4
69 62 72 62 72 64 69 64 69 62
54 65 57 65 57 69 54 69 54 65
64 37 69 37 69 42 64 42 64 37
94 69 98 69 98 71 94 71 94 69
69 49 72 49 72 53 69 53 69 49
66 5 69 5 69 9 66 9 66 5
42 54 47 54 47 56 42 56 42 54
66 68 69 68 69 70 66 70 66 68
89 74 93 74 93 76 89 76 89 74
78 92 81 92 81 97 78 97 78 92
92 53 97 53 97 56 92 56 92 53
53 30 58 30 58 34 53 34 53 30
70 42 72 42 72 44 70 44 70 42
95 44 97 44 97 46 95 46 95 44
26 63 30 63 30 67 26 67 26 63
37 54 39 54 39 56 37 56 37 54
63 29 67 29 67 34 63 34 63 29
19 89 22 89 22 92 19 92 19 89
53 94 56 94 56 96 53 96 53 94
92 64 95 64 95 68 92 68 92 64
18 70 20 70 20 73 18 73 18 70
93 5 95 5 95 7 93 7 93 5
36 66 39 66 39 71 36 71 36 66
63 60 67 60 67 65 63 65 63 60
24 86 26 86 26 88 24 88 24 86
92 23 97 23 97 26 92 26 92 23
39 30 44 30 44 33 39 33 39 30
24 48 29 48 29 51 24 51 24 48
8 24 11 24 11 27 8 27 8 24
11 48 13 48 13 52 11 52 11 48
71 82 74 82 74 87 71 87 71 82
74 26 77 26 77 29 74 29 74 26
51 84 56 84 56 86 51 86 51 84
44 14 49 14 49 16 44 16 44 14
78 4 80 4 80 6 78 6 78 4
18 36 22 36 22 38 18 38 18 36
86 35 89 35 89 40 86 40 86 35
28 33 30 33 30 37 28 37 28 33
41 83 45 83 45 85 41 85 41 83
19 10 21 10 21 12 19 12 19 10
42 86 45 86 45 88 42 88 42 86
46 18 51 18 51 23 46 23 46 18
5 81 8 81 8 86 5 86 5 81
68 55 73 55 73 60 68 60 68 55
56 75 59 75 59 79 56 79 56 75
30 30 35 30 35 32 30 32 30 30
17 79 20 79 20 84 17 84 17 79
48 52 50 52 50 57 48 57 48 52
44 6 46 6 46 11 44 11 44 6
34 75 38 75 38 78 34 78 34 75
55 38 57 38 57 43 55 43 55 38
17 53 21 53 21 55 17 55 17 53
2 45 5 45 5 49 2 49 2 45
68 25 73 25 73 27 68 27 68 25
78 28 81 28 81 32 78 32 78 28
48 72 53 72 53 74 48 74 48 72
41 66 46 66 46 70 41 70 41 66
83 72 86 72 86 77 83 77 83 72
26 52 28 52 28 55 26 55 26 52
85 19 87 19 87 21 85 21 85 19
66 71 68 71 68 76 66 76 66 71
37 46 42 46 42 49 37 49 37 46
30 68 32 68 32 73 30 73 30 68
62 3 64 3 64 6 62 6 62 3
47 8 50 8 50 12 47 12 47 8
80 37 83 37 83 41 80 41 80 37
6 29 10 29 10 33 6 33 6 29
26 5 31 5 31 7 26 7 26 5
87 64 90 64 90 69 87 69 87 64
82 85 85 85 85 90 82 90 82 85
59 52 62 52 62 55 59 55 59 52
16 24 18 24 18 29 16 29 16 24
66 77 69 77 69 81 66 81 66 77
31 33 33 33 33 36 31 36 31 33
18 31 23 31 23 35 18 35 18 31
84 12 86 12 86 14 84 14 84 12
36 11 38 11 38 13 36 13 36 11
85 41 89 41 89 43 85 43 85 41
3 59 5 59 5 62 3 62 3 59
34 91 36 91 36 95 34 95 34 91
71 13 75 13 75 15 71 15 71 13
66 10 71 10 71 12 66 12 66 10
50 47 52 47 52 49 50 49 50 47
3 18 6 18 6 20 3 20 3 18
19 25 21 25 21 29 19 29 19 25
45 45 48 45 48 49 45 49 45 45
87 2 92 2 92 5 87 5 87 2
27 74 31 74 31 78 27 78 27 74
12 2 16 2 16 5 12 5 12 2
25 2 27 2 27 4 25 4 25 2
5 55 8 55 8 57 5 57 5 55
88 19 90 19 90 22 88 22 88 19
25 81 28 81 28 85 25 85 25 81
24 21 26 21 26 25 24 25 24 21
40 2 44 2 44 4 40 4 40 2
77 64 79 64 79 68 77 68 77 64
86 7 88 7 88 11 86 11 86 7
21 13 24 13 24 16 21 16 21 13
24 34 27 34 27 39 24 39 24 34
63 49 68 49 68 52 63 52 63 49
73 92 76 92 76 94 73 94 73 92
55 7 60 7 60 12 55 12 55 7
41 58 43 58 43 60 41 60 41 58
22 52 25 52 25 54 22 54 22 52
77 69 79 69 79 72 77 72 77 69
44 26 48 26 48 29 44 29 44 26
79 44 81 44 81 49 79 49 79 44
63 46 66 46 66 48 63 48 63 46
59 87 61 87 61 91 59 91 59 87
56 89 58 89 58 92 56 92 56 89
35 36 39 36 39 40 35 40 35 36
16 94 20 94 20 97 16 97 16 94
46 86 49 86 49 91 46 91 46 86
2 89 4 89 4 94 2 94 2 89
86 26 90 26 90 31 86 31 86 26
71 18 73 18 73 22 71 22 71 18
60 22 65 22 65 25 60 25 60 22
46 59 51 59 51 62 46 62 46 59
91 38 95 38 95 42 91 42 91 38
29 55 31 55 31 58 29 58 29 55
53 18 56 18 56 22 53 22 53 18
39 5 43 5 43 7 39 7 39 5
62 72 64 72 64 76 62 76 62 72
12 53 16 53 16 56 12 56 12 53
11 40 15 40 15 42 11 42 11 40
96 73 98 73 98 77 96 77 96 73
3 96 7 96 7 98 3 98 3 96
54 44 58 44 58 46 54 46 54 44
39 78 42 78 42 82 39 82 39 78
84 53 89 53 89 56 84 56 84 53
2 15 4 15 4 17 2 17 2 15
82 93 85 93 85 98 82 98 82 93
86 57 89 57 89 59 86 59 86 57
75 9 77 9 77 11 75 11 75 9
32 57 35 57 35 61 32 61 32 57
70 69 72 69 72 73 70 73 70 69
39 9 41 9 41 11 39 11 39 9
54 59 58 59 58 63 54 63 54 59
83 27 85 27 85 32 83 32 83 27
60 36 62 36 62 39 60 39 60 36
92 43 94 43 94 47 92 47 92 43
70 95 75 95 75 98 70 98 70 95
29 80 31 80 31 85 29 85 29 80
