51 61 53 61 53 66 51 66 51 61
33 8 37 8 37 13 33 13 33 8
10 9 14 9 14 13 10 13 10 9
57 33 62 33 62 36 57 36 57 33
49 47 51 47 51 49 49 49 49 47
39 2 41 2 41 4 39 4 39 2
18 92 21 92 21 94 18 94 18 92
92 85 95 85 95 88 92 88 92 85
47 13 52 13 52 16 47 16 47 13
22 31 25 31 25 34 22 34 22 31
41 7 46 7 46 12 41 12 41 7
41 26 46 26 46 31 41 31 41 26
74 96 76 96 76 98 74 98 74 96
17 46 19 46 19 49 17 49 17 46
32 72 37 72 37 76 32 76 32 72
29 4 33 4 33 7 29 7 29 4
12 26 16 26 16 30 12 30 12 26
52 56 55 56 55 59 52 59 52 56
82 76 84 76 84 80 82 80 82 76
23 16 27 16 27 18 23 18 23 16
88 63 92 63 92 66 88 66 88 63
2 23 4 23 4 27 2 27 2 23
49 30 51 30 51 34 49 34 49 30
87 14 90 14 90 17 87 17 87 14
72 70 76 70 76 75 72 75 72 70
83 65 87 65 87 68 83 68 83 65
28 62 33 62 33 65 28 65 28 62
52 42 54 42 54 47 52 47 52 42
72 48 76 48 76 50 72 50 72 48
62 45 65 45 65 47 62 47 62 45
10 49 13 49 13 51 10 51 10 49
11 63 15 63 15 66 11 66 11 63
92 10 95 10 95 13 92 13 92 10
63 52 66 52 66 57 63 57 63 52
86 87 91 87 91 91 86 91 86 87
83 50 86 50 86 53 83 53 83 50
96 68 98 68 98 73 96 73 96 68
17 9 20 9 20 12 17 12 17 9
73 76 77 76 77 78 73 78 73 76
87 39 90 39 90 41 87 41 87 39
3 60 5 60 5 64 3 64 3 60
70 6 73 6 73 10 70 10 70 6
91 20 94 20 94 22 91 22 91 20
27 9 31 9 31 14 27 14 27 9
14 76 18 76 18 81 14 81 14 76
10 59 12 59 12 61 10 61 10 59
19 83 24 83 24 86 19 86 19 83
37 42 40 42 40 45 37 45 37 42
27 41 31 41 31 44 27 44 27 41
50 17 54 17 54 19 50 19 50 17
71 60 76 60 76 62 71 62 71 60
43 52 46 52 46 57 43 57 43 52
38 15 43 15 43 17 38 17 38 15
57 46 59 46 59 48 57 48 57 46
23 92 27 92 27 97 23 97 23 92
9 3 11 3 11 6 9 6 9 3
78 62 80 62 80 64 78 64 78 62
77 19 80 19 80 24 77 24 77 19
11 71 13 71 13 76 11 76 11 71
74 16 79 16 79 18 74 18 74 16
93 31 96 31 96 36 93 36 93 31
56 59 59 59 59 61 56 61 56 59
21 25 26 25 26 29 21 29 21 25
45 42 47 42 47 45 45 45 45 42
39 91 41 91 41 96 39 96 39 91
16 65 18 65 18 67 16 67 16 65
76 37 78 37 78 41 76 41 76 37
74 5 78 5 78 10 74 10 74 5
14 35 19 35 19 39 14 39 14 35
40 63 42 63 42 65 40 65 40 63
7 40 12 40 12 42 7 42 7 40
88 53 91 53 91 58 88 58 88 53
81 19 84 19 84 24 81 24 81 19
36 83 41 83 41 85 36 85 36 83
46 60 50 60 50 65 46 65 46 60
14 57 19 57 19 59 14 59 14 57
86 31 89 31 89 36 86 36 86 31
47 84 52 84 52 86 47 86 47 84
45 3 48 3 48 6 45 6 45 3
3 83 5 83 5 88 3 88 3 83
65 4 69 4 69 7 65 7 65 4
64 11 69 11 69 14 64 14 64 11
69 43 72 43 72 47 69 47 69 43
35 52 40 52 40 56 35 56 35 52
6 24 10 24 10 29 6 29 6 24
28 26 33 26 33 29 28 29 28 26
37 64 39 64 39 68 37 68 37 64
8 44 12 44 12 48 8 48 8 44
38 69 42 69 42 72 38 72 38 69
95 74 98 74 98 78 95 78 95 74
74 91 76 91 76 93 74 93 74 91
5 90 9 90 9 92 5 92 5 90
45 75 49 75 49 79 45 79 45 75
55 73 57 73 57 77 55 77 55 73
29 68 31 68 31 70 29 70 29 68
22 65 24 65 24 69 22 69 22 65
31 48 34 48 34 50 31 50 31 48
34 92 38 92 38 97 34 97 34 92
22 78 24 78 24 81 22 81 22 78
67 61 69 61 69 64 67 64 67 61
51 4 53 4 53 9 51 9 51 4
81 10 84 10 84 14 81 14 81 10
55 92 57 92 57 94 55 94 55 92
41 33 45 33 45 36 41 36 41 33
56 83 60 83 60 88 56 88 56 83
21 10 25 10 25 13 21 13 21 10
8 16 12 16 12 20 8 20 8 16
9 80 11 80 11 84 9 84 9 80
64 65 69 65 69 69 64 69 64 65
72 26 77 26 77 28 72 28 72 26
62 16 65 16 65 20 62 20 62 16
60 29 63 29 63 31 60 31 60 29
56 23 61 23 61 25 56 25 56 23
75 11 80 11 80 13 75 13 75 11
20 52 22 52 22 55 20 55 20 52
68 77 72 77 72 81 68 81 68 77
76 2 80 2 80 4 76 4 76 2
4 73 7 73 7 75 4 75 4 73
15 22 17 22 17 25 15 25 15 22
19 71 24 71 24 73 19 73 19 71
80 57 85 57 85 61 80 61 80 57
71 19 74 19 74 24 71 24 71 19
44 18 46 18 46 21 44 21 44 18
68 27 70 27 70 31 68 31 68 27
29 34 34 34 34 36 29 36 29 34
78 28 80 28 80 31 78 31 78 28
46 70 51 70 51 73 46 73 46 70
2 38 6 38 6 41 2 41 2 38
66 93 71 93 71 97 66 97 66 93
84 69 88 69 88 73 84 73 84 69
60 73 62 73 62 77 60 77 60 73
66 70 69 70 69 74 66 74 66 70
93 57 98 57 98 61 93 61 93 57
8 53 11 53 11 56 8 56 8 53
58 18 61 18 61 22 58 22 58 18
59 41 61 41 61 43 59 43 59 41
75 79 77 79 77 83 75 83 75 79
12 94 16 94 16 96 12 96 12 94
92 92 96 92 96 95 92 95 92 92
81 88 84 88 84 91 81 91 81 88
86 45 88 45 88 48 86 48 86 45
28 91 30 91 30 94 28 94 28 91
29 83 32 83 32 86 29 86 29 83
48 92 52 92 52 96 48 96 48 92
38 25 40 25 40 28 38 28 38 25
50 50 54 50 54 53 50 53 50 50
35 29 38 29 38 32 35 32 35 29
46 89 49 89 49 91 46 91 46 89
92 80 97 80 97 83 92 83 92 80
30 20 33 20 33 22 30 22 30 20
66 90 71 90 71 92 66 92 66 90
47 55 49 55 49 58 47 58 47 55
52 24 55 24 55 26 52 26 52 24
36 18 41 18 41 20 36 20 36 18
47 24 49 24 49 26 47 26 47 24
3 3 5 3 5 6 3 6 3 3
16 52 19 52 19 54 16 54 16 52
15 68 17 68 17 73 15 73 15 68
91 48 94 48 94 50 91 50 91 48
27 52 29 52 29 57 27 57 27 52
93 52 98 52 98 56 93 56 93 52
73 54 75 54 75 57 73 57 73 54
81 81 84 81 84 85 81 85 81 81
62 41 66 41 66 43 62 43 62 41
61 4 63 4 63 7 61 7 61 4
70 14 73 14 73 17 70 17 70 14
55 10 58 10 58 14 55 14 55 10
90 26 94 26 94 29 90 29 90 26
25 2 28 2 28 7 25 7 25 2
86 76 89 76 89 78 86 78 86 76
91 15 93 15 93 18 91 18 91 15
69 82 72 82 72 87 69 87 69 82
2 43 7 43 7 45 2 45 2 43
22 58 25 58 25 60 22 60 22 58
15 14 19 14 19 19 15 19 15 14
93 71 95 71 95 73 93 73 93 71
32 51 34 51 34 56 32 56 32 51
86 21 88 21 88 25 86 25 86 21
79 36 84 36 84 41 79 41 79 36
3 34 7 34 7 36 3 36 3 34
25 71 27 71 27 73 25 73 25 71
94 39 96 39 96 44 94 44 94 39
5 77 8 77 8 81 5 81 5 77
60 49 64 49 64 51 60 51 60 49
27 76 30 76 30 78 27 78 27 76
79 42 82 42 82 46 79 46 79 42
52 10 54 10 54 12 52 12 52 10
40 37 43 37 43 39 40 39 40 37
18 24 20 24 20 29 18 29 18 24
63 79 66 79 66 83 63 83 63 79
22 87 26 87 26 91 22 91 22 87
41 41 44 41 44 45 41 45 41 41
75 85 80 85 80 89 75 89 75 85
60 91 64 91 64 94 60 94 60 91
5 11 8 11 8 15 5 15 5 11
59 67 63 67 63 71 59 71 59 67
54 68 57 68 57 72 54 72 54 68
80 5 83 5 83 9 80 9 80 5
33 81 35 81 35 86 33 86 33 81
9 85 12 85 12 89 9 89 9 85
