94 87 98 87 98 90 94 90 94 87
65 30 69 30 69 34 65 34 65 30
10 66 13 66 13 69 10 69 10 66
33 20 36 20 36 24 33 24 33 20
36 76 41 76 41 81 36 81 36 76
45 23 47 23 47 26 45 26 45 23
16 80 19 80 19 84 16 84 16 80
80 72 84 72 84 74 80 74 80 72
60 33 63 33 63 36 60 36 60 33
63 6 67 6 67 11 63 11 63 6
73 37 75 37 75 39 73 39 73 37
58 66 63 66 63 69 58 69 58 66
43 32 48 32 48 37 43 37 43 32
55 30 59 30 59 35 55 35 55 30
10 62 15 62 15 64 10 64 10 62
49 2 51 2 51 4 49 4 49 2
8 10 13 10 13 15 8 15 8 10
62 87 64 87 64 92 62 92 62 87
23 84 27 84 27 89 23 89 23 84
86 13 91 13 91 18 86 18 86 13
23 74 27 74 27 79 23 79 23 74
74 63 77 63 77 68 74 68 74 63
93 76 97 76 97 80 93 80 93 76
63 53 68 53 68 57 63 57 63 53
52 62 54 62 54 64 52 64 52 62
14 2 16 2 16 6 14 6 14 2
15 51 18 51 18 56 15 56 15 51
25 71 27 71 27 73 25 73 25 71
35 86 38 86 38 89 35 89 35 86
49 55 51 55 51 57 49 57 49 55
18 18 23 18 23 20 18 20 18 18
48 25 52 25 52 30 48 30 48 25
27 43 30 43 30 47 27 47 27 43
94 58 96 58 96 63 94 63 94 58
30 92 34 92 34 94 30 94 30 92
78 63 81 63 81 68 78 68 78 63
60 76 62 76 62 80 60 80 60 76
52 17 57 17 57 19 52 19 52 17
28 4 32 4 32 9 28 9 28 4
60 17 62 17 62 19 60 19 60 17
63 42 67 42 67 47 63 47 63 42
68 16 70 16 70 18 68 18 68 16
33 11 38 11 38 13 33 13 33 11
81 23 83 23 83 26 81 26 81 23
27 25 29 25 29 29 27 29 27 25
22 92 27 92 27 97 22 97 22 92
10 17 12 17 12 19 10 19 10 17
3 33 7 33 7 36 3 36 3 33
76 10 79 10 79 13 76 13 76 10
26 31 30 31 30 35 26 35 26 31
42 66 44 66 44 70 42 70 42 66
89 3 91 3 91 6 89 6 89 3
94 41 96 41 96 44 94 44 94 41
70 42 73 42 73 45 70 45 70 42
89 57 92 57 92 60 89 60 89 57
14 8 18 8 18 13 14 13 14 8
45 3 47 3 47 6 45 6 45 3
46 67 51 67 51 71 46 71 46 67
25 54 27 54 27 59 25 59 25 54
11 5 13 5 13 9 11 9 11 5
54 7 58 7 58 12 54 12 54 7
16 68 20 68 20 71 16 71 16 68
72 80 74 80 74 85 72 85 72 80
48 42 52 42 52 44 48 44 48 42
15 38 18 38 18 41 15 41 15 38
44 95 47 95 47 98 44 98 44 95
74 3 79 3 79 5 74 5 74 3
75 80 79 80 79 83 75 83 75 80
77 37 82 37 82 42 77 42 77 37
76 27 78 27 78 29 76 29 76 27
92 33 96 33 96 38 92 38 92 33
74 71 77 71 77 76 74 76 74 71
51 22 54 22 54 24 51 24 51 22
59 4 62 4 62 6 59 6 59 4
31 41 35 41 35 45 31 45 31 41
96 16 98 16 98 20 96 20 96 16
5 88 10 88 10 90 5 90 5 88
24 12 27 12 27 16 24 16 24 12
12 34 16 34 16 37 12 37 12 34
4 49 7 49 7 53 4 53 4 49
28 36 31 36 31 39 28 39 28 36
24 60 26 60 26 65 24 65 24 60
39 19 41 19 41 23 39 23 39 19
83 56 88 56 88 59 83 59 83 56
56 4 58 4 58 6 56 6 56 4
76 90 80 90 80 95 76 95 76 90
46 18 49 18 49 22 46 22 46 18
92 5 94 5 94 8 92 8 92 5
50 50 55 50 55 54 50 54 50 50
72 56 74 56 74 58 72 58 72 56
66 87 71 87 71 92 66 92 66 87
59 54 61 54 61 59 59 59 59 54
4 39 7 39 7 44 4 44 4 39
94 81 98 81 98 85 94 85 94 81
63 15 66 15 66 17 63 17 63 15
72 14 75 14 75 18 72 18 72 14
80 28 84 28 84 31 80 31 80 28
39 50 42 50 42 55 39 55 39 50
52 31 54 31 54 36 52 36 52 31
31 60 34 60 34 63 31 63 31 60
53 86 56 86 56 88 53 88 53 86
83 76 88 76 88 80 83 80 83 76
42 39 44 39 44 44 42 44 42 39
64 76 66 76 66 79 64 79 64 76
39 10 41 10 41 12 39 12 39 10
86 69 91 69 91 71 86 71 86 69
12 48 14 48 14 51 12 51 12 48
47 82 49 82 49 86 47 86 47 82
61 26 64 26 64 28 61 28 61 26
71 20 73 20 73 25 71 25 71 20
29 10 32 10 32 12 29 12 29 10
84 42 86 42 86 44 84 44 84 42
79 17 81 17 81 19 79 19 79 17
50 92 53 92 53 97 50 97 50 92
92 23 94 23 94 28 92 28 92 23
90 45 92 45 92 49 90 49 90 45
22 27 24 27 24 32 22 32 22 27
50 74 55 74 55 77 50 77 50 74
65 48 68 48 68 50 65 50 65 48
72 49 75 49 75 51 72 51 72 49
64 65 66 65 66 68 64 68 64 65
54 43 57 43 57 46 54 46 54 43
93 71 98 71 98 75 93 75 93 71
2 93 6 93 6 98 2 98 2 93
43 52 47 52 47 56 43 56 43 52
88 84 91 84 91 86 88 86 88 84
23 3 25 3 25 7 23 7 23 3
14 17 17 17 17 20 14 20 14 17
11 76 14 76 14 78 11 78 11 76
27 65 31 65 31 67 27 67 27 65
78 56 82 56 82 59 78 59 78 56
17 91 21 91 21 94 17 94 17 91
46 39 50 39 50 41 46 41 46 39
4 4 8 4 8 7 4 7 4 4
9 52 13 52 13 57 9 57 9 52
48 88 52 88 52 91 48 91 48 88
2 55 5 55 5 60 2 60 2 55
19 43 23 43 23 48 19 48 19 43
36 45 39 45 39 47 36 47 36 45
36 37 39 37 39 42 36 42 36 37
10 94 13 94 13 98 10 98 10 94
92 11 95 11 95 15 92 15 92 11
19 12 23 12 23 15 19 15 19 12
25 22 28 22 28 24 25 24 25 22
20 50 22 50 22 54 20 54 20 50
17 26 20 26 20 31 17 31 17 26
38 7 41 7 41 9 38 9 38 7
67 73 72 73 72 75 67 75 67 73
95 4 97 4 97 7 95 7 95 4
54 90 56 90 56 93 54 93 54 90
57 13 60 13 60 16 57 16 57 13
86 30 91 30 91 32 86 32 86 30
39 27 43 27 43 29 39 29 39 27
65 58 70 58 70 62 65 62 65 58
29 69 32 69 32 71 29 71 29 69
4 81 7 81 7 84 4 84 4 81
60 22 64 22 64 25 60 25 60 22
32 96 36 96 36 98 32 98 32 96
67 12 70 12 70 15 67 15 67 12
87 93 89 93 89 98 87 98 87 93
31 28 36 28 36 30 31 30 31 28
75 85 78 85 78 88 75 88 75 85
43 46 48 46 48 48 43 48 43 46
58 73 60 73 60 75 58 75 58 73
35 64 40 64 40 66 35 66 35 64
11 22 13 22 13 26 11 26 11 22
9 73 11 73 11 75 9 75 9 73
2 68 4 68 4 71 2 71 2 68
81 84 83 84 83 87 81 87 81 84
9 81 14 81 14 84 9 84 9 81
67 77 71 77 71 82 67 82 67 77
41 82 45 82 45 87 41 87 41 82
84 61 89 61 89 63 84 63 84 61
49 47 52 47 52 49 49 49 49 47
19 2 22 2 22 7 19 7 19 2
81 9 84 9 84 12 81 12 81 9
68 64 72 64 72 68 68 68 68 64
2 15 4 15 4 17 2 17 2 15
30 88 33 88 33 90 30 90 30 88
2 20 5 20 5 25 2 25 2 20
39 91 41 91 41 96 39 96 39 91
69 49 71 49 71 54 69 54 69 49
47 63 50 63 50 66 47 66 47 63
17 96 21 96 21 98 17 98 17 96
59 63 61 63 61 65 59 65 59 63
43 76 45 76 45 78 43 78 43 76
40 16 43 16 43 18 40 18 40 16
36 59 40 59 40 61 36 61 36 59
6 20 8 20 8 22 6 22 6 20
25 17 28 17 28 21 25 21 25 17
71 10 75 10 75 12 71 12 71 10
81 89 83 89 83 92 81 92 81 89
86 4 88 4 88 6 86 6 86 4
28 50 30 50 30 55 28 55 28 50
3 11 6 11 6 14 3 14 3 11
29 72 33 72 33 75 29 75 29 72
74 43 77 43 77 45 74 45 74 43
95 52 98 52 98 54 95 54 95 52
21 38 25 38 25 42 21 42 21 38
33 52 35 52 35 54 33 54 33 52
