66 86 68 86 68 89 66 89 66 86
14 30 18 30 18 35 14 35 14 30
95 71 97 71 97 74 95 74 95 71
12 85 16 85 16 88 12 88 12 85
49 48 54 48 54 50 49 50 49 48
56 50 58 50 58 55 56 55 56 50
37 46 41 46 41 49 37 49 37 46
77 17 81 17 81 19 77 19 77 17
88 46 90 46 90 51 88 51 88 46
31 16 34 16 34 20 31 20 31 16
3 81 7 81 7 84 3 84 3 81
29 46 34 46 34 50 29 50 29 46
47 31 49 31 49 35 47 35 47 31
82 57 84 57 84 60 82 60 82 57
4 62 9 62 9 66 4 66 4 62
79 88 83 88 83 92 79 92 79 88
34 37 38 37 38 41 34 41 34 37
54 27 58 27 58 32 54 32 54 27
8 21 11 21 11 23 8 23 8 21
67 64 69 64 69 66 67 66 67 64
6 67 11 67 11 69 6 69 6 67
56 76 61 76 61 80 56 80 56 76
14 23 18 23 18 27 14 27 14 23
50 51 54 51 54 54 50 54 50 51
73 39 76 39 76 44 73 44 73 39
3 16 8 16 8 20 3 20 3 16
18 74 20 74 20 78 18 78 18 74
41 90 46 90 46 92 41 92 41 90
16 92 18 92 18 94 16 94 16 92
91 94 95 94 95 96 91 96 91 94
47 88 50 88 50 93 47 93 47 88
65 80 70 80 70 82 65 82 65 80
73 28 78 28 78 30 73 30 73 28
95 22 98 22 98 27 95 27 95 22
19 19 24 19 24 24 19 24 19 19
21 81 23 81 23 83 21 83 21 81
17 11 21 11 21 16 17 16 17 11
43 26 45 26 45 29 43 29 43 26
71 86 76 86 76 91 71 91 71 86
5 85 8 85 8 90 5 90 5 85
23 53 25 53 25 58 23 58 23 53
21 34 26 34 26 39 21 39 21 34
83 74 87 74 87 77 83 77 83 74
60 14 64 14 64 17 60 17 60 14
46 81 50 81 50 84 46 84 46 81
11 81 14 81 14 83 11 83 11 81
58 35 60 35 60 39 58 39 58 35
28 79 31 79 31 81 28 81 28 79
6 24 8 24 8 29 6 29 6 24
93 79 96 79 96 83 93 83 93 79
80 44 82 44 82 49 80 49 80 44
24 8 27 8 27 11 24 11 24 8
30 4 33 4 33 9 30 9 30 4
93 30 98 30 98 34 93 34 93 30
55 59 59 59 59 61 55 61 55 59
56 67 59 67 59 72 56 72 56 67
89 35 93 35 93 39 89 39 89 35
65 28 70 28 70 31 65 31 65 28
74 2 77 2 77 5 74 5 74 2
61 43 63 43 63 48 61 48 61 43
68 20 71 20 71 23 68 23 68 20
42 69 44 69 44 71 42 71 42 69
85 40 90 40 90 44 85 44 85 40
19 7 21 7 21 10 19 10 19 7
10 72 14 72 14 74 10 74 10 72
42 21 44 21 44 25 42 25 42 21
63 18 66 18 66 21 63 21 63 18
72 74 77 74 77 78 72 78 72 74
80 93 82 93 82 98 80 98 80 93
14 60 19 60 19 63 14 63 14 60
78 82 81 82 81 85 78 85 78 82
54 5 57 5 57 8 54 8 54 5
93 46 97 46 97 50 93 50 93 46
39 53 43 53 43 58 39 58 39 53
53 17 56 17 56 19 53 19 53 17
5 53 7 53 7 57 5 57 5 53
15 53 17 53 17 56 15 56 15 53
81 51 86 51 86 54 81 54 81 51
31 73 35 73 35 78 31 78 31 73
52 45 56 45 56 47 52 47 52 45
61 91 63 91 63 95 61 95 61 91
34 27 36 27 36 31 34 31 34 27
5 95 9 95 9 98 5 98 5 95
84 14 88 14 88 19 84 19 84 14
12 4 17 4 17 6 12 6 12 4
71 54 73 54 73 56 71 56 71 54
3 37 5 37 5 41 3 41 3 37
92 21 94 21 94 25 92 25 92 21
12 46 17 46 17 49 12 49 12 46
47 10 52 10 52 12 47 12 47 10
80 23 84 23 84 26 80 26 80 23
63 59 66 59 66 61 63 61 63 59
36 9 38 9 38 14 36 14 36 9
87 60 91 60 91 62 87 62 87 60
63 68 68 68 68 72 63 72 63 68
27 65 29 65 29 68 27 68 27 65
78 62 82 62 82 67 78 67 78 62
45 20 49 20 49 24 45 24 45 20
72 16 75 16 75 19 72 19 72 16
58 10 60 10 60 13 58 13 58 10
58 62 60 62 60 65 58 65 58 62
83 82 87 82 87 87 83 87 83 82
15 82 17 82 17 84 15 84 15 82
26 54 28 54 28 59 26 59 26 54
50 71 52 71 52 75 50 75 50 71
34 94 36 94 36 96 34 96 34 94
45 57 48 57 48 62 45 62 45 57
22 28 24 28 24 32 22 32 22 28
42 79 45 79 45 81 42 81 42 79
31 42 33 42 33 45 31 45 31 42
41 16 45 16 45 19 41 19 41 16
45 94 50 94 50 98 45 98 45 94
74 70 79 70 79 73 74 73 74 70
38 3 41 3 41 5 38 5 38 3
5 30 10 30 10 34 5 34 5 30
42 6 46 6 46 10 42 10 42 6
70 45 72 45 72 49 70 49 70 45
19 46 24 46 24 48 19 48 19 46
68 38 72 38 72 43 68 43 68 38
33 63 35 63 35 66 33 66 33 63
39 25 41 25 41 27 39 27 39 25
70 66 75 66 75 69 70 69 70 66
79 33 81 33 81 35 79 35 79 33
25 83 28 83 28 88 25 88 25 83
39 69 41 69 41 73 39 73 39 69
9 8 14 8 14 12 9 12 9 8
19 3 21 3 21 5 19 5 19 3
36 61 38 61 38 64 36 64 36 61
25 28 29 28 29 33 25 33 25 28
3 10 5 10 5 15 3 15 3 10
38 82 42 82 42 85 38 85 38 82
10 16 13 16 13 19 10 19 10 16
85 67 90 67 90 71 85 71 85 67
36 65 41 65 41 67 36 67 36 65
41 11 44 11 44 14 41 14 41 11
79 12 82 12 82 14 79 14 79 12
47 40 50 40 50 44 47 44 47 40
62 23 65 23 65 25 62 25 62 23
25 12 30 12 30 17 25 17 25 12
24 93 29 93 29 98 24 98 24 93
3 44 7 44 7 48 3 48 3 44
89 76 92 76 92 81 89 81 89 76
30 54 35 54 35 57 30 57 30 54
77 40 82 40 82 43 77 43 77 40
21 63 25 63 25 66 21 66 21 63
88 95 90 95 90 97 88 97 88 95
71 24 76 24 76 27 71 27 71 24
73 46 75 46 75 50 73 50 73 46
59 4 63 4 63 8 59 8 59 4
64 75 66 75 66 79 64 79 64 75
39 96 41 96 41 98 39 98 39 96
47 15 50 15 50 19 47 19 47 15
10 36 15 36 15 38 10 38 10 36
59 83 62 83 62 86 59 86 59 83
67 5 72 5 72 9 67 9 67 5
42 73 44 73 44 77 42 77 42 73
68 59 71 59 71 63 68 63 68 59
57 91 60 91 60 94 57 94 57 91
26 62 28 62 28 64 26 64 26 62
88 7 91 7 91 9 88 9 88 7
18 70 22 70 22 72 18 72 18 70
43 64 45 64 45 67 43 67 43 64
39 62 42 62 42 64 39 64 39 62
61 10 66 10 66 13 61 13 61 10
77 8 79 8 79 11 77 11 77 8
45 69 49 69 49 72 45 72 45 69
71 93 76 93 76 97 71 97 71 93
31 86 35 86 35 91 31 91 31 86
10 40 12 40 12 42 10 42 10 40
29 37 31 37 31 40 29 40 29 37
8 2 10 2 10 4 8 4 8 2
69 33 73 33 73 36 69 36 69 33
88 86 90 86 90 89 88 89 88 86
54 85 57 85 57 87 54 87 54 85
4 70 8 70 8 72 4 72 4 70
6 6 8 6 8 10 6 10 6 6
37 28 42 28 42 32 37 32 37 28
44 52 49 52 49 56 44 56 44 52
32 79 37 79 37 81 32 81 32 79
46 64 51 64 51 68 46 68 46 64
60 53 63 53 63 55 60 55 60 53
11 75 15 75 15 77 11 77 11 75
49 57 51 57 51 61 49 61 49 57
68 50 70 50 70 54 68 54 68 50
92 57 96 57 96 62 92 62 92 57
53 38 55 38 55 43 53 43 53 38
61 37 66 37 66 39 61 39 61 37
85 2 88 2 88 5 85 5 85 2
10 50 13 50 13 52 10 52 10 50
11 60 13 60 13 62 11 62 11 60
82 34 84 34 84 39 82 39 82 34
45 46 48 46 48 48 45 48 45 46
2 5 4 5 4 7 2 7 2 5
85 8 87 8 87 13 85 13 85 8
11 96 16 96 16 98 11 98 11 96
14 66 17 66 17 68 14 68 14 66
39 39 43 39 43 42 39 42 39 39
18 84 20 84 20 88 18 88 18 84
60 32 62 32 62 34 60 34 60 32
96 15 98 15 98 17 96 17 96 15
