2 3 5 3 5 6 2 6 2 3
17 44 20 44 20 49 17 49 17 44
89 13 92 13 92 17 89 17 89 13
58 12 62 12 62 15 58 15 58 12
71 81 76 81 76 86 71 86 71 81
86 69 89 69 89 73 86 73 86 69
55 48 59 48 59 52 55 52 55 48
51 92 55 92 55 97 51 97 51 92
36 88 39 88 39 90 36 90 36 88
2 61 4 61 4 65 2 65 2 61
20 27 25 27 25 29 20 29 20 27
70 22 73 22 73 25 70 25 70 22
70 6 72 6 72 11 70 11 70 6
67 94 71 94 71 98 67 98 67 94
56 24 59 24 59 28 56 28 56 24
32 72 36 72 36 77 32 77 32 72
10 13 15 13 15 15 10 15 10 13
35 45 37 45 37 47 35 47 35 45
29 2 32 2 32 6 29 6 29 2
16 69 20 69 20 71 16 71 16 69
15 28 19 28 19 32 15 32 15 28
20 88 25 88 25 90 20 90 20 88
9 7 12 7 12 10 9 10 9 7
54 40 57 40 57 45 54 45 54 40
23 19 28 19 28 22 23 22 23 19
40 88 44 88 44 91 40 91 40 88
69 29 74 29 74 33 69 33 69 29
57 18 62 18 62 22 57 22 57 18
6 73 8 73 8 77 6 77 6 73
42 40 46 40 46 44 42 44 42 40
60 93 62 93 62 96 60 96 60 93
81 81 85 81 85 85 81 85 81 81
9 40 13 40 13 43 9 43 9 40
64 16 67 16 67 21 64 21 64 16
63 42 65 42 65 45 63 45 63 42
76 71 81 71 81 76 76 76 76 71
17 15 20 15 20 17 17 17 17 15
38 4 40 4 40 9 38 9 38 4
46 26 51 26 51 29 46 29 46 26
48 90 50 90 50 95 48 95 48 90
61 81 65 81 65 83 61 83 61 81
6 64 8 64 8 67 6 67 6 64
65 77 70 77 70 79 65 79 65 77
93 25 96 25 96 27 93 27 93 25
29 16 34 16 34 19 29 19 29 16
42 62 45 62 45 66 42 66 42 62
15 59 19 59 19 64 15 64 15 59
64 26 67 26 67 28 64 28 64 26
29 30 33 30 33 33 29 33 29 30
46 65 51 65 51 68 46 68 46 65
27 94 30 94 30 97 27 97 27 94
54 30 56 30 56 32 54 32 54 30
24 80 27 80 27 85 24 85 24 80
31 56 36 56 36 60 31 60 31 56
21 7 24 7 24 11 21 11 21 7
40 50 44 50 44 52 40 52 40 50
83 17 88 17 88 22 83 22 83 17
76 47 79 47 79 51 76 51 76 47
74 4 79 4 79 7 74 7 74 4
18 77 21 77 21 81 18 81 18 77
53 5 56 5 56 9 53 9 53 5
23 32 26 32 26 34 23 34 23 32
66 84 69 84 69 87 66 87 66 84
32 92 34 92 34 97 32 97 32 92
39 77 44 77 44 80 39 80 39 77
83 2 85 2 85 5 83 5 83 2
34 52 37 52 37 55 34 55 34 52
17 33 22 33 22 35 17 35 17 33
41 18 44 18 44 22 41 22 41 18
78 31 82 31 82 34 78 34 78 31
21 16 24 16 24 18 21 18 21 16
49 17 53 17 53 19 49 19 49 17
66 49 68 49 68 51 66 51 66 49
68 73 70 73 70 76 68 76 68 73
24 63 26 63 26 67 24 67 24 63
95 11 98 11 98 15 95 15 95 11
12 85 17 85 17 90 12 90 12 85
48 75 51 75 51 80 48 80 48 75
86 60 90 60 90 64 86 64 86 60
94 71 97 71 97 75 94 75 94 71
76 8 81 8 81 11 76 11 76 8
70 14 75 14 75 19 70 19 70 14
30 66 35 66 35 69 30 69 30 66
88 36 92 36 92 41 88 41 88 36
44 32 46 32 46 36 44 36 44 32
47 51 50 51 50 56 47 56 47 51
28 44 33 44 33 48 28 48 28 44
44 23 49 23 49 25 44 25 44 23
40 71 43 71 43 74 40 74 40 71
8 17 12 17 12 22 8 22 8 17
60 5 64 5 64 7 60 7 60 5
23 4 27 4 27 6 23 6 23 4
4 40 7 40 7 43 4 43 4 40
29 7 34 7 34 10 29 10 29 7
45 80 47 80 47 82 45 82 45 80
37 11 41 11 41 13 37 13 37 11
35 4 37 4 37 7 35 7 35 4
70 88 72 88 72 90 70 90 70 88
67 38 71 38 71 41 67 41 67 38
38 53 43 53 43 57 38 57 38 53
73 61 75 61 75 64 73 64 73 61
46 20 48 20 48 22 46 22 46 20
47 13 52 13 52 16 47 16 47 13
78 93 82 93 82 97 78 97 78 93
88 77 91 77 91 79 88 79 88 77
95 80 98 80 98 84 95 84 95 80
93 91 95 91 95 94 93 94 93 91
49 2 52 2 52 6 49 6 49 2
72 56 75 56 75 58 72 58 72 56
92 67 96 67 96 69 92 69 92 67
83 67 85 67 85 71 83 71 83 67
75 23 79 23 79 25 75 25 75 23
8 55 13 55 13 60 8 60 8 55
84 23 87 23 87 27 84 27 84 23
83 52 87 52 87 54 83 54 83 52
19 91 22 91 22 95 19 95 19 91
51 35 53 35 53 37 51 37 51 35
59 66 64 66 64 68 59 68 59 66
85 55 88 55 88 58 85 58 85 55
85 43 89 43 89 45 85 45 85 43
6 89 10 89 10 93 6 93 6 89
33 21 38 21 38 24 33 24 33 21
44 4 46 4 46 6 44 6 44 4
92 30 96 30 96 35 92 35 92 30
29 36 31 36 31 41 29 41 29 36
84 48 86 48 86 51 84 51 84 48
44 7 49 7 49 12 44 12 44 7
28 23 32 23 32 28 28 28 28 23
79 87 81 87 81 91 79 91 79 87
94 51 96 51 96 53 94 53 94 51
69 69 72 69 72 71 69 71 69 69
56 81 60 81 60 85 56 85 56 81
58 72 61 72 61 74 58 74 58 72
79 64 82 64 82 68 79 68 79 64
44 71 49 71 49 74 44 74 44 71
26 73 28 73 28 78 26 78 26 73
38 34 42 34 42 38 38 38 38 34
45 83 48 83 48 85 45 85 45 83
5 28 10 28 10 32 5 32 5 28
12 79 17 79 17 82 12 82 12 79
19 39 23 39 23 43 19 43 19 39
88 33 91 33 91 35 88 35 88 33
66 44 71 44 71 46 66 46 66 44
74 93 76 93 76 95 74 95 74 93
41 6 43 6 43 10 41 10 41 6
25 50 30 50 30 54 25 54 25 50
88 25 90 25 90 28 88 28 88 25
94 19 96 19 96 23 94 23 94 19
4 82 7 82 7 86 4 86 4 82
50 70 54 70 54 72 50 72 50 70
52 73 54 73 54 75 52 75 52 73
8 48 13 48 13 52 8 52 8 48
62 30 65 30 65 32 62 32 62 30
70 60 72 60 72 64 70 64 70 60
62 51 64 51 64 56 62 56 62 51
90 83 93 83 93 86 90 86 90 83
3 51 5 51 5 56 3 56 3 51
60 58 65 58 65 61 60 61 60 58
81 57 83 57 83 61 81 61 81 57
92 7 96 7 96 9 92 9 92 7
26 86 28 86 28 89 26 89 26 86
92 58 96 58 96 62 92 62 92 58
34 38 36 38 36 40 34 40 34 38
39 43 41 43 41 47 39 47 39 43
57 31 59 31 59 36 57 36 57 31
95 36 98 36 98 40 95 40 95 36
32 82 36 82 36 86 32 86 32 82
44 57 48 57 48 60 44 60 44 57
38 63 41 63 41 66 38 66 38 63
49 83 54 83 54 85 49 85 49 83
14 44 16 44 16 48 14 48 14 44
75 36 80 36 80 38 75 38 75 36
14 24 18 24 18 27 14 27 14 24
81 36 85 36 85 38 81 38 81 36
22 45 24 45 24 50 22 50 22 45
5 35 9 35 9 37 5 37 5 35
15 93 18 93 18 96 15 96 15 93
86 5 89 5 89 10 86 10 86 5
31 49 33 49 33 52 31 52 31 49
20 55 23 55 23 57 20 57 20 55
52 22 55 22 55 25 52 25 52 22
88 93 92 93 92 98 88 98 88 93
9 2 12 2 12 4 9 4 9 2
25 41 27 41 27 44 25 44 25 41
39 81 44 81 44 85 39 85 39 81
78 39 82 39 82 43 78 43 78 39
2 15 5 15 5 18 2 18 2 15
82 44 84 44 84 46 82 46 82 44
77 16 81 16 81 19 77 19 77 16
19 12 21 12 21 14 19 14 19 12
23 68 26 68 26 72 23 72 23 68
19 83 21 83 21 86 19 86 19 83
61 35 65 35 65 39 61 39 61 35
21 24 24 24 24 26 21 26 21 24
48 40 51 40 51 45 48 45 48 40
23 73 25 73 25 75 23 75 23 73
76 12 78 12 78 15 76 15 76 12
73 49 75 49 75 53 73 53 73 49
39 94 41 94 41 98 39 98 39 94
54 65 57 65 57 69 54 69 54 65
