65 62 69 62 69 66 65 66 65 62
42 71 46 71 46 73 42 73 42 71
77 65 80 65 80 70 77 70 77 65
41 4 43 4 43 8 41 8 41 4
85 7 88 7 88 9 85 9 85 7
16 57 20 57 20 59 16 59 16 57
24 46 29 46 29 49 24 49 24 46
9 21 11 21 11 25 9 25 9 21
16 71 20 71 20 74 16 74 16 71
42 38 44 38 44 40 42 40 42 38
4 13 7 13 7 17 4 17 4 13
17 26 19 26 19 30 17 30 17 26
34 68 38 68 38 71 34 71 34 68
26 56 30 56 30 58 26 58 26 56
2 61 4 61 4 64 2 64 2 61
72 47 74 47 74 51 72 51 72 47
85 83 90 83 90 86 85 86 85 83
96 4 98 4 98 7 96 7 96 4
31 96 35 96 35 98 31 98 31 96
22 28 24 28 24 31 22 31 22 28
85 58 89 58 89 62 85 62 85 58
5 32 10 32 10 36 5 36 5 32
15 8 17 8 17 13 15 13 15 8
13 18 16 18 16 21 13 21 13 18
14 43 19 43 19 45 14 45 14 43
53 14 56 14 56 18 53 18 53 14
51 89 55 89 55 92 51 92 51 89
21 15 24 15 24 18 21 18 21 15
49 73 53 73 53 78 49 78 49 73
16 91 19 91 19 94 16 94 16 91
31 14 34 14 34 16 31 16 31 14
8 29 12 29 12 31 8 31 8 29
7 56 9 56 9 59 7 59 7 56
35 52 39 52 39 57 35 57 35 52
66 68 70 68 70 73 66 73 66 68
92 13 97 13 97 15 92 15 92 13
30 24 33 24 33 26 30 26 30 24
81 43 85 43 85 47 81 47 81 43
42 55 46 55 46 59 42 59 42 55
48 58 52 58 52 62 48 62 48 58
57 45 59 45 59 48 57 48 57 45
34 2 38 2 38 7 34 7 34 2
42 64 47 64 47 68 42 68 42 64
20 23 25 23 25 26 20 26 20 23
74 33 77 33 77 36 74 36 74 33
88 46 90 46 90 51 88 51 88 46
92 90 95 90 95 95 92 95 92 90
72 58 77 58 77 62 72 62 72 58
74 41 77 41 77 45 74 45 74 41
74 89 78 89 78 94 74 94 74 89
57 38 60 38 60 41 57 41 57 38
44 85 46 85 46 90 44 90 44 85
79 72 83 72 83 76 79 76 79 72
61 48 63 48 63 50 61 50 61 48
90 16 93 16 93 20 90 20 90 16
13 37 17 37 17 40 13 40 13 37
57 85 60 85 60 90 57 90 57 85
57 51 59 51 59 56 57 56 57 51
23 7 25 7 25 12 23 12 23 7
78 80 83 80 83 85 78 85 78 80
9 10 12 10 12 13 9 13 9 10
81 60 83 60 83 62 81 62 81 60
66 94 69 94 69 97 66 97 66 94
26 93 29 93 29 98 26 98 26 93
71 29 73 29 73 32 71 32 71 29
9 94 11 94 11 98 9 98 9 94
68 78 71 78 71 82 68 82 68 78
51 48 55 48 55 52 51 52 51 48
58 9 61 9 61 12 58 12 58 9
92 35 97 35 97 38 92 38 92 35
12 75 14 75 14 77 12 77 12 75
36 13 41 13 41 16 36 16 36 13
62 80 64 80 64 83 62 83 62 80
48 23 52 23 52 25 48 25 48 23
35 19 39 19 39 24 35 24 35 19
87 64 89 64 89 67 87 67 87 64
13 46 15 46 15 49 13 49 13 46
81 3 84 3 84 5 81 5 81 3
70 2 75 2 75 6 70 6 70 2
26 62 28 62 28 64 26 64 26 62
54 21 56 21 56 24 54 24 54 21
91 77 93 77 93 80 91 80 91 77
78 45 80 45 80 48 78 48 78 45
54 29 56 29 56 32 54 32 54 29
51 85 53 85 53 87 51 87 51 85
24 51 26 51 26 53 24 53 24 51
63 75 67 75 67 77 63 77 63 75
53 67 58 67 58 71 53 71 53 67
52 43 54 43 54 45 52 45 52 43
29 18 33 18 33 20 29 20 29 18
52 81 54 81 54 84 52 84 52 81
25 36 29 36 29 38 25 38 25 36
54 33 56 33 56 35 54 35 54 33
59 66 63 66 63 69 59 69 59 66
91 8 96 8 96 10 91 10 91 8
92 44 95 44 95 47 92 47 92 44
37 95 40 95 40 97 37 97 37 95
79 90 81 90 81 95 79 95 79 90
26 66 31 66 31 68 26 68 26 66
32 46 34 46 34 49 32 49 32 46
16 64 20 64 20 69 16 69 16 64
58 80 60 80 60 83 58 83 58 80
92 25 94 25 94 27 92 27 92 25
18 85 22 85 22 89 18 89 18 85
34 85 36 85 36 87 34 87 34 85
76 53 79 53 79 57 76 57 76 53
26 22 29 22 29 27 26 27 26 22
8 42 11 42 11 44 8 44 8 42
35 35 39 35 39 37 35 37 35 35
94 57 98 57 98 61 94 61 94 57
17 3 20 3 20 6 17 6 17 3
26 29 29 29 29 34 26 34 26 29
61 84 66 84 66 89 61 89 61 84
14 78 19 78 19 80 14 80 14 78
86 71 91 71 91 75 86 75 86 71
41 21 45 21 45 25 41 25 41 21
57 31 59 31 59 33 57 33 57 31
4 88 7 88 7 93 4 93 4 88
25 15 28 15 28 18 25 18 25 15
72 38 77 38 77 40 72 40 72 38
2 18 4 18 4 21 2 21 2 18
10 69 12 69 12 74 10 74 10 69
62 21 64 21 64 23 62 23 62 21
60 51 62 51 62 54 60 54 60 51
3 7 6 7 6 12 3 12 3 7
28 75 30 75 30 79 28 79 28 75
87 27 90 27 90 32 87 32 87 27
64 42 67 42 67 47 64 47 64 42
84 10 88 10 88 15 84 15 84 10
73 15 76 15 76 19 73 19 73 15
24 70 27 70 27 75 24 75 24 70
62 30 64 30 64 35 62 35 62 30
83 21 85 21 85 26 83 26 83 21
92 72 95 72 95 75 92 75 92 72
63 59 66 59 66 61 63 61 63 59
89 2 93 2 93 5 89 5 89 2
30 27 32 27 32 30 30 30 30 27
39 26 44 26 44 31 39 31 39 26
28 41 32 41 32 44 28 44 28 41
80 34 83 34 83 37 80 37 80 34
96 18 98 18 98 20 96 20 96 18
57 93 59 93 59 97 57 97 57 93
48 63 51 63 51 65 48 65 48 63
12 83 14 83 14 86 12 86 12 83
44 18 49 18 49 20 44 20 44 18
84 17 87 17 87 20 84 20 84 17
4 41 7 41 7 46 4 46 4 41
59 3 62 3 62 6 59 6 59 3
85 92 89 92 89 97 85 97 85 92
30 87 33 87 33 90 30 90 30 87
50 30 53 30 53 33 50 33 50 30
67 10 71 10 71 15 67 15 67 10
45 79 50 79 50 83 45 83 45 79
44 12 48 12 48 14 44 14 44 12
65 31 67 31 67 36 65 36 65 31
29 3 32 3 32 5 29 5 29 3
36 43 41 43 41 48 36 48 36 43
4 52 6 52 6 54 4 54 4 52
62 92 65 92 65 96 62 96 62 92
5 22 8 22 8 24 5 24 5 22
22 62 25 62 25 67 22 67 22 62
46 40 51 40 51 45 46 45 46 40
38 81 42 81 42 84 38 84 38 81
21 39 25 39 25 43 21 43 21 39
80 28 83 28 83 32 80 32 80 28
36 74 39 74 39 78 36 78 36 74
93 66 96 66 96 70 93 70 93 66
93 21 96 21 96 24 93 24 93 21
2 71 5 71 5 76 2 76 2 71
95 79 97 79 97 81 95 81 95 79
24 80 26 80 26 84 24 84 24 80
21 55 24 55 24 60 21 60 21 55
9 5 11 5 11 9 9 9 9 5
74 22 76 22 76 25 74 25 74 22
49 9 53 9 53 13 49 13 49 9
43 43 45 43 45 46 43 46 43 43
31 56 33 56 33 58 31 58 31 56
28 7 30 7 30 10 28 10 28 7
77 24 80 24 80 26 77 26 77 24
69 41 72 41 72 45 69 45 69 41
20 91 22 91 22 95 20 95 20 91
10 38 12 38 12 40 10 40 10 38
7 51 10 51 10 54 7 54 7 51
85 89 89 89 89 91 85 91 85 89
30 59 33 59 33 62 30 62 30 59
9 80 11 80 11 84 9 84 9 80
53 60 57 60 57 64 53 64 53 60
58 15 60 15 60 19 58 19 58 15
4 94 7 94 7 97 4 97 4 94
73 8 76 8 76 12 73 12 73 8
67 84 69 84 69 89 67 89 67 84
44 3 47 3 47 6 44 6 44 3
28 81 30 81 30 83 28 83 28 81
84 79 87 79 87 82 84 82 84 79
65 28 68 28 68 30 65 30 65 28
46 92 48 92 48 95 46 95 46 92
9 61 13 61 13 63 9 63 9 61
63 54 68 54 68 58 63 58 63 54
93 82 96 82 96 84 93 84 93 82
51 54 54 54 54 57 51 57 51 54
