6 92 9 92 9 97 6 97 6 92
25 62 27 62 27 65 25 65 25 62
32 55 34 55 34 57 32 57 32 55
9 72 14 72 14 75 9 75 9 72
94 70 96 70 96 72 94 72 94 70
59 2 61 2 61 6 59 6 59 2
21 69 24 69 24 72 21 72 21 69
61 26 66 26 66 30 61 30 61 26
89 9 91 9 91 14 89 14 89 9
65 2 70 2 70 5 65 5 65 2
74 79 78 79 78 83 74 83 74 79
50 91 52 91 52 96 50 96 50 91
94 45 97 45 97 47 94 47 94 45
19 38 24 38 24 41 19 41 19 38
65 14 69 14 69 18 65 18 65 14
59 17 62 17 62 21 59 21 59 17
28 94 30 94 30 98 28 98 28 94
39 74 42 74 42 77 39 77 39 74
24 47 27 47 27 51 24 51 24 47
51 81 53 81 53 84 51 84 51 81
42 51 46 51 46 54 42 54 42 51
75 43 80 43 80 46 75 46 75 43
91 87 96 87 96 90 91 90 91 87
62 35 64 35 64 40 62 40 62 35
17 14 19 14 19 17 17 17 17 14
23 57 27 57 27 60 23 60 23 57
69 79 73 79 73 82 69 82 69 79
45 68 47 68 47 73 45 73 45 68
4 66 6 66 6 68 4 68 4 66
81 47 83 47 83 50 81 50 81 47
20 52 23 52 23 56 20 56 20 52
47 36 49 36 49 40 47 40 47 36
13 91 17 91 17 96 13 96 13 91
60 72 64 72 64 76 60 76 60 72
39 88 41 88 41 93 39 93 39 88
36 26 40 26 40 28 36 28 36 26
79 83 84 83 84 85 79 85 79 83
78 14 83 14 83 18 78 18 78 14
82 59 85 59 85 64 82 64 82 59
57 31 61 31 61 34 57 34 57 31
74 88 76 88 76 92 74 92 74 88
13 33 15 33 15 35 13 35 13 33
69 60 74 60 74 63 69 63 69 60
6 4 11 4 11 8 6 8 6 4
83 71 86 71 86 74 83 74 83 71
89 69 91 69 91 74 89 74 89 69
61 81 64 81 64 86 61 86 61 81
69 42 74 42 74 45 69 45 69 42
6 40 8 40 8 43 6 43 6 40
45 92 48 92 48 97 45 97 45 92
64 19 68 19 68 24 64 24 64 19
88 63 92 63 92 68 88 68 88 63
92 12 96 12 96 17 92 17 92 12
94 58 98 58 98 63 94 63 94 58
78 40 83 40 83 42 78 42 78 40
54 87 56 87 56 91 54 91 54 87
6 30 11 30 11 34 6 34 6 30
89 30 94 30 94 32 89 32 89 30
63 66 66 66 66 70 63 70 63 66
51 23 53 23 53 25 51 25 51 23
54 80 56 80 56 85 54 85 54 80
47 45 51 45 51 49 47 49 47 45
10 57 12 57 12 62 10 62 10 57
27 17 30 17 30 20 27 20 27 17
14 53 18 53 18 55 14 55 14 53
17 7 19 7 19 11 17 11 17 7
30 26 35 26 35 31 30 31 30 26
20 62 24 62 24 64 20 64 20 62
49 50 53 50 53 53 49 53 49 50
54 22 58 22 58 26 54 26 54 22
19 4 22 4 22 6 19 6 19 4
77 88 80 88 80 92 77 92 77 88
91 49 95 49 95 53 91 53 91 49
82 65 84 65 84 69 82 69 82 65
70 75 74 75 74 78 70 78 70 75
10 82 13 82 13 87 10 87 10 82
51 67 54 67 54 70 51 70 51 67
32 7 34 7 34 11 32 11 32 7
17 87 20 87 20 90 17 90 17 87
69 31 71 31 71 36 69 36 69 31
24 75 26 75 26 79 24 79 24 75
56 58 59 58 59 63 56 63 56 58
87 78 90 78 90 81 87 81 87 78
44 30 48 30 48 32 44 32 44 30
58 45 61 45 61 48 58 48 58 45
9 42 14 42 14 44 9 44 9 42
88 41 93 41 93 44 88 44 88 41
52 74 54 74 54 78 52 78 52 74
74 13 77 13 77 16 74 16 74 13
58 93 63 93 63 98 58 98 58 93
59 8 64 8 64 13 59 13 59 8
32 36 37 36 37 41 32 41 32 36
54 48 56 48 56 50 54 50 54 48
15 73 19 73 19 76 15 76 15 73
81 30 84 30 84 34 81 34 81 30
56 2 58 2 58 4 56 4 56 2
81 54 83 54 83 57 81 57 81 54
50 2 52 2 52 7 50 7 50 2
3 8 5 8 5 11 3 11 3 8
50 16 53 16 53 20 50 20 50 16
90 18 94 18 94 23 90 23 90 18
77 71 81 71 81 74 77 74 77 71
90 26 95 26 95 29 90 29 90 26
44 15 46 15 46 19 44 19 44 15
87 92 89 92 89 97 87 97 87 92
42 2 44 2 44 7 42 7 42 2
5 89 10 89 10 91 5 91 5 89
15 42 19 42 19 47 15 47 15 42
72 30 76 30 76 35 72 35 72 30
11 24 14 24 14 26 11 26 11 24
66 52 68 52 68 57 66 57 66 52
71 54 75 54 75 56 71 56 71 54
39 66 41 66 41 70 39 70 39 66
41 28 43 28 43 33 41 33 41 28
83 75 85 75 85 77 83 77 83 75
15 79 20 79 20 81 15 81 15 79
12 21 17 21 17 23 12 23 12 21
18 92 20 92 20 96 18 96 18 92
72 21 76 21 76 26 72 26 72 21
44 10 47 10 47 13 44 13 44 10
31 12 34 12 34 17 31 17 31 12
14 83 19 83 19 86 14 86 14 83
32 90 37 90 37 93 32 93 32 90
19 25 21 25 21 27 19 27 19 25
3 17 8 17 8 20 3 20 3 17
39 39 44 39 44 44 39 44 39 39
50 40 52 40 52 43 50 43 50 40
87 4 90 4 90 8 87 8 87 4
51 29 53 29 53 31 51 31 51 29
4 13 7 13 7 16 4 16 4 13
21 42 24 42 24 44 21 44 21 42
64 91 69 91 69 94 64 94 64 91
93 93 95 93 95 95 93 95 93 93
91 77 94 77 94 81 91 81 91 77
13 36 15 36 15 40 13 40 13 36
25 34 30 34 30 39 25 39 25 34
36 20 40 20 40 23 36 23 36 20
55 70 58 70 58 72 55 72 55 70
20 49 22 49 22 51 20 51 20 49
28 65 33 65 33 70 28 70 28 65
74 93 78 93 78 96 74 96 74 93
22 15 26 15 26 20 22 20 22 15
37 12 41 12 41 17 37 17 37 12
45 59 48 59 48 63 45 63 45 59
24 26 28 26 28 31 24 31 24 26
36 52 39 52 39 54 36 54 36 52
40 56 43 56 43 61 40 61 40 56
82 89 84 89 84 92 82 92 82 89
46 76 51 76 51 78 46 78 46 76
78 21 81 21 81 26 78 26 78 21
71 4 75 4 75 9 71 9 71 4
87 36 90 36 90 39 87 39 87 36
13 56 18 56 18 59 13 59 13 56
66 36 68 36 68 38 66 38 66 36
64 77 67 77 67 79 64 79 64 77
33 72 38 72 38 74 33 74 33 72
52 10 55 10 55 15 52 15 52 10
93 5 96 5 96 9 93 9 93 5
45 86 50 86 50 90 45 90 45 86
7 46 12 46 12 50 7 50 7 46
77 2 80 2 80 6 77 6 77 2
55 28 59 28 59 30 55 30 55 28
30 42 34 42 34 45 30 45 30 42
87 16 89 16 89 20 87 20 87 16
15 65 20 65 20 70 15 70 15 65
75 36 80 36 80 39 75 39 75 36
69 38 72 38 72 41 69 41 69 38
35 47 39 47 39 51 35 51 35 47
2 57 4 57 4 60 2 60 2 57
23 23 25 23 25 25 23 25 23 23
34 59 38 59 38 61 34 61 34 59
22 80 26 80 26 83 22 83 22 80
25 90 27 90 27 93 25 93 25 90
33 77 37 77 37 81 33 81 33 77
57 90 59 90 59 92 57 92 57 90
5 22 7 22 7 27 5 27 5 22
74 70 76 70 76 74 74 74 74 70
86 55 91 55 91 59 86 59 86 55
57 53 61 53 61 55 57 55 57 53
35 4 38 4 38 7 35 7 35 4
30 85 32 85 32 87 30 87 30 85
87 45 90 45 90 48 87 48 87 45
9 67 12 67 12 70 9 70 9 67
86 49 88 49 88 53 86 53 86 49
87 83 89 83 89 85 87 85 87 83
42 78 44 78 44 82 42 82 42 78
71 67 73 67 73 70 71 70 71 67
76 7 81 7 81 10 76 10 76 7
67 68 69 68 69 72 67 72 67 68
3 54 8 54 8 56 3 56 3 54
54 35 59 35 59 37 54 37 54 35
11 15 15 15 15 18 11 18 11 15
70 47 73 47 73 51 70 51 70 47
81 36 83 36 83 39 81 39 81 36
39 83 42 83 42 87 39 87 39 83
13 2 15 2 15 7 13 7 13 2
26 7 28 7 28 10 26 10 26 7
5 72 8 72 8 76 5 76 5 72
51 56 54 56 54 61 51 61 51 56
53 5 55 5 55 7 53 7 53 5
