61 11 63 11 63 16 61 16 61 11
53 61 57 61 57 66 53 66 53 61
81 19 83 19 83 24 81 24 81 19
45 85 50 85 50 88 45 88 45 85
9 5 12 5 12 8 9 8 9 5
42 38 44 38 44 41 42 41 42 38
36 13 41 13 41 15 36 15 36 13
24 91 29 91 29 93 24 93 24 91
16 41 20 41 20 44 16 44 16 41
27 68 30 68 30 72 27 72 27 68
73 84 77 84 77 89 73 89 73 84
8 80 12 80 12 82 8 82 8 80
19 62 23 62 23 66 19 66 19 62
75 76 77 76 77 80 75 80 75 76
67 67 69 67 69 72 67 72 67 67
64 30 69 30 69 34 64 34 64 30
71 93 76 93 76 96 71 96 71 93
84 16 89 16 89 21 84 21 84 16
96 4 98 4 98 7 96 7 96 4
67 12 70 12 70 16 67 16 67 12
89 27 93 27 93 30 89 30 89 27
52 31 54 31 54 34 52 34 52 31
24 84 29 84 29 86 24 86 24 84
85 56 89 56 89 58 85 58 85 56
73 7 77 7 77 11 73 11 73 7
20 58 22 58 22 60 20 60 20 58
86 65 91 65 91 69 86 69 86 65
87 43 90 43 90 46 87 46 87 43
67 84 71 84 71 89 67 89 67 84
41 5 43 5 43 7 41 7 41 5
12 85 14 85 14 90 12 90 12 85
93 70 95 70 95 72 93 72 93 70
28 25 30 25 30 27 28 27 28 25
91 89 96 89 96 94 91 94 91 89
32 38 34 38 34 40 32 40 32 38
20 81 25 81 25 83 20 83 20 81
65 91 67 91 67 94 65 94 65 91
96 62 98 62 98 64 96 64 96 62
48 5 51 5 51 8 48 8 48 5
75 36 77 36 77 40 75 40 75 36
61 78 65 78 65 80 61 80 61 78
54 50 59 50 59 52 54 52 54 50
3 3 5 3 5 5 3 5 3 3
66 24 68 24 68 26 66 26 66 24
30 42 32 42 32 46 30 46 30 42
78 11 81 11 81 13 78 13 78 11
47 25 49 25 49 29 47 29 47 25
75 61 77 61 77 66 75 66 75 61
73 41 78 41 78 43 73 43 73 41
45 6 47 6 47 11 45 11 45 6
31 87 35 87 35 90 31 90 31 87
30 81 32 81 32 85 30 85 30 81
93 79 98 79 98 82 93 82 93 79
10 43 14 43 14 46 10 46 10 43
55 37 58 37 58 41 55 41 55 37
79 54 81 54 81 56 79 56 79 54
61 85 66 85 66 88 61 88 61 85
72 61 74 61 74 65 72 65 72 61
43 24 46 24 46 26 43 26 43 24
4 62 6 62 6 64 4 64 4 62
6 57 11 57 11 61 6 61 6 57
29 8 31 8 31 13 29 13 29 8
69 38 71 38 71 40 69 40 69 38
63 17 67 17 67 21 63 21 63 17
80 69 85 69 85 74 80 74 80 69
26 53 31 53 31 57 26 57 26 53
84 81 88 81 88 86 84 86 84 81
53 22 58 22 58 24 53 24 53 22
66 74 71 74 71 78 66 78 66 74
89 3 93 3 93 7 89 7 89 3
21 15 23 15 23 17 21 17 21 15
84 2 86 2 86 7 84 7 84 2
31 74 36 74 36 79 31 79 31 74
60 71 65 71 65 74 60 74 60 71
87 48 91 48 91 53 87 53 87 48
51 71 53 71 53 76 51 76 51 71
20 72 24 72 24 75 20 75 20 72
47 42 50 42 50 45 47 45 47 42
35 66 37 66 37 70 35 70 35 66
72 49 74 49 74 51 72 51 72 49
56 78 58 78 58 83 56 83 56 78
21 28 25 28 25 31 21 31 21 28
21 35 24 35 24 40 21 40 21 35
43 76 47 76 47 78 43 78 43 76
60 30 62 30 62 32 60 32 60 30
9 96 12 96 12 98 9 98 9 96
24 63 27 63 27 65 24 65 24 63
15 27 19 27 19 31 15 31 15 27
3 65 7 65 7 67 3 67 3 65
96 27 98 27 98 32 96 32 96 27
70 28 75 28 75 30 70 30 70 28
91 23 96 23 96 26 91 26 91 23
27 32 29 32 29 37 27 37 27 32
52 46 56 46 56 48 52 48 52 46
77 23 79 23 79 26 77 26 77 23
79 32 81 32 81 37 79 37 79 32
22 22 27 22 27 27 22 27 22 22
41 80 45 80 45 83 41 83 41 80
51 54 54 54 54 57 51 57 51 54
33 58 35 58 35 63 33 63 33 58
90 70 92 70 92 74 90 74 90 70
49 91 54 91 54 95 49 95 49 91
5 25 7 25 7 30 5 30 5 25
35 20 40 20 40 24 35 24 35 20
90 57 95 57 95 62 90 62 90 57
35 29 40 29 40 33 35 33 35 29
92 47 97 47 97 49 92 49 92 47
71 25 74 25 74 27 71 27 71 25
61 57 66 57 66 59 61 59 61 57
86 34 88 34 88 38 86 38 86 34
43 95 47 95 47 97 43 97 43 95
20 48 25 48 25 52 20 52 20 48
6 14 11 14 11 16 6 16 6 14
81 96 86 96 86 98 81 98 81 96
62 45 64 45 64 48 62 48 62 45
41 50 45 50 45 54 41 54 41 50
66 37 68 37 68 39 66 39 66 37
65 4 67 4 67 7 65 7 65 4
27 3 31 3 31 6 27 6 27 3
2 72 5 72 5 75 2 75 2 72
36 57 41 57 41 62 36 62 36 57
16 64 18 64 18 67 16 67 16 64
17 10 19 10 19 13 17 13 17 10
32 10 35 10 35 12 32 12 32 10
16 76 20 76 20 79 16 79 16 76
9 73 12 73 12 76 9 76 9 73
85 30 87 30 87 33 85 33 85 30
40 90 45 90 45 93 40 93 40 90
23 67 26 67 26 70 23 70 23 67
41 69 44 69 44 74 41 74 41 69
3 34 5 34 5 36 3 36 3 34
2 11 5 11 5 14 2 14 2 11
68 7 71 7 71 11 68 11 68 7
32 15 34 15 34 19 32 19 32 15
46 32 51 32 51 35 46 35 46 32
71 68 74 68 74 72 71 72 71 68
17 18 22 18 22 20 17 20 17 18
87 72 89 72 89 75 87 75 87 72
23 2 25 2 25 7 23 7 23 2
67 46 71 46 71 50 67 50 67 46
60 40 63 40 63 43 60 43 60 40
38 68 40 68 40 72 38 72 38 68
7 31 12 31 12 33 7 33 7 31
59 91 62 91 62 95 59 95 59 91
55 5 57 5 57 10 55 10 55 5
55 12 59 12 59 15 55 15 55 12
14 94 16 94 16 97 14 97 14 94
74 53 76 53 76 58 74 58 74 53
76 81 81 81 81 83 76 83 76 81
26 73 28 73 28 77 26 77 26 73
47 18 52 18 52 20 47 20 47 18
11 64 15 64 15 68 11 68 11 64
62 8 66 8 66 10 62 10 62 8
90 31 95 31 95 34 90 34 90 31
73 14 75 14 75 16 73 16 73 14
6 47 11 47 11 51 6 51 6 47
28 61 30 61 30 65 28 65 28 61
13 33 15 33 15 36 13 36 13 33
46 72 49 72 49 74 46 74 46 72
7 35 12 35 12 38 7 38 7 35
50 49 53 49 53 51 50 51 50 49
3 7 5 7 5 10 3 10 3 7
2 52 6 52 6 55 2 55 2 52
79 39 81 39 81 42 79 42 79 39
7 2 11 2 11 4 7 4 7 2
70 3 73 3 73 5 70 5 70 3
53 2 55 2 55 4 53 4 53 2
95 50 98 50 98 53 95 53 95 50
83 34 85 34 85 39 83 39 83 34
84 8 88 8 88 12 84 12 84 8
95 36 98 36 98 39 95 39 95 36
15 51 18 51 18 56 15 56 15 51
44 18 46 18 46 20 44 20 44 18
16 69 18 69 18 74 16 74 16 69
50 77 55 77 55 82 50 82 50 77
39 42 43 42 43 44 39 44 39 42
41 17 43 17 43 22 41 22 41 17
79 49 82 49 82 53 79 53 79 49
45 38 47 38 47 40 45 40 45 38
36 51 39 51 39 55 36 55 36 51
42 60 47 60 47 63 42 63 42 60
13 47 18 47 18 50 13 50 13 47
27 19 31 19 31 21 27 21 27 19
59 18 61 18 61 22 59 22 59 18
96 54 98 54 98 58 96 58 96 54
17 93 22 93 22 95 17 95 17 93
84 45 86 45 86 47 84 47 84 45
32 35 36 35 36 37 32 37 32 35
48 12 53 12 53 15 48 15 48 12
3 88 8 88 8 91 3 91 3 88
53 17 58 17 58 19 53 19 53 17
60 64 64 64 64 66 60 66 60 64
42 55 45 55 45 57 42 57 42 55
15 82 19 82 19 86 15 86 15 82
25 13 27 13 27 16 25 16 25 13
26 96 29 96 29 98 26 98 26 96
76 17 78 17 78 19 76 19 76 17
67 64 71 64 71 66 67 66 67 64
47 65 51 65 51 68 47 68 47 65
87 22 90 22 90 26 87 26 87 22
