81 8 83 8 83 13 81 13 81 8
38 46 43 46 43 48 38 48 38 46
24 91 29 91 29 93 24 93 24 91
42 69 46 69 46 71 42 71 42 69
32 24 36 24 36 28 32 28 32 24
87 67 91 67 91 71 87 71 87 67
75 57 80 57 80 62 75 62 75 57
59 19 62 19 62 21 59 21 59 19
28 21 32 21 32 23 28 23 28 21
67 30 72 30 72 34 67 34 67 30
21 68 25 68 25 73 21 73 21 68
38 94 42 94 42 97 38 97 38 94
19 94 21 94 21 97 19 97 19 94
61 93 64 93 64 98 61 98 61 93
51 53 53 53 53 56 51 56 51 53
72 41 74 41 74 45 72 45 72 41
62 73 65 73 65 77 62 77 62 73
4 28 7 28 7 30 4 30 4 28
20 40 25 40 25 43 20 43 20 40
34 8 39 8 39 10 34 10 34 8
62 55 65 55 65 60 62 60 62 55
24 2 27 2 27 7 24 7 24 2
31 12 34 12 34 16 31 16 31 12
25 46 28 46 28 50 25 50 25 46
73 68 78 68 78 72 73 72 73 68
9 93 12 93 12 98 9 98 9 93
2 95 6 95 6 98 2 98 2 95
50 28 53 28 53 33 50 33 50 28
79 34 81 34 81 36 79 36 79 34
35 59 37 59 37 63 35 63 35 59
27 26 30 26 30 28 27 28 27 26
20 78 22 78 22 83 20 83 20 78
73 10 75 10 75 15 73 15 73 10
38 87 40 87 40 91 38 91 38 87
44 24 49 24 49 26 44 26 44 24
83 80 85 80 85 85 83 85 83 80
38 39 43 39 43 43 38 43 38 39
26 36 29 36 29 41 26 41 26 36
13 17 18 17 18 19 13 19 13 17
73 35 75 35 75 39 73 39 73 35
59 79 62 79 62 84 59 84 59 79
59 86 63 86 63 90 59 90 59 86
29 46 33 46 33 51 29 51 29 46
85 54 87 54 87 57 85 57 85 54
91 40 93 40 93 44 91 44 91 40
58 67 61 67 61 72 58 72 58 67
3 55 7 55 7 59 3 59 3 55
3 44 8 44 8 48 3 48 3 44
43 62 45 62 45 67 43 67 43 62
29 85 32 85 32 88 29 88 29 85
41 83 46 83 46 88 41 88 41 83
61 32 63 32 63 37 61 37 61 32
89 33 94 33 94 35 89 35 89 33
77 73 82 73 82 78 77 78 77 73
76 85 78 85 78 89 76 89 76 85
47 62 52 62 52 64 47 64 47 62
40 6 44 6 44 10 40 10 40 6
7 36 11 36 11 39 7 39 7 36
69 16 73 16 73 21 69 21 69 16
49 7 52 7 52 11 49 11 49 7
56 56 61 56 61 60 56 60 56 56
62 39 66 39 66 43 62 43 62 39
76 8 79 8 79 11 76 11 76 8
24 32 28 32 28 34 24 34 24 32
40 58 42 58 42 60 40 60 40 58
95 5 97 5 97 10 95 10 95 5
56 31 58 31 58 36 56 36 56 31
8 80 13 80 13 82 8 82 8 80
88 60 90 60 90 63 88 63 88 60
88 93 91 93 91 98 88 98 88 93
25 78 27 78 27 82 25 82 25 78
47 69 51 69 51 73 47 73 47 69
49 85 52 85 52 88 49 88 49 85
56 2 59 2 59 7 56 7 56 2
96 72 98 72 98 77 96 77 96 72
51 48 56 48 56 51 51 51 51 48
66 56 71 56 71 60 66 60 66 56
77 28 81 28 81 32 77 32 77 28
54 22 57 22 57 25 54 25 54 22
63 22 66 22 66 26 63 26 63 22
34 18 37 18 37 21 34 21 34 18
76 45 81 45 81 50 76 50 76 45
78 41 80 41 80 43 78 43 78 41
9 58 13 58 13 60 9 60 9 58
81 69 86 69 86 71 81 71 81 69
75 52 77 52 77 56 75 56 75 52
45 36 47 36 47 39 45 39 45 36
77 37 79 37 79 40 77 40 77 37
37 72 40 72 40 76 37 76 37 72
46 90 49 90 49 93 46 93 46 90
29 42 31 42 31 45 29 45 29 42
29 75 34 75 34 77 29 77 29 75
72 23 76 23 76 25 72 25 72 23
38 25 41 25 41 28 38 28 38 25
3 32 7 32 7 34 3 34 3 32
41 73 44 73 44 78 41 78 41 73
95 45 97 45 97 49 95 49 95 45
81 87 86 87 86 89 81 89 81 87
11 69 16 69 16 72 11 72 11 69
11 30 13 30 13 35 11 35 11 30
53 96 57 96 57 98 53 98 53 96
22 35 25 35 25 37 22 37 22 35
70 61 73 61 73 63 70 63 70 61
63 6 65 6 65 8 63 8 63 6
82 39 84 39 84 44 82 44 82 39
75 95 78 95 78 98 75 98 75 95
14 74 16 74 16 76 14 76 14 74
42 90 45 90 45 92 42 92 42 90
57 10 59 10 59 12 57 12 57 10
17 23 19 23 19 26 17 26 17 23
49 18 52 18 52 23 49 23 49 18
33 54 38 54 38 57 33 57 33 54
45 31 47 31 47 33 45 33 45 31
43 50 47 50 47 54 43 54 43 50
9 8 12 8 12 13 9 13 9 8
63 11 65 11 65 13 63 13 63 11
88 83 93 83 93 85 88 85 88 83
51 43 56 43 56 47 51 47 51 43
5 89 10 89 10 92 5 92 5 89
89 13 94 13 94 15 89 15 89 13
18 52 22 52 22 56 18 56 18 52
86 6 91 6 91 9 86 9 86 6
32 38 35 38 35 42 32 42 32 38
51 78 55 78 55 83 51 83 51 78
21 30 23 30 23 32 21 32 21 30
31 69 33 69 33 71 31 71 31 69
48 4 53 4 53 6 48 6 48 4
70 72 72 72 72 74 70 74 70 72
50 40 55 40 55 42 50 42 50 40
57 45 60 45 60 50 57 50 57 45
18 8 22 8 22 12 18 12 18 8
4 2 7 2 7 5 4 5 4 2
25 9 28 9 28 11 25 11 25 9
81 62 85 62 85 67 81 67 81 62
88 3 93 3 93 5 88 5 88 3
11 46 13 46 13 50 11 50 11 46
13 53 15 53 15 56 13 56 13 53
5 74 9 74 9 78 5 78 5 74
25 13 30 13 30 16 25 16 25 13
82 53 84 53 84 58 82 58 82 53
2 36 4 36 4 39 2 39 2 36
83 95 86 95 86 97 83 97 83 95
5 67 7 67 7 72 5 72 5 67
21 45 24 45 24 48 21 48 21 45
6 21 10 21 10 23 6 23 6 21
24 54 26 54 26 56 24 56 24 54
65 86 70 86 70 91 65 91 65 86
29 79 31 79 31 81 29 81 29 79
8 68 10 68 10 73 8 73 8 68
76 80 78 80 78 83 76 83 76 80
87 20 91 20 91 22 87 22 87 20
66 10 69 10 69 15 66 15 66 10
52 14 55 14 55 16 52 16 52 14
12 38 17 38 17 40 12 40 12 38
84 27 89 27 89 31 84 31 84 27
94 25 98 25 98 27 94 27 94 25
13 4 16 4 16 8 13 8 13 4
60 16 63 16 63 18 60 18 60 16
15 31 17 31 17 35 15 35 15 31
44 13 47 13 47 18 44 18 44 13
59 73 61 73 61 76 59 76 59 73
69 35 71 35 71 38 69 38 69 35
43 57 47 57 47 60 43 60 43 57
86 36 89 36 89 41 86 41 86 36
15 86 20 86 20 88 15 88 15 86
58 25 60 25 60 29 58 29 58 25
4 15 6 15 6 20 4 20 4 15
2 50 5 50 5 53 2 53 2 50
87 75 92 75 92 77 87 77 87 75
64 62 68 62 68 66 64 66 64 62
73 3 78 3 78 7 73 7 73 3
36 66 38 66 38 69 36 69 36 66
26 86 28 86 28 89 26 89 26 86
76 91 78 91 78 94 76 94 76 91
42 19 45 19 45 21 42 21 42 19
80 20 82 20 82 25 80 25 80 20
69 39 71 39 71 42 69 42 69 39
58 62 63 62 63 66 58 66 58 62
91 24 93 24 93 29 91 29 91 24
92 58 94 58 94 63 92 63 92 58
90 53 93 53 93 56 90 56 90 53
30 32 33 32 33 35 30 35 30 32
14 57 16 57 16 59 14 59 14 57
26 65 29 65 29 70 26 70 26 65
22 94 27 94 27 98 22 98 22 94
68 82 73 82 73 85 68 85 68 82
11 26 14 26 14 29 11 29 11 26
20 90 22 90 22 92 20 92 20 90
17 74 22 74 22 76 17 76 17 74
56 38 60 38 60 42 56 42 56 38
34 43 37 43 37 48 34 48 34 43
2 79 6 79 6 81 2 81 2 79
67 93 69 93 69 97 67 97 67 93
76 14 80 14 80 18 76 18 76 14
77 22 79 22 79 25 77 25 77 22
66 47 69 47 69 49 66 49 66 47
39 68 41 68 41 71 39 71 39 68
16 61 19 61 19 65 16 65 16 61
29 60 34 60 34 63 29 63 29 60
7 50 10 50 10 53 7 53 7 50
