27 37 32 37 32 42 27 42 27 37
42 57 45 57 45 61 42 61 42 57
74 40 78 40 78 43 74 43 74 40
94 50 98 50 98 55 94 55 94 50
7 21 9 21 9 26 7 26 7 21
19 25 22 25 22 28 19 28 19 25
54 86 58 86 58 89 54 89 54 86
43 30 47 30 47 35 43 35 43 30
67 83 69 83 69 86 67 86 67 83
41 10 43 10 43 13 41 13 41 10
33 61 36 61 36 63 33 63 33 61
83 8 85 8 85 11 83 11 83 8
33 80 38 80 38 83 33 83 33 80
11 35 16 35 16 40 11 40 11 35
16 50 20 50 20 53 16 53 16 50
59 41 64 41 64 46 59 46 59 41
18 33 21 33 21 38 18 38 18 33
69 80 74 80 74 82 69 82 69 80
32 26 35 26 35 29 32 29 32 26
76 74 81 74 81 79 76 79 76 74
25 91 30 91 30 96 25 96 25 91
21 59 24 59 24 62 21 62 21 59
93 43 97 43 97 47 93 47 93 43
24 77 27 77 27 81 24 81 24 77
75 3 77 3 77 8 75 8 75 3
29 19 31 19 31 23 29 23 29 19
93 56 95 56 95 61 93 61 93 56
48 81 53 81 53 83 48 83 48 81
40 81 43 81 43 84 40 84 40 81
72 50 75 50 75 55 72 55 72 50
54 64 59 64 59 68 54 68 54 64
83 13 88 13 88 18 83 18 83 13
79 37 81 37 81 39 79 39 79 37
19 45 22 45 22 49 19 49 19 45
40 51 42 51 42 56 40 56 40 51
2 78 6 78 6 82 2 82 2 78
42 16 45 16 45 19 42 19 42 16
29 30 34 30 34 32 29 32 29 30
83 50 85 50 85 52 83 52 83 50
2 15 4 15 4 18 2 18 2 15
12 2 15 2 15 6 12 6 12 2
33 64 37 64 37 67 33 67 33 64
63 59 67 59 67 62 63 62 63 59
77 53 80 53 80 56 77 56 77 53
91 33 95 33 95 35 91 35 91 33
83 28 88 28 88 33 83 33 83 28
29 52 32 52 32 56 29 56 29 52
85 75 89 75 89 78 85 78 85 75
29 61 31 61 31 66 29 66 29 61
32 93 37 93 37 97 32 97 32 93
8 88 12 88 12 90 8 90 8 88
24 84 27 84 27 88 24 88 24 84
70 15 75 15 75 19 70 19 70 15
59 16 64 16 64 20 59 20 59 16
10 16 13 16 13 20 10 20 10 16
71 83 76 83 76 88 71 88 71 83
92 12 96 12 96 17 92 17 92 12
44 26 46 26 46 29 44 29 44 26
10 45 15 45 15 50 10 50 10 45
42 41 44 41 44 46 42 46 42 41
55 58 59 58 59 61 55 61 55 58
47 9 52 9 52 11 47 11 47 9
35 19 40 19 40 22 35 22 35 19
77 84 79 84 79 88 77 88 77 84
7 80 11 80 11 84 7 84 7 80
14 68 18 68 18 70 14 70 14 68
90 64 95 64 95 66 90 66 90 64
61 11 64 11 64 13 61 13 61 11
95 73 97 73 97 77 95 77 95 73
54 18 56 18 56 22 54 22 54 18
9 59 14 59 14 64 9 64 9 59
24 12 26 12 26 17 24 17 24 12
55 48 57 48 57 51 55 51 55 48
80 83 82 83 82 86 80 86 80 83
48 68 50 68 50 72 48 72 48 68
84 65 89 65 89 69 84 69 84 65
8 27 12 27 12 30 8 30 8 27
11 75 13 75 13 78 11 78 11 75
25 47 30 47 30 49 25 49 25 47
29 7 34 7 34 9 29 9 29 7
87 46 90 46 90 48 87 48 87 46
17 79 20 79 20 82 17 82 17 79
6 71 8 71 8 76 6 76 6 71
46 15 50 15 50 18 46 18 46 15
62 52 64 52 64 56 62 56 62 52
16 19 19 19 19 22 16 22 16 19
4 50 8 50 8 54 4 54 4 50
82 72 87 72 87 74 82 74 82 72
19 5 24 5 24 8 19 8 19 5
33 37 37 37 37 39 33 39 33 37
3 55 5 55 5 59 3 59 3 55
84 2 89 2 89 4 84 4 84 2
50 36 54 36 54 39 50 39 50 36
91 93 96 93 96 97 91 97 91 93
49 29 54 29 54 32 49 32 49 29
49 2 54 2 54 4 49 4 49 2
59 27 62 27 62 31 59 31 59 27
85 59 90 59 90 63 85 63 85 59
48 74 50 74 50 77 48 77 48 74
2 19 5 19 5 22 2 22 2 19
72 70 77 70 77 73 72 73 72 70
39 88 44 88 44 93 39 93 39 88
55 92 57 92 57 94 55 94 55 92
67 67 71 67 71 69 67 69 67 67
76 25 79 25 79 27 76 27 76 25
88 5 91 5 91 7 88 7 88 5
94 4 98 4 98 6 94 6 94 4
40 29 42 29 42 34 40 34 40 29
24 24 26 24 26 26 24 26 24 24
91 40 93 40 93 42 91 42 91 40
64 81 66 81 66 84 64 84 64 81
83 79 87 79 87 84 83 84 83 79
74 60 78 60 78 64 74 64 74 60
60 93 63 93 63 95 60 95 60 93
42 73 44 73 44 76 42 76 42 73
30 2 35 2 35 6 30 6 30 2
28 11 33 11 33 16 28 16 28 11
69 7 74 7 74 12 69 12 69 7
65 39 70 39 70 41 65 41 65 39
60 88 64 88 64 90 60 90 60 88
55 14 57 14 57 17 55 17 55 14
6 42 10 42 10 44 6 44 6 42
32 70 35 70 35 72 32 72 32 70
46 64 48 64 48 66 46 66 46 64
53 42 56 42 56 46 53 46 53 42
5 34 7 34 7 38 5 38 5 34
71 2 73 2 73 5 71 5 71 2
10 11 12 11 12 14 10 14 10 11
12 53 14 53 14 55 12 55 12 53
96 37 98 37 98 42 96 42 96 37
23 37 25 37 25 39 23 39 23 37
17 13 19 13 19 15 17 15 17 13
91 84 93 84 93 89 91 89 91 84
89 17 91 17 91 21 89 21 89 17
31 75 34 75 34 77 31 77 31 75
12 71 14 71 14 73 12 73 12 71
15 26 17 26 17 28 15 28 15 26
44 49 49 49 49 53 44 53 44 49
11 85 14 85 14 87 11 87 11 85
16 84 20 84 20 88 16 88 16 84
8 92 10 92 10 95 8 95 8 92
24 19 26 19 26 23 24 23 24 19
25 54 28 54 28 56 25 56 25 54
36 25 38 25 38 29 36 29 36 25
64 76 69 76 69 78 64 78 64 76
34 41 39 41 39 45 34 45 34 41
42 38 46 38 46 40 42 40 42 38
95 21 97 21 97 26 95 26 95 21
3 89 7 89 7 93 3 93 3 89
79 67 83 67 83 69 79 69 79 67
3 12 8 12 8 14 3 14 3 12
72 93 77 93 77 96 72 96 72 93
55 78 58 78 58 83 55 83 55 78
80 87 83 87 83 91 80 91 80 87
70 32 73 32 73 34 70 34 70 32
70 43 73 43 73 46 70 46 70 43
67 26 72 26 72 28 67 28 67 26
93 78 97 78 97 81 93 81 93 78
96 57 98 57 98 59 96 59 96 57
11 94 13 94 13 96 11 96 11 94
90 50 92 50 92 55 90 55 90 50
28 78 30 78 30 82 28 82 28 78
85 92 90 92 90 94 85 94 85 92
46 20 51 20 51 22 46 22 46 20
31 87 34 87 34 91 31 91 31 87
46 57 50 57 50 60 46 60 46 57
2 65 6 65 6 67 2 67 2 65
21 71 23 71 23 75 21 75 21 71
84 55 87 55 87 58 84 58 84 55
16 65 19 65 19 67 16 67 16 65
80 42 84 42 84 45 80 45 80 42
91 28 95 28 95 31 91 31 91 28
86 89 90 89 90 91 86 91 86 89
14 8 16 8 16 11 14 11 14 8
2 73 5 73 5 77 2 77 2 73
47 86 51 86 51 88 47 88 47 86
39 64 44 64 44 68 39 68 39 64
86 96 89 96 89 98 86 98 86 96
22 34 24 34 24 36 22 36 22 34
20 55 24 55 24 57 20 57 20 55
79 59 81 59 81 64 79 64 79 59
67 21 69 21 69 23 67 23 67 21
80 12 82 12 82 15 80 15 80 12
46 92 49 92 49 97 46 97 46 92
6 6 8 6 8 8 6 8 6 6
65 91 69 91 69 93 65 93 65 91
36 2 39 2 39 6 36 6 36 2
54 5 58 5 58 9 54 9 54 5
54 71 56 71 56 75 54 75 54 71
7 67 10 67 10 69 7 69 7 67
68 56 73 56 73 61 68 61 68 56
36 11 39 11 39 16 36 16 36 11
44 6 49 6 49 8 44 8 44 6
36 74 41 74 41 76 36 76 36 74
20 9 25 9 25 11 20 11 20 9
69 62 71 62 71 64 69 64 69 62
88 41 90 41 90 43 88 43 88 41
40 2 43 2 43 7 40 7 40 2
47 39 49 39 49 43 47 43 47 39
58 21 60 21 60 23 58 23 58 21
