79 37 84 37 84 40 79 40 79 37
36 34 39 34 39 37 36 37 36 34
62 41 65 41 65 43 62 43 62 41
4 42 6 42 6 46 4 46 4 42
5 61 8 61 8 66 5 66 5 61
63 8 65 8 65 11 63 11 63 8
15 3 17 3 17 5 15 5 15 3
37 41 39 41 39 46 37 46 37 41
78 22 80 22 80 24 78 24 78 22
57 40 59 40 59 44 57 44 57 40
82 63 87 63 87 67 82 67 82 63
6 29 8 29 8 34 6 34 6 29
90 70 94 70 94 73 90 73 90 70
79 68 84 68 84 72 79 72 79 68
71 74 73 74 73 76 71 76 71 74
23 27 28 27 28 29 23 29 23 27
68 66 72 66 72 68 68 68 68 66
29 63 32 63 32 66 29 66 29 63
92 26 97 26 97 29 92 29 92 26
70 80 75 80 75 83 70 83 70 80
89 91 93 91 93 96 89 96 89 91
57 86 62 86 62 88 57 88 57 86
50 44 53 44 53 46 50 46 50 44
70 70 74 70 74 73 70 73 70 70
55 64 57 64 57 67 55 67 55 64
60 12 63 12 63 15 60 15 60 12
52 84 54 84 54 87 52 87 52 84
29 59 31 59 31 62 29 62 29 59
30 71 35 71 35 75 30 75 30 71
36 10 41 10 41 15 36 15 36 10
46 70 49 70 49 73 46 73 46 70
36 25 41 25 41 30 36 30 36 25
10 21 13 21 13 26 10 26 10 21
8 7 11 7 11 12 8 12 8 7
17 91 20 91 20 94 17 94 17 91
20 70 22 70 22 74 20 74 20 70
17 48 21 48 21 51 17 51 17 48
19 87 22 87 22 90 19 90 19 87
8 36 13 36 13 40 8 40 8 36
73 8 78 8 78 10 73 10 73 8
66 23 71 23 71 27 66 27 66 23
35 84 37 84 37 86 35 86 35 84
93 10 95 10 95 15 93 15 93 10
7 17 12 17 12 20 7 20 7 17
86 18 89 18 89 20 86 20 86 18
50 30 53 30 53 35 50 35 50 30
3 5 7 5 7 8 3 8 3 5
29 84 32 84 32 88 29 88 29 84
56 70 60 70 60 73 56 73 56 70
37 3 39 3 39 8 37 8 37 3
17 34 19 34 19 36 17 36 17 34
40 32 44 32 44 37 40 37 40 32
41 51 43 51 43 54 41 54 41 51
71 85 73 85 73 87 71 87 71 85
79 84 84 84 84 89 79 89 79 84
19 84 23 84 23 86 19 86 19 84
17 9 20 9 20 12 17 12 17 9
12 58 16 58 16 62 12 62 12 58
9 75 14 75 14 80 9 80 9 75
24 73 27 73 27 78 24 78 24 73
82 16 85 16 85 21 82 21 82 16
84 53 88 53 88 57 84 57 84 53
48 75 52 75 52 77 48 77 48 75
6 84 11 84 11 87 6 87 6 84
48 62 53 62 53 66 48 66 48 62
61 25 64 25 64 30 61 30 61 25
2 49 6 49 6 53 2 53 2 49
46 87 50 87 50 92 46 92 46 87
38 70 43 70 43 74 38 74 38 70
8 48 12 48 12 53 8 53 8 48
74 28 76 28 76 31 74 31 74 28
16 14 21 14 21 19 16 19 16 14
67 11 69 11 69 16 67 16 67 11
75 69 78 69 78 71 75 71 75 69
37 51 40 51 40 55 37 55 37 51
68 59 71 59 71 63 68 63 68 59
87 85 89 85 89 89 87 89 87 85
37 64 41 64 41 67 37 67 37 64
81 46 85 46 85 49 81 49 81 46
32 13 35 13 35 17 32 17 32 13
42 19 46 19 46 22 42 22 42 19
32 18 37 18 37 20 32 20 32 18
91 6 94 6 94 8 91 8 91 6
79 62 81 62 81 65 79 65 79 62
71 32 74 32 74 37 71 37 71 32
63 49 68 49 68 52 63 52 63 49
20 39 22 39 22 43 20 43 20 39
66 72 69 72 69 77 66 77 66 72
62 64 65 64 65 68 62 68 62 64
13 85 16 85 16 87 13 87 13 85
87 38 90 38 90 41 87 41 87 38
72 93 75 93 75 95 72 95 72 93
91 32 95 32 95 37 91 37 91 32
96 31 98 31 98 36 96 36 96 31
61 93 64 93 64 95 61 95 61 93
31 44 33 44 33 49 31 49 31 44
37 78 42 78 42 81 37 81 37 78
60 75 64 75 64 79 60 79 60 75
47 18 52 18 52 20 47 20 47 18
16 20 21 20 21 25 16 25 16 20
96 37 98 37 98 40 96 40 96 37
76 34 79 34 79 36 76 36 76 34
26 20 29 20 29 23 26 23 26 20
58 50 61 50 61 53 58 53 58 50
73 20 77 20 77 22 73 22 73 20
90 49 95 49 95 54 90 54 90 49
83 9 88 9 88 14 83 14 83 9
91 76 95 76 95 80 91 80 91 76
19 75 22 75 22 80 19 80 19 75
74 11 79 11 79 16 74 16 74 11
76 53 79 53 79 56 76 56 76 53
19 29 21 29 21 33 19 33 19 29
79 92 84 92 84 97 79 97 79 92
43 83 45 83 45 88 43 88 43 83
66 43 68 43 68 45 66 45 66 43
27 14 29 14 29 16 27 16 27 14
2 92 6 92 6 96 2 96 2 92
30 2 32 2 32 6 30 6 30 2
52 88 56 88 56 93 52 93 52 88
37 90 42 90 42 94 37 94 37 90
46 78 48 78 48 80 46 80 46 78
74 66 78 66 78 68 74 68 74 66
61 81 66 81 66 83 61 83 61 81
56 13 58 13 58 15 56 15 56 13
33 24 35 24 35 27 33 27 33 24
34 88 36 88 36 91 34 91 34 88
48 53 51 53 51 58 48 58 48 53
19 55 24 55 24 60 19 60 19 55
68 3 72 3 72 8 68 8 68 3
38 83 42 83 42 85 38 85 38 83
51 8 53 8 53 12 51 12 51 8
62 56 67 56 67 60 62 60 62 56
3 31 5 31 5 34 3 34 3 31
76 79 78 79 78 82 76 82 76 79
21 91 23 91 23 96 21 96 21 91
3 72 8 72 8 74 3 74 3 72
3 35 6 35 6 38 3 38 3 35
77 30 82 30 82 32 77 32 77 30
22 8 25 8 25 10 22 10 22 8
32 53 35 53 35 56 32 56 32 53
26 54 31 54 31 56 26 56 26 54
58 16 62 16 62 18 58 18 58 16
67 38 72 38 72 41 67 41 67 38
92 64 96 64 96 69 92 69 92 64
80 78 85 78 85 80 80 80 80 78
12 42 17 42 17 46 12 46 12 42
23 32 27 32 27 35 23 35 23 32
54 25 57 25 57 29 54 29 54 25
24 42 28 42 28 46 24 46 24 42
22 50 25 50 25 54 22 54 22 50
82 5 84 5 84 7 82 7 82 5
15 69 17 69 17 72 15 72 15 69
46 39 50 39 50 43 46 43 46 39
25 89 30 89 30 92 25 92 25 89
57 82 59 82 59 85 57 85 57 82
30 77 34 77 34 81 30 81 30 77
71 96 76 96 76 98 71 98 71 96
56 2 61 2 61 4 56 4 56 2
44 44 47 44 47 49 44 49 44 44
31 96 36 96 36 98 31 98 31 96
40 2 44 2 44 4 40 4 40 2
90 82 93 82 93 87 90 87 90 82
96 8 98 8 98 10 96 10 96 8
13 81 15 81 15 84 13 84 13 81
58 90 62 90 62 92 58 92 58 90
71 46 74 46 74 51 71 51 71 46
14 38 19 38 19 41 14 41 14 38
85 73 88 73 88 77 85 77 85 73
25 67 27 67 27 70 25 70 25 67
86 59 90 59 90 62 86 62 86 59
36 57 41 57 41 61 36 61 36 57
56 33 61 33 61 37 56 37 56 33
18 63 21 63 21 65 18 65 18 63
45 27 49 27 49 30 45 30 45 27
3 75 8 75 8 80 3 80 3 75
90 46 93 46 93 48 90 48 90 46
18 3 21 3 21 5 18 5 18 3
11 68 14 68 14 72 11 72 11 68
63 21 65 21 65 24 63 24 63 21
79 73 81 73 81 77 79 77 79 73
38 47 41 47 41 49 38 49 38 47
91 42 93 42 93 44 91 44 91 42
52 39 56 39 56 43 52 43 52 39
33 4 35 4 35 7 33 7 33 4
87 2 91 2 91 5 87 5 87 2
42 12 45 12 45 17 42 17 42 12
8 91 13 91 13 93 8 93 8 91
86 29 89 29 89 34 86 34 86 29
46 82 48 82 48 85 46 85 46 82
6 57 11 57 11 60 6 60 6 57
67 28 70 28 70 30 67 30 67 28
91 55 95 55 95 57 91 57 91 55
96 71 98 71 98 75 96 75 96 71
27 36 30 36 30 39 27 39 27 36
57 95 59 95 59 97 57 97 57 95
73 57 75 57 75 61 73 61 73 57
42 64 45 64 45 68 42 68 42 64
95 17 98 17 98 19 95 19 95 17
53 55 57 55 57 58 53 58 53 55
75 2 77 2 77 4 75 4 75 2
