26 5 30 5 30 10 26 10 26 5
79 91 81 91 81 93 79 93 79 91
26 2 29 2 29 4 26 4 26 2
37 25 40 25 40 30 37 30 37 25
49 64 53 64 53 66 49 66 49 64
46 74 50 74 50 78 46 78 46 74
80 44 84 44 84 47 80 47 80 44
35 50 38 50 38 55 35 55 35 50
55 9 59 9 59 14 55 14 55 9
89 45 91 45 91 48 89 48 89 45
47 45 52 45 52 48 47 48 47 45
70 31 72 31 72 34 70 34 70 31
28 35 30 35 30 37 28 37 28 35
79 57 81 57 81 61 79 61 79 57
8 43 12 43 12 46 8 46 8 43
53 27 56 27 56 29 53 29 53 27
72 46 74 46 74 50 72 50 72 46
91 4 95 4 95 6 91 6 91 4
35 34 38 34 38 39 35 39 35 34
88 67 90 67 90 71 88 71 88 67
3 90 8 90 8 93 3 93 3 90
38 46 43 46 43 48 38 48 38 46
74 38 77 38 77 41 74 41 74 38
85 92 90 92 90 96 85 96 85 92
7 22 12 22 12 26 7 26 7 22
90 39 95 39 95 41 90 41 90 39
29 38 34 38 34 43 29 43 29 38
32 75 36 75 36 78 32 78 32 75
21 51 26 51 26 55 21 55 21 51
88 9 93 9 93 13 88 13 88 9
13 81 15 81 15 86 13 86 13 81
48 59 52 59 52 62 48 62 48 59
18 29 20 29 20 33 18 33 18 29
21 89 24 89 24 94 21 94 21 89
71 75 76 75 76 78 71 78 71 75
74 34 76 34 76 37 74 37 74 34
8 69 12 69 12 74 8 74 8 69
28 18 31 18 31 21 28 21 28 18
2 18 4 18 4 20 2 20 2 18
64 12 67 12 67 14 64 14 64 12
76 69 81 69 81 73 76 73 76 69
61 48 65 48 65 50 61 50 61 48
32 14 34 14 34 18 32 18 32 14
45 68 47 68 47 71 45 71 45 68
80 16 84 16 84 19 80 19 80 16
25 14 28 14 28 16 25 16 25 14
4 4 7 4 7 8 4 8 4 4
12 5 16 5 16 8 12 8 12 5
13 40 15 40 15 44 13 44 13 40
44 23 48 23 48 27 44 27 44 23
43 92 45 92 45 94 43 94 43 92
8 49 10 49 10 51 8 51 8 49
54 49 57 49 57 54 54 54 54 49
27 49 29 49 29 54 27 54 27 49
48 6 52 6 52 9 48 9 48 6
36 22 41 22 41 24 36 24 36 22
14 18 16 18 16 23 14 23 14 18
95 34 98 34 98 38 95 38 95 34
56 79 60 79 60 81 56 81 56 79
62 39 65 39 65 42 62 42 62 39
79 37 82 37 82 39 79 39 79 37
19 74 24 74 24 77 19 77 19 74
53 38 57 38 57 41 53 41 53 38
48 41 52 41 52 43 48 43 48 41
80 3 83 3 83 5 80 5 80 3
42 61 44 61 44 66 42 66 42 61
92 93 95 93 95 95 92 95 92 93
31 67 36 67 36 72 31 72 31 67
9 14 14 14 14 17 9 17 9 14
17 62 21 62 21 65 17 65 17 62
46 12 48 12 48 14 46 14 46 12
31 56 33 56 33 58 31 58 31 56
49 18 51 18 51 20 49 20 49 18
66 3 68 3 68 8 66 8 66 3
26 56 28 56 28 61 26 61 26 56
57 89 59 89 59 91 57 91 57 89
41 12 45 12 45 16 41 16 41 12
23 39 28 39 28 42 23 42 23 39
58 26 60 26 60 28 58 28 58 26
95 47 97 47 97 50 95 50 95 47
42 17 46 17 46 22 42 22 42 17
63 55 68 55 68 58 63 58 63 55
81 76 86 76 86 79 81 79 81 76
23 65 28 65 28 70 23 70 23 65
55 92 57 92 57 94 55 94 55 92
15 57 19 57 19 59 15 59 15 57
17 9 20 9 20 12 17 12 17 9
74 24 78 24 78 27 74 27 74 24
35 8 39 8 39 11 35 11 35 8
37 66 39 66 39 71 37 71 37 66
15 26 17 26 17 28 15 28 15 26
71 67 73 67 73 70 71 70 71 67
37 72 41 72 41 74 37 74 37 72
80 31 82 31 82 34 80 34 80 31
33 96 37 96 37 98 33 98 33 96
61 84 64 84 64 89 61 89 61 84
6 85 8 85 8 87 6 87 6 85
69 53 74 53 74 56 69 56 69 53
63 33 66 33 66 36 63 36 63 33
8 52 13 52 13 56 8 56 8 52
67 45 71 45 71 47 67 47 67 45
80 84 84 84 84 88 80 88 80 84
19 85 23 85 23 88 19 88 19 85
59 68 64 68 64 70 59 70 59 68
78 41 83 41 83 43 78 43 78 41
41 77 43 77 43 82 41 82 41 77
2 39 6 39 6 44 2 44 2 39
23 79 27 79 27 81 23 81 23 79
57 83 59 83 59 87 57 87 57 83
77 52 79 52 79 55 77 55 77 52
58 51 62 51 62 55 58 55 58 51
29 83 34 83 34 85 29 85 29 83
58 58 61 58 61 61 58 61 58 58
90 76 92 76 92 80 90 80 90 76
93 42 95 42 95 45 93 45 93 42
57 29 59 29 59 32 57 32 57 29
27 26 29 26 29 31 27 31 27 26
57 45 61 45 61 47 57 47 57 45
58 36 60 36 60 40 58 40 58 36
40 32 45 32 45 35 40 35 40 32
47 31 49 31 49 33 47 33 47 31
67 74 70 74 70 76 67 76 67 74
62 21 64 21 64 26 62 26 62 21
92 16 94 16 94 20 92 20 92 16
47 34 51 34 51 39 47 39 47 34
91 54 96 54 96 56 91 56 91 54
70 82 74 82 74 84 70 84 70 82
21 33 25 33 25 37 21 37 21 33
83 27 88 27 88 31 83 31 83 27
82 69 84 69 84 73 82 73 82 69
3 32 7 32 7 36 3 36 3 32
81 9 85 9 85 12 81 12 81 9
38 56 42 56 42 60 38 60 38 56
89 50 94 50 94 52 89 52 89 50
11 9 14 9 14 12 11 12 11 9
59 15 61 15 61 17 59 17 59 15
58 5 62 5 62 8 58 8 58 5
40 3 44 3 44 7 40 7 40 3
93 23 98 23 98 28 93 28 93 23
90 60 94 60 94 64 90 64 90 60
70 87 75 87 75 91 70 91 70 87
70 16 72 16 72 18 70 18 70 16
20 45 24 45 24 49 20 49 20 45
56 74 59 74 59 78 56 78 56 74
72 59 74 59 74 63 72 63 72 59
33 79 36 79 36 81 33 81 33 79
7 78 11 78 11 82 7 82 7 78
52 20 54 20 54 25 52 25 52 20
77 95 79 95 79 98 77 98 77 95
16 38 21 38 21 41 16 41 16 38
94 88 98 88 98 90 94 90 94 88
37 77 40 77 40 79 37 79 37 77
92 68 95 68 95 71 92 71 92 68
89 29 91 29 91 33 89 33 89 29
72 6 75 6 75 9 72 9 72 6
17 42 19 42 19 44 17 44 17 42
64 61 68 61 68 66 64 66 64 61
62 71 64 71 64 73 62 73 62 71
37 86 41 86 41 90 37 90 37 86
44 79 47 79 47 84 44 84 44 79
90 85 92 85 92 89 90 89 90 85
2 53 5 53 5 58 2 58 2 53
85 35 90 35 90 38 85 38 85 35
49 69 54 69 54 72 49 72 49 69
26 87 28 87 28 90 26 90 26 87
68 11 73 11 73 14 68 14 68 11
39 93 41 93 41 98 39 98 39 93
83 60 85 60 85 65 83 65 83 60
63 95 67 95 67 98 63 98 63 95
83 22 88 22 88 24 83 24 83 22
68 35 72 35 72 38 68 38 68 35
83 48 87 48 87 53 83 53 83 48
47 94 51 94 51 98 47 98 47 94
15 66 18 66 18 69 15 69 15 66
50 3 52 3 52 5 50 5 50 3
13 34 18 34 18 37 13 37 13 34
33 61 38 61 38 65 33 65 33 61
68 25 71 25 71 30 68 30 68 25
8 30 13 30 13 32 8 32 8 30
3 66 6 66 6 68 3 68 3 66
28 80 32 80 32 82 28 82 28 80
84 55 89 55 89 59 84 59 84 55
76 28 78 28 78 32 76 32 76 28
23 18 27 18 27 20 23 20 23 18
13 71 17 71 17 73 13 73 13 71
7 57 10 57 10 59 7 59 7 57
76 84 79 84 79 86 76 86 76 84
94 31 97 31 97 33 94 33 94 31
68 96 71 96 71 98 68 98 68 96
9 92 14 92 14 95 9 95 9 92
11 88 16 88 16 91 11 91 11 88
17 4 21 4 21 6 17 6 17 4
45 89 48 89 48 91 45 91 45 89
3 50 6 50 6 52 3 52 3 50
86 41 88 41 88 45 86 45 86 41
67 49 71 49 71 52 67 52 67 49
47 50 52 50 52 54 47 54 47 50
45 3 48 3 48 5 45 5 45 3
18 17 20 17 20 21 18 21 18 17
96 8 98 8 98 12 96 12 96 8
