27 80 30 80 30 85 27 85 27 80
78 13 81 13 81 16 78 16 78 13
85 83 89 83 89 88 85 88 85 83
58 62 62 62 62 65 58 65 58 62
22 69 24 69 24 74 22 74 22 69
16 28 18 28 18 31 16 31 16 28
80 94 85 94 85 98 80 98 80 94
90 24 94 24 94 27 90 27 90 24
38 90 40 90 40 92 38 92 38 90
74 90 77 90 77 95 74 95 74 90
53 30 58 30 58 35 53 35 53 30
23 37 25 37 25 41 23 41 23 37
32 36 34 36 34 41 32 41 32 36
60 41 65 41 65 46 60 46 60 41
31 95 33 95 33 97 31 97 31 95
86 12 89 12 89 15 86 15 86 12
43 21 46 21 46 23 43 23 43 21
29 86 33 86 33 88 29 88 29 86
14 55 19 55 19 60 14 60 14 55
9 73 13 73 13 78 9 78 9 73
41 4 45 4 45 9 41 9 41 4
83 53 88 53 88 55 83 55 83 53
71 47 74 47 74 50 71 50 71 47
44 69 48 69 48 74 44 74 44 69
43 83 46 83 46 85 43 85 43 83
90 2 92 2 92 5 90 5 90 2
57 19 62 19 62 22 57 22 57 19
24 43 26 43 26 47 24 47 24 43
96 86 98 86 98 88 96 88 96 86
87 78 91 78 91 80 87 80 87 78
14 87 18 87 18 89 14 89 14 87
70 30 74 30 74 35 70 35 70 30
32 27 37 27 37 31 32 31 32 27
47 13 51 13 51 18 47 18 47 13
56 55 60 55 60 60 56 60 56 55
62 69 67 69 67 74 62 74 62 69
73 83 76 83 76 88 73 88 73 83
13 83 16 83 16 85 13 85 13 83
85 27 88 27 88 30 85 30 85 27
92 54 96 54 96 58 92 58 92 54
29 2 31 2 31 6 29 6 29 2
39 53 43 53 43 56 39 56 39 53
11 38 16 38 16 42 11 42 11 38
47 49 50 49 50 51 47 51 47 49
4 74 7 74 7 79 4 79 4 74
17 38 20 38 20 42 17 42 17 38
40 36 43 36 43 39 40 39 40 36
49 72 53 72 53 77 49 77 49 72
56 90 60 90 60 95 56 95 56 90
55 10 59 10 59 12 55 12 55 10
48 90 53 90 53 92 48 92 48 90
27 69 29 69 29 71 27 71 27 69
14 32 18 32 18 37 14 37 14 32
22 75 26 75 26 78 22 78 22 75
80 42 83 42 83 47 80 47 80 42
52 18 54 18 54 20 52 20 52 18
8 28 11 28 11 33 8 33 8 28
47 6 51 6 51 11 47 11 47 6
39 68 43 68 43 71 39 71 39 68
67 40 70 40 70 44 67 44 67 40
20 25 22 25 22 27 20 27 20 25
30 74 35 74 35 79 30 79 30 74
81 61 83 61 83 64 81 64 81 61
38 95 40 95 40 98 38 98 38 95
35 89 37 89 37 93 35 93 35 89
45 37 47 37 47 41 45 41 45 37
13 20 16 20 16 24 13 24 13 20
21 18 23 18 23 21 21 21 21 18
8 88 11 88 11 91 8 91 8 88
16 77 21 77 21 79 16 79 16 77
57 2 60 2 60 7 57 7 57 2
3 30 5 30 5 32 3 32 3 30
48 33 50 33 50 36 48 36 48 33
81 32 86 32 86 34 81 34 81 32
21 29 26 29 26 32 21 32 21 29
71 40 75 40 75 43 71 43 71 40
58 84 60 84 60 87 58 87 58 84
39 49 44 49 44 51 39 51 39 49
8 52 12 52 12 57 8 57 8 52
37 21 39 21 39 26 37 26 37 21
86 65 90 65 90 67 86 67 86 65
75 77 77 77 77 82 75 82 75 77
62 81 67 81 67 84 62 84 62 81
55 68 60 68 60 70 55 70 55 68
56 14 59 14 59 17 56 17 56 14
79 48 83 48 83 50 79 50 79 48
94 17 97 17 97 19 94 19 94 17
63 53 66 53 66 57 63 57 63 53
64 93 68 93 68 97 64 97 64 93
77 61 80 61 80 66 77 66 77 61
31 14 33 14 33 16 31 16 31 14
38 8 40 8 40 13 38 13 38 8
42 57 44 57 44 61 42 61 42 57
18 49 21 49 21 53 18 53 18 49
83 19 85 19 85 22 83 22 83 19
89 69 92 69 92 71 89 71 89 69
19 94 23 94 23 97 19 97 19 94
2 65 7 65 7 68 2 68 2 65
48 63 53 63 53 65 48 65 48 63
62 47 64 47 64 49 62 49 62 47
93 81 96 81 96 84 93 84 93 81
90 91 94 91 94 94 90 94 90 91
63 86 67 86 67 91 63 91 63 86
84 37 86 37 86 39 84 39 84 37
35 43 40 43 40 47 35 47 35 43
30 54 33 54 33 58 30 58 30 54
93 12 96 12 96 14 93 14 93 12
89 35 94 35 94 39 89 39 89 35
74 73 78 73 78 75 74 75 74 73
59 30 63 30 63 34 59 34 59 30
25 24 29 24 29 26 25 26 25 24
53 6 55 6 55 8 53 8 53 6
64 38 66 38 66 40 64 40 64 38
68 70 73 70 73 75 68 75 68 70
41 91 46 91 46 93 41 93 41 91
40 26 42 26 42 29 40 29 40 26
65 65 68 65 68 68 65 68 65 65
77 6 79 6 79 10 77 10 77 6
76 33 78 33 78 36 76 36 76 33
80 89 84 89 84 93 80 93 80 89
20 13 22 13 22 16 20 16 20 13
54 63 56 63 56 66 54 66 54 63
41 31 46 31 46 34 41 34 41 31
17 7 20 7 20 10 17 10 17 7
33 64 37 64 37 69 33 69 33 64
70 65 75 65 75 67 70 67 70 65
63 59 68 59 68 64 63 64 63 59
26 63 30 63 30 65 26 65 26 63
39 75 43 75 43 80 39 80 39 75
51 45 54 45 54 50 51 50 51 45
9 65 11 65 11 69 9 69 9 65
86 45 91 45 91 49 86 49 86 45
4 19 8 19 8 23 4 23 4 19
22 79 26 79 26 83 22 83 22 79
41 63 45 63 45 65 41 65 41 63
67 31 69 31 69 35 67 35 67 31
84 58 86 58 86 62 84 62 84 58
55 23 57 23 57 25 55 25 55 23
92 60 95 60 95 65 92 65 92 60
72 2 75 2 75 7 72 7 72 2
74 96 77 96 77 98 74 98 74 96
48 81 50 81 50 85 48 85 48 81
9 92 13 92 13 97 9 97 9 92
88 16 92 16 92 19 88 19 88 16
12 70 17 70 17 72 12 72 12 70
69 11 71 11 71 15 69 15 69 11
48 39 51 39 51 44 48 44 48 39
55 47 59 47 59 52 55 52 55 47
70 19 75 19 75 24 70 24 70 19
20 91 22 91 22 93 20 93 20 91
47 60 49 60 49 62 47 62 47 60
6 81 9 81 9 86 6 86 6 81
68 52 70 52 70 55 68 55 68 52
94 73 97 73 97 78 94 78 94 73
95 69 98 69 98 72 95 72 95 69
93 41 98 41 98 44 93 44 93 41
27 29 30 29 30 31 27 31 27 29
2 92 5 92 5 95 2 95 2 92
62 2 66 2 66 6 62 6 62 2
76 54 80 54 80 58 76 58 76 54
28 10 33 10 33 13 28 13 28 10
38 72 40 72 40 74 38 74 38 72
52 81 57 81 57 86 52 86 52 81
79 77 82 77 82 82 79 82 79 77
87 74 90 74 90 76 87 76 87 74
11 14 15 14 15 18 11 18 11 14
28 35 30 35 30 38 28 38 28 35
82 25 84 25 84 30 82 30 82 25
25 92 30 92 30 95 25 95 25 92
4 43 9 43 9 47 4 47 4 43
24 12 26 12 26 17 24 17 24 12
44 25 49 25 49 27 44 27 44 25
7 59 10 59 10 61 7 61 7 59
39 16 43 16 43 18 39 18 39 16
5 87 7 87 7 91 5 91 5 87
76 19 78 19 78 22 76 22 76 19
61 7 64 7 64 9 61 9 61 7
31 49 34 49 34 53 31 53 31 49
2 34 5 34 5 39 2 39 2 34
69 89 72 89 72 94 69 94 69 89
2 4 7 4 7 9 2 9 2 4
13 5 15 5 15 8 13 8 13 5
91 86 95 86 95 88 91 88 91 86
12 28 14 28 14 31 12 31 12 28
75 69 79 69 79 71 75 71 75 69
19 80 21 80 21 83 19 83 19 80
13 9 15 9 15 12 13 12 13 9
23 55 26 55 26 59 23 59 23 55
87 56 89 56 89 60 87 60 87 56
52 26 57 26 57 28 52 28 52 26
95 94 97 94 97 98 95 98 95 94
53 56 55 56 55 58 53 58 53 56
41 96 43 96 43 98 41 98 41 96
80 5 85 5 85 7 80 7 80 5
34 3 37 3 37 5 34 5 34 3
60 23 64 23 64 25 60 25 60 23
16 61 18 61 18 66 16 66 16 61
48 66 53 66 53 68 48 68 48 66
52 51 54 51 54 54 52 54 52 51
23 86 26 86 26 88 23 88 23 86
