6 74 11 74 11 78 6 78 6 74
12 14 15 14 15 19 12 19 12 14
82 78 86 78 86 83 82 83 82 78
91 6 95 6 95 10 91 10 91 6
58 51 60 51 60 54 58 54 58 51
89 38 94 38 94 43 89 43 89 38
12 67 15 67 15 72 12 72 12 67
82 68 86 68 86 72 82 72 82 68
46 34 49 34 49 37 46 37 46 34
40 5 45 5 45 7 40 7 40 5
57 44 62 44 62 46 57 46 57 44
7 62 12 62 12 65 7 65 7 62
88 80 92 80 92 83 88 83 88 80
48 92 53 92 53 95 48 95 48 92
26 68 30 68 30 71 26 71 26 68
74 34 77 34 77 38 74 38 74 34
78 67 80 67 80 69 78 69 78 67
30 92 33 92 33 97 30 97 30 92
52 85 54 85 54 89 52 89 52 85
77 6 79 6 79 11 77 11 77 6
64 37 67 37 67 42 64 42 64 37
5 3 10 3 10 7 5 7 5 3
23 40 26 40 26 43 23 43 23 40
12 80 16 80 16 83 12 83 12 80
65 8 68 8 68 12 65 12 65 8
14 63 19 63 19 66 14 66 14 63
93 18 97 18 97 21 93 21 93 18
56 17 60 17 60 19 56 19 56 17
41 31 45 31 45 35 41 35 41 31
12 93 17 93 17 95 12 95 12 93
48 68 51 68 51 70 48 70 48 68
87 44 90 44 90 46 87 46 87 44
62 2 67 2 67 4 62 4 62 2
68 44 72 44 72 49 68 49 68 44
46 73 51 73 51 78 46 78 46 73
5 40 7 40 7 43 5 43 5 40
33 60 36 60 36 65 33 65 33 60
46 18 51 18 51 22 46 22 46 18
87 58 91 58 91 61 87 61 87 58
3 37 7 37 7 39 3 39 3 37
39 21 41 21 41 24 39 24 39 21
66 26 68 26 68 30 66 30 66 26
3 21 6 21 6 25 3 25 3 21
17 18 21 18 21 21 17 21 17 18
21 37 23 37 23 39 21 39 21 37
63 52 67 52 67 54 63 54 63 52
73 88 75 88 75 90 73 90 73 88
40 40 44 40 44 44 40 44 40 40
58 12 63 12 63 14 58 14 58 12
8 80 11 80 11 82 8 82 8 80
18 26 20 26 20 30 18 30 18 26
46 80 48 80 48 82 46 82 46 80
32 25 34 25 34 30 32 30 32 25
53 58 58 58 58 60 53 60 53 58
49 62 53 62 53 64 49 64 49 62
56 83 61 83 61 86 56 86 56 83
9 22 11 22 11 27 9 27 9 22
70 52 74 52 74 56 70 56 70 52
26 17 28 17 28 20 26 20 26 17
46 29 49 29 49 31 46 31 46 29
65 16 70 16 70 19 65 19 65 16
70 27 75 27 75 32 70 32 70 27
29 50 34 50 34 54 29 54 29 50
81 10 86 10 86 12 81 12 81 10
29 83 32 83 32 86 29 86 29 83
42 78 44 78 44 80 42 80 42 78
64 65 69 65 69 68 64 68 64 65
78 39 82 39 82 44 78 44 78 39
60 26 62 26 62 28 60 28 60 26
91 52 93 52 93 54 91 54 91 52
76 74 80 74 80 76 76 76 76 74
26 29 31 29 31 34 26 34 26 29
21 53 25 53 25 55 21 55 21 53
39 61 43 61 43 63 39 63 39 61
81 3 86 3 86 6 81 6 81 3
21 84 26 84 26 88 21 88 21 84
59 70 64 70 64 74 59 74 59 70
38 29 40 29 40 33 38 33 38 29
33 84 38 84 38 89 33 89 33 84
82 22 84 22 84 24 82 24 82 22
18 67 22 67 22 72 18 72 18 67
43 8 48 8 48 12 43 12 43 8
38 8 42 8 42 10 38 10 38 8
24 5 27 5 27 8 24 8 24 5
3 61 6 61 6 63 3 63 3 61
78 56 83 56 83 61 78 61 78 56
28 76 31 76 31 79 28 79 28 76
88 35 92 35 92 37 88 37 88 35
95 69 97 69 97 72 95 72 95 69
36 76 41 76 41 80 36 80 36 76
19 81 23 81 23 83 19 83 19 81
18 87 20 87 20 91 18 91 18 87
12 42 15 42 15 46 12 46 12 42
93 33 97 33 97 35 93 35 93 33
2 28 4 28 4 31 2 31 2 28
46 48 49 48 49 52 46 52 46 48
77 13 79 13 79 17 77 17 77 13
52 72 57 72 57 75 52 75 52 72
70 91 72 91 72 94 70 94 70 91
31 7 34 7 34 11 31 11 31 7
41 26 45 26 45 28 41 28 41 26
33 66 36 66 36 68 33 68 33 66
93 25 97 25 97 29 93 29 93 25
93 79 95 79 95 82 93 82 93 79
9 42 11 42 11 46 9 46 9 42
12 74 17 74 17 76 12 76 12 74
37 57 42 57 42 59 37 59 37 57
17 49 20 49 20 51 17 51 17 49
24 46 27 46 27 48 24 48 24 46
75 70 78 70 78 73 75 73 75 70
2 87 7 87 7 89 2 89 2 87
56 4 60 4 60 7 56 7 56 4
53 55 58 55 58 57 53 57 53 55
86 89 91 89 91 94 86 94 86 89
65 31 69 31 69 34 65 34 65 31
5 55 8 55 8 57 5 57 5 55
79 48 83 48 83 51 79 51 79 48
65 20 70 20 70 24 65 24 65 20
52 38 54 38 54 40 52 40 52 38
62 81 64 81 64 83 62 83 62 81
77 31 81 31 81 33 77 33 77 31
64 43 67 43 67 46 64 46 64 43
39 45 44 45 44 48 39 48 39 45
83 37 86 37 86 39 83 39 83 37
7 48 9 48 9 52 7 52 7 48
86 31 89 31 89 34 86 34 86 31
62 57 66 57 66 59 62 59 62 57
15 37 20 37 20 39 15 39 15 37
63 84 66 84 66 89 63 89 63 84
71 76 73 76 73 78 71 78 71 76
37 12 39 12 39 17 37 17 37 12
96 59 98 59 98 62 96 62 96 59
56 34 60 34 60 39 56 39 56 34
23 13 25 13 25 15 23 15 23 13
71 20 75 20 75 24 71 24 71 20
40 64 45 64 45 66 40 66 40 64
73 13 76 13 76 16 73 16 73 13
69 71 72 71 72 75 69 75 69 71
84 17 89 17 89 21 84 21 84 17
46 23 48 23 48 26 46 26 46 23
36 71 41 71 41 75 36 75 36 71
5 30 8 30 8 34 5 34 5 30
19 73 21 73 21 76 19 76 19 73
55 29 59 29 59 33 55 33 55 29
82 84 84 84 84 88 82 88 82 84
73 64 78 64 78 66 73 66 73 64
84 48 88 48 88 51 84 51 84 48
60 78 63 78 63 80 60 80 60 78
9 56 14 56 14 61 9 61 9 56
20 8 23 8 23 12 20 12 20 8
45 40 48 40 48 42 45 42 45 40
71 67 74 67 74 69 71 69 71 67
81 94 85 94 85 97 81 97 81 94
13 22 18 22 18 24 13 24 13 22
34 31 37 31 37 36 34 36 34 31
14 8 17 8 17 12 14 12 14 8
9 19 11 19 11 21 9 21 9 19
71 58 74 58 74 60 71 60 71 58
75 59 77 59 77 62 75 62 75 59
90 64 92 64 92 67 90 67 90 64
62 93 64 93 64 98 62 98 62 93
79 62 83 62 83 65 79 65 79 62
31 2 33 2 33 5 31 5 31 2
50 9 53 9 53 14 50 14 50 9
57 91 61 91 61 93 57 93 57 91
89 73 91 73 91 77 89 77 89 73
26 57 28 57 28 60 26 60 26 57
65 74 67 74 67 77 65 77 65 74
87 4 90 4 90 8 87 8 87 4
52 16 54 16 54 20 52 20 52 16
69 79 74 79 74 84 69 84 69 79
53 51 57 51 57 54 53 54 53 51
33 14 35 14 35 17 33 17 33 14
96 9 98 9 98 12 96 12 96 9
41 93 46 93 46 98 41 98 41 93
15 29 17 29 17 34 15 34 15 29
6 13 10 13 10 17 6 17 6 13
43 15 45 15 45 18 43 18 43 15
50 82 52 82 52 84 50 84 50 82
51 42 54 42 54 47 51 47 51 42
18 43 21 43 21 46 18 46 18 43
71 8 76 8 76 11 71 11 71 8
91 12 94 12 94 17 91 17 91 12
6 83 8 83 8 86 6 86 6 83
25 61 30 61 30 66 25 66 25 61
36 51 41 51 41 53 36 53 36 51
76 87 79 87 79 91 76 91 76 87
9 85 11 85 11 88 9 88 9 85
65 80 68 80 68 82 65 82 65 80
40 2 44 2 44 4 40 4 40 2
56 65 61 65 61 68 56 68 56 65
65 5 68 5 68 7 65 7 65 5
87 85 89 85 89 87 87 87 87 85
48 2 51 2 51 6 48 6 48 2
23 94 26 94 26 96 23 96 23 94
71 41 74 41 74 43 71 43 71 41
4 65 6 65 6 69 4 69 4 65
20 31 22 31 22 33 20 33 20 31
86 54 89 54 89 57 86 57 86 54
28 40 31 40 31 45 28 45 28 40
