53 60 57 60 57 63 53 63 53 60
52 80 55 80 55 84 52 84 52 80
37 46 40 46 40 49 37 49 37 46
42 68 45 68 45 71 42 71 42 68
25 75 27 75 27 78 25 78 25 75
84 6 86 6 86 9 84 9 84 6
59 51 61 51 61 55 59 55 59 51
12 93 16 93 16 98 12 98 12 93
73 57 75 57 75 59 73 59 73 57
4 32 9 32 9 36 4 36 4 32
29 17 33 17 33 22 29 22 29 17
86 25 88 25 88 27 86 27 86 25
43 76 45 76 45 81 43 81 43 76
28 57 31 57 31 59 28 59 28 57
51 3 53 3 53 5 51 5 51 3
61 11 65 11 65 14 61 14 61 11
44 88 48 88 48 91 44 91 44 88
61 46 65 46 65 48 61 48 61 46
83 36 86 36 86 39 83 39 83 36
13 46 16 46 16 49 13 49 13 46
4 46 8 46 8 51 4 51 4 46
49 87 51 87 51 92 49 92 49 87
4 26 6 26 6 28 4 28 4 26
62 61 64 61 64 63 62 63 62 61
8 11 13 11 13 16 8 16 8 11
48 34 52 34 52 36 48 36 48 34
80 46 85 46 85 48 80 48 80 46
93 85 96 85 96 88 93 88 93 85
72 20 76 20 76 24 72 24 72 20
36 30 39 30 39 32 36 32 36 30
57 30 59 30 59 34 57 34 57 30
92 59 94 59 94 62 92 62 92 59
70 29 72 29 72 34 70 34 70 29
69 70 72 70 72 75 69 75 69 70
90 45 93 45 93 47 90 47 90 45
76 27 79 27 79 31 76 31 76 27
57 22 60 22 60 26 57 26 57 22
25 41 30 41 30 45 25 45 25 41
50 51 52 51 52 54 50 54 50 51
35 62 37 62 37 66 35 66 35 62
32 47 34 47 34 50 32 50 32 47
86 20 89 20 89 22 86 22 86 20
43 57 45 57 45 62 43 62 43 57
53 44 58 44 58 49 53 49 53 44
45 85 48 85 48 87 45 87 45 85
90 11 93 11 93 16 90 16 90 11
13 35 18 35 18 37 13 37 13 35
84 67 89 67 89 70 84 70 84 67
67 78 70 78 70 80 67 80 67 78
76 58 78 58 78 61 76 61 76 58
44 44 49 44 49 48 44 48 44 44
15 67 17 67 17 69 15 69 15 67
79 95 82 95 82 98 79 98 79 95
34 71 36 71 36 76 34 76 34 71
38 12 40 12 40 14 38 14 38 12
91 22 95 22 95 25 91 25 91 22
81 61 84 61 84 66 81 66 81 61
29 67 34 67 34 70 29 70 29 67
66 12 68 12 68 16 66 16 66 12
61 23 65 23 65 26 61 26 61 23
46 64 49 64 49 66 46 66 46 64
26 7 29 7 29 11 26 11 26 7
55 67 59 67 59 71 55 71 55 67
17 95 19 95 19 97 17 97 17 95
44 39 46 39 46 41 44 41 44 39
62 51 64 51 64 55 62 55 62 51
15 78 18 78 18 81 15 81 15 78
86 90 89 90 89 95 86 95 86 90
79 15 84 15 84 20 79 20 79 15
11 2 15 2 15 7 11 7 11 2
41 20 43 20 43 24 41 24 41 20
41 6 46 6 46 9 41 9 41 6
37 36 41 36 41 40 37 40 37 36
10 50 15 50 15 52 10 52 10 50
3 84 6 84 6 87 3 87 3 84
64 17 69 17 69 22 64 22 64 17
74 84 79 84 79 89 74 89 74 84
80 77 85 77 85 80 80 80 80 77
4 5 8 5 8 7 4 7 4 5
22 12 27 12 27 15 22 15 22 12
62 38 67 38 67 41 62 41 62 38
13 59 18 59 18 64 13 64 13 59
41 26 44 26 44 28 41 28 41 26
31 28 35 28 35 30 31 30 31 28
31 8 36 8 36 11 31 11 31 8
68 66 70 66 70 69 68 69 68 66
37 68 41 68 41 72 37 72 37 68
20 45 24 45 24 49 20 49 20 45
35 93 39 93 39 95 35 95 35 93
61 75 64 75 64 78 61 78 61 75
71 3 75 3 75 8 71 8 71 3
75 44 77 44 77 49 75 49 75 44
50 31 55 31 55 33 50 33 50 31
54 11 56 11 56 13 54 13 54 11
86 51 90 51 90 55 86 55 86 51
27 34 29 34 29 37 27 37 27 34
2 15 6 15 6 20 2 20 2 15
70 37 74 37 74 41 70 41 70 37
57 87 61 87 61 89 57 89 57 87
2 12 5 12 5 14 2 14 2 12
19 90 24 90 24 93 19 93 19 90
18 19 23 19 23 23 18 23 18 19
20 94 22 94 22 97 20 97 20 94
73 92 75 92 75 94 73 94 73 92
87 76 92 76 92 79 87 79 87 76
10 21 13 21 13 25 10 25 10 21
2 53 4 53 4 56 2 56 2 53
68 47 72 47 72 50 68 50 68 47
31 35 36 35 36 38 31 38 31 35
11 72 16 72 16 75 11 75 11 72
19 83 22 83 22 86 19 86 19 83
14 42 17 42 17 44 14 44 14 42
62 65 67 65 67 70 62 70 62 65
23 59 26 59 26 64 23 64 23 59
39 62 42 62 42 67 39 67 39 62
8 89 11 89 11 93 8 93 8 89
43 11 45 11 45 15 43 15 43 11
2 91 5 91 5 93 2 93 2 91
90 37 92 37 92 42 90 42 90 37
86 56 90 56 90 61 86 61 86 56
4 41 6 41 6 45 4 45 4 41
86 10 89 10 89 12 86 12 86 10
67 51 71 51 71 56 67 56 67 51
23 70 26 70 26 72 23 72 23 70
66 59 71 59 71 62 66 62 66 59
36 84 38 84 38 86 36 86 36 84
79 36 82 36 82 39 79 39 79 36
51 56 53 56 53 59 51 59 51 56
52 16 56 16 56 21 52 21 52 16
5 68 10 68 10 71 5 71 5 68
48 8 51 8 51 11 48 11 48 8
86 29 91 29 91 31 86 31 86 29
30 75 32 75 32 77 30 77 30 75
6 60 9 60 9 64 6 64 6 60
55 73 60 73 60 77 55 77 55 73
94 4 96 4 96 9 94 9 94 4
38 74 40 74 40 77 38 77 38 74
77 6 79 6 79 10 77 10 77 6
3 75 8 75 8 77 3 77 3 75
13 8 16 8 16 10 13 10 13 8
56 35 61 35 61 39 56 39 56 35
91 18 94 18 94 20 91 20 91 18
58 6 60 6 60 10 58 10 58 6
19 10 21 10 21 12 19 12 19 10
29 12 34 12 34 15 29 15 29 12
6 54 11 54 11 58 6 58 6 54
80 5 83 5 83 9 80 9 80 5
11 84 16 84 16 86 11 86 11 84
63 5 65 5 65 8 63 8 63 5
56 92 58 92 58 95 56 95 56 92
60 91 62 91 62 93 60 93 60 91
9 77 13 77 13 82 9 82 9 77
30 53 33 53 33 56 30 56 30 53
31 41 34 41 34 45 31 45 31 41
19 56 24 56 24 58 19 58 19 56
80 53 82 53 82 57 80 57 80 53
94 32 96 32 96 36 94 36 94 32
42 35 45 35 45 38 42 38 42 35
72 80 74 80 74 82 72 82 72 80
70 9 73 9 73 12 70 12 70 9
66 5 70 5 70 8 66 8 66 5
31 2 33 2 33 6 31 6 31 2
94 52 98 52 98 55 94 55 94 52
35 24 38 24 38 26 35 26 35 24
93 28 95 28 95 31 93 31 93 28
90 81 92 81 92 83 90 83 90 81
61 27 66 27 66 30 61 30 61 27
48 18 51 18 51 21 48 21 48 18
23 81 25 81 25 86 23 86 23 81
28 91 30 91 30 93 28 93 28 91
95 37 97 37 97 39 95 39 95 37
16 31 18 31 18 34 16 34 16 31
60 80 64 80 64 83 60 83 60 80
13 38 15 38 15 41 13 41 13 38
93 65 96 65 96 69 93 69 93 65
21 28 24 28 24 32 21 32 21 28
46 77 50 77 50 80 46 80 46 77
28 84 33 84 33 86 28 86 28 84
44 51 46 51 46 53 44 53 44 51
30 95 34 95 34 98 30 98 30 95
38 78 41 78 41 81 38 81 38 78
80 30 84 30 84 35 80 35 80 30
12 88 16 88 16 92 12 92 12 88
54 54 57 54 57 56 54 56 54 54
51 64 53 64 53 67 51 67 51 64
71 66 73 66 73 69 71 69 71 66
94 72 97 72 97 76 94 76 94 72
34 56 36 56 36 59 34 59 34 56
86 85 88 85 88 89 86 89 86 85
76 71 80 71 80 74 76 74 76 71
81 72 85 72 85 75 81 75 81 72
44 73 46 73 46 75 44 75 44 73
66 89 69 89 69 93 66 93 66 89
95 10 98 10 98 12 95 12 95 10
24 95 27 95 27 97 24 97 24 95
73 28 75 28 75 31 73 31 73 28
44 21 47 21 47 24 44 24 44 21
14 26 18 26 18 28 14 28 14 26
85 16 87 16 87 19 85 19 85 16
27 46 31 46 31 49 27 49 27 46
