38 58 41 58 41 62 38 62 38 58
41 75 44 75 44 80 41 80 41 75
73 59 76 59 76 63 73 63 73 59
26 24 29 24 29 26 26 26 26 24
54 14 59 14 59 19 54 19 54 14
67 61 72 61 72 66 67 66 67 61
45 86 50 86 50 90 45 90 45 86
45 28 50 28 50 30 45 30 45 28
4 92 9 92 9 94 4 94 4 92
52 91 56 91 56 93 52 93 52 91
87 77 89 77 89 81 87 81 87 77
2 72 6 72 6 76 2 76 2 72
87 30 91 30 91 33 87 33 87 30
92 21 95 21 95 24 92 24 92 21
8 9 12 9 12 11 8 11 8 9
38 38 41 38 41 41 38 41 38 38
31 65 36 65 36 67 31 67 31 65
56 24 59 24 59 28 56 28 56 24
86 9 90 9 90 13 86 13 86 9
40 2 43 2 43 5 40 5 40 2
24 69 27 69 27 73 24 73 24 69
78 92 80 92 80 97 78 97 78 92
31 28 35 28 35 32 31 32 31 28
93 79 97 79 97 82 93 82 93 79
12 53 17 53 17 55 12 55 12 53
62 69 64 69 64 73 62 73 62 69
70 6 73 6 73 9 70 9 70 6
3 41 5 41 5 46 3 46 3 41
39 83 43 83 43 85 39 85 39 83
36 21 41 21 41 25 36 25 36 21
24 38 29 38 29 42 24 42 24 38
3 9 6 9 6 14 3 14 3 9
33 71 36 71 36 76 33 76 33 71
12 73 16 73 16 76 12 76 12 73
57 57 62 57 62 59 57 59 57 57
79 54 83 54 83 59 79 59 79 54
34 91 39 91 39 96 34 96 34 91
79 40 84 40 84 43 79 43 79 40
49 2 54 2 54 5 49 5 49 2
73 16 78 16 78 18 73 18 73 16
90 67 93 67 93 70 90 70 90 67
28 7 32 7 32 12 28 12 28 7
12 68 16 68 16 72 12 72 12 68
70 93 73 93 73 96 70 96 70 93
9 68 11 68 11 71 9 71 9 68
45 53 48 53 48 55 45 55 45 53
25 55 28 55 28 57 25 57 25 55
23 85 28 85 28 87 23 87 23 85
78 47 83 47 83 50 78 50 78 47
25 74 28 74 28 78 25 78 25 74
12 30 16 30 16 35 12 35 12 30
66 24 71 24 71 27 66 27 66 24
96 22 98 22 98 27 96 27 96 22
84 19 88 19 88 23 84 23 84 19
44 3 48 3 48 6 44 6 44 3
52 25 55 25 55 28 52 28 52 25
48 19 51 19 51 23 48 23 48 19
84 24 89 24 89 28 84 28 84 24
75 87 78 87 78 89 75 89 75 87
60 22 63 22 63 27 60 27 60 22
42 33 47 33 47 38 42 38 42 33
61 83 63 83 63 86 61 86 61 83
24 19 26 19 26 23 24 23 24 19
65 86 68 86 68 90 65 90 65 86
73 71 76 71 76 76 73 76 73 71
94 54 97 54 97 59 94 59 94 54
88 74 90 74 90 76 88 76 88 74
10 64 14 64 14 66 10 66 10 64
52 31 57 31 57 34 52 34 52 31
50 10 52 10 52 15 50 15 50 10
37 32 40 32 40 34 37 34 37 32
87 85 92 85 92 89 87 89 87 85
59 91 63 91 63 93 59 93 59 91
11 77 16 77 16 80 11 80 11 77
88 36 92 36 92 40 88 40 88 36
61 5 63 5 63 9 61 9 61 5
60 45 62 45 62 47 60 47 60 45
53 47 55 47 55 50 53 50 53 47
45 10 48 10 48 13 45 13 45 10
68 31 71 31 71 34 68 34 68 31
66 69 69 69 69 72 66 72 66 69
15 43 18 43 18 46 15 46 15 43
19 64 23 64 23 69 19 69 19 64
21 28 23 28 23 33 21 33 21 28
32 19 35 19 35 24 32 24 32 19
55 86 60 86 60 89 55 89 55 86
6 40 9 40 9 43 6 43 6 40
2 3 4 3 4 6 2 6 2 3
46 57 48 57 48 59 46 59 46 57
80 61 82 61 82 63 80 63 80 61
37 14 42 14 42 19 37 19 37 14
53 6 56 6 56 9 53 9 53 6
68 10 72 10 72 13 68 13 68 10
75 36 78 36 78 38 75 38 75 36
73 54 77 54 77 58 73 58 73 54
75 47 77 47 77 52 75 52 75 47
15 56 18 56 18 60 15 60 15 56
25 64 27 64 27 66 25 66 25 64
61 34 65 34 65 36 61 36 61 34
22 49 27 49 27 51 22 51 22 49
6 54 9 54 9 58 6 58 6 54
19 83 21 83 21 86 19 86 19 83
15 93 18 93 18 97 15 97 15 93
75 23 80 23 80 25 75 25 75 23
64 43 69 43 69 46 64 46 64 43
53 54 55 54 55 56 53 56 53 54
37 55 39 55 39 57 37 57 37 55
49 41 51 41 51 46 49 46 49 41
30 55 32 55 32 59 30 59 30 55
64 93 66 93 66 97 64 97 64 93
68 81 73 81 73 85 68 85 68 81
15 87 17 87 17 92 15 92 15 87
48 69 50 69 50 71 48 71 48 69
62 78 65 78 65 80 62 80 62 78
93 37 95 37 95 41 93 41 93 37
16 3 21 3 21 5 16 5 16 3
9 24 11 24 11 26 9 26 9 24
6 86 9 86 9 91 6 91 6 86
79 7 83 7 83 9 79 9 79 7
53 78 57 78 57 82 53 82 53 78
17 29 19 29 19 33 17 33 17 29
53 11 56 11 56 13 53 13 53 11
49 31 51 31 51 33 49 33 49 31
44 93 49 93 49 98 44 98 44 93
65 28 70 28 70 30 65 30 65 28
58 80 60 80 60 85 58 85 58 80
92 17 94 17 94 20 92 20 92 17
77 81 79 81 79 83 77 83 77 81
81 68 84 68 84 71 81 71 81 68
79 2 82 2 82 5 79 5 79 2
27 3 30 3 30 6 27 6 27 3
55 73 60 73 60 76 55 76 55 73
91 11 93 11 93 15 91 15 91 11
96 30 98 30 98 34 96 34 96 30
35 50 39 50 39 54 35 54 35 50
86 63 90 63 90 66 86 66 86 63
34 81 38 81 38 83 34 83 34 81
41 43 46 43 46 46 41 46 41 43
18 37 20 37 20 39 18 39 18 37
43 65 46 65 46 69 43 69 43 65
42 55 44 55 44 58 42 58 42 55
61 18 63 18 63 20 61 20 61 18
13 9 17 9 17 13 13 13 13 9
34 8 39 8 39 10 34 10 34 8
87 91 90 91 90 96 87 96 87 91
31 37 35 37 35 40 31 40 31 37
19 14 21 14 21 18 19 18 19 14
81 28 83 28 83 30 81 30 81 28
25 7 27 7 27 11 25 11 25 7
32 85 36 85 36 88 32 88 32 85
10 81 14 81 14 86 10 86 10 81
34 58 36 58 36 60 34 60 34 58
30 79 32 79 32 83 30 83 30 79
44 17 47 17 47 21 44 21 44 17
28 51 30 51 30 53 28 53 28 51
87 48 89 48 89 53 87 53 87 48
91 5 96 5 96 9 91 9 91 5
9 15 13 15 13 19 9 19 9 15
68 56 72 56 72 59 68 59 68 56
75 39 78 39 78 41 75 41 75 39
70 67 73 67 73 70 70 70 70 67
21 93 25 93 25 96 21 96 21 93
49 48 52 48 52 52 49 52 49 48
52 60 55 60 55 62 52 62 52 60
68 14 70 14 70 17 68 17 68 14
11 20 14 20 14 22 11 22 11 20
11 36 16 36 16 41 11 41 11 36
29 43 32 43 32 46 29 46 29 43
18 87 21 87 21 92 18 92 18 87
26 13 28 13 28 17 26 17 26 13
64 2 67 2 67 5 64 5 64 2
74 68 76 68 76 70 74 70 74 68
50 78 52 78 52 82 50 82 50 78
4 51 9 51 9 53 4 53 4 51
92 30 94 30 94 35 92 35 92 30
93 89 98 89 98 93 93 93 93 89
19 44 23 44 23 46 19 46 19 44
93 84 97 84 97 86 93 86 93 84
83 90 86 90 86 95 83 95 83 90
69 20 72 20 72 22 69 22 69 20
77 31 81 31 81 35 77 35 77 31
7 81 9 81 9 84 7 84 7 81
64 19 68 19 68 22 64 22 64 19
72 48 74 48 74 50 72 50 72 48
5 95 10 95 10 97 5 97 5 95
39 26 41 26 41 29 39 29 39 26
92 60 97 60 97 64 92 64 92 60
90 2 95 2 95 4 90 4 90 2
70 87 72 87 72 90 70 90 70 87
55 70 60 70 60 72 55 72 55 70
47 62 51 62 51 66 47 66 47 62
72 27 74 27 74 31 72 31 72 27
68 35 73 35 73 40 68 40 68 35
45 40 47 40 47 42 45 42 45 40
77 71 79 71 79 73 77 73 77 71
60 10 63 10 63 13 60 13 60 10
8 77 10 77 10 80 8 80 8 77
80 16 85 16 85 18 80 18 80 16
15 6 19 6 19 8 15 8 15 6
10 2 14 2 14 4 10 4 10 2
