88 31 3 5
21 38 5 3
78 74 3 4
4 45 2 3
61 96 3 2
92 6 3 4
18 65 2 3
96 35 2 3
73 72 4 5
47 50 2 5
49 76 4 3
22 88 5 4
85 61 5 2
68 80 5 2
73 11 5 2
25 79 2 4
8 27 2 4
81 82 5 4
79 31 4 3
43 49 3 3
19 27 4 3
24 93 2 4
68 36 5 3
16 92 2 2
19 76 2 3
27 27 4 5
76 39 5 2
67 44 5 3
33 18 3 2
11 6 3 4
83 8 3 3
4 18 3 5
46 74 2 2
14 16 5 2
61 64 5 4
25 58 3 3
77 23 2 4
80 64 3 5
28 66 5 3
32 47 2 5
54 26 4 2
43 40 4 4
31 61 3 2
24 46 2 3
10 35 3 3
2 88 3 3
35 12 5 4
39 66 5 4
13 84 3 5
30 36 3 3
71 91 4 5
79 10 2 2
9 79 3 2
15 48 5 5
30 40 4 4
3 4 5 5
2 32 4 2
52 42 3 3
11 67 3 2
83 89 5 2
22 15 5 3
13 60 5 3
84 53 4 5
20 59 2 5
49 89 4 5
92 96 5 2
60 3 4 5
76 57 3 4
51 2 2 2
17 35 3 3
91 78 4 4
36 28 5 5
31 15 3 2
49 32 4 2
87 68 5 5
83 42 2 4
58 72 5 4
32 27 2 4
67 61 2 3
36 78 2 3
93 50 4 5
36 55 4 5
87 6 3 4
38 74 3 3
25 8 2 5
58 82 5 4
18 4 4 4
59 40 3 2
89 91 2 5
68 18 2 2
60 30 2 3
59 11 4 3
7 39 2 5
48 11 3 2
35 39 5 3
52 16 4 3
83 16 3 3
94 84 3 5
8 64 4 2
74 79 4 5
95 15 3 5
41 11 4 4
70 69 2 4
63 87 4 5
67 76 2 3
30 19 2 2
88 86 4 2
33 84 4 2
54 4 4 5
7 10 3 4
90 43 5 5
47 27 3 3
69 22 5 3
5 24 2 5
61 59 2 2
51 37 4 2
52 64 5 2
54 94 2 3
49 16 2 5
43 86 3 5
6 54 5 5
44 81 5 3
68 29 2 2
33 93 3 4
47 56 5 2
84 33 3 2
66 10 2 3
13 40 5 5
27 4 3 3
89 13 5 4
45 93 3 4
11 51 3 2
36 6 3 3
31 75 4 4
21 52 2 3
90 19 2 2
93 60 3 2
28 77 2 5
44 45 4 2
72 55 2 4
84 29 3 3
53 23 3 2
3 69 4 2
65 4 3 4
62 21 5 5
78 93 3 4
53 67 3 4
65 15 3 2
25 34 2 2
46 66 5 4
80 46 2 3
84 38 3 2
2 38 2 2
42 29 2 4
54 88 4 3
27 48 4 4
3 77 4 5
22 73 3 4
56 51 4 2
47 36 2 2
38 19 3 3
21 32 3 4
85 25 4 3
95 23 2 3
37 61 2 2
70 64 2 3
77 17 4 5
8 85 4 2
79 4 2 2
15 69 3 5
17 10 2 2
9 15 4 5
33 21 4 2
73 63 4 4
82 20 3 3
86 44 2 4
67 54 4 5
7 93 3 2
25 20 3 4
95 32 2 2
10 3 2 2
47 61 2 4
52 49 3 2
92 37 3 3
5 49 2 3
86 22 4 2
8 70 5 5
21 42 2 4
31 5 3 2
57 37 3 2
94 66 4 4
42 20 3 4
41 7 5 2
46 22 4 4
8 90 2 2
43 72 2 4
79 35 3 3
2 64 2 3
55 60 4 3
67 32 4 2
