51 61 2 5
33 8 4 5
10 9 4 4
57 33 5 3
49 47 2 2
39 2 2 2
18 92 3 2
92 85 3 3
47 13 5 3
22 31 3 3
41 7 5 5
41 26 5 5
74 96 2 2
17 46 2 3
32 72 5 4
29 4 4 3
12 26 4 4
52 56 3 3
82 76 2 4
23 16 4 2
88 63 4 3
2 23 2 4
49 30 2 4
87 14 3 3
72 70 4 5
83 65 4 3
28 62 5 3
52 42 2 5
72 48 4 2
62 45 3 2
10 49 3 2
11 63 4 3
92 10 3 3
63 52 3 5
86 87 5 4
83 50 3 3
96 68 2 5
17 9 3 3
73 76 4 2
87 39 3 2
3 60 2 4
70 6 3 4
91 20 3 2
27 9 4 5
14 76 4 5
10 59 2 2
19 83 5 3
37 42 3 3
27 41 4 3
50 17 4 2
71 60 5 2
43 52 3 5
38 15 5 2
57 46 2 2
23 92 4 5
9 3 2 3
78 62 2 2
77 19 3 5
11 71 2 5
74 16 5 2
93 31 3 5
56 59 3 2
21 25 5 4
45 42 2 3
39 91 2 5
16 65 2 2
76 37 2 4
74 5 4 5
14 35 5 4
40 63 2 2
7 40 5 2
88 53 3 5
81 19 3 5
36 83 5 2
46 60 4 5
14 57 5 2
86 31 3 5
47 84 5 2
45 3 3 3
3 83 2 5
65 4 4 3
64 11 5 3
69 43 3 4
35 52 5 4
6 24 4 5
28 26 5 3
37 64 2 4
8 44 4 4
38 69 4 3
95 74 3 4
74 91 2 2
5 90 4 2
45 75 4 4
55 73 2 4
29 68 2 2
22 65 2 4
31 48 3 2
34 92 4 5
22 78 2 3
67 61 2 3
51 4 2 5
81 10 3 4
55 92 2 2
41 33 4 3
56 83 4 5
21 10 4 3
8 16 4 4
9 80 2 4
64 65 5 4
72 26 5 2
62 16 3 4
60 29 3 2
56 23 5 2
75 11 5 2
20 52 2 3
68 77 4 4
76 2 4 2
4 73 3 2
15 22 2 3
19 71 5 2
80 57 5 4
71 19 3 5
44 18 2 3
68 27 2 4
29 34 5 2
78 28 2 3
46 70 5 3
2 38 4 3
66 93 5 4
84 69 4 4
60 73 2 4
66 70 3 4
93 57 5 4
8 53 3 3
58 18 3 4
59 41 2 2
75 79 2 4
12 94 4 2
92 92 4 3
81 88 3 3
86 45 2 3
28 91 2 3
29 83 3 3
48 92 4 4
38 25 2 3
50 50 4 3
35 29 3 3
46 89 3 2
92 80 5 3
30 20 3 2
66 90 5 2
47 55 2 3
52 24 3 2
36 18 5 2
47 24 2 2
3 3 2 3
16 52 3 2
15 68 2 5
91 48 3 2
27 52 2 5
93 52 5 4
73 54 2 3
81 81 3 4
62 41 4 2
61 4 2 3
70 14 3 3
55 10 3 4
90 26 4 3
25 2 3 5
86 76 3 2
91 15 2 3
69 82 3 5
2 43 5 2
22 58 3 2
15 14 4 5
93 71 2 2
32 51 2 5
86 21 2 4
79 36 5 5
3 34 4 2
25 71 2 2
94 39 2 5
5 77 3 4
60 49 4 2
27 76 3 2
79 42 3 4
52 10 2 2
40 37 3 2
18 24 2 5
63 79 3 4
22 87 4 4
41 41 3 4
75 85 5 4
60 91 4 3
5 11 3 4
59 67 4 4
54 68 3 4
80 5 3 4
33 81 2 5
9 85 3 4
