27 41 5 2
53 58 5 5
74 75 4 4
61 87 2 3
80 61 5 2
13 5 3 5
85 93 2 2
35 18 5 2
72 49 3 2
37 40 3 3
23 94 2 4
65 80 4 2
74 5 2 4
23 71 2 5
26 54 4 4
94 8 2 2
3 57 4 2
18 21 5 3
72 83 3 4
60 11 5 5
65 55 4 4
22 54 2 2
84 47 2 5
47 84 2 5
68 38 3 4
49 40 2 2
17 55 3 3
56 51 5 4
5 66 5 2
13 2 4 2
65 67 5 3
22 61 5 2
13 65 2 4
31 60 3 2
63 18 4 2
7 84 3 2
24 88 2 2
87 3 4 5
71 16 5 3
78 46 5 4
12 31 3 2
91 19 4 5
37 92 3 2
77 10 2 5
4 76 5 4
23 35 3 4
66 85 4 5
58 18 3 5
28 68 3 3
61 43 4 2
31 55 3 3
32 87 4 2
78 71 5 3
38 59 5 3
14 51 3 2
7 26 3 5
61 71 5 4
4 24 2 4
51 43 4 4
45 47 3 2
36 27 5 2
55 93 4 3
23 57 2 3
10 53 2 3
43 76 5 5
24 43 2 4
50 95 4 2
7 36 5 5
35 4 5 2
81 10 2 4
6 47 4 2
6 9 5 4
15 60 4 4
86 17 4 2
28 32 3 2
10 17 3 5
19 85 3 2
94 77 2 2
69 5 4 4
32 81 3 4
47 16 3 3
43 67 5 3
27 10 2 4
69 28 3 2
29 21 3 4
95 66 3 4
71 22 4 2
33 75 4 5
19 66 2 3
32 10 2 4
55 64 4 3
16 45 5 3
14 23 2 4
14 11 3 5
4 5 2 3
50 76 2 2
62 31 2 5
8 91 2 3
42 51 2 4
71 76 2 3
91 48 3 3
66 49 2 3
73 64 4 5
53 20 2 5
10 72 5 5
86 83 4 2
50 67 4 4
89 66 3 5
87 74 5 4
29 4 4 5
60 39 3 3
56 5 4 5
75 59 2 3
79 25 3 3
33 36 2 5
88 33 4 3
56 34 4 3
77 33 4 5
21 80 5 3
48 58 4 2
82 34 5 3
50 83 5 2
85 10 5 5
38 73 4 5
79 3 4 4
79 41 4 4
30 51 2 2
18 71 3 4
59 24 4 2
42 32 2 2
54 29 2 2
43 12 3 3
26 75 3 3
86 60 5 2
93 33 2 4
78 90 2 5
82 86 2 4
6 60 4 5
43 6 2 5
86 26 3 2
56 15 2 2
57 87 2 3
73 70 3 2
96 29 2 3
54 76 4 4
25 48 2 2
75 39 3 3
93 90 4 4
12 85 3 4
45 26 2 2
66 32 2 4
95 45 2 5
46 4 2 5
37 48 2 3
89 87 3 2
84 29 5 3
66 6 2 3
24 27 5 4
66 45 5 3
12 92 3 4
16 40 4 4
51 17 4 2
38 31 2 4
13 54 3 5
30 38 2 2
12 79 5 5
38 64 3 5
96 11 2 4
49 90 5 4
16 90 4 3
42 95 2 2
11 23 2 5
34 52 5 2
41 86 5 5
83 22 4 3
84 75 2 2
45 43 5 2
74 25 3 2
92 2 4 5
41 19 3 3
20 14 2 5
93 71 3 5
63 28 3 2
29 80 2 2
89 91 2 2
60 93 3 2
44 62 3 2
52 4 3 2
19 9 3 2
51 11 4 5
3 42 2 5
52 33 3 3
73 92 4 2
2 85 4 4
46 40 2 2
17 26 4 5
67 91 4 2
36 13 4 4
56 84 4 2
18 32 4 5
