61 11 2 5
53 61 4 5
81 19 2 5
45 85 5 3
9 5 3 3
42 38 2 3
36 13 5 2
24 91 5 2
16 41 4 3
27 68 3 4
73 84 4 5
8 80 4 2
19 62 4 4
75 76 2 4
67 67 2 5
64 30 5 4
71 93 5 3
84 16 5 5
96 4 2 3
67 12 3 4
89 27 4 3
52 31 2 3
24 84 5 2
85 56 4 2
73 7 4 4
20 58 2 2
86 65 5 4
87 43 3 3
67 84 4 5
41 5 2 2
12 85 2 5
93 70 2 2
28 25 2 2
91 89 5 5
32 38 2 2
20 81 5 2
65 91 2 3
96 62 2 2
48 5 3 3
75 36 2 4
61 78 4 2
54 50 5 2
3 3 2 2
66 24 2 2
30 42 2 4
78 11 3 2
47 25 2 4
75 61 2 5
73 41 5 2
45 6 2 5
31 87 4 3
30 81 2 4
93 79 5 3
10 43 4 3
55 37 3 4
79 54 2 2
61 85 5 3
72 61 2 4
43 24 3 2
4 62 2 2
6 57 5 4
29 8 2 5
69 38 2 2
63 17 4 4
80 69 5 5
26 53 5 4
84 81 4 5
53 22 5 2
66 74 5 4
89 3 4 4
21 15 2 2
84 2 2 5
31 74 5 5
60 71 5 3
87 48 4 5
51 71 2 5
20 72 4 3
47 42 3 3
35 66 2 4
72 49 2 2
56 78 2 5
21 28 4 3
21 35 3 5
43 76 4 2
60 30 2 2
9 96 3 2
24 63 3 2
15 27 4 4
3 65 4 2
96 27 2 5
70 28 5 2
91 23 5 3
27 32 2 5
52 46 4 2
77 23 2 3
79 32 2 5
22 22 5 5
41 80 4 3
51 54 3 3
33 58 2 5
90 70 2 4
49 91 5 4
5 25 2 5
35 20 5 4
90 57 5 5
35 29 5 4
92 47 5 2
71 25 3 2
61 57 5 2
86 34 2 4
43 95 4 2
20 48 5 4
6 14 5 2
81 96 5 2
62 45 2 3
41 50 4 4
66 37 2 2
65 4 2 3
27 3 4 3
2 72 3 3
36 57 5 5
16 64 2 3
17 10 2 3
32 10 3 2
16 76 4 3
9 73 3 3
85 30 2 3
40 90 5 3
23 67 3 3
41 69 3 5
3 34 2 2
2 11 3 3
68 7 3 4
32 15 2 4
46 32 5 3
71 68 3 4
17 18 5 2
87 72 2 3
23 2 2 5
67 46 4 4
60 40 3 3
38 68 2 4
7 31 5 2
59 91 3 4
55 5 2 5
55 12 4 3
14 94 2 3
74 53 2 5
76 81 5 2
26 73 2 4
47 18 5 2
11 64 4 4
62 8 4 2
90 31 5 3
73 14 2 2
6 47 5 4
28 61 2 4
13 33 2 3
46 72 3 2
7 35 5 3
50 49 3 2
3 7 2 3
2 52 4 3
79 39 2 3
7 2 4 2
70 3 3 2
53 2 2 2
95 50 3 3
83 34 2 5
84 8 4 4
95 36 3 3
15 51 3 5
44 18 2 2
16 69 2 5
50 77 5 5
39 42 4 2
41 17 2 5
79 49 3 4
45 38 2 2
36 51 3 4
42 60 5 3
13 47 5 3
27 19 4 2
59 18 2 4
96 54 2 4
17 93 5 2
84 45 2 2
32 35 4 2
48 12 5 3
3 88 5 3
53 17 5 2
60 64 4 2
42 55 3 2
15 82 4 4
25 13 2 3
26 96 3 2
76 17 2 2
67 64 4 2
47 65 4 3
87 22 3 4
