27 80 3 5
78 13 3 3
85 83 4 5
58 62 4 3
22 69 2 5
16 28 2 3
80 94 5 4
90 24 4 3
38 90 2 2
74 90 3 5
53 30 5 5
23 37 2 4
32 36 2 5
60 41 5 5
31 95 2 2
86 12 3 3
43 21 3 2
29 86 4 2
14 55 5 5
9 73 4 5
41 4 4 5
83 53 5 2
71 47 3 3
44 69 4 5
43 83 3 2
90 2 2 3
57 19 5 3
24 43 2 4
96 86 2 2
87 78 4 2
14 87 4 2
70 30 4 5
32 27 5 4
47 13 4 5
56 55 4 5
62 69 5 5
73 83 3 5
13 83 3 2
85 27 3 3
92 54 4 4
29 2 2 4
39 53 4 3
11 38 5 4
47 49 3 2
4 74 3 5
17 38 3 4
40 36 3 3
49 72 4 5
56 90 4 5
55 10 4 2
48 90 5 2
27 69 2 2
14 32 4 5
22 75 4 3
80 42 3 5
52 18 2 2
8 28 3 5
47 6 4 5
39 68 4 3
67 40 3 4
20 25 2 2
30 74 5 5
81 61 2 3
38 95 2 3
35 89 2 4
45 37 2 4
13 20 3 4
21 18 2 3
8 88 3 3
16 77 5 2
57 2 3 5
3 30 2 2
48 33 2 3
81 32 5 2
21 29 5 3
71 40 4 3
58 84 2 3
39 49 5 2
8 52 4 5
37 21 2 5
86 65 4 2
75 77 2 5
62 81 5 3
55 68 5 2
56 14 3 3
79 48 4 2
94 17 3 2
63 53 3 4
64 93 4 4
77 61 3 5
31 14 2 2
38 8 2 5
42 57 2 4
18 49 3 4
83 19 2 3
89 69 3 2
19 94 4 3
2 65 5 3
48 63 5 2
62 47 2 2
93 81 3 3
90 91 4 3
63 86 4 5
84 37 2 2
35 43 5 4
30 54 3 4
93 12 3 2
89 35 5 4
74 73 4 2
59 30 4 4
25 24 4 2
53 6 2 2
64 38 2 2
68 70 5 5
41 91 5 2
40 26 2 3
65 65 3 3
77 6 2 4
76 33 2 3
80 89 4 4
20 13 2 3
54 63 2 3
41 31 5 3
17 7 3 3
33 64 4 5
70 65 5 2
63 59 5 5
26 63 4 2
39 75 4 5
51 45 3 5
9 65 2 4
86 45 5 4
4 19 4 4
22 79 4 4
41 63 4 2
67 31 2 4
84 58 2 4
55 23 2 2
92 60 3 5
72 2 3 5
74 96 3 2
48 81 2 4
9 92 4 5
88 16 4 3
12 70 5 2
69 11 2 4
48 39 3 5
55 47 4 5
70 19 5 5
20 91 2 2
47 60 2 2
6 81 3 5
68 52 2 3
94 73 3 5
95 69 3 3
93 41 5 3
27 29 3 2
2 92 3 3
62 2 4 4
76 54 4 4
28 10 5 3
38 72 2 2
52 81 5 5
79 77 3 5
87 74 3 2
11 14 4 4
28 35 2 3
82 25 2 5
25 92 5 3
4 43 5 4
24 12 2 5
44 25 5 2
7 59 3 2
39 16 4 2
5 87 2 4
76 19 2 3
61 7 3 2
31 49 3 4
2 34 3 5
69 89 3 5
2 4 5 5
13 5 2 3
91 86 4 2
12 28 2 3
75 69 4 2
19 80 2 3
13 9 2 3
23 55 3 4
87 56 2 4
52 26 5 2
95 94 2 4
53 56 2 2
41 96 2 2
80 5 5 2
34 3 3 2
60 23 4 2
16 61 2 5
48 66 5 2
52 51 2 3
23 86 3 2
