21 28 2 3
36 90 5 3
55 35 3 5
73 55 2 5
63 33 3 4
75 22 2 2
95 42 2 4
70 9 2 3
13 64 2 5
64 23 3 3
78 36 3 4
30 93 3 3
35 14 2 3
24 77 2 2
66 73 3 5
67 27 3 2
88 27 2 5
41 35 4 3
13 43 4 5
45 70 2 3
63 11 3 2
27 48 2 3
13 74 4 4
45 89 5 4
21 12 5 3
23 42 4 2
75 82 2 3
31 78 2 2
11 59 5 3
30 10 3 4
85 14 3 2
4 73 3 2
86 46 2 2
9 9 3 4
88 87 5 3
46 75 5 5
85 43 4 2
58 24 4 2
28 66 3 2
76 88 4 5
75 27 2 4
3 45 5 5
89 20 3 4
44 59 3 2
38 6 3 4
26 24 4 5
87 38 5 2
58 8 3 2
29 85 3 2
31 37 2 2
30 31 4 5
37 48 4 5
73 73 4 3
60 47 3 2
36 55 4 5
37 28 4 5
60 61 5 3
10 34 5 4
7 95 4 3
88 52 2 5
7 66 3 5
66 95 2 2
44 43 4 4
39 96 5 2
54 60 2 3
55 66 5 3
89 59 3 2
11 28 4 3
54 12 2 2
10 89 2 4
91 44 2 2
43 55 5 2
68 31 5 2
28 70 3 5
48 38 4 2
5 3 5 2
47 29 2 5
84 68 3 5
24 89 5 3
39 81 5 5
19 8 2 3
88 63 2 5
52 25 4 2
46 13 5 3
95 23 2 4
80 84 4 3
58 87 3 4
64 90 2 2
13 52 5 2
32 61 5 5
51 91 4 2
77 67 4 2
20 63 3 3
76 49 4 4
17 81 3 2
80 54 4 5
25 3 2 3
94 75 3 2
78 17 4 3
72 38 4 5
92 80 4 2
22 17 2 4
93 62 2 4
41 59 2 3
9 76 2 2
51 29 2 4
62 3 2 5
23 35 5 3
17 4 5 3
82 40 2 5
23 96 4 2
89 94 4 4
82 23 2 4
6 14 5 2
75 11 4 3
48 19 4 4
80 76 4 2
32 41 5 2
39 73 2 4
4 37 5 5
13 11 2 3
62 18 4 4
70 63 3 4
22 56 4 2
88 81 2 4
6 56 2 2
7 24 5 3
12 82 2 2
15 87 3 4
57 43 4 3
83 96 4 2
63 29 2 2
5 29 4 5
84 3 5 2
64 85 5 3
28 6 2 3
46 83 2 2
71 15 3 5
68 58 4 4
86 76 2 2
40 15 3 2
16 21 4 3
91 30 2 2
52 79 4 3
46 62 4 4
33 4 2 5
93 35 2 3
52 75 5 3
49 48 3 5
58 19 2 4
4 53 2 2
24 71 3 3
83 88 2 2
60 80 3 5
62 52 2 5
87 6 2 4
33 81 4 5
94 9 4 4
67 5 4 2
34 18 3 5
77 3 2 4
53 41 2 3
94 16 3 2
16 34 4 3
49 82 2 5
19 39 3 3
82 6 4 5
50 95 3 2
95 47 3 3
47 7 4 3
45 95 2 2
59 75 2 2
72 79 2 2
20 71 2 3
73 3 2 3
62 67 2 4
64 40 3 2
15 18 2 2
4 82 2 2
79 28 4 4
5 89 3 2
17 66 2 3
90 5 3 2
35 34 4 5
67 16 3 5
69 82 4 2
31 45 3 4
53 53 5 4
28 19 3 2
53 16 2 5
2 85 5 2
28 55 5 5
43 18 2 4
23 81 2 5
64 47 4 2
92 55 3 2
42 9 2 2
69 90 3 2
83 79 2 4
72 95 3 2
