39 69 2 4
40 53 5 4
69 53 5 3
18 90 2 2
6 56 5 2
84 58 3 2
42 42 4 5
71 88 2 2
58 87 5 3
53 20 4 5
57 3 2 5
46 71 2 4
60 72 2 3
59 63 2 2
62 8 2 2
3 84 4 4
64 81 2 3
74 58 3 3
21 52 5 3
60 47 5 2
48 90 4 3
74 86 4 2
46 18 2 2
36 17 5 2
7 31 5 3
70 42 4 4
86 95 3 2
92 5 3 5
18 60 3 2
91 52 2 2
4 49 5 4
92 47 5 3
62 62 4 3
67 30 4 2
31 59 3 5
20 7 2 5
32 94 2 3
42 86 5 2
57 14 2 5
76 19 3 5
49 76 5 2
6 6 4 4
90 89 2 3
83 73 3 3
59 51 2 2
66 86 3 3
6 12 4 5
93 68 5 5
75 48 4 4
73 38 3 3
90 59 4 4
81 46 4 2
15 93 5 4
42 48 2 2
87 32 5 2
19 19 2 4
80 51 2 4
93 31 3 2
79 6 4 4
51 50 2 3
37 6 2 5
51 39 2 4
41 93 3 4
30 7 5 2
58 35 5 5
2 37 4 4
77 14 2 4
8 36 5 4
3 60 4 3
30 86 3 5
24 58 2 5
85 85 2 4
81 14 5 5
74 29 4 3
75 5 2 2
78 42 2 3
28 33 4 3
76 76 4 3
20 64 5 3
94 75 4 4
14 28 3 4
27 67 5 5
36 55 2 5
27 76 3 5
55 82 5 2
33 40 4 2
8 85 5 4
21 69 3 5
19 76 4 2
61 3 2 4
86 43 3 4
23 8 4 5
82 70 2 2
46 36 2 5
53 3 3 5
47 59 4 4
14 81 3 5
39 27 5 4
63 51 3 5
96 88 2 5
39 23 5 2
85 21 5 2
95 25 3 5
79 59 3 4
4 95 5 2
5 72 3 2
94 37 4 3
43 82 3 3
7 24 4 4
67 16 4 4
86 69 5 2
94 83 2 4
69 24 3 4
39 75 2 4
58 66 3 5
51 79 2 5
43 67 2 3
33 45 5 3
25 28 3 2
33 72 5 2
76 68 4 2
22 81 2 4
56 41 2 5
10 91 2 2
38 62 3 5
70 78 3 5
19 80 2 3
56 28 3 4
6 44 3 4
25 45 4 5
16 41 4 3
48 46 2 3
26 83 5 2
32 21 5 4
22 28 2 4
43 76 5 4
73 64 2 2
89 83 4 4
2 2 3 4
85 79 4 2
68 63 2 4
39 34 2 2
42 62 2 2
20 2 5 4
65 34 2 2
68 12 4 2
43 8 2 4
76 33 2 4
54 58 2 3
38 38 4 3
85 25 2 3
6 76 2 2
50 34 5 4
73 91 4 3
69 5 4 2
43 89 4 2
32 81 4 2
12 51 3 3
68 96 2 2
25 95 4 3
32 13 3 2
87 38 4 4
32 2 5 2
60 25 5 2
52 45 2 2
94 21 4 2
57 91 4 5
13 11 2 2
57 77 4 3
60 57 4 4
46 2 2 2
67 76 2 2
51 85 5 3
87 29 3 2
50 29 2 3
43 33 2 3
68 93 2 2
10 71 3 5
53 64 2 4
68 59 2 3
49 23 2 3
78 56 5 2
51 9 3 3
80 33 4 4
36 93 3 2
11 65 3 5
79 92 5 3
15 34 3 3
4 79 3 2
15 70 5 3
89 12 4 5
2 64 3 4
53 89 3 4
24 21 2 2
46 7 3 3
19 46 2 5
23 17 4 2
40 2 4 5
29 40 2 4
26 89 3 5
