19 63 5 2
56 26 3 4
33 49 5 2
4 61 3 3
22 44 3 5
50 32 5 2
28 74 3 5
22 82 3 3
45 56 2 3
82 12 2 3
61 57 4 2
91 6 3 5
38 85 4 3
60 25 5 2
8 56 4 2
13 64 5 4
57 18 5 2
65 20 4 2
81 30 3 3
56 43 4 3
13 76 5 2
76 21 3 3
39 33 2 2
25 63 2 3
94 79 4 3
23 74 2 2
24 34 3 3
10 46 5 3
67 55 2 2
89 31 3 2
61 76 5 2
39 70 3 5
49 44 4 5
33 33 3 5
79 8 3 3
83 67 3 5
43 21 5 3
91 27 3 2
44 15 2 5
23 8 5 4
92 37 3 5
59 22 4 2
49 36 2 5
38 7 3 2
62 49 5 5
58 56 2 4
52 53 2 2
75 29 3 4
6 15 4 3
65 31 2 4
44 6 5 3
13 19 5 3
26 44 4 2
4 77 5 3
14 92 5 4
61 93 2 5
90 83 2 4
28 58 5 5
44 40 4 4
73 90 3 3
84 8 5 3
57 82 4 2
40 91 5 5
29 84 4 4
25 21 4 3
52 70 3 5
61 7 3 4
15 8 2 2
21 13 4 2
95 55 3 5
70 35 5 3
92 47 5 5
5 47 4 3
70 81 5 3
56 72 4 5
30 24 3 2
31 42 2 5
24 16 2 2
35 24 2 5
49 82 5 2
25 91 3 5
8 83 4 4
5 9 4 5
74 73 2 5
57 38 5 3
30 11 3 3
18 51 2 3
10 50 2 4
43 83 4 4
5 23 5 4
19 45 2 4
42 64 3 2
89 67 4 3
59 85 4 2
8 65 4 4
88 14 4 3
63 14 2 3
20 38 2 4
66 90 5 2
8 3 4 4
38 55 2 2
16 70 3 3
52 19 2 2
90 90 3 2
8 59 4 5
35 18 3 4
43 25 5 2
46 76 5 4
50 61 3 5
69 71 4 4
34 59 2 3
30 6 2 4
14 3 3 4
94 64 3 2
77 15 2 2
65 60 3 4
78 38 4 4
8 92 4 4
52 26 3 2
64 67 2 5
25 53 5 2
22 56 5 4
83 86 3 2
14 12 5 4
48 57 5 3
18 6 3 4
84 27 5 2
40 77 5 5
95 5 3 3
62 2 5 4
84 62 5 3
84 80 5 3
68 30 4 2
26 27 2 5
56 31 2 3
94 12 2 4
53 11 2 3
85 50 3 5
34 82 3 2
95 67 3 4
3 32 2 5
26 13 3 2
56 47 4 5
31 95 5 2
17 79 5 2
55 62 2 5
80 60 2 2
96 76 2 2
68 3 2 4
75 44 4 5
34 73 3 3
57 8 2 5
49 27 2 3
88 3 2 3
67 14 2 4
60 29 3 4
77 80 5 4
52 23 5 2
82 73 2 2
76 8 2 5
69 40 2 2
20 19 3 4
80 65 2 5
14 86 4 3
34 46 3 2
58 93 2 2
75 58 3 3
77 76 3 3
29 92 4 2
84 35 4 4
93 19 2 5
87 41 2 2
71 94 5 2
65 41 3 2
26 84 2 5
80 53 2 5
75 68 4 4
2 83 3 3
22 69 2 4
26 2 3 4
27 16 3 4
2 68 2 2
89 19 2 2
70 52 4 4
86 19 2 2
5 55 2 3
39 15 2 4
50 85 4 3
34 12 3 4
6 72 3 2
28 37 3 3
79 93 2 3
47 12 5 5
19 34 3 2
46 51 5 4
45 37 2 2
16 25 4 2
82 77 3 2
42 34 2 4
90 58 3 2
