18 46 5 4
76 68 2 5
69 57 4 5
86 16 2 5
18 86 5 5
25 61 2 3
47 52 2 4
20 34 5 3
92 6 5 3
22 22 3 5
9 91 2 3
71 22 5 5
84 35 3 5
36 91 5 2
43 71 4 2
5 33 5 4
24 70 3 2
61 34 3 3
57 27 3 3
63 28 5 5
20 93 4 5
64 89 4 3
84 45 2 2
15 27 5 3
62 81 2 2
8 40 4 4
68 44 5 4
38 54 2 4
43 81 4 4
63 41 3 3
86 53 2 4
79 90 5 4
30 28 5 4
72 32 2 5
87 72 2 4
48 5 3 5
85 65 2 4
93 84 4 3
42 44 3 3
17 80 2 3
95 66 3 5
71 76 2 5
75 47 4 5
13 36 2 4
20 3 5 5
49 18 5 4
63 76 5 2
56 71 4 5
25 11 3 2
82 26 3 4
45 11 2 2
88 46 3 5
73 92 5 5
3 95 4 3
74 84 4 2
11 78 4 5
89 13 5 4
59 54 5 2
42 20 2 3
93 60 5 5
12 66 2 5
55 64 4 4
94 50 4 4
78 3 5 5
69 71 2 2
49 93 3 3
38 61 3 5
86 41 4 2
61 57 4 5
79 64 4 2
46 31 2 4
7 75 2 3
8 52 3 5
14 53 5 3
28 24 2 3
29 83 2 3
25 91 3 5
75 42 4 2
87 87 2 3
41 55 4 5
79 18 4 5
16 20 3 4
75 10 4 3
52 32 3 2
88 29 4 3
47 24 4 2
44 87 3 2
82 74 4 5
27 41 2 2
52 51 2 4
84 61 2 3
12 93 3 2
34 71 4 2
4 67 5 4
65 14 2 4
3 60 4 4
17 76 2 3
35 64 2 3
19 64 3 5
29 75 4 2
48 67 3 5
48 40 5 2
31 2 5 4
67 65 3 5
26 67 4 2
42 17 3 2
75 3 2 5
14 61 3 4
5 15 5 2
58 58 2 4
67 81 3 2
30 94 3 4
57 10 2 2
82 11 3 4
92 90 2 5
40 77 3 2
64 4 5 4
53 26 3 3
10 24 4 4
7 3 5 3
31 25 3 2
68 50 2 5
27 19 3 3
39 85 3 4
75 58 2 2
33 81 2 3
37 32 4 3
57 50 3 3
71 17 2 4
95 75 2 4
8 47 5 3
53 91 2 2
49 45 5 3
52 2 2 4
31 11 5 4
56 82 2 5
82 86 2 2
74 38 4 2
37 48 4 2
31 42 3 5
80 49 2 2
30 35 4 2
65 20 4 5
61 7 2 2
90 67 2 5
30 61 4 3
25 52 5 2
86 24 3 3
5 18 5 4
61 48 5 4
59 43 3 2
15 41 2 2
36 38 5 3
2 79 5 3
52 58 4 3
88 79 5 4
17 92 2 3
92 36 3 3
2 2 2 5
6 83 2 5
33 50 3 2
47 74 3 3
69 87 2 5
57 37 3 2
79 67 3 3
9 86 5 4
26 29 2 3
27 55 2 3
79 57 3 2
67 34 3 4
19 57 5 5
50 82 3 4
15 48 2 4
6 89 2 4
4 55 2 3
56 13 2 3
24 73 3 5
49 59 2 4
78 76 2 3
14 13 3 5
20 83 5 2
2 23 2 3
95 10 2 4
32 89 3 4
85 2 5 3
87 93 3 5
36 23 3 4
43 65 3 5
71 6 3 2
26 48 5 3
42 36 5 5
43 92 4 4
26 36 3 4
30 55 2 3
2 32 2 3
4 11 2 2
73 65 4 2
92 42 4 5
3 89 2 4
5 44 2 4
