79 22 4 5
53 59 4 3
13 12 5 2
95 26 3 3
73 6 3 5
31 70 2 5
33 55 2 3
78 10 3 4
8 37 4 2
58 27 4 5
53 36 3 5
43 68 4 4
39 49 4 5
5 19 5 5
29 48 3 3
86 31 5 2
77 15 3 5
43 93 5 5
29 82 4 2
50 88 5 3
37 31 3 4
50 46 5 3
85 18 4 4
34 61 5 5
88 5 3 2
36 74 5 4
20 94 2 4
3 64 3 5
26 96 5 2
85 90 4 4
28 91 4 2
66 73 5 4
68 19 2 2
65 49 5 3
45 61 3 4
62 67 5 2
29 15 3 5
16 39 5 3
84 54 3 3
22 69 5 3
93 8 5 3
53 83 3 4
14 50 2 4
70 27 2 4
59 18 5 5
15 74 5 4
51 3 2 3
30 78 2 3
94 87 2 5
79 46 5 3
22 9 5 3
28 23 3 5
10 41 2 2
29 3 2 2
49 65 4 5
74 20 2 4
43 32 3 3
42 38 2 5
69 12 5 2
36 9 5 5
74 80 3 4
80 93 2 4
80 77 4 3
51 92 3 2
85 76 5 3
12 91 5 3
7 33 2 2
53 11 5 2
53 50 2 4
27 36 5 5
59 54 2 3
18 25 2 5
71 46 3 3
47 73 5 3
83 8 2 5
62 88 3 2
78 59 2 3
17 64 2 4
21 80 5 2
50 77 3 3
20 60 2 4
68 35 4 3
9 26 2 2
13 96 3 2
77 3 3 2
6 43 3 5
4 49 4 3
84 83 5 3
37 2 2 4
6 77 5 3
20 4 3 3
64 24 4 3
64 34 2 5
36 56 3 2
12 28 3 4
82 59 3 2
93 16 3 3
72 65 2 4
7 13 3 5
12 45 5 3
2 54 5 3
69 81 3 3
47 9 4 3
13 16 4 4
21 90 3 3
26 60 3 2
14 55 5 3
36 82 5 3
91 75 2 4
7 7 3 3
71 57 5 4
36 86 3 2
5 84 2 5
57 6 2 3
93 50 3 4
49 81 2 4
92 30 4 3
43 16 3 3
71 88 2 4
25 15 2 5
63 7 3 3
80 37 2 3
85 43 3 4
50 23 3 5
49 56 3 4
57 78 3 5
91 56 3 4
12 66 3 3
76 86 5 3
58 40 4 4
12 76 2 2
8 2 5 2
88 68 3 5
9 56 2 2
36 20 3 3
76 39 2 4
18 69 3 3
2 76 2 5
60 92 4 3
46 21 3 3
36 70 3 3
8 83 4 2
48 35 4 3
39 45 3 3
26 42 5 2
93 43 3 3
23 84 2 4
2 25 3 2
14 80 5 5
23 42 2 3
61 14 2 3
73 33 2 5
27 31 2 4
64 55 4 2
21 51 2 2
22 31 2 3
77 92 2 4
77 68 5 2
54 69 3 3
2 84 2 3
3 12 3 3
28 7 4 3
22 76 4 3
84 69 2 2
2 37 4 2
34 91 4 4
54 22 3 5
92 66 3 4
89 51 2 3
19 10 2 3
44 73 2 4
5 92 3 3
62 50 2 4
33 49 3 2
91 62 5 2
60 33 2 5
90 93 3 4
60 45 5 3
8 61 4 2
96 36 2 2
44 4 3 4
28 85 2 2
79 42 5 3
75 75 2 2
21 35 3 3
28 53 3 4
71 94 3 3
89 41 2 2
94 76 4 4
43 89 5 3
47 15 3 3
47 41 2 4
86 8 3 5
59 61 5 5
54 15 4 4
14 7 4 2
30 29 3 5
84 24 3 2
66 59 4 4
83 39 5 2
