27 29 2 5
47 79 3 4
52 45 4 5
70 57 3 5
79 28 3 2
79 68 5 4
74 19 5 4
14 33 4 3
46 70 2 2
28 6 2 4
35 68 2 3
20 72 2 2
57 63 4 3
76 28 2 5
65 77 2 4
78 59 5 2
31 24 5 2
87 62 5 4
24 71 2 3
73 84 3 2
62 51 3 3
11 56 3 3
19 94 4 4
90 48 2 4
20 7 5 3
83 88 4 4
5 39 2 5
72 93 5 3
46 19 4 5
4 2 2 5
17 43 5 5
37 21 3 5
18 29 4 2
28 84 3 5
89 53 3 3
18 65 2 2
21 56 3 2
86 7 3 2
84 74 4 5
71 15 2 3
16 13 3 5
38 15 2 2
90 10 4 5
26 13 3 4
26 61 5 5
54 58 4 4
42 43 4 4
76 12 4 5
23 52 4 3
62 73 2 5
32 41 5 4
85 29 3 3
26 44 3 5
5 69 5 5
81 74 2 3
27 76 5 4
77 47 3 5
21 76 4 4
57 68 5 3
13 9 2 3
79 24 4 2
26 20 2 2
68 8 5 3
25 56 4 3
11 80 4 4
4 83 3 2
39 63 2 5
3 75 2 3
56 79 3 5
10 23 3 2
67 19 3 3
41 37 4 4
62 55 2 4
53 32 3 4
93 24 2 5
19 86 4 5
37 6 5 2
50 27 2 2
12 42 3 3
67 56 2 2
55 53 2 4
82 81 3 2
11 17 2 5
59 55 2 2
77 89 3 3
42 84 3 3
66 42 5 4
60 42 2 5
4 8 5 2
33 54 5 4
20 12 2 3
41 26 2 5
2 79 4 2
47 10 4 2
63 82 5 5
87 59 2 2
39 56 4 4
42 50 3 3
34 10 3 4
73 88 3 4
60 34 4 3
93 77 3 4
8 60 5 3
45 63 2 5
74 34 4 2
32 17 3 4
78 96 4 2
53 9 5 2
15 68 4 5
42 19 2 2
53 38 5 4
56 28 3 3
57 93 3 5
12 2 4 2
35 49 2 3
33 3 5 2
71 66 5 4
68 75 5 3
74 37 3 4
3 29 4 3
3 54 2 4
93 42 4 5
38 30 2 4
95 18 2 3
29 37 2 2
78 38 5 2
48 51 2 5
28 68 5 2
68 33 3 2
44 26 4 3
95 36 3 4
86 34 5 3
2 22 3 3
92 90 5 4
12 91 4 3
49 62 3 4
37 88 2 4
87 44 2 2
42 12 2 2
94 83 4 5
3 47 3 5
60 21 3 4
92 5 5 2
85 67 2 4
29 53 2 2
13 65 3 2
54 85 5 2
4 64 2 3
75 73 5 5
72 45 4 3
94 68 2 5
55 3 2 4
90 38 2 2
72 49 3 5
5 15 3 3
33 30 3 3
51 22 3 2
89 70 2 4
16 24 3 3
71 25 4 4
89 84 2 3
66 69 3 4
18 75 2 2
61 2 3 5
57 48 3 3
48 95 4 2
20 36 4 3
32 47 2 2
20 49 2 2
67 36 5 2
2 86 2 4
35 63 2 3
60 29 2 2
19 53 3 2
57 12 5 3
42 77 2 2
77 2 2 5
20 22 5 5
7 48 4 2
21 62 4 3
62 96 5 2
6 24 2 3
36 73 3 5
7 95 4 2
85 49 3 5
31 91 4 2
47 32 2 2
83 11 2 5
83 94 5 3
85 17 2 5
13 38 5 2
66 12 2 3
49 88 4 4
10 85 2 5
35 37 2 2
49 69 2 5
93 54 4 3
25 90 4 5
55 74 5 2
62 89 3 4
