85 17 3 3
94 41 3 3
93 6 4 2
3 88 5 5
82 50 3 4
57 17 3 3
35 84 3 5
26 13 2 5
10 35 2 3
41 47 3 4
35 65 2 3
16 93 2 4
82 23 3 2
41 63 5 5
47 68 4 2
82 84 5 5
19 23 4 5
70 62 2 2
27 36 3 2
29 74 2 4
36 34 5 2
3 20 5 4
4 46 2 5
70 77 3 5
40 93 4 3
29 70 4 2
43 24 5 5
15 21 2 3
68 28 3 3
6 31 3 5
24 26 4 2
95 86 3 5
10 65 4 2
61 82 5 3
4 80 4 5
9 42 2 2
73 91 5 4
18 76 2 4
54 43 4 3
9 56 4 3
46 46 4 2
89 27 4 4
19 34 3 4
10 15 2 4
83 11 3 2
54 47 4 2
12 43 2 5
59 40 3 3
20 5 2 3
61 91 2 5
32 25 5 4
69 44 4 5
28 62 3 4
19 43 3 5
30 5 5 3
60 74 3 2
68 50 3 5
11 69 3 2
18 55 2 2
91 15 4 3
90 60 2 5
66 74 3 4
25 52 4 4
20 65 3 3
34 51 2 4
49 25 5 4
57 66 2 2
12 75 2 3
31 92 4 5
82 46 3 3
28 83 5 3
79 33 4 5
2 26 5 2
57 71 5 2
79 60 2 3
84 67 5 2
38 56 5 3
65 14 2 5
93 83 3 2
53 6 3 5
73 60 2 2
86 92 5 3
76 44 2 2
68 89 2 4
50 36 2 2
9 75 2 2
16 87 4 5
49 76 2 5
23 47 2 2
61 44 4 2
43 53 4 2
41 6 5 3
62 29 5 5
11 87 4 3
93 70 5 3
88 52 4 3
65 58 5 2
70 14 4 5
77 67 4 3
79 73 2 4
48 15 4 4
42 43 2 3
73 29 4 5
72 73 3 3
52 92 5 2
57 59 4 5
74 80 2 3
82 76 2 4
9 11 2 3
27 46 4 4
47 3 2 5
84 36 3 3
57 9 4 4
54 69 2 2
72 8 4 2
44 11 5 3
75 25 2 2
36 7 2 2
15 62 2 3
91 48 3 3
55 28 5 3
22 76 4 4
66 9 5 4
72 84 3 5
34 69 5 4
78 64 5 2
94 25 2 5
95 93 3 2
60 51 3 3
35 59 2 2
14 5 5 3
83 26 5 4
90 80 5 2
67 22 5 5
50 83 4 3
5 52 2 4
19 84 2 2
7 71 2 3
65 36 5 5
35 38 3 5
9 25 3 4
23 69 5 3
85 77 4 2
27 32 2 3
24 20 4 3
74 48 4 2
71 2 4 4
55 86 4 2
94 52 4 4
73 54 3 2
38 12 5 2
39 77 2 4
6 60 2 4
84 31 3 3
20 59 4 2
31 36 3 2
43 90 2 2
76 85 4 5
89 20 5 4
89 84 2 4
43 76 2 2
89 35 3 5
39 83 5 5
27 8 2 4
42 69 2 2
79 79 2 4
95 75 3 2
22 82 4 2
39 17 5 3
52 32 3 2
32 76 3 3
82 3 2 5
11 81 5 3
62 62 4 4
86 62 2 4
8 45 3 2
61 78 3 2
15 18 3 2
22 87 5 4
47 85 2 4
16 49 4 5
86 70 3 3
34 62 2 2
81 16 3 2
83 93 2 2
71 66 4 2
67 71 3 2
62 17 2 3
51 63 4 4
2 66 2 2
54 51 4 5
76 11 2 4
86 5 3 5
41 21 4 2
23 43 3 3
54 77 3 5
57 22 3 2
59 55 2 2
4 38 4 5
82 70 3 5
