87 20 3 4
29 37 5 3
53 91 2 4
92 50 4 4
25 77 3 2
36 81 3 3
82 58 2 5
59 4 3 4
25 9 4 5
47 41 2 3
32 89 2 2
56 22 5 2
4 38 5 2
6 42 3 2
36 19 4 5
8 11 3 5
90 92 3 2
14 18 2 3
56 60 4 2
62 95 4 2
37 12 5 2
7 89 3 5
37 39 5 2
27 70 3 4
59 49 4 5
38 92 3 5
26 65 2 2
83 78 2 5
18 51 5 4
26 31 3 5
81 6 2 2
71 34 2 3
81 71 4 5
19 71 3 5
85 62 2 4
50 61 2 5
17 29 5 3
88 69 2 4
37 2 3 2
46 57 5 2
18 91 2 2
5 56 2 5
65 68 5 3
43 78 5 5
81 10 3 2
68 21 5 3
13 45 2 2
11 65 4 5
61 85 3 5
14 35 3 4
56 48 2 2
23 58 2 5
63 62 5 2
55 14 4 4
50 33 3 5
4 47 4 2
38 87 5 3
35 53 4 2
18 39 5 2
2 7 4 4
21 23 4 3
56 27 4 2
74 18 2 2
7 22 4 2
82 66 2 3
50 43 4 4
65 6 4 2
61 19 4 2
42 22 3 3
17 9 4 2
52 71 2 3
67 85 5 3
32 26 5 5
18 81 4 4
70 12 5 5
21 91 4 4
82 35 2 2
61 9 5 2
8 83 3 5
64 52 4 5
49 73 2 4
85 48 2 2
40 63 2 5
60 74 3 3
10 56 4 4
65 72 4 4
55 54 2 2
46 37 2 3
11 77 2 4
14 75 2 4
64 43 3 5
92 55 5 5
38 30 5 3
30 80 5 4
88 80 3 5
76 71 3 4
28 41 4 2
83 43 2 4
23 19 5 2
71 68 3 5
83 90 4 2
40 82 2 3
62 34 3 2
75 25 2 2
64 29 3 4
56 41 2 4
36 63 3 5
72 57 3 4
86 38 3 5
10 49 4 3
58 66 5 4
30 48 2 3
43 15 5 3
32 3 3 3
93 63 3 3
68 40 5 2
69 50 5 5
28 24 2 3
92 81 2 2
16 66 5 3
44 30 5 3
93 23 5 3
6 63 4 5
76 64 4 5
87 31 5 4
50 96 4 2
85 11 5 5
48 23 2 3
81 13 2 3
71 6 2 2
33 86 2 2
80 52 2 2
56 76 2 3
95 67 3 4
4 77 2 5
66 18 2 2
8 3 4 3
20 45 5 3
87 54 4 4
73 76 2 4
24 49 3 3
53 61 2 5
78 35 2 4
23 3 5 4
93 72 3 2
93 4 2 5
26 87 2 2
65 25 2 2
76 78 5 5
71 62 4 3
29 87 2 4
4 51 5 3
69 44 2 5
55 85 5 3
41 51 4 2
76 84 4 4
54 80 2 3
18 33 2 4
11 92 4 2
43 55 2 3
95 86 3 5
16 87 2 2
36 56 3 3
93 31 5 5
76 9 4 4
7 80 2 2
75 28 4 3
41 3 2 3
91 44 3 4
70 92 5 2
3 69 4 5
86 5 3 4
20 14 4 3
88 61 2 4
61 58 3 3
11 31 2 3
3 87 2 2
13 4 4 2
89 95 3 3
93 13 5 4
32 69 5 2
32 44 3 2
46 86 3 5
8 73 4 3
47 19 3 3
2 14 2 5
31 18 4 5
19 3 2 2
77 5 2 3
66 79 3 2
17 23 2 5
25 27 2 3
75 41 5 2
42 45 5 3
55 71 5 2
91 75 4 4
77 91 2 2
28 58 4 5
38 69 3 4
56 33 5 3
