18 7 3 5
22 33 3 2
88 13 4 3
84 93 3 4
58 68 2 2
15 40 5 3
38 64 2 5
29 18 3 2
25 18 3 5
52 2 3 4
30 55 3 4
19 59 3 3
78 27 3 5
29 68 3 4
73 63 4 3
25 85 4 3
26 6 3 4
54 48 3 2
12 45 3 5
30 28 4 5
27 94 3 2
20 78 3 5
84 46 4 5
45 84 4 5
70 72 3 3
20 27 3 4
73 53 2 4
82 63 2 5
58 83 5 3
62 25 3 3
72 17 2 5
66 16 5 5
43 51 2 2
5 88 5 2
82 33 3 5
58 14 3 5
32 89 3 3
58 54 4 2
43 37 5 4
35 47 2 2
10 53 3 4
43 19 3 5
68 23 2 2
60 63 5 2
11 15 5 2
11 76 2 3
30 2 4 4
21 42 5 2
27 79 2 5
95 91 2 3
68 77 5 3
80 94 2 4
37 75 4 5
63 51 5 2
31 80 4 4
61 40 4 3
32 75 2 4
52 92 3 2
87 74 2 3
50 13 2 5
80 72 3 4
23 61 4 3
42 91 2 3
32 23 5 4
16 66 2 2
89 50 2 5
11 18 4 4
4 70 5 4
20 50 3 2
71 43 3 2
79 15 3 2
2 95 2 3
66 95 5 2
45 8 2 2
83 5 4 5
43 95 3 2
4 24 4 5
19 91 4 4
89 19 3 3
73 46 5 5
57 6 4 4
15 69 5 3
86 34 4 4
72 91 5 3
70 34 4 5
93 67 4 3
2 14 5 3
34 13 4 3
48 44 4 3
83 85 5 5
80 77 3 3
82 27 2 4
5 46 5 2
50 73 2 4
62 46 3 4
69 5 4 4
63 16 2 3
4 51 4 2
53 51 2 3
63 78 3 4
22 16 2 3
81 42 2 2
90 27 3 5
57 21 3 3
2 7 5 4
35 68 2 3
5 61 5 3
2 33 4 2
55 31 2 2
31 62 4 4
38 87 3 5
43 76 2 5
56 57 5 3
21 68 4 3
6 42 3 3
48 63 4 3
32 85 3 3
15 79 4 2
56 77 4 4
35 40 5 2
91 33 3 4
38 8 4 2
93 10 5 3
60 71 5 3
79 51 4 4
70 69 4 2
38 24 3 4
17 17 2 4
84 59 2 2
11 26 2 2
42 67 2 5
14 6 2 2
41 42 5 5
95 51 2 5
50 37 4 2
54 15 3 3
66 27 4 4
94 87 3 2
58 93 2 3
76 76 2 5
38 17 2 5
73 11 5 4
41 63 2 3
6 85 2 2
62 34 2 4
46 67 5 2
30 34 5 4
17 44 3 4
3 65 5 3
66 87 2 3
91 81 5 3
63 3 5 4
92 60 3 3
56 39 2 3
77 59 5 2
46 57 2 2
16 2 5 2
41 57 2 3
16 51 3 5
2 80 3 5
95 74 2 4
68 62 3 4
31 50 5 3
72 84 3 4
95 25 3 2
88 93 5 2
39 81 3 4
8 11 5 2
49 33 4 3
68 58 5 3
78 64 3 5
21 87 3 2
49 30 4 2
86 54 2 4
74 5 4 5
71 25 5 2
14 30 2 5
25 47 5 4
87 69 2 4
37 2 5 5
93 42 2 5
17 74 2 3
46 92 5 2
78 86 4 2
47 54 5 2
91 75 3 3
12 63 2 3
16 24 3 2
22 36 2 2
53 77 2 2
63 59 2 2
59 30 2 2
86 65 2 2
78 39 3 2
35 94 5 3
11 91 5 3
24 27 4 3
50 86 3 4
33 43 5 2
88 8 2 3
