55 49 5 4
85 70 3 5
26 19 5 4
27 51 4 5
64 73 5 5
13 13 4 5
62 40 3 4
10 57 3 5
76 44 5 2
79 47 4 4
48 50 5 2
69 12 5 4
25 34 5 4
71 25 3 2
70 46 3 3
94 88 3 2
38 20 3 2
16 50 5 2
62 65 5 4
35 13 2 4
39 83 2 4
30 79 2 4
37 55 2 5
20 62 2 5
79 56 2 3
40 79 4 3
59 88 3 5
49 80 5 4
17 75 2 5
41 73 2 2
30 44 4 3
24 69 5 3
58 35 2 2
89 21 2 2
45 87 3 3
54 24 3 2
45 31 3 4
26 57 5 5
84 41 4 5
41 65 2 4
75 28 2 3
16 88 3 4
9 54 4 2
79 15 3 2
46 59 4 4
90 64 3 4
29 7 2 3
72 90 5 2
16 55 4 4
67 4 4 3
16 29 5 5
58 6 3 2
46 73 3 5
6 81 2 5
10 67 3 2
26 25 5 4
31 90 3 2
46 94 5 2
84 9 3 2
5 43 3 5
37 27 5 3
63 13 3 4
70 59 4 4
90 41 4 2
87 31 2 4
66 83 3 4
38 46 3 5
57 57 2 2
41 92 3 4
40 9 2 5
10 28 4 4
25 92 4 5
38 90 2 5
46 38 2 4
10 42 4 2
51 17 4 4
45 22 4 2
4 23 4 4
61 26 4 4
6 90 4 3
12 46 3 2
60 56 4 5
80 52 3 2
79 73 5 5
57 94 2 4
65 18 5 2
33 68 5 4
62 5 3 2
23 14 3 2
42 52 4 3
24 42 4 4
10 6 4 3
12 64 3 2
79 10 2 4
24 74 3 3
90 47 2 5
53 43 4 4
8 76 5 2
81 92 2 3
7 5 2 2
46 7 5 4
22 50 2 3
32 34 2 4
77 18 2 2
26 66 5 2
52 76 4 2
66 47 2 5
49 34 3 5
3 32 3 2
76 64 5 3
96 21 2 5
62 37 4 2
73 35 3 2
7 14 4 3
64 94 4 3
2 86 3 2
93 12 3 2
42 45 3 4
79 3 3 2
64 32 5 3
39 31 2 3
54 86 2 2
70 71 5 3
94 53 3 4
21 84 5 5
45 69 4 2
5 77 2 3
54 95 2 3
32 26 3 2
73 77 5 3
55 67 2 5
62 8 5 3
35 36 2 2
3 57 5 5
79 26 4 2
30 86 4 3
6 71 5 4
88 26 2 3
93 44 4 2
15 93 2 5
20 5 4 3
41 38 4 3
27 89 2 2
45 12 3 5
54 13 2 2
85 15 2 2
85 63 3 4
18 26 5 2
82 30 4 5
57 12 2 5
52 67 2 2
93 3 4 4
21 9 5 3
21 21 3 3
2 15 2 4
11 84 4 2
16 40 5 2
83 81 5 3
56 63 4 3
85 3 4 5
50 86 3 3
31 31 2 2
35 40 2 2
16 83 4 4
70 94 2 2
92 32 3 2
34 6 3 5
72 38 5 3
58 82 5 3
3 50 5 2
2 94 5 2
86 48 2 3
51 62 3 4
10 94 3 4
34 52 2 4
64 89 4 4
48 44 2 5
89 82 4 5
70 81 5 4
92 16 3 3
52 56 3 3
74 49 3 4
91 75 3 5
71 8 3 2
57 74 5 5
28 4 2 2
60 22 4 2
22 78 5 4
86 92 4 3
43 61 2 3
11 33 4 3
56 29 2 5
81 36 4 2
76 6 3 2
3 10 2 3
76 83 5 4
28 16 5 2
75 60 3 3
77 68 5 4
96 77 2 2
