40 26 2 4
21 7 3 5
25 80 5 4
49 79 2 4
42 71 5 2
17 36 2 4
77 14 2 3
6 9 3 5
89 59 3 2
38 81 3 4
69 21 5 5
58 45 3 2
60 39 2 4
18 86 4 2
68 76 2 5
74 5 3 2
27 5 5 3
51 32 2 2
71 77 2 2
62 78 4 4
37 33 4 3
20 63 5 2
39 3 2 2
9 22 3 4
28 86 5 2
19 45 5 5
83 57 2 3
90 83 2 5
47 88 5 5
92 8 2 2
31 57 4 3
44 60 4 3
5 31 3 4
36 55 2 2
13 57 2 3
40 15 5 2
3 15 5 4
96 56 2 3
52 46 4 3
3 82 3 4
53 36 3 3
32 61 5 4
88 19 5 4
22 68 4 2
69 90 4 3
87 30 5 2
33 44 4 2
88 51 4 5
26 59 2 4
36 51 5 2
9 73 3 3
32 14 2 4
2 46 3 3
37 93 5 3
78 18 5 4
44 44 4 4
17 11 3 5
26 41 3 4
88 2 5 4
94 13 4 4
74 49 2 2
93 87 2 4
36 20 4 5
45 64 4 5
86 45 4 2
45 94 4 4
44 32 3 4
5 51 2 3
88 66 3 4
60 27 2 5
5 87 3 4
28 18 3 3
70 69 4 3
67 2 3 3
30 36 5 3
82 84 5 4
71 29 2 3
35 73 5 5
30 91 5 5
94 18 2 3
55 60 3 2
44 81 2 3
25 52 4 5
95 92 3 3
10 17 4 3
20 89 3 4
9 57 2 3
13 54 4 2
49 24 4 3
49 74 4 3
85 41 3 3
56 19 2 5
80 70 2 4
20 29 2 5
70 39 2 5
55 82 3 5
3 4 2 5
54 70 2 3
10 38 5 3
64 33 2 4
19 17 3 2
42 7 5 4
77 94 5 2
41 68 3 2
59 48 2 3
90 24 2 5
73 83 4 5
24 32 5 4
4 94 5 4
83 68 4 3
62 47 3 5
31 71 3 5
79 31 4 2
9 89 4 4
34 87 2 2
26 22 2 4
24 86 2 3
17 61 2 4
87 14 2 2
56 63 3 4
62 93 3 2
3 73 2 4
79 2 3 5
84 72 3 5
4 39 5 4
17 94 5 2
76 90 2 2
83 2 4 2
68 82 4 5
64 21 2 5
93 43 4 4
72 53 3 2
55 4 5 3
14 27 2 3
17 78 5 5
95 70 2 3
7 67 3 2
76 69 3 2
44 23 4 5
75 42 3 5
66 9 3 3
11 42 3 2
8 61 3 2
59 18 4 5
74 30 4 4
96 75 2 5
7 78 2 2
93 55 2 5
46 15 4 3
60 83 4 3
62 60 4 4
78 48 3 4
38 48 3 2
23 75 2 2
66 51 3 3
52 17 3 2
95 5 3 5
8 51 2 2
42 3 3 2
76 76 2 5
95 61 3 3
71 7 2 3
91 36 4 4
79 40 5 4
11 11 2 2
14 80 2 4
83 11 3 3
30 11 2 2
58 96 3 2
88 73 5 5
44 74 3 2
50 68 3 5
50 64 5 2
32 79 5 5
14 2 5 2
86 90 3 4
40 39 4 3
69 62 2 5
59 54 4 2
35 30 4 2
51 11 2 4
24 90 2 4
94 30 3 3
69 95 3 2
43 55 4 2
76 23 3 4
87 10 2 2
26 14 4 2
58 75 5 2
65 42 2 2
88 33 2 3
10 29 3 5
48 3 4 5
66 46 3 3
19 68 2 5
79 61 5 2
65 28 2 2
40 45 3 2
40 55 2 2
22 58 3 3
