29 23 4 4
2 95 3 3
65 76 3 5
37 43 5 2
80 39 3 2
76 66 2 2
89 76 5 5
58 70 4 5
66 18 4 2
76 70 3 4
46 38 5 4
34 80 2 5
47 2 3 2
79 93 3 2
64 10 3 5
68 53 2 3
92 21 4 5
16 78 4 3
59 26 2 4
28 79 2 3
72 68 3 3
79 43 2 4
41 62 2 2
16 60 2 2
81 23 5 5
2 21 4 3
47 11 5 4
90 12 4 5
80 29 4 2
41 50 2 4
74 38 5 2
80 7 4 5
19 68 2 3
3 27 3 5
8 12 3 5
63 35 3 4
74 93 3 2
63 53 3 3
87 40 5 4
64 4 3 3
33 91 5 5
18 14 2 5
71 6 5 5
21 64 5 2
20 7 2 3
77 86 5 5
56 19 3 5
81 77 3 2
57 10 3 3
17 27 3 2
53 9 2 2
29 89 2 3
89 90 4 4
67 64 2 2
74 50 5 4
89 55 2 5
21 11 5 2
12 28 2 4
91 86 4 2
36 64 2 4
41 66 4 3
77 61 5 3
41 73 3 4
31 55 4 2
62 30 3 3
8 88 4 4
2 74 3 3
48 87 2 5
30 16 4 4
12 42 5 4
43 16 3 4
31 9 2 3
24 39 3 5
25 71 4 3
62 44 5 4
93 44 2 3
83 42 2 4
21 51 2 3
80 96 2 2
68 47 5 5
24 79 3 2
30 30 3 4
74 33 5 4
12 55 3 3
4 58 2 3
55 37 3 5
26 46 2 2
40 5 2 2
90 46 2 3
93 60 4 2
61 3 2 5
80 3 4 3
50 81 3 5
23 84 5 3
2 4 5 5
69 75 4 3
17 91 3 4
16 52 2 2
33 38 2 2
23 76 5 2
63 71 5 3
83 89 5 2
83 50 4 2
5 48 4 3
56 57 5 2
73 14 3 5
43 55 3 5
2 33 4 4
86 34 2 5
49 58 4 5
91 52 5 2
4 39 5 3
27 49 4 5
53 53 2 4
77 20 2 4
45 88 2 5
87 73 4 2
24 19 3 4
89 62 2 2
72 27 5 5
21 29 4 5
82 65 5 2
68 91 5 2
71 56 2 2
8 76 5 3
87 20 2 4
57 47 4 3
49 69 4 2
73 83 3 4
52 74 3 4
91 29 5 2
36 21 5 5
37 85 4 4
67 33 2 5
55 88 4 5
38 11 2 3
37 15 2 5
49 73 2 2
44 30 2 2
33 61 3 2
82 33 3 2
37 32 2 3
61 60 3 4
23 56 5 2
85 29 2 2
33 50 5 2
11 70 4 3
85 2 2 5
11 18 2 5
18 47 2 4
49 52 2 2
55 33 4 3
48 20 4 5
14 66 3 2
63 91 4 2
45 43 4 5
31 43 3 5
17 55 4 4
14 37 2 3
77 14 2 4
84 53 4 3
82 13 3 5
45 21 2 4
59 65 2 4
36 27 4 3
22 24 5 4
26 91 2 2
40 93 3 4
96 89 2 4
63 50 3 2
68 85 2 3
82 82 5 3
4 69 4 2
18 21 5 2
91 65 4 2
31 73 5 5
53 12 2 2
95 10 3 5
59 77 3 3
77 6 2 3
6 44 4 3
25 67 3 2
26 3 2 5
93 37 5 5
49 5 2 5
34 3 4 2
49 93 5 5
57 81 2 2
81 71 5 4
37 61 3 2
56 2 2 2
63 95 2 3
52 27 5 2
2 91 4 3
19 36 3 4
57 14 2 3
49 64 3 2
23 2 2 4
55 64 2 4
29 66 5 3
