86 56 2 4
51 8 5 5
36 57 2 4
84 40 4 5
2 53 2 5
16 22 2 5
53 63 5 3
71 42 4 2
86 68 2 3
25 93 2 3
34 31 3 4
62 29 2 2
92 52 4 5
86 95 4 3
63 85 5 5
79 41 2 2
72 63 4 4
28 63 2 5
15 81 2 5
89 7 5 2
39 45 2 4
19 83 2 2
82 77 2 5
40 73 4 3
54 16 3 4
23 75 3 2
29 71 4 5
17 47 2 5
3 21 2 4
4 81 5 3
59 38 2 5
11 30 4 4
46 25 4 2
4 88 2 2
35 88 3 3
9 89 2 4
70 8 3 2
12 37 2 3
31 44 4 5
33 21 3 2
10 68 5 4
77 59 2 2
29 8 3 4
46 15 2 4
45 85 5 4
7 64 2 2
32 78 2 2
38 12 5 3
25 56 4 3
72 84 3 5
85 78 3 2
63 80 4 2
44 30 5 5
91 68 4 3
52 23 3 5
8 25 2 2
15 4 2 4
24 10 4 4
10 42 2 3
20 16 4 4
92 24 2 2
67 55 5 2
41 57 4 2
22 60 5 5
71 22 5 5
55 36 3 5
61 92 3 4
48 60 5 2
18 31 3 3
43 20 5 4
63 11 5 4
67 40 2 3
77 34 3 4
26 23 4 4
84 83 2 4
49 95 3 3
24 33 2 3
17 95 3 2
33 10 3 2
36 6 4 3
7 8 3 2
50 53 4 5
43 68 2 4
34 70 3 2
88 15 3 5
69 71 5 5
2 74 3 2
68 91 3 5
5 33 2 4
74 93 5 3
76 88 3 3
41 52 2 4
45 8 4 2
28 37 3 5
38 96 5 2
94 72 3 5
52 88 5 4
30 55 2 2
47 44 5 4
74 9 2 3
90 39 5 2
89 25 2 3
92 45 2 4
71 30 5 2
65 72 2 4
93 33 2 2
7 39 2 3
86 46 5 5
81 29 2 2
21 50 2 3
35 51 2 3
2 68 5 2
12 62 2 2
42 3 4 2
10 3 4 3
80 83 3 2
25 49 4 3
10 46 2 4
71 45 2 4
87 21 2 2
84 72 4 2
28 87 2 5
14 91 5 3
5 56 4 3
48 39 5 3
56 74 3 2
75 13 2 3
16 9 2 4
88 12 3 2
3 48 2 4
68 33 5 2
89 86 5 2
29 29 4 5
59 23 4 4
40 38 3 4
22 28 5 3
57 4 4 5
86 62 2 5
56 48 2 5
57 33 3 2
75 72 3 5
78 13 3 4
46 64 3 5
67 18 3 3
80 58 2 3
79 63 2 2
84 24 2 3
78 48 4 3
41 77 4 2
81 53 3 4
11 9 4 3
39 32 2 3
35 73 4 4
22 86 3 4
46 80 5 3
6 96 3 2
85 5 3 5
63 38 2 2
77 22 4 2
5 15 4 3
93 13 5 3
24 69 3 5
24 78 4 4
93 30 4 2
49 72 4 2
92 78 5 3
24 6 4 3
70 59 5 3
11 23 3 4
63 50 2 5
50 4 2 2
34 64 3 5
28 60 3 2
89 89 3 4
19 55 3 4
50 17 2 2
93 58 2 5
13 57 3 4
12 77 2 2
96 47 2 2
7 22 2 2
14 48 2 5
71 2 3 3
90 74 3 2
83 90 4 4
17 37 4 4
81 19 2 2
10 82 4 2
76 41 2 3
82 13 2 4
74 79 5 4
51 84 3 2
96 63 2 2
44 53 5 2
38 21 3 3
60 57 3 3
70 50 5 3
83 34 3 4
34 37 3 3
81 4 2 3
