57 5 3 5
7 65 4 4
93 13 2 3
27 33 5 2
12 5 2 3
36 78 5 3
72 24 3 4
30 43 3 4
9 16 2 2
30 52 4 2
85 10 5 3
15 85 4 2
64 40 2 3
41 2 4 4
19 71 3 4
23 61 2 2
71 46 5 2
32 20 5 3
60 76 5 2
52 40 4 2
37 54 5 5
56 52 5 3
24 82 3 3
43 32 2 4
79 65 2 2
85 43 3 2
19 10 4 3
50 57 5 3
12 9 4 4
79 69 2 3
2 92 5 3
58 42 3 5
86 4 2 5
14 36 4 5
94 3 2 4
12 21 4 5
18 19 5 4
89 96 5 2
89 59 3 4
2 70 5 5
74 82 5 5
76 9 5 2
27 72 3 4
42 50 2 2
33 13 4 2
82 16 5 4
74 33 2 2
4 36 5 2
23 55 2 5
71 30 2 2
28 7 5 5
9 52 5 5
47 34 2 5
76 55 5 3
92 44 2 4
33 63 3 5
15 76 2 3
84 26 3 4
61 56 3 3
12 74 2 2
18 78 2 2
66 75 5 5
38 74 4 3
51 67 3 4
93 25 4 4
74 12 5 5
90 19 2 2
77 76 2 3
35 24 3 3
50 6 3 5
47 87 2 5
88 79 4 3
56 61 2 5
52 88 3 3
6 5 5 4
94 61 4 4
30 57 5 3
45 74 4 2
4 57 4 5
88 30 2 4
84 61 2 4
63 51 2 4
49 63 4 3
48 95 3 2
3 24 5 2
45 49 2 3
71 5 5 3
93 51 2 2
51 30 2 4
17 92 4 3
59 36 3 4
61 28 5 3
51 24 5 2
40 69 3 3
57 18 3 5
63 7 2 4
31 87 2 2
13 27 3 4
68 83 5 5
81 28 2 4
16 61 2 3
5 16 2 4
43 25 2 3
87 52 3 3
61 94 3 3
61 88 2 2
51 36 3 2
36 96 3 2
19 39 2 5
24 28 3 2
35 33 4 2
29 28 3 2
68 9 2 4
3 45 2 2
88 85 5 4
95 82 3 3
15 42 3 2
70 18 3 5
24 31 2 5
91 74 5 3
60 82 4 4
91 5 2 2
93 55 4 2
18 67 4 2
8 92 3 3
68 41 3 3
43 21 4 2
64 24 5 3
91 68 5 3
30 24 4 3
78 37 4 2
6 47 3 3
93 30 2 4
55 93 2 5
41 45 2 3
66 92 2 3
50 44 5 4
62 44 4 3
93 22 4 2
7 78 3 5
22 38 2 4
73 65 4 5
19 32 2 3
65 18 4 5
48 13 2 4
21 49 4 5
41 91 3 2
75 59 5 3
8 29 4 4
24 20 4 2
22 43 2 2
48 41 3 2
64 68 3 4
58 67 2 2
26 63 5 4
69 53 5 3
3 88 4 3
83 34 4 2
22 94 4 2
28 78 5 5
28 90 4 4
65 96 4 2
69 34 3 2
25 15 4 2
44 53 2 4
44 60 2 2
81 44 2 4
2 9 2 5
63 61 5 5
13 82 3 2
71 90 5 5
56 71 4 3
27 57 2 4
54 2 2 2
27 95 5 3
43 85 2 5
77 20 3 5
34 46 4 3
18 58 4 2
4 51 3 2
18 26 3 5
42 7 4 3
46 80 3 2
10 45 5 4
41 64 5 4
23 24 4 3
28 37 3 3
83 93 3 3
94 37 4 4
28 68 3 3
6 85 4 2
35 88 5 5
9 58 4 5
31 74 5 2
26 49 3 3
25 2 2 5
43 82 2 2
56 87 3 3
23 89 4 2
43 12 4 4
