78 11 5 5
90 93 5 3
26 57 4 4
41 34 3 2
24 49 3 5
52 92 5 2
82 4 4 3
16 16 2 4
10 88 3 5
46 44 5 2
79 27 2 2
90 48 3 2
23 73 3 2
61 8 2 4
53 73 3 5
13 74 2 2
23 26 2 3
21 15 2 4
21 86 3 3
59 60 2 5
68 48 2 3
39 90 4 2
65 7 5 4
13 54 3 5
41 12 2 5
72 58 3 2
6 49 3 4
73 17 2 4
59 24 5 4
8 25 4 4
38 51 2 4
10 71 2 4
49 73 2 2
31 50 3 4
76 26 2 5
78 41 5 3
13 77 3 2
93 53 3 3
51 36 2 4
10 81 2 2
60 83 3 3
10 20 5 4
61 77 4 5
54 85 3 2
39 38 5 4
20 58 5 2
35 83 5 4
69 66 2 3
4 12 5 5
86 58 5 4
26 70 3 2
29 6 4 3
90 86 4 4
6 65 4 3
59 89 3 3
69 27 5 5
34 17 2 4
3 18 4 5
12 50 2 2
16 48 4 5
49 12 2 2
2 45 2 3
44 75 2 4
95 45 2 3
96 37 2 3
17 93 2 3
38 94 5 3
46 11 2 2
88 73 5 5
19 7 2 5
44 19 3 3
24 12 3 4
37 57 3 4
31 38 4 2
20 95 3 2
7 84 2 5
48 85 3 4
73 46 2 4
85 84 3 4
85 21 2 2
17 39 2 4
23 38 2 3
54 54 4 5
82 33 4 3
28 47 2 2
29 87 3 2
59 43 5 2
72 38 4 3
66 16 5 3
63 40 5 2
48 22 2 4
52 15 3 2
4 35 4 2
6 55 2 5
83 89 4 5
4 39 2 4
12 32 2 3
3 4 2 2
43 85 4 3
38 27 3 5
4 72 3 5
51 6 3 4
53 51 5 2
26 30 3 4
94 28 4 2
46 29 2 2
47 51 3 3
80 60 2 2
29 66 4 3
90 18 4 4
66 53 5 5
47 36 3 5
55 40 5 2
34 77 3 2
38 45 4 5
13 26 2 5
16 63 3 2
65 23 5 3
45 95 2 3
82 53 3 2
36 70 2 5
51 81 5 3
15 4 5 2
35 9 4 3
74 96 3 2
26 78 3 2
61 55 2 4
59 2 5 4
92 12 3 5
44 60 5 3
35 41 2 2
92 62 5 2
65 94 2 4
78 85 4 2
20 79 5 2
73 80 2 5
76 71 4 2
62 32 2 3
64 64 3 5
82 69 4 3
67 83 3 2
89 37 5 5
11 42 2 2
91 4 4 3
74 91 2 3
66 77 3 4
52 63 4 5
76 50 5 2
39 4 2 2
52 21 5 4
79 45 4 2
9 7 4 3
77 17 3 2
85 79 3 2
81 66 4 2
45 33 4 2
23 67 2 3
37 18 5 2
24 8 4 3
15 83 4 5
42 56 3 3
24 42 4 4
55 8 2 3
35 33 4 3
84 43 3 3
73 61 5 5
33 60 2 4
20 91 2 3
77 7 2 3
29 17 2 4
96 69 2 4
61 21 2 2
33 89 3 3
18 74 2 4
49 57 4 2
30 3 4 2
40 65 4 3
10 13 5 5
59 47 5 4
16 67 4 3
11 84 2 3
57 76 2 3
84 73 2 3
78 92 4 2
43 3 2 4
75 22 4 3
7 2 4 4
14 36 2 5
88 66 5 5
51 41 3 2
86 27 3 3
67 70 4 4
65 90 4 2
18 30 2 5
52 26 2 3
89 23 2 3
61 17 2 3
8 38 4 2
23 83 5 2
72 7 2 5
