20 60 2 4
87 51 4 4
53 89 2 3
67 73 2 4
8 73 2 3
73 7 3 2
32 56 4 3
16 80 2 4
31 28 5 4
18 7 2 2
5 25 4 4
8 30 3 5
86 26 2 5
7 63 3 2
91 73 2 2
54 79 4 4
38 87 3 3
17 49 2 5
75 82 5 2
45 15 3 2
89 46 4 3
75 68 3 4
54 40 5 3
27 79 3 3
28 28 2 4
11 59 4 5
74 10 4 5
11 92 4 4
10 41 4 2
82 35 2 4
26 6 3 3
65 36 3 5
46 91 2 2
33 39 3 3
32 94 3 2
35 9 2 2
44 65 4 3
64 82 5 2
38 71 4 5
8 22 4 2
29 13 2 3
65 24 2 4
60 90 4 4
12 80 2 2
70 46 4 4
74 53 4 5
15 30 5 4
77 18 5 4
95 54 2 2
12 66 5 4
90 38 2 2
55 34 4 4
73 75 4 2
27 40 4 2
38 42 3 5
80 7 5 3
68 52 2 5
86 7 4 2
45 56 4 3
74 27 2 4
71 86 4 5
35 74 2 5
3 56 3 4
12 14 5 2
88 12 4 5
30 72 2 4
72 93 2 3
68 26 4 3
8 54 3 2
52 26 3 4
20 88 5 3
92 29 5 5
66 59 2 4
55 47 4 4
4 38 2 5
73 37 4 3
23 44 5 5
33 3 2 3
60 10 4 3
49 20 3 4
54 56 3 3
47 80 5 5
79 48 3 2
29 87 3 5
2 88 3 2
21 53 3 5
70 31 2 4
42 36 3 3
34 12 2 2
85 62 3 2
95 58 2 2
39 50 3 5
49 91 3 5
86 78 4 3
3 79 2 3
15 41 5 4
66 68 5 4
37 19 5 5
48 39 4 2
63 42 2 3
56 18 4 4
82 74 2 2
94 6 3 2
45 10 3 3
45 25 3 3
75 60 2 3
54 69 2 2
79 55 3 3
50 60 5 4
64 74 2 5
79 40 3 5
32 51 2 4
65 16 3 5
91 59 3 3
25 13 2 2
14 71 2 4
15 86 4 2
9 66 2 3
51 35 3 3
37 25 4 3
11 51 5 2
66 92 3 3
4 83 2 3
16 57 3 3
47 72 2 2
83 82 3 5
82 89 3 2
38 30 2 4
19 93 5 4
81 66 3 4
20 68 3 4
44 19 2 5
10 88 3 3
3 47 3 4
71 78 3 2
92 80 3 2
52 6 5 5
58 29 4 3
81 26 3 4
33 63 2 5
29 63 3 3
59 65 5 2
38 60 2 3
61 49 5 2
92 84 4 5
33 18 3 3
2 26 2 5
41 91 2 2
48 48 5 3
95 72 3 4
7 8 4 3
65 5 5 3
94 64 3 5
85 92 5 2
29 67 2 2
20 24 3 5
43 50 4 4
5 2 2 5
92 23 5 3
39 78 5 2
50 75 3 2
61 56 2 3
93 9 4 3
3 93 5 3
27 58 3 2
56 85 2 4
41 7 3 3
29 46 3 4
39 12 3 2
33 83 5 3
19 12 2 4
47 33 3 3
86 88 4 2
40 56 2 3
59 6 3 3
95 51 3 2
78 35 3 2
21 5 3 2
71 16 2 5
86 74 4 2
3 13 5 2
13 22 3 2
54 95 5 3
83 46 4 3
86 66 2 4
25 62 3 3
69 63 5 3
61 96 3 2
8 4 4 2
88 32 3 4
23 37 2 2
78 77 5 2
2 18 5 5
57 60 3 4
45 60 2 3
52 52 5 2
25 74 3 3
82 12 2 3
62 36 2 3
30 18 2 5
