80 90 3 5
64 52 3 2
4 39 3 2
40 10 3 3
83 2 3 2
44 28 2 4
63 9 4 3
35 7 2 5
28 65 3 2
5 25 3 4
8 83 4 4
12 18 5 4
28 13 4 3
20 27 2 5
9 25 3 4
32 39 3 4
23 33 3 5
51 66 5 2
79 49 2 3
76 23 5 2
84 79 5 5
5 44 3 3
36 71 5 3
38 53 2 4
2 12 5 2
53 58 4 2
3 55 5 5
58 74 5 5
45 37 5 5
91 51 5 2
63 19 5 4
58 34 5 5
8 72 4 2
92 17 4 2
55 28 3 2
42 14 2 3
55 40 3 5
58 3 4 5
20 45 5 5
74 8 4 2
77 37 3 4
78 72 5 5
90 2 3 3
43 19 2 5
22 94 3 4
39 39 2 2
5 63 5 4
94 12 3 3
31 32 4 3
26 92 4 5
31 17 5 5
60 47 4 4
11 14 2 3
42 58 3 5
16 64 3 5
23 89 3 2
22 69 3 3
24 6 3 4
49 43 4 2
21 55 3 4
24 82 4 5
4 70 2 5
87 34 5 2
89 57 3 4
60 95 4 2
61 56 4 5
10 89 3 5
55 52 4 3
40 85 2 2
81 14 4 4
47 22 5 4
82 52 5 5
27 60 5 4
31 2 4 3
93 56 3 3
38 36 3 2
52 82 5 3
74 67 2 3
46 3 4 4
48 76 4 5
37 31 5 3
14 72 2 5
69 71 3 3
38 59 3 4
37 79 5 3
73 27 2 5
85 88 4 5
65 31 2 3
66 36 3 3
39 93 5 4
16 36 5 5
5 32 3 5
52 17 4 2
71 93 5 5
81 34 4 3
27 54 5 5
72 82 3 3
33 51 3 2
26 46 4 4
32 75 2 4
49 62 2 2
44 65 2 3
49 90 4 3
77 58 3 2
48 51 4 2
47 69 5 2
23 26 4 4
11 95 4 3
84 26 3 2
70 35 2 3
15 3 3 2
61 84 4 2
44 52 2 5
36 2 5 4
22 15 2 4
21 2 3 3
63 41 3 3
14 57 3 3
85 65 2 5
67 89 2 3
60 12 2 5
21 21 5 2
11 52 2 5
73 14 3 2
38 23 4 2
43 47 2 2
32 83 2 5
67 75 4 3
81 58 2 4
87 17 4 5
93 37 4 2
8 76 4 4
78 5 3 2
64 2 3 4
63 71 3 2
57 22 3 5
7 7 3 2
20 51 2 2
86 58 2 3
2 83 4 4
68 59 4 4
17 43 2 3
90 43 2 5
87 37 4 3
28 28 2 5
31 93 3 5
73 75 4 2
74 46 2 5
69 55 3 2
15 91 4 2
45 90 3 3
93 21 4 4
67 44 2 2
24 51 5 2
16 47 2 3
69 8 2 5
64 89 2 2
74 61 3 4
47 29 4 2
54 72 3 4
38 17 2 4
15 31 4 3
3 52 4 2
93 62 4 5
11 58 2 5
81 45 2 2
11 45 3 2
68 30 3 3
33 45 5 5
48 46 2 4
55 36 2 2
70 50 2 3
48 9 3 4
24 78 5 3
53 87 5 2
53 77 2 4
20 77 3 2
70 2 2 4
58 70 2 2
79 63 2 3
91 87 4 5
88 7 5 4
88 68 2 2
86 30 3 2
17 77 2 4
9 33 5 3
14 12 2 4
28 72 4 2
71 89 2 3
64 77 2 5
17 14 4 3
13 23 5 4
83 6 4 3
68 81 3 5
35 86 3 2
73 33 2 2
68 67 4 3
45 86 5 3
92 28 5 3
17 73 4 2
