86 33 4 5
46 47 5 4
34 17 2 5
65 64 3 4
55 14 4 5
32 47 5 4
51 91 3 4
90 42 5 2
44 4 5 5
22 87 5 5
52 58 2 3
72 12 2 4
59 46 2 5
37 52 3 4
94 73 4 2
70 46 2 5
79 87 3 4
45 86 2 3
63 26 4 3
77 22 3 5
14 77 5 2
49 65 3 3
77 52 3 2
64 77 3 3
3 57 2 5
88 16 4 4
39 57 4 5
61 74 2 2
39 41 2 4
94 67 4 4
41 73 3 4
89 24 3 5
82 93 2 5
91 31 4 2
5 29 3 4
71 22 4 4
89 13 3 2
60 67 3 2
61 86 4 4
6 68 5 4
44 67 3 2
20 38 5 3
25 95 3 3
72 39 5 4
8 37 2 4
83 62 2 5
58 24 3 4
64 20 4 2
69 54 3 3
39 7 2 3
70 17 3 3
41 83 2 4
5 25 4 3
17 33 3 2
28 89 4 4
27 34 4 4
85 55 5 5
56 58 5 3
48 10 3 4
2 40 2 2
60 10 4 4
53 40 3 4
59 80 2 5
39 21 5 5
90 47 4 3
29 82 3 2
19 50 5 2
42 91 3 4
28 53 3 3
4 48 3 3
28 19 3 2
55 34 5 5
51 73 5 5
75 17 4 3
16 29 2 3
78 66 2 4
26 2 5 4
14 70 5 4
88 94 4 4
67 85 3 5
51 52 3 4
15 90 3 3
93 87 3 2
72 85 4 3
23 58 5 2
47 25 2 2
11 55 5 5
55 93 2 5
83 25 4 5
62 44 2 3
7 12 3 4
8 4 4 2
62 55 3 2
81 19 4 2
25 71 4 3
22 61 4 2
11 21 2 4
71 70 4 4
46 16 5 4
18 6 3 2
71 66 2 2
22 30 3 3
68 29 5 2
85 49 4 2
42 28 3 2
89 84 3 3
2 73 3 4
34 77 4 4
31 26 5 5
87 76 3 4
52 84 5 2
84 73 2 3
82 43 4 3
16 82 2 5
93 6 4 4
77 9 4 5
58 77 5 2
20 20 2 2
5 83 3 3
43 53 2 2
30 9 5 5
93 25 5 2
94 58 2 5
31 63 2 4
53 46 4 2
14 41 2 3
41 49 4 2
24 21 3 2
62 70 4 3
70 91 3 3
22 76 2 5
5 89 2 5
36 83 4 5
57 74 2 2
21 12 4 3
59 2 3 4
45 38 5 2
34 89 4 2
35 39 3 5
84 88 5 3
74 33 5 2
14 15 3 2
78 76 5 3
33 2 4 2
14 23 2 3
20 67 4 5
18 16 2 2
9 83 5 2
26 76 3 3
82 36 3 5
65 33 2 4
78 6 2 2
46 54 4 3
68 12 2 3
72 78 2 3
42 78 2 2
42 11 5 4
68 8 5 2
34 69 4 5
31 15 2 2
63 5 2 3
92 77 4 3
8 89 2 3
85 11 3 3
66 38 5 3
71 4 2 3
42 88 2 2
76 3 3 2
74 65 3 4
82 31 3 3
39 36 4 2
8 47 5 3
3 44 3 2
29 57 5 3
10 8 2 3
20 25 2 2
76 48 4 3
44 62 3 2
47 28 4 3
9 93 5 5
26 50 3 2
85 8 2 2
72 59 4 5
9 30 5 3
63 92 2 5
47 44 2 2
23 82 3 3
51 23 4 3
94 35 3 4
4 9 2 5
51 81 5 2
20 43 3 3
65 43 4 5
26 29 4 2
47 94 3 3
95 50 3 3
30 76 3 5
4 64 3 2
33 92 2 5
17 11 2 3
