58 13 2 5
78 7 4 3
94 5 2 2
36 19 5 4
73 92 3 2
12 82 2 2
84 77 3 4
91 48 4 4
5 43 3 4
62 21 3 2
13 34 4 4
49 10 4 3
93 62 5 5
40 28 3 2
76 80 3 2
79 25 5 5
68 35 3 3
56 47 4 4
82 41 3 3
52 88 3 5
50 71 5 2
24 23 2 2
48 91 2 5
26 17 5 3
65 15 3 4
57 92 2 5
81 72 3 4
43 79 3 2
23 45 3 2
69 29 2 4
60 84 3 3
77 51 4 4
2 14 3 2
60 32 3 4
62 26 5 3
69 84 3 3
69 62 4 4
47 28 3 3
17 75 2 4
89 85 4 3
17 18 5 5
13 94 5 3
28 79 2 3
73 15 5 2
70 55 5 3
73 10 2 4
39 32 4 3
80 88 2 5
67 20 3 2
35 30 3 3
16 42 5 2
49 44 5 5
5 77 5 5
66 77 3 5
43 8 4 4
51 67 3 3
5 23 4 2
68 11 3 3
37 85 3 3
14 24 2 4
36 38 5 3
74 86 5 3
10 67 5 3
63 72 3 4
9 90 2 4
56 82 2 3
88 71 4 2
56 69 2 2
41 75 4 3
19 10 5 3
30 87 3 4
65 5 2 3
89 40 2 5
57 58 2 3
74 21 4 4
62 43 2 4
50 34 2 4
93 80 4 3
51 75 5 5
62 51 3 3
34 4 4 3
50 51 2 2
54 52 2 2
27 59 4 2
16 57 2 5
6 72 4 3
23 33 3 4
79 20 3 2
4 53 2 2
58 75 3 5
88 22 4 3
45 42 2 4
71 47 4 5
37 93 2 2
64 88 4 5
47 58 2 4
6 60 2 5
32 64 5 3
94 24 3 5
83 54 5 4
15 48 5 5
24 59 2 3
12 72 5 2
12 30 3 3
57 41 2 5
26 2 5 2
51 30 5 2
51 82 4 5
13 10 3 2
37 46 5 4
87 51 2 2
20 85 3 3
30 13 3 2
21 90 4 3
36 53 4 5
9 46 4 4
93 91 3 4
18 71 3 3
80 94 5 3
19 33 2 3
7 32 3 4
25 74 2 4
69 8 3 2
77 34 4 2
5 3 4 2
2 70 2 4
90 92 2 5
13 85 3 5
50 40 4 3
30 44 4 2
87 10 2 2
12 59 3 2
90 57 2 2
70 91 2 3
7 15 5 5
25 5 5 5
96 10 2 5
26 93 2 2
83 3 4 3
27 30 2 2
92 43 2 3
73 70 2 3
61 11 4 3
49 17 3 3
92 37 5 2
71 74 4 4
37 70 3 5
28 67 2 4
42 22 3 4
76 47 2 3
51 94 3 4
42 83 4 3
72 39 5 2
3 88 2 2
92 14 3 5
8 51 4 4
43 19 3 2
70 42 2 2
30 51 2 3
77 60 5 2
54 7 2 2
64 68 3 2
44 15 3 3
23 41 5 3
9 40 4 2
94 58 3 2
83 20 4 4
46 52 2 4
35 76 3 2
33 69 2 5
24 53 5 3
22 72 2 4
35 79 5 2
88 2 3 3
30 83 4 2
95 69 2 2
7 85 5 2
11 63 4 2
13 91 4 2
89 32 2 4
36 42 4 3
60 89 2 3
43 88 4 4
36 12 4 4
57 24 3 2
86 14 5 2
34 59 4 3
88 65 4 5
2 28 5 3
50 2 2 5
45 36 2 5
16 65 2 3
64 57 5 3
90 54 2 2
9 96 2 2
5 37 3 3
53 3 3 2
22 66 5 3
71 3 5 2
89 76 3 2
