6 74 5 4
12 14 3 5
82 78 4 5
91 6 4 4
58 51 2 3
89 38 5 5
12 67 3 5
82 68 4 4
46 34 3 3
40 5 5 2
57 44 5 2
7 62 5 3
88 80 4 3
48 92 5 3
26 68 4 3
74 34 3 4
78 67 2 2
30 92 3 5
52 85 2 4
77 6 2 5
64 37 3 5
5 3 5 4
23 40 3 3
12 80 4 3
65 8 3 4
14 63 5 3
93 18 4 3
56 17 4 2
41 31 4 4
12 93 5 2
48 68 3 2
87 44 3 2
62 2 5 2
68 44 4 5
46 73 5 5
5 40 2 3
33 60 3 5
46 18 5 4
87 58 4 3
3 37 4 2
39 21 2 3
66 26 2 4
3 21 3 4
17 18 4 3
21 37 2 2
63 52 4 2
73 88 2 2
40 40 4 4
58 12 5 2
8 80 3 2
18 26 2 4
46 80 2 2
32 25 2 5
53 58 5 2
49 62 4 2
56 83 5 3
9 22 2 5
70 52 4 4
26 17 2 3
46 29 3 2
65 16 5 3
70 27 5 5
29 50 5 4
81 10 5 2
29 83 3 3
42 78 2 2
64 65 5 3
78 39 4 5
60 26 2 2
91 52 2 2
76 74 4 2
26 29 5 5
21 53 4 2
39 61 4 2
81 3 5 3
21 84 5 4
59 70 5 4
38 29 2 4
33 84 5 5
82 22 2 2
18 67 4 5
43 8 5 4
38 8 4 2
24 5 3 3
3 61 3 2
78 56 5 5
28 76 3 3
88 35 4 2
95 69 2 3
36 76 5 4
19 81 4 2
18 87 2 4
12 42 3 4
93 33 4 2
2 28 2 3
46 48 3 4
77 13 2 4
52 72 5 3
70 91 2 3
31 7 3 4
41 26 4 2
33 66 3 2
93 25 4 4
93 79 2 3
9 42 2 4
12 74 5 2
37 57 5 2
17 49 3 2
24 46 3 2
75 70 3 3
2 87 5 2
56 4 4 3
53 55 5 2
86 89 5 5
65 31 4 3
5 55 3 2
79 48 4 3
65 20 5 4
52 38 2 2
62 81 2 2
77 31 4 2
64 43 3 3
39 45 5 3
83 37 3 2
7 48 2 4
86 31 3 3
62 57 4 2
15 37 5 2
63 84 3 5
71 76 2 2
37 12 2 5
96 59 2 3
56 34 4 5
23 13 2 2
71 20 4 4
40 64 5 2
73 13 3 3
69 71 3 4
84 17 5 4
46 23 2 3
36 71 5 4
5 30 3 4
19 73 2 3
55 29 4 4
82 84 2 4
73 64 5 2
84 48 4 3
60 78 3 2
9 56 5 5
20 8 3 4
45 40 3 2
71 67 3 2
81 94 4 3
13 22 5 2
34 31 3 5
14 8 3 4
9 19 2 2
71 58 3 2
75 59 2 3
90 64 2 3
62 93 2 5
79 62 4 3
31 2 2 3
50 9 3 5
57 91 4 2
89 73 2 4
26 57 2 3
65 74 2 3
87 4 3 4
52 16 2 4
69 79 5 5
53 51 4 3
33 14 2 3
96 9 2 3
41 93 5 5
15 29 2 5
6 13 4 4
43 15 2 3
50 82 2 2
51 42 3 5
18 43 3 3
71 8 5 3
91 12 3 5
6 83 2 3
25 61 5 5
36 51 5 2
76 87 3 4
9 85 2 3
65 80 3 2
40 2 4 2
56 65 5 3
65 5 3 2
87 85 2 2
48 2 3 4
23 94 3 2
71 41 3 2
4 65 2 4
20 31 2 2
86 54 3 3
28 40 3 5
