6 55 2 4
25 96 4 2
83 38 4 5
53 88 5 3
57 59 3 3
22 90 4 3
26 42 3 5
40 10 4 2
6 26 5 3
65 10 2 4
67 43 5 2
33 34 4 4
77 31 5 2
16 52 4 5
62 3 4 2
30 51 5 4
61 19 4 2
26 12 5 2
55 22 5 5
57 38 3 4
69 51 5 2
15 94 5 3
14 43 3 3
55 53 2 3
75 19 3 2
58 51 3 4
3 79 2 2
76 55 5 4
20 9 3 2
4 37 2 2
81 50 3 4
4 95 5 3
15 49 4 2
59 15 3 2
70 87 5 2
61 39 3 2
90 80 5 5
78 87 5 4
67 67 3 5
85 76 5 3
10 5 2 2
14 70 5 4
87 57 4 4
90 67 5 2
15 58 2 4
44 45 4 4
16 18 4 4
38 24 3 5
85 4 2 3
69 94 5 4
12 12 4 4
36 57 2 5
7 72 4 4
90 35 5 3
40 71 4 5
9 89 2 3
47 69 5 5
41 89 2 3
62 26 4 3
41 66 4 2
56 72 4 4
96 50 2 2
62 63 2 3
33 23 4 5
27 29 2 2
49 18 4 3
57 29 2 3
91 16 3 4
80 75 3 5
93 41 4 5
71 30 2 4
49 43 3 5
10 35 5 5
42 29 3 2
31 78 2 4
71 5 5 2
41 84 4 4
58 92 4 4
4 11 3 4
48 62 5 5
30 90 2 4
65 57 2 5
74 23 2 5
49 38 5 3
83 25 3 4
48 4 2 5
43 36 5 4
20 46 2 5
3 32 4 2
36 91 2 4
35 65 4 3
12 22 2 4
55 67 5 4
79 10 2 4
49 50 3 3
92 30 4 3
87 93 3 2
19 59 5 2
94 54 2 2
73 61 2 3
15 2 2 2
96 17 2 3
37 78 2 3
39 96 5 2
42 18 3 3
38 3 2 5
93 27 5 2
80 15 4 4
60 79 4 2
63 51 3 2
28 25 2 2
74 66 2 2
19 28 5 5
88 87 2 5
12 84 5 3
75 69 5 3
2 52 3 5
92 12 4 2
73 39 5 4
71 12 2 4
41 4 3 2
4 62 3 4
52 78 5 3
43 13 3 2
76 46 2 4
10 62 2 5
78 4 2 3
29 66 4 4
4 42 4 5
84 33 5 3
33 12 2 4
39 57 5 3
59 45 5 4
58 18 2 2
19 14 3 3
26 19 4 5
19 25 2 2
57 34 2 3
2 70 4 2
91 72 4 2
21 71 3 4
7 49 4 4
31 87 4 2
41 80 4 2
82 63 5 2
65 22 3 3
24 62 5 3
59 11 4 3
90 4 3 2
21 80 4 2
16 24 2 2
92 51 3 2
46 88 3 4
93 64 3 2
34 42 3 2
68 77 2 2
29 4 2 5
15 88 3 3
70 47 3 3
51 95 2 2
15 7 3 3
51 82 4 2
9 54 5 3
50 32 2 2
63 68 3 3
50 54 3 3
19 38 5 4
71 65 2 3
20 63 3 4
74 11 4 2
91 23 4 2
7 5 2 2
64 88 2 5
21 85 4 2
86 10 4 2
23 23 2 3
51 6 4 4
7 77 5 2
83 9 2 2
46 22 3 5
44 51 2 5
50 12 3 2
40 33 2 2
66 80 2 5
3 3 2 2
16 39 2 3
58 5 3 5
29 35 3 2
26 71 3 2
71 69 3 5
35 46 2 2
68 8 5 2
84 57 2 2
68 55 2 2
36 85 4 3
68 90 4 2
78 60 3 5
36 16 2 3
69 23 2 4
81 22 4 2
