82 61 2 3
95 2 2 3
88 42 2 2
79 41 4 4
7 73 2 5
62 9 3 2
71 42 4 4
44 11 3 5
66 25 4 4
68 81 3 4
23 39 2 2
22 22 3 3
23 50 5 2
92 73 3 4
66 42 3 2
24 75 3 5
13 9 3 5
59 82 4 3
35 69 2 5
76 19 5 5
21 57 3 3
8 43 4 2
33 10 4 2
17 7 5 3
27 14 3 5
71 16 3 5
15 58 2 5
24 31 2 3
48 15 4 5
41 45 2 5
62 92 5 3
51 38 4 2
7 89 3 4
90 56 3 5
95 80 3 5
75 76 5 3
65 89 5 2
85 89 3 4
83 69 2 4
67 67 4 2
23 3 2 2
72 83 3 3
72 55 4 2
35 90 2 4
58 58 3 3
42 84 2 4
40 91 3 5
45 80 5 5
60 46 4 2
8 12 4 3
73 64 2 3
56 13 3 4
81 53 4 2
52 92 4 3
4 81 5 3
89 17 3 4
20 35 2 4
91 36 3 5
16 67 3 5
86 63 2 4
21 63 2 5
55 7 4 3
43 36 4 3
8 34 5 3
32 64 5 4
72 94 2 3
31 84 3 5
59 20 4 4
7 20 3 3
59 52 2 3
31 95 2 2
18 48 3 2
68 61 3 4
89 90 3 2
38 16 4 2
11 23 3 5
23 8 2 4
89 95 2 2
31 78 2 5
7 61 2 5
85 57 4 3
17 86 3 2
76 69 5 3
60 72 5 4
59 68 4 2
63 33 2 2
18 30 5 4
38 21 5 2
80 47 3 4
81 80 2 4
11 87 5 2
17 89 3 2
50 74 4 3
4 96 3 2
36 3 2 5
71 7 4 5
77 94 2 2
52 62 2 2
82 2 4 5
44 90 4 2
50 45 5 3
38 38 2 5
92 52 2 2
89 84 5 3
84 77 2 2
83 36 5 2
5 53 5 5
2 90 2 3
21 53 2 3
45 23 3 2
77 86 5 2
46 26 2 4
27 53 2 3
32 22 5 4
49 22 3 5
75 29 4 5
86 96 2 2
13 82 5 2
11 91 5 4
55 62 5 3
53 29 3 2
32 27 5 4
89 3 5 5
77 13 2 2
32 60 4 3
93 65 5 4
61 37 5 2
79 8 5 2
86 70 5 4
62 60 2 4
23 86 2 5
20 41 2 3
67 73 2 5
48 50 4 2
56 4 5 2
10 76 4 4
49 86 5 4
2 49 2 2
54 19 3 5
84 22 4 5
39 67 2 4
68 18 2 5
2 38 4 4
89 29 4 2
22 15 3 5
62 5 3 3
40 59 3 3
61 14 5 2
4 85 3 3
36 46 3 2
37 51 5 2
51 3 3 3
16 74 4 5
12 64 5 2
40 73 4 4
48 41 4 2
18 25 3 4
16 37 3 5
19 94 5 2
84 15 2 2
35 14 2 2
95 6 2 5
17 21 2 2
28 10 3 3
64 17 2 3
28 33 3 5
46 5 2 5
27 42 4 2
37 82 2 3
5 3 3 3
38 26 5 5
12 39 2 2
94 32 2 2
64 52 3 4
16 15 5 4
84 30 4 5
73 90 4 3
6 25 4 5
54 49 3 2
34 35 3 4
26 3 3 2
54 78 3 4
12 3 2 2
12 49 5 4
59 42 5 3
30 47 5 3
41 3 3 5
93 89 3 2
51 66 2 3
4 33 2 3
26 67 4 2
46 68 2 2
72 58 5 3
53 26 5 2
60 79 3 2
37 32 3 2
84 84 3 2
45 59 2 2
61 49 3 2
52 53 4 3
