65 62 4 4
42 71 4 2
77 65 3 5
41 4 2 4
85 7 3 2
16 57 4 2
24 46 5 3
9 21 2 4
16 71 4 3
42 38 2 2
4 13 3 4
17 26 2 4
34 68 4 3
26 56 4 2
2 61 2 3
72 47 2 4
85 83 5 3
96 4 2 3
31 96 4 2
22 28 2 3
85 58 4 4
5 32 5 4
15 8 2 5
13 18 3 3
14 43 5 2
53 14 3 4
51 89 4 3
21 15 3 3
49 73 4 5
16 91 3 3
31 14 3 2
8 29 4 2
7 56 2 3
35 52 4 5
66 68 4 5
92 13 5 2
30 24 3 2
81 43 4 4
42 55 4 4
48 58 4 4
57 45 2 3
34 2 4 5
42 64 5 4
20 23 5 3
74 33 3 3
88 46 2 5
92 90 3 5
72 58 5 4
74 41 3 4
74 89 4 5
57 38 3 3
44 85 2 5
79 72 4 4
61 48 2 2
90 16 3 4
13 37 4 3
57 85 3 5
57 51 2 5
23 7 2 5
78 80 5 5
9 10 3 3
81 60 2 2
66 94 3 3
26 93 3 5
71 29 2 3
9 94 2 4
68 78 3 4
51 48 4 4
58 9 3 3
92 35 5 3
12 75 2 2
36 13 5 3
62 80 2 3
48 23 4 2
35 19 4 5
87 64 2 3
13 46 2 3
81 3 3 2
70 2 5 4
26 62 2 2
54 21 2 3
91 77 2 3
78 45 2 3
54 29 2 3
51 85 2 2
24 51 2 2
63 75 4 2
53 67 5 4
52 43 2 2
29 18 4 2
52 81 2 3
25 36 4 2
54 33 2 2
59 66 4 3
91 8 5 2
92 44 3 3
37 95 3 2
79 90 2 5
26 66 5 2
32 46 2 3
16 64 4 5
58 80 2 3
92 25 2 2
18 85 4 4
34 85 2 2
76 53 3 4
26 22 3 5
8 42 3 2
35 35 4 2
94 57 4 4
17 3 3 3
26 29 3 5
61 84 5 5
14 78 5 2
86 71 5 4
41 21 4 4
57 31 2 2
4 88 3 5
25 15 3 3
72 38 5 2
2 18 2 3
10 69 2 5
62 21 2 2
60 51 2 3
3 7 3 5
28 75 2 4
87 27 3 5
64 42 3 5
84 10 4 5
73 15 3 4
24 70 3 5
62 30 2 5
83 21 2 5
92 72 3 3
63 59 3 2
89 2 4 3
30 27 2 3
39 26 5 5
28 41 4 3
80 34 3 3
96 18 2 2
57 93 2 4
48 63 3 2
12 83 2 3
44 18 5 2
84 17 3 3
4 41 3 5
59 3 3 3
85 92 4 5
30 87 3 3
50 30 3 3
67 10 4 5
45 79 5 4
44 12 4 2
65 31 2 5
29 3 3 2
36 43 5 5
4 52 2 2
62 92 3 4
5 22 3 2
22 62 3 5
46 40 5 5
38 81 4 3
21 39 4 4
80 28 3 4
36 74 3 4
93 66 3 4
93 21 3 3
2 71 3 5
95 79 2 2
24 80 2 4
21 55 3 5
9 5 2 4
74 22 2 3
49 9 4 4
43 43 2 3
31 56 2 2
28 7 2 3
77 24 3 2
69 41 3 4
20 91 2 4
10 38 2 2
7 51 3 3
85 89 4 2
30 59 3 3
9 80 2 4
53 60 4 4
58 15 2 4
4 94 3 3
73 8 3 4
67 84 2 5
44 3 3 3
28 81 2 2
84 79 3 3
65 28 3 2
46 92 2 3
9 61 4 2
63 54 5 4
93 82 3 2
51 54 3 3
