9 9 2 3
8 84 5 3
86 94 3 4
58 60 4 3
10 60 2 2
83 32 4 4
53 67 4 2
77 56 5 4
53 74 4 3
59 70 3 4
64 24 2 5
20 54 4 3
79 29 3 3
10 78 5 5
63 92 5 5
46 39 4 4
93 94 2 4
80 3 5 4
81 44 5 5
20 77 5 2
40 25 3 5
15 5 2 5
33 8 2 2
10 71 4 2
56 22 4 3
28 36 3 5
30 80 3 5
37 78 4 3
87 52 5 4
23 92 2 3
80 24 2 3
5 20 3 3
41 86 4 5
46 18 4 3
94 7 4 5
39 73 2 3
58 85 2 3
3 75 3 4
66 52 3 5
60 2 4 4
10 56 3 3
19 35 5 4
73 39 3 4
92 44 4 5
47 56 4 2
13 35 3 2
34 21 4 3
19 25 5 5
65 43 4 3
87 20 3 2
77 18 5 5
62 7 2 3
2 17 2 5
43 73 2 2
16 48 2 4
69 78 3 3
31 72 5 2
31 76 3 3
93 21 3 4
95 71 2 3
19 14 5 2
88 72 2 3
8 15 3 2
91 38 5 4
82 84 5 2
41 45 3 4
18 6 4 4
65 63 4 5
16 76 2 4
5 47 3 2
92 69 2 5
91 62 4 2
14 93 3 5
73 85 5 3
33 47 3 3
31 11 2 3
73 50 3 5
56 53 5 3
49 11 5 4
46 89 3 4
33 33 3 2
18 58 4 4
38 12 2 3
73 24 5 4
25 43 3 5
36 55 5 3
11 53 3 2
53 94 3 4
93 85 5 5
39 70 2 2
58 12 4 3
31 88 4 5
10 26 5 5
27 54 2 5
8 37 2 5
13 41 3 4
73 7 4 3
65 9 2 3
64 78 4 2
85 62 2 3
37 28 2 3
95 30 2 3
56 17 5 4
7 88 2 2
19 63 5 2
29 26 5 5
43 58 3 5
2 69 4 4
85 13 3 2
10 88 2 2
50 46 5 3
13 15 5 4
57 93 3 3
76 76 3 4
13 22 5 2
62 67 2 2
72 69 5 2
91 78 2 3
6 2 4 5
37 35 3 5
64 16 3 2
25 85 2 3
45 30 4 3
72 44 3 3
88 2 4 4
86 88 5 2
22 44 2 4
3 33 3 5
38 63 3 5
55 28 4 4
16 90 4 2
53 87 2 5
82 38 3 2
39 2 5 4
37 32 4 2
32 38 4 2
77 12 2 2
51 3 5 5
86 23 5 2
65 69 3 5
54 36 4 4
25 36 2 2
6 10 2 2
47 94 2 4
3 81 2 5
68 21 3 5
38 82 3 3
72 59 4 2
78 68 5 3
42 33 2 4
53 41 3 2
50 31 2 2
87 45 2 2
38 50 4 4
2 24 3 4
32 59 5 3
52 80 5 3
31 16 5 4
93 54 4 5
65 3 2 4
51 62 5 3
28 6 2 5
46 85 5 3
59 46 5 3
72 62 5 5
86 37 3 4
89 28 5 3
47 77 3 3
48 69 4 3
31 65 4 2
76 89 4 4
23 18 3 4
34 3 2 4
81 89 4 5
66 32 3 2
90 13 2 5
65 86 2 2
45 13 2 4
88 48 2 3
79 37 2 5
26 96 3 2
2 5 2 3
19 83 4 2
70 73 2 3
31 52 3 3
61 27 2 4
33 94 2 2
47 50 3 2
44 64 5 4
11 63 4 3
16 68 5 5
49 23 3 3
70 83 2 3
24 66 4 5
28 74 2 2
2 87 4 5
27 20 3 3
42 69 2 3
85 10 3 2
4 93 5 2
