45 92 3 5
20 19 3 3
88 84 4 4
16 18 3 5
92 16 2 2
32 24 4 4
76 42 2 5
34 80 4 4
77 57 5 4
76 53 4 3
70 36 5 4
33 5 4 5
30 48 2 3
91 31 3 3
11 89 2 5
81 66 4 2
23 57 5 4
11 82 5 4
18 41 4 4
47 63 5 2
12 57 2 5
88 13 2 3
2 9 5 2
76 12 5 3
9 35 4 4
25 18 2 2
31 45 3 2
55 26 3 2
39 61 2 3
59 30 3 5
63 9 2 5
61 81 2 5
85 79 3 2
76 21 5 2
39 18 2 3
21 72 5 3
6 64 3 4
62 90 3 4
69 89 3 5
10 13 4 3
49 66 2 2
93 11 2 4
34 14 2 5
3 77 2 3
66 18 4 5
9 17 5 4
28 11 3 5
89 48 5 3
29 90 2 4
59 18 4 3
90 92 5 5
40 37 5 4
56 49 4 2
11 72 4 3
90 79 3 3
17 4 4 3
70 4 3 3
69 62 3 2
54 65 3 4
64 37 5 5
94 69 4 2
69 49 3 4
66 5 3 4
42 54 5 2
66 68 3 2
89 74 4 2
78 92 3 5
92 53 5 3
53 30 5 4
70 42 2 2
95 44 2 2
26 63 4 4
37 54 2 2
63 29 4 5
19 89 3 3
53 94 3 2
92 64 3 4
18 70 2 3
93 5 2 2
36 66 3 5
63 60 4 5
24 86 2 2
92 23 5 3
39 30 5 3
24 48 5 3
8 24 3 3
11 48 2 4
71 82 3 5
74 26 3 3
51 84 5 2
44 14 5 2
78 4 2 2
18 36 4 2
86 35 3 5
28 33 2 4
41 83 4 2
19 10 2 2
42 86 3 2
46 18 5 5
5 81 3 5
68 55 5 5
56 75 3 4
30 30 5 2
17 79 3 5
48 52 2 5
44 6 2 5
34 75 4 3
55 38 2 5
17 53 4 2
2 45 3 4
68 25 5 2
78 28 3 4
48 72 5 2
41 66 5 4
83 72 3 5
26 52 2 3
85 19 2 2
66 71 2 5
37 46 5 3
30 68 2 5
62 3 2 3
47 8 3 4
80 37 3 4
6 29 4 4
26 5 5 2
87 64 3 5
82 85 3 5
59 52 3 3
16 24 2 5
66 77 3 4
31 33 2 3
18 31 5 4
84 12 2 2
36 11 2 2
85 41 4 2
3 59 2 3
34 91 2 4
71 13 4 2
66 10 5 2
50 47 2 2
3 18 3 2
19 25 2 4
45 45 3 4
87 2 5 3
27 74 4 4
12 2 4 3
25 2 2 2
5 55 3 2
88 19 2 3
25 81 3 4
24 21 2 4
40 2 4 2
77 64 2 4
86 7 2 4
21 13 3 3
24 34 3 5
63 49 5 3
73 92 3 2
55 7 5 5
41 58 2 2
22 52 3 2
77 69 2 3
44 26 4 3
79 44 2 5
63 46 3 2
59 87 2 4
56 89 2 3
35 36 4 4
16 94 4 3
46 86 3 5
2 89 2 5
86 26 4 5
71 18 2 4
60 22 5 3
46 59 5 3
91 38 4 4
29 55 2 3
53 18 3 4
39 5 4 2
62 72 2 4
12 53 4 3
11 40 4 2
96 73 2 4
3 96 4 2
54 44 4 2
39 78 3 4
84 53 5 3
2 15 2 2
82 93 3 5
86 57 3 2
75 9 2 2
32 57 3 4
70 69 2 4
39 9 2 2
54 59 4 4
83 27 2 5
60 36 2 3
92 43 2 4
70 95 5 3
29 80 2 5
