21 2 4 3
26 55 4 4
61 74 2 2
60 24 5 5
21 82 2 4
39 90 4 5
92 29 2 3
84 83 5 5
27 45 5 2
40 71 2 5
46 6 2 2
31 20 4 5
2 49 3 4
18 44 3 4
90 75 3 2
47 19 5 3
76 95 5 2
44 82 5 2
52 25 4 2
59 69 5 3
13 6 2 2
81 48 3 3
67 68 5 2
25 25 2 4
20 60 4 5
43 2 5 3
27 67 5 3
36 85 4 4
91 89 4 4
51 51 4 5
11 67 4 3
70 87 5 4
87 52 3 5
78 84 3 3
36 17 3 2
85 39 4 2
54 38 3 4
89 15 3 2
12 64 2 2
16 93 5 3
78 77 2 3
93 55 2 5
57 2 2 4
68 10 5 2
5 92 5 5
74 14 4 2
44 63 2 4
66 42 3 3
53 44 4 2
16 55 4 4
8 73 5 4
46 26 2 3
69 62 2 3
19 20 2 3
3 3 4 3
29 75 5 4
38 9 3 2
50 7 3 3
5 28 4 3
6 67 2 2
71 40 2 4
16 89 4 3
96 90 2 5
6 82 2 5
49 86 2 2
27 82 3 2
5 22 3 5
82 22 2 5
44 48 4 5
69 24 4 3
46 36 5 2
36 60 3 3
52 76 3 2
9 58 5 4
84 6 3 5
47 15 3 3
13 82 4 5
58 65 3 2
15 11 3 4
36 28 5 3
87 71 4 3
78 33 4 2
31 3 4 2
25 72 2 3
68 46 4 4
33 84 2 4
14 18 3 2
76 43 2 2
43 86 5 2
70 78 4 5
30 35 5 5
78 53 5 4
30 14 3 2
33 26 2 5
70 92 2 2
79 14 4 5
92 86 2 2
38 78 2 5
25 20 5 3
92 65 5 5
58 86 3 4
16 25 5 4
66 32 5 3
89 29 2 2
15 75 5 4
30 60 3 4
49 89 4 2
64 14 4 5
57 24 2 5
59 78 2 2
57 7 2 2
55 82 4 3
6 47 5 2
65 6 5 2
39 44 2 5
45 39 5 4
39 22 5 5
59 39 4 5
51 93 3 2
25 94 4 4
88 20 3 5
15 32 4 5
15 45 2 4
42 34 2 4
63 53 4 3
48 56 2 3
90 41 3 3
82 58 4 5
78 88 5 2
36 70 3 5
92 37 2 2
93 49 3 4
73 66 4 4
54 60 3 2
63 21 3 2
21 35 2 2
42 17 4 2
93 5 4 2
11 88 2 2
94 17 3 2
31 57 4 2
44 93 2 5
86 67 4 2
59 16 3 5
47 74 2 5
65 77 3 2
63 10 3 3
13 38 5 4
6 10 3 4
10 50 2 2
58 33 5 5
87 91 3 5
26 30 5 4
58 59 5 2
65 74 2 2
51 63 5 2
10 55 4 2
36 64 5 4
25 11 4 5
79 41 3 2
3 70 3 5
44 55 2 5
19 66 5 2
12 30 2 3
49 69 5 2
77 46 2 4
6 51 3 4
10 85 2 2
57 93 2 5
48 12 2 2
8 38 4 5
53 28 2 3
35 92 2 5
50 72 2 2
24 35 4 4
82 68 2 3
95 27 2 5
20 51 4 3
53 18 2 2
56 70 2 4
75 80 2 5
79 64 4 3
9 19 4 2
62 87 2 3
94 10 4 2
24 43 2 2
88 58 4 3
93 78 4 4
79 4 2 3
5 78 5 3
61 62 5 2
84 14 2 3
78 21 3 5
66 37 3 2
86 75 3 2
88 4 3 2
72 3 4 3
73 32 3 4
48 66 5 2
2 56 3 4
