3 66 3 4
20 51 3 2
37 76 4 5
88 54 2 5
23 84 5 4
27 4 3 5
69 81 2 2
23 28 3 3
79 52 2 5
28 57 2 5
11 62 3 2
47 72 4 2
78 23 4 4
51 86 3 3
38 24 4 3
89 6 3 3
79 44 4 2
41 13 2 2
37 54 2 5
78 32 3 2
19 72 4 4
36 10 3 4
11 89 5 3
22 65 3 2
90 25 3 2
35 85 4 4
87 14 3 3
88 2 4 2
58 27 4 5
17 40 3 4
5 78 3 5
59 81 4 5
7 88 3 5
73 30 4 5
45 44 3 5
46 14 2 2
41 6 4 5
47 34 4 5
13 79 4 5
61 72 4 2
4 19 3 2
25 79 4 2
14 2 3 3
94 25 4 2
65 86 5 3
66 30 5 4
32 90 2 2
12 11 2 4
36 70 4 4
94 53 3 2
40 55 2 2
53 22 5 2
12 33 3 2
44 59 5 3
49 63 5 3
19 56 2 2
46 3 2 5
27 46 5 4
26 40 4 3
36 90 5 5
53 27 4 5
84 83 3 5
28 20 5 5
17 25 2 4
9 55 5 3
7 6 2 4
68 41 5 3
93 62 3 2
90 80 5 4
36 4 4 5
44 64 4 5
95 38 3 3
2 53 5 2
66 76 5 2
8 27 2 5
65 19 4 4
73 71 2 4
61 54 4 5
43 23 3 3
25 34 3 5
79 91 4 5
12 38 4 5
48 50 5 4
74 2 5 5
77 39 3 4
27 74 3 4
73 87 4 3
69 92 2 4
46 85 3 4
34 42 4 3
17 6 5 5
91 69 4 5
61 39 2 4
66 58 4 2
33 28 3 5
46 93 2 2
23 8 3 3
29 85 4 2
31 74 3 2
6 34 2 4
80 9 2 2
17 36 4 3
37 35 4 3
17 52 2 3
54 33 4 4
63 7 5 2
43 76 2 4
83 73 2 5
83 17 2 2
59 62 2 3
75 81 2 2
57 6 3 2
54 54 2 2
39 31 3 2
55 38 5 5
2 14 3 3
6 44 3 2
79 35 3 3
73 22 2 2
58 88 5 5
25 68 5 3
91 16 4 3
56 11 2 5
34 65 5 3
10 69 4 4
55 77 4 2
19 21 2 2
52 67 2 3
45 17 3 4
31 63 2 4
84 35 4 5
93 4 3 3
69 36 3 3
34 79 2 4
27 91 3 5
79 75 3 5
76 67 3 3
64 35 3 4
73 93 4 3
7 12 4 3
78 58 2 2
55 2 4 2
84 92 5 2
70 66 2 4
63 47 2 4
84 41 4 3
94 96 4 2
83 48 2 5
81 65 4 3
13 45 2 5
4 22 4 2
88 74 2 4
49 41 5 2
64 90 2 5
31 69 4 2
41 41 2 5
76 71 2 2
74 50 4 5
27 52 4 4
83 3 3 3
34 61 5 2
4 61 4 2
83 21 2 4
64 41 3 4
21 77 2 3
57 45 2 3
62 62 4 5
54 59 3 2
59 22 4 2
17 61 3 3
15 57 3 3
61 16 3 3
2 36 2 3
32 15 4 3
22 18 2 3
67 48 4 4
52 91 4 5
82 61 2 2
54 19 4 2
72 77 3 3
89 86 4 5
56 64 2 2
13 26 3 5
86 32 5 2
66 80 2 4
73 64 5 2
37 17 4 4
69 9 4 4
47 9 4 2
28 10 5 4
58 53 2 4
90 92 3 4
79 85 2 2
93 44 2 4
16 74 2 3
66 25 2 4
58 71 2 3
20 91 2 2
87 63 4 2
23 45 3 2
