22 7 4 2
43 90 3 3
31 77 2 3
13 49 4 5
35 41 4 5
58 14 2 4
71 81 2 3
86 75 3 3
40 9 5 3
88 45 4 2
24 90 2 3
66 94 3 3
72 4 3 3
29 21 4 2
31 65 4 4
71 69 4 4
15 69 3 2
60 64 3 4
58 90 3 4
19 57 3 3
79 61 2 2
27 87 5 4
40 63 5 4
54 33 3 3
48 83 3 5
21 30 2 3
5 40 3 4
4 29 4 3
62 76 5 2
66 52 2 3
36 21 5 3
31 81 3 4
86 25 2 5
54 71 4 2
29 24 5 3
77 78 2 2
36 49 2 4
75 46 3 3
60 45 2 5
52 90 5 5
15 28 5 5
7 88 2 2
43 2 5 3
46 31 2 4
48 95 2 2
85 91 2 5
3 73 4 4
90 48 3 5
81 22 2 3
25 64 3 2
9 57 2 4
6 34 4 3
23 80 2 5
2 10 5 2
34 36 4 2
34 73 2 3
41 80 4 5
70 75 4 5
85 2 2 4
39 74 3 5
10 26 3 3
58 84 3 5
74 88 3 2
63 10 3 2
13 76 4 4
51 50 4 5
19 71 4 2
62 53 3 4
75 25 3 4
29 5 3 4
80 2 3 2
70 61 4 2
85 49 4 4
61 14 3 4
16 9 5 5
81 70 3 2
54 41 4 5
50 65 4 5
24 22 2 2
93 30 2 3
36 25 5 3
67 18 4 4
91 35 4 5
39 35 4 3
58 35 4 4
44 15 2 5
91 9 3 2
47 24 3 3
22 36 3 4
6 2 5 3
11 45 3 3
38 88 3 4
90 93 2 3
75 12 4 5
7 64 4 3
77 54 3 3
95 60 3 2
19 75 3 4
45 38 2 4
93 88 3 4
96 13 2 5
27 34 3 4
75 38 4 2
35 30 4 4
65 38 2 5
19 42 3 3
29 14 4 5
14 89 4 3
87 17 2 2
88 79 5 3
82 45 4 3
17 19 5 2
63 90 4 2
72 65 5 2
20 2 2 2
18 94 2 4
94 93 2 5
3 13 3 2
87 62 5 3
40 3 2 3
84 86 3 2
25 11 4 2
77 20 2 4
12 84 2 4
31 56 3 3
55 74 3 5
84 10 2 3
8 95 4 2
51 11 5 3
67 65 2 3
89 66 4 3
6 46 4 4
6 19 4 2
15 15 4 2
63 47 2 5
16 35 3 4
52 84 2 2
88 84 3 2
75 93 3 3
76 35 4 2
10 12 4 3
48 6 3 2
25 46 3 5
80 93 2 3
90 26 5 2
4 69 3 3
32 48 3 3
83 32 5 5
8 73 2 5
26 28 2 3
67 25 5 4
49 28 2 4
47 75 4 4
45 45 2 3
58 31 3 2
2 17 2 3
60 71 3 4
95 67 3 3
50 17 2 2
23 52 3 3
41 71 3 2
41 51 4 2
30 41 3 2
26 83 4 2
64 80 5 3
67 30 3 5
13 73 2 2
17 81 5 3
81 17 3 4
91 14 4 4
74 31 2 3
21 94 4 3
78 71 2 4
83 79 3 4
86 54 5 5
76 4 2 3
2 6 5 2
32 62 3 2
43 75 2 4
57 19 2 4
89 4 3 3
79 86 2 4
3 85 2 4
92 21 4 3
9 8 5 3
15 24 4 3
23 67 3 2
61 58 5 3
76 68 2 2
34 7 3 4
70 43 3 4
69 13 3 2
69 50 2 3
57 66 2 2
81 52 2 2
36 56 2 3
45 54 3 2
41 43 3 4
27 59 2 2
57 4 2 2
