45 31 3 5
53 46 3 4
46 74 3 2
65 2 5 5
53 83 2 3
90 49 4 2
95 26 3 4
58 59 4 4
79 4 3 2
50 72 5 4
77 17 3 5
72 68 4 3
74 76 4 2
87 53 3 3
28 56 2 3
73 38 4 3
60 90 3 4
58 8 4 2
23 10 5 2
86 16 4 4
31 37 2 5
91 27 2 4
38 65 5 3
6 33 3 4
92 79 2 5
23 95 2 3
95 57 3 4
94 65 2 5
36 59 3 4
39 70 4 4
52 62 4 2
59 53 4 4
18 43 2 4
3 88 3 4
3 23 4 3
19 9 2 4
5 59 4 5
22 20 5 3
73 85 5 3
29 93 3 2
81 69 3 4
66 60 5 4
17 68 5 2
53 37 5 5
33 57 2 4
80 84 5 4
31 74 4 2
68 22 3 4
12 15 3 5
73 64 5 3
48 58 2 5
53 90 5 3
65 44 3 3
23 71 3 2
4 85 2 2
32 85 5 2
44 22 5 5
13 37 5 5
81 31 3 2
36 54 4 2
92 13 3 4
41 26 2 5
14 72 2 2
85 65 5 3
42 38 3 3
81 35 5 2
7 30 5 2
74 8 2 5
86 10 3 3
90 6 4 5
59 72 3 5
9 89 5 2
64 14 3 4
49 69 2 2
23 68 2 2
68 75 5 2
65 38 4 4
26 15 5 2
76 91 2 3
59 38 5 2
35 8 2 4
12 57 2 2
82 76 4 4
58 82 2 4
21 84 4 5
92 52 5 4
26 44 3 3
6 17 5 4
93 39 5 4
5 5 4 3
33 28 4 4
88 86 5 2
81 49 4 5
40 77 4 3
85 31 3 3
18 51 2 3
55 18 3 5
90 43 2 4
80 39 2 4
2 38 5 2
67 72 3 2
11 80 3 4
84 6 4 2
51 87 5 2
23 80 5 3
19 91 3 5
45 17 4 3
63 25 3 5
11 47 4 3
86 82 2 3
73 16 2 3
34 79 5 5
78 10 4 5
37 92 5 3
21 25 3 2
41 44 4 2
17 4 5 3
58 32 4 4
96 87 2 5
57 24 2 3
64 92 3 4
63 60 2 4
78 25 3 4
50 7 2 3
26 50 3 4
46 78 2 4
46 42 2 2
68 85 2 4
26 37 4 4
14 92 4 2
23 59 3 2
80 89 4 4
85 91 4 5
61 45 3 2
38 35 3 5
13 28 3 3
36 22 3 4
25 90 2 3
7 74 5 5
29 18 4 5
94 73 4 2
72 31 4 5
85 72 5 3
7 9 2 4
73 81 2 3
27 84 2 3
54 54 4 4
7 70 2 3
55 67 2 3
63 75 4 2
49 39 2 2
55 94 3 2
46 3 2 3
75 49 5 4
50 16 2 3
74 5 2 2
8 94 5 3
42 85 2 4
3 46 2 5
61 11 2 5
11 52 3 2
33 13 5 4
15 10 3 2
92 20 5 5
33 49 4 4
14 60 4 5
96 96 2 2
21 43 2 2
55 43 3 2
70 50 3 4
73 23 2 5
83 14 2 3
20 56 2 4
45 9 2 5
27 60 3 3
13 85 2 3
86 23 3 4
44 28 5 2
83 41 5 4
18 79 2 2
2 81 3 3
19 62 4 3
11 44 3 2
87 60 3 4
19 31 3 4
68 91 3 2
45 83 3 5
44 61 3 5
47 90 5 2
17 20 4 4
79 57 4 4
93 34 3 3
29 69 3 3
9 38 2 3
28 24 4 5
2 12 2 2
47 51 3 5
39 14 4 2
72 95 2 3
68 16 3 5
