32 87 5 3
60 66 3 3
81 32 4 3
23 84 2 2
7 16 4 4
89 15 5 3
2 61 3 2
48 63 2 2
29 56 2 4
7 82 2 3
64 53 5 3
9 88 5 2
87 85 5 3
8 3 2 2
15 51 5 2
52 48 2 2
2 53 2 2
41 16 3 2
48 19 3 3
52 56 4 2
56 92 4 5
44 92 5 4
40 82 3 2
35 24 5 4
41 64 3 2
36 11 5 4
4 37 3 4
29 28 4 3
11 59 3 2
84 67 3 2
2 91 3 5
60 85 3 5
52 5 5 4
33 39 5 3
62 25 4 4
16 43 2 2
85 24 3 5
9 73 4 5
79 62 2 3
2 73 4 5
2 32 5 3
67 63 5 3
47 83 3 4
7 45 2 5
19 70 5 5
60 51 3 3
15 76 4 3
59 79 4 5
25 74 3 5
91 54 5 2
58 11 2 5
59 32 5 3
8 54 4 3
33 33 4 3
84 46 5 3
56 59 5 5
67 67 3 5
79 40 2 5
74 12 5 4
32 74 2 3
19 61 5 4
28 61 3 2
26 51 4 2
21 50 2 4
68 5 3 4
96 66 2 3
12 16 5 4
22 29 3 2
39 93 4 2
45 75 3 2
41 27 4 4
53 67 5 4
91 61 3 4
90 29 5 3
33 61 3 5
49 57 2 2
24 93 5 5
14 81 4 2
54 74 2 2
20 4 2 3
42 3 5 2
25 33 4 5
48 40 5 5
66 92 5 3
19 89 3 5
63 21 2 3
61 11 3 5
4 24 2 2
93 82 5 2
30 78 3 4
64 76 5 4
65 43 3 3
67 30 4 4
11 2 3 4
81 22 3 4
70 57 3 5
12 33 5 4
64 4 3 2
26 81 3 5
76 82 5 2
55 48 3 4
11 25 4 2
74 32 5 3
61 17 2 2
7 28 2 3
30 40 2 5
72 5 5 4
53 96 2 2
45 67 2 5
71 37 5 3
85 75 3 3
77 89 3 4
36 52 2 4
48 10 2 3
15 11 2 3
42 88 5 2
35 16 3 5
73 69 4 4
81 14 2 4
23 4 3 2
93 51 2 2
23 18 2 4
70 84 2 3
50 37 4 2
6 61 4 2
52 61 3 4
90 77 5 2
93 94 4 2
96 26 2 2
38 58 5 4
8 64 2 2
23 88 3 3
72 19 2 4
29 15 3 4
79 6 4 3
82 91 3 3
47 28 2 4
89 21 2 4
7 79 2 2
16 70 2 2
44 19 3 5
19 82 3 3
41 49 3 3
66 14 2 5
82 39 5 3
16 8 2 2
29 21 4 2
86 4 2 4
89 33 4 5
6 9 2 3
44 33 3 5
74 74 5 4
74 64 3 4
54 43 3 2
75 17 4 2
18 20 2 5
62 38 4 2
69 13 4 4
64 87 5 4
78 58 2 2
21 78 3 3
4 79 2 2
11 21 3 2
92 45 5 2
80 52 3 5
51 83 4 3
29 10 2 2
29 88 2 3
55 17 5 4
31 47 2 5
72 27 4 3
81 96 2 2
20 41 4 5
17 26 2 2
23 12 4 4
35 2 5 5
96 76 2 2
85 43 3 2
44 46 3 2
58 42 5 3
83 58 3 2
29 2 3 5
37 79 3 2
17 38 2 4
89 12 3 2
67 25 4 2
78 27 3 4
55 25 3 5
53 31 2 4
38 68 2 2
70 48 5 5
25 42 3 3
2 11 3 2
11 40 2 4
12 47 4 3
86 93 2 5
25 67 5 5
18 55 5 3
47 53 3 2
47 79 5 3
