43 44 3 4
51 62 3 5
70 6 5 2
37 68 5 4
7 27 2 3
52 34 4 5
89 6 3 4
73 48 4 4
80 8 2 3
78 85 4 4
92 28 3 2
64 75 4 3
42 76 2 3
25 87 2 5
86 48 4 4
33 30 3 3
58 35 2 4
11 16 4 5
93 16 2 4
4 56 2 3
77 68 2 3
11 6 2 5
22 65 2 5
9 61 2 2
81 21 5 5
23 18 3 3
83 7 4 4
55 41 4 3
68 42 4 3
59 70 5 4
12 90 4 3
86 92 3 2
27 75 5 3
21 94 5 3
37 81 5 4
35 9 3 2
44 38 5 3
8 37 3 2
13 47 3 3
66 80 2 5
24 8 4 4
47 84 4 3
12 27 4 4
77 12 5 5
70 55 3 3
28 29 4 2
38 61 5 2
46 70 4 3
34 35 3 2
74 36 4 4
49 49 2 3
5 75 3 4
5 64 3 5
79 72 2 3
7 49 4 4
26 62 2 3
48 93 4 4
68 26 4 5
90 74 2 2
20 34 3 5
84 36 2 5
58 15 3 3
41 31 3 2
5 19 5 3
75 27 4 2
64 14 4 4
58 83 2 4
48 8 2 5
24 35 4 3
67 35 4 5
54 47 2 4
88 13 4 2
41 25 2 3
79 30 3 5
39 90 4 3
26 69 5 3
14 53 4 5
49 57 3 4
62 19 4 4
45 30 2 2
60 4 2 5
35 14 2 3
65 2 2 4
60 40 2 2
53 10 3 3
22 22 5 4
31 46 5 4
49 81 2 2
74 44 3 2
55 57 5 5
14 70 4 5
78 81 3 2
63 8 5 3
34 55 2 5
59 11 3 3
59 46 5 5
55 84 2 3
66 46 2 4
31 6 4 2
36 93 2 5
39 35 3 4
18 27 3 3
35 21 3 5
23 83 4 2
29 92 3 5
44 60 4 2
94 54 2 2
39 51 5 3
85 68 2 5
74 84 3 2
16 83 2 5
56 21 5 3
82 93 2 2
60 90 5 5
26 15 3 2
80 66 2 4
39 44 2 5
87 76 2 4
92 64 4 3
12 59 5 3
43 8 3 3
2 40 5 2
74 77 2 3
76 58 4 3
79 52 2 3
31 51 2 2
95 38 2 5
39 11 2 3
3 44 5 2
6 83 4 4
54 93 3 2
86 27 5 3
14 66 3 3
21 3 3 4
96 45 2 3
30 12 2 2
13 33 2 5
71 81 2 3
78 2 2 5
14 5 4 3
51 70 3 3
36 64 2 3
62 34 2 4
20 76 3 4
94 59 3 2
83 13 2 5
52 27 4 4
4 9 5 5
58 67 2 2
2 17 2 5
91 51 2 2
33 39 3 5
24 54 5 2
5 4 5 4
2 28 2 2
89 82 4 3
74 64 3 3
30 15 2 4
46 25 2 4
32 87 4 4
11 40 4 5
18 61 3 4
93 87 3 5
26 40 3 4
39 64 3 2
75 91 3 4
93 75 5 3
16 44 4 2
70 64 2 3
63 53 3 3
17 77 2 3
30 64 5 2
51 74 4 3
89 18 2 2
77 18 2 4
90 41 3 2
45 20 3 3
72 15 4 4
45 65 5 3
89 55 4 5
48 34 2 2
96 6 2 2
12 82 3 3
89 33 2 2
84 86 5 2
83 59 2 2
29 82 4 2
87 42 2 4
89 37 3 2
20 48 5 2
19 8 3 4
83 76 2 3
94 93 4 4
71 89 3 2
2 79 2 2
40 18 3 2
50 43 4 3
2 94 4 2
54 2 2 3
4 34 4 2
