58 13 5 3
7 95 4 2
60 58 2 5
18 54 3 3
3 75 3 5
85 92 3 2
48 21 2 3
62 37 2 5
50 13 4 2
8 23 4 2
82 11 2 4
76 23 4 5
16 18 4 2
39 35 2 4
72 55 2 2
68 44 5 5
19 81 5 3
5 43 2 4
14 28 5 5
72 74 3 4
73 8 5 5
26 40 3 4
22 10 3 3
49 25 2 5
66 53 5 4
94 20 2 3
31 78 5 3
76 96 3 2
36 17 3 5
39 29 5 3
54 45 4 2
28 84 2 4
78 86 4 2
83 21 2 5
39 90 5 4
20 2 4 4
48 80 4 3
55 55 5 2
39 82 3 2
82 48 4 5
95 10 3 5
77 16 2 3
89 43 3 3
45 58 4 3
66 83 4 3
76 73 4 5
84 79 5 2
27 55 3 5
2 49 3 2
7 55 4 2
38 47 2 3
21 25 2 5
4 3 2 5
14 5 3 5
61 82 4 4
42 75 3 3
55 67 4 5
72 68 3 2
56 36 5 3
92 31 2 2
40 20 5 4
67 19 3 5
71 60 3 2
69 9 2 3
90 28 3 2
85 41 3 4
86 31 4 5
52 91 2 5
45 5 3 5
46 36 2 4
39 11 5 3
14 84 4 5
21 35 4 4
12 53 2 3
79 57 3 5
72 17 2 3
28 66 3 2
26 52 3 2
5 31 5 3
25 76 2 2
89 85 5 5
78 69 4 3
5 38 3 4
54 75 3 4
38 53 2 4
14 38 5 4
71 80 4 5
31 58 4 2
70 35 3 4
89 7 2 2
65 28 3 4
63 44 4 5
75 33 5 5
69 67 2 2
91 35 4 2
66 95 4 3
65 79 4 2
16 92 3 2
38 41 2 4
26 89 3 4
43 70 2 3
50 58 4 5
52 40 3 4
48 45 5 3
14 68 3 5
26 9 5 2
67 91 2 3
25 16 2 2
15 12 3 3
52 51 2 5
77 45 4 5
37 73 4 3
56 29 5 2
92 94 4 2
30 38 5 5
76 63 5 2
20 89 2 5
25 21 4 4
10 77 5 4
8 11 4 4
10 43 4 2
33 94 2 3
89 51 2 5
23 48 5 3
33 65 2 5
33 87 3 2
8 61 5 2
33 50 3 4
91 17 2 3
32 33 3 4
26 32 5 4
79 9 2 3
87 70 3 3
89 64 5 3
41 57 2 2
95 46 3 4
13 94 2 4
50 70 3 5
18 22 3 2
17 76 3 3
29 27 5 3
34 2 4 3
16 44 4 4
85 67 3 2
92 71 3 5
75 90 2 5
65 34 4 3
56 82 4 3
79 81 3 3
78 29 4 3
4 87 4 2
53 5 2 2
84 17 3 2
59 75 4 2
9 82 2 5
12 47 3 3
85 85 2 2
77 53 4 3
56 32 3 3
19 70 4 4
53 20 4 2
6 26 4 3
62 92 3 4
3 62 4 3
81 73 3 3
66 3 3 5
43 45 3 3
60 65 5 2
47 92 4 4
46 53 5 4
3 70 2 2
61 7 2 2
32 8 4 2
19 12 2 4
64 71 3 3
73 50 3 3
14 61 2 4
55 10 2 4
12 74 3 2
57 62 2 2
51 37 3 2
67 14 3 3
31 83 3 2
70 3 5 2
11 34 2 5
55 49 4 2
62 26 2 3
33 55 2 2
36 59 2 2
41 15 5 3
8 66 4 4
69 27 3 5
38 85 4 4
2 35 2 3
92 56 2 4
79 39 5 2
56 86 3 3
40 64 4 5
52 23 2 5
90 38 3 3
