2 51 2 5
61 32 3 4
54 61 2 2
36 54 2 2
6 16 3 5
37 66 5 5
16 36 4 5
9 5 2 4
57 51 2 2
83 82 3 4
43 74 5 4
29 74 3 5
90 66 3 5
91 12 2 2
18 82 5 2
34 31 2 5
13 57 4 4
32 12 4 3
86 17 5 5
84 78 2 2
46 86 4 3
69 39 2 3
71 33 5 2
91 79 2 3
63 61 5 2
95 70 3 2
57 48 3 2
88 45 4 3
78 52 4 3
32 88 2 5
68 80 4 2
18 52 2 3
23 48 5 4
5 37 5 3
90 90 2 4
30 47 5 2
5 64 2 2
53 27 4 5
64 25 4 3
49 23 5 3
71 54 5 4
49 38 3 5
25 23 5 3
88 23 3 4
53 92 4 5
91 95 3 2
86 32 2 4
70 26 2 2
25 29 5 3
21 30 2 4
25 62 4 4
50 44 3 2
76 75 3 3
70 50 4 3
30 41 4 5
70 22 5 3
52 86 5 2
49 61 2 3
36 85 2 2
36 48 3 4
12 73 4 5
60 4 2 3
41 47 5 4
32 66 4 5
15 48 4 2
41 7 4 4
64 77 3 4
81 16 3 3
5 73 2 4
64 46 3 2
23 85 2 4
52 47 2 3
30 60 5 4
50 78 4 3
67 89 2 3
60 85 2 3
77 85 2 3
85 6 2 4
89 60 2 2
95 73 2 4
10 18 5 4
19 61 2 4
5 78 4 5
32 81 2 3
53 73 4 4
36 7 4 4
73 90 5 5
24 9 4 3
8 42 5 3
92 39 3 4
46 32 2 5
17 2 3 3
17 86 4 4
56 20 3 2
12 68 4 3
34 37 4 2
23 69 3 2
17 95 2 2
52 65 4 2
85 42 2 2
62 68 5 5
96 48 2 4
80 39 3 5
61 53 4 4
78 56 5 5
11 81 2 2
93 18 5 4
38 2 2 3
55 14 3 4
51 52 4 5
29 3 2 2
70 73 5 3
87 51 3 2
37 19 4 5
22 90 5 4
30 95 5 3
64 37 4 3
23 3 2 4
19 69 2 2
65 7 3 3
24 74 3 5
43 16 4 4
43 64 4 2
78 22 2 2
22 38 4 4
2 88 3 4
93 58 2 2
76 4 2 2
39 76 3 5
88 3 3 2
79 93 2 4
24 19 3 2
91 52 2 4
21 20 2 2
69 16 4 5
40 36 4 3
40 14 2 2
30 55 4 2
95 80 3 2
23 57 3 3
44 93 5 4
18 91 3 3
75 69 3 2
77 35 2 4
91 85 3 2
39 82 2 5
52 7 4 3
2 33 4 2
61 19 4 5
23 95 2 2
12 39 2 2
57 4 2 3
45 68 5 4
44 54 3 5
76 14 3 5
82 93 3 5
86 37 2 2
18 22 2 5
2 6 2 2
31 19 4 3
89 36 2 3
86 88 3 5
85 69 4 4
77 64 3 2
80 89 4 3
6 93 5 3
26 82 4 4
15 54 2 2
43 82 3 3
69 7 2 4
93 33 2 3
65 16 3 2
77 8 2 3
32 23 3 3
51 14 2 4
95 28 2 4
4 67 3 3
91 9 3 2
18 78 2 2
28 16 2 5
83 62 2 5
14 7 2 2
72 41 2 4
5 47 3 5
50 92 2 2
93 2 5 5
8 84 3 2
96 86 2 3
20 56 2 3
55 23 4 3
38 30 5 2
53 69 3 3
57 70 2 2
82 72 2 3
57 44 3 3
61 13 3 5
9 31 4 5
93 61 4 2
3 22 3 3
34 74 4 5
