60 19 4 3
28 42 2 5
12 7 5 5
19 61 4 3
71 84 2 4
70 22 2 3
35 57 5 4
42 58 4 2
63 92 4 3
81 31 4 3
53 80 5 4
37 19 2 5
18 50 4 2
8 29 4 2
44 74 5 3
54 92 5 5
11 70 3 2
21 25 3 5
54 7 5 2
68 61 2 5
63 34 4 3
50 73 2 5
65 76 5 5
47 3 4 2
63 49 3 5
3 14 4 4
91 63 3 3
67 55 5 2
7 49 4 3
18 38 2 3
73 39 3 5
96 16 2 2
89 74 4 3
62 60 5 3
33 79 3 2
69 47 4 5
46 46 3 5
21 39 5 5
28 66 3 4
25 7 5 2
80 44 2 5
83 76 5 5
80 68 2 4
76 94 3 2
46 21 3 5
31 32 2 2
63 7 2 4
5 55 2 3
53 3 5 3
30 17 2 2
83 37 3 2
53 42 2 3
45 85 5 5
40 90 4 2
79 84 2 5
9 92 4 4
82 87 5 2
19 92 4 3
35 12 2 2
38 38 5 2
37 7 5 4
31 71 3 4
23 11 3 3
4 75 3 2
87 28 5 4
64 12 5 4
84 16 3 3
52 27 5 5
38 30 3 2
6 35 5 5
63 40 5 5
71 93 3 3
11 66 4 3
93 31 3 3
91 52 5 4
47 91 4 5
58 26 4 2
58 62 2 5
92 17 3 4
16 68 2 4
21 33 4 2
24 94 5 3
14 19 3 5
41 20 3 2
38 83 4 5
52 53 4 4
87 68 2 3
50 61 3 4
50 22 5 3
86 55 2 2
60 4 2 4
3 67 4 2
81 25 2 2
21 80 3 3
75 22 5 3
92 6 5 5
2 57 2 4
51 34 3 3
94 42 2 3
3 8 3 4
25 23 5 3
58 71 5 2
6 62 5 3
57 11 4 3
53 71 2 4
78 60 4 4
45 8 4 2
32 36 5 3
77 11 4 2
71 70 2 2
58 36 4 2
4 91 3 5
36 62 4 4
43 42 4 3
24 2 5 2
80 40 3 2
66 28 5 2
62 87 2 3
35 93 2 3
47 66 3 3
76 70 2 3
75 59 2 5
29 83 4 3
77 79 3 4
75 32 2 3
44 12 4 5
39 54 3 2
56 18 2 5
20 5 4 5
29 51 3 3
13 35 3 3
18 85 2 5
58 56 2 5
14 57 3 3
93 85 5 4
3 4 4 3
42 30 2 4
26 59 5 3
28 10 4 4
2 23 3 3
87 52 2 2
15 25 5 3
14 82 3 5
24 86 2 2
39 34 2 2
22 45 3 2
2 87 2 3
83 53 2 2
84 23 5 2
87 11 4 4
18 56 3 2
26 71 2 5
95 79 2 5
93 57 5 3
71 10 4 4
21 17 5 4
73 27 2 3
53 38 4 3
10 79 2 4
16 30 4 3
9 45 2 2
75 84 2 3
52 19 3 2
95 63 2 2
84 41 3 2
45 36 2 5
43 54 4 3
36 68 4 3
42 96 2 2
58 75 2 3
3 79 3 2
52 48 4 2
89 36 2 2
34 54 2 2
24 65 3 4
29 27 4 4
78 4 5 2
72 77 3 3
33 41 2 2
77 51 2 5
12 13 3 3
68 68 2 2
32 20 4 5
38 44 2 3
18 53 4 2
64 23 3 2
38 96 2 2
77 65 2 3
53 85 5 5
64 66 3 3
87 92 3 3
12 74 3 2
40 49 3 3
42 3 3 2
94 93 2 2
46 81 5 3
59 51 3 2
83 67 3 5
11 3 5 2
43 69 2 2
