81 8 2 5
38 46 5 2
24 91 5 2
42 69 4 2
32 24 4 4
87 67 4 4
75 57 5 5
59 19 3 2
28 21 4 2
67 30 5 4
21 68 4 5
38 94 4 3
19 94 2 3
61 93 3 5
51 53 2 3
72 41 2 4
62 73 3 4
4 28 3 2
20 40 5 3
34 8 5 2
62 55 3 5
24 2 3 5
31 12 3 4
25 46 3 4
73 68 5 4
9 93 3 5
2 95 4 3
50 28 3 5
79 34 2 2
35 59 2 4
27 26 3 2
20 78 2 5
73 10 2 5
38 87 2 4
44 24 5 2
83 80 2 5
38 39 5 4
26 36 3 5
13 17 5 2
73 35 2 4
59 79 3 5
59 86 4 4
29 46 4 5
85 54 2 3
91 40 2 4
58 67 3 5
3 55 4 4
3 44 5 4
43 62 2 5
29 85 3 3
41 83 5 5
61 32 2 5
89 33 5 2
77 73 5 5
76 85 2 4
47 62 5 2
40 6 4 4
7 36 4 3
69 16 4 5
49 7 3 4
56 56 5 4
62 39 4 4
76 8 3 3
24 32 4 2
40 58 2 2
95 5 2 5
56 31 2 5
8 80 5 2
88 60 2 3
88 93 3 5
25 78 2 4
47 69 4 4
49 85 3 3
56 2 3 5
96 72 2 5
51 48 5 3
66 56 5 4
77 28 4 4
54 22 3 3
63 22 3 4
34 18 3 3
76 45 5 5
78 41 2 2
9 58 4 2
81 69 5 2
75 52 2 4
45 36 2 3
77 37 2 3
37 72 3 4
46 90 3 3
29 42 2 3
29 75 5 2
72 23 4 2
38 25 3 3
3 32 4 2
41 73 3 5
95 45 2 4
81 87 5 2
11 69 5 3
11 30 2 5
53 96 4 2
22 35 3 2
70 61 3 2
63 6 2 2
82 39 2 5
75 95 3 3
14 74 2 2
42 90 3 2
57 10 2 2
17 23 2 3
49 18 3 5
33 54 5 3
45 31 2 2
43 50 4 4
9 8 3 5
63 11 2 2
88 83 5 2
51 43 5 4
5 89 5 3
89 13 5 2
18 52 4 4
86 6 5 3
32 38 3 4
51 78 4 5
21 30 2 2
31 69 2 2
48 4 5 2
70 72 2 2
50 40 5 2
57 45 3 5
18 8 4 4
4 2 3 3
25 9 3 2
81 62 4 5
88 3 5 2
11 46 2 4
13 53 2 3
5 74 4 4
25 13 5 3
82 53 2 5
2 36 2 3
83 95 3 2
5 67 2 5
21 45 3 3
6 21 4 2
24 54 2 2
65 86 5 5
29 79 2 2
8 68 2 5
76 80 2 3
87 20 4 2
66 10 3 5
52 14 3 2
12 38 5 2
84 27 5 4
94 25 4 2
13 4 3 4
60 16 3 2
15 31 2 4
44 13 3 5
59 73 2 3
69 35 2 3
43 57 4 3
86 36 3 5
15 86 5 2
58 25 2 4
4 15 2 5
2 50 3 3
87 75 5 2
64 62 4 4
73 3 5 4
36 66 2 3
26 86 2 3
76 91 2 3
42 19 3 2
80 20 2 5
69 39 2 3
58 62 5 4
91 24 2 5
92 58 2 5
90 53 3 3
30 32 3 3
14 57 2 2
26 65 3 5
22 94 5 4
68 82 5 3
11 26 3 3
20 90 2 2
17 74 5 2
56 38 4 4
34 43 3 5
2 79 4 2
67 93 2 4
76 14 4 4
77 22 2 3
66 47 3 2
39 68 2 3
16 61 3 4
29 60 5 3
7 50 3 3
