57 65 5 2
64 90 2 3
63 34 4 2
2 8 3 3
76 25 3 4
24 17 2 3
87 28 3 4
66 22 3 5
13 15 5 3
49 48 4 3
57 76 3 5
2 43 3 4
29 5 4 5
19 19 3 2
35 37 5 2
86 42 3 3
19 24 2 5
67 44 3 3
45 79 4 5
84 54 5 3
50 66 4 4
86 68 2 2
54 43 4 3
67 13 3 5
22 38 2 5
93 6 3 5
72 61 4 2
29 17 3 5
28 87 5 3
30 63 5 4
77 52 3 3
95 93 2 3
85 84 2 4
21 78 4 2
41 69 2 3
74 92 2 3
8 62 3 3
85 78 5 5
12 37 3 2
16 32 5 3
37 28 2 4
65 82 5 2
35 72 4 4
13 42 5 2
69 76 2 3
49 4 4 4
39 47 2 2
73 68 5 2
10 20 3 4
38 22 4 5
92 61 4 4
37 94 5 4
25 24 4 2
71 32 3 4
87 71 3 5
68 52 5 5
77 87 3 4
8 26 2 3
4 55 5 4
26 32 5 2
81 34 4 3
28 93 4 3
42 52 4 4
43 60 4 2
73 13 5 3
33 43 5 5
89 33 3 4
94 86 4 2
3 34 5 5
47 37 5 4
81 44 4 4
61 86 3 3
24 10 3 4
42 46 4 2
61 70 3 3
59 51 4 3
92 41 3 5
87 92 3 2
62 40 2 5
11 67 2 2
2 63 5 4
9 82 2 2
91 80 2 4
24 51 3 4
43 7 4 2
36 85 2 5
94 71 3 3
41 10 3 5
70 4 3 4
5 89 5 2
23 61 5 4
59 91 4 2
94 24 2 3
49 26 4 3
18 7 5 5
15 65 5 5
45 87 3 3
12 56 4 3
6 2 4 5
18 90 2 3
37 5 4 3
61 75 3 2
48 60 5 4
55 6 5 3
93 32 3 4
50 20 2 3
28 41 3 3
14 75 4 2
28 57 2 3
54 33 2 5
25 39 2 4
55 50 2 3
65 40 2 3
30 25 3 3
48 32 3 4
39 50 2 4
11 46 2 3
8 93 5 3
73 25 2 3
51 81 2 3
27 83 3 2
93 15 2 4
72 80 4 2
96 78 2 4
16 52 5 2
15 6 2 4
78 18 5 2
34 57 3 4
56 60 5 2
89 21 2 4
51 91 4 3
65 73 3 2
21 83 3 4
77 78 4 4
48 15 5 4
87 13 5 5
5 78 4 3
94 2 3 3
11 27 2 4
65 53 2 3
61 12 2 2
82 95 3 3
78 58 5 2
43 76 2 2
64 5 3 4
2 28 5 2
82 74 2 5
81 28 4 2
79 71 4 2
3 18 2 3
32 78 2 4
5 52 2 2
83 10 3 3
63 25 2 3
93 75 5 2
28 11 2 2
49 73 5 3
7 44 2 3
26 77 3 4
19 72 4 2
86 62 3 5
95 66 2 4
86 23 2 3
46 43 4 2
81 24 3 3
84 15 2 3
79 96 2 2
76 83 2 3
77 35 2 2
70 20 4 3
6 13 5 2
49 10 2 2
31 49 3 4
38 63 3 4
58 19 5 2
12 85 4 4
41 90 2 2
77 92 4 3
15 22 2 4
89 38 4 2
46 72 2 5
35 12 4 2
19 40 2 3
65 58 5 5
24 46 5 3
73 38 5 3
87 58 2 2
58 33 2 2
77 21 3 3
83 64 2 3
33 83 2 3
31 69 2 2
90 67 2 3
57 3 3 2
35 16 3 4
81 6 4 2
66 31 2 2
7 49 2 2
39 81 5 2
58 22 4 4
