61 89 5 3
17 76 4 2
83 71 2 4
36 36 2 5
87 60 2 5
19 18 4 5
66 56 3 3
46 80 4 2
56 38 3 3
75 28 4 4
88 32 2 5
50 60 2 5
17 12 4 3
92 67 3 3
5 64 2 5
65 32 4 4
72 17 3 2
45 58 3 2
90 93 3 3
53 23 4 4
36 2 3 3
69 62 5 5
27 66 5 5
76 60 2 2
19 30 2 4
23 8 4 3
10 83 5 5
46 66 4 4
32 46 3 4
5 26 5 2
86 21 2 2
60 65 5 4
84 31 3 4
66 72 4 4
66 7 4 3
59 27 4 4
90 6 5 3
40 25 2 4
91 29 4 4
37 89 5 2
84 89 5 2
76 78 3 5
5 32 5 5
69 85 2 5
11 53 2 2
83 81 2 4
58 10 3 4
51 2 3 4
84 24 4 4
92 54 4 2
20 40 2 4
4 83 4 5
5 23 5 2
77 23 3 3
91 44 2 4
92 59 4 3
40 95 3 2
18 35 5 3
28 34 2 3
79 94 4 3
79 12 2 2
46 45 3 3
39 59 4 5
23 44 2 2
42 39 2 5
22 72 4 2
32 27 4 3
66 24 4 4
57 72 4 3
13 67 3 4
8 66 2 4
7 90 2 2
77 5 5 2
5 70 2 2
10 78 5 3
4 91 2 4
61 52 4 2
39 13 5 4
10 13 2 3
92 81 5 2
46 84 2 3
51 11 5 2
23 82 3 4
78 36 3 5
6 38 2 5
48 55 3 2
86 48 2 2
74 94 2 4
73 73 2 3
73 50 3 4
44 24 4 4
10 92 3 4
38 18 5 5
61 21 2 2
32 92 5 5
33 61 4 5
8 44 3 2
6 53 4 5
24 15 5 2
80 29 2 4
22 87 4 2
50 89 2 5
72 22 2 5
65 81 5 2
32 73 2 2
53 95 4 3
26 54 3 2
65 94 5 3
52 36 3 3
63 60 5 2
4 20 4 2
91 36 2 3
66 65 2 5
28 7 2 2
32 21 3 5
31 79 5 4
55 53 5 2
2 77 5 2
16 81 2 2
79 89 2 3
94 93 2 2
16 46 2 3
34 13 4 3
78 69 4 4
19 58 3 4
5 3 3 4
3 8 5 4
20 48 2 5
56 66 3 2
53 77 5 2
67 29 5 2
52 28 2 3
39 46 2 3
25 77 3 2
45 75 3 4
59 32 2 4
25 95 3 2
29 29 2 4
42 3 4 5
57 43 5 4
58 15 2 4
22 31 5 2
22 93 2 4
45 41 3 2
79 43 5 4
14 5 5 2
16 91 2 2
53 86 2 3
56 83 4 4
88 78 2 4
42 50 2 4
23 4 4 3
96 11 2 3
62 13 2 3
27 86 5 2
8 60 2 4
61 6 3 3
11 23 2 3
93 85 3 2
29 24 2 2
2 57 3 2
40 71 5 3
33 54 2 2
79 52 3 3
75 85 3 5
23 61 2 3
73 56 5 2
20 65 2 3
48 33 3 5
92 13 3 5
54 92 4 2
92 72 4 3
72 79 3 2
81 63 4 2
9 7 2 5
58 56 2 5
39 77 3 4
73 38 4 3
45 21 2 2
7 74 4 2
36 32 2 2
84 53 3 4
74 7 2 4
44 35 2 2
95 20 3 2
64 43 5 3
51 14 4 3
54 56 3 5
29 10 5 2
38 54 3 3
55 62 2 2
46 14 3 5
3 14 2 5
96 47 2 2
44 92 2 2
21 90 2 2
77 33 2 2
12 41 5 2
90 24 2 3
41 32 2 3
