93 78 4 5
83 30 2 2
91 2 4 5
57 14 4 4
94 58 2 4
38 33 4 3
9 49 5 3
87 35 5 5
13 70 5 3
15 7 2 4
65 25 2 3
59 81 4 4
31 8 2 3
44 41 4 2
12 33 2 4
82 74 3 2
76 57 5 3
64 9 3 2
34 37 5 3
19 93 4 4
2 12 3 4
54 71 4 2
4 60 5 5
35 84 2 2
41 60 2 2
70 6 2 3
44 67 4 5
60 60 4 2
72 84 3 2
74 71 2 3
56 66 5 2
27 25 5 2
60 53 3 3
52 53 3 4
68 58 5 5
83 83 2 5
83 22 2 5
60 49 2 2
3 71 3 3
72 77 3 2
35 90 2 3
73 30 5 3
53 14 3 5
36 66 5 4
16 75 2 2
46 51 2 3
29 59 4 4
27 17 4 2
53 49 5 3
15 91 3 5
58 93 2 3
90 27 2 3
87 44 3 5
94 15 2 3
6 17 4 3
93 19 4 3
12 86 2 4
41 92 3 3
17 83 3 3
76 12 4 5
25 83 3 3
60 45 5 3
4 22 3 5
6 30 5 4
55 78 2 2
46 37 4 2
35 50 3 3
19 48 3 5
94 51 4 2
75 87 3 3
64 50 5 4
9 40 3 4
6 89 4 3
39 5 3 4
63 73 4 3
39 16 3 5
39 71 2 5
45 14 4 5
11 58 4 5
13 13 4 3
85 9 3 4
24 33 2 5
27 68 3 5
26 75 2 5
55 86 4 5
18 79 3 2
11 65 3 4
34 57 4 5
53 44 4 4
27 39 3 5
5 43 3 5
23 62 5 2
7 80 4 3
60 69 2 3
26 3 4 4
42 50 3 5
26 87 3 3
26 50 3 2
5 4 3 5
42 83 4 3
70 74 2 2
3 94 3 4
19 17 4 2
96 69 2 3
21 22 3 5
88 84 3 5
59 19 2 3
91 8 5 4
86 91 5 3
32 79 5 4
44 7 3 2
87 73 2 2
52 96 4 2
2 79 3 5
80 2 2 2
36 15 2 2
23 11 2 4
8 36 3 2
31 14 4 2
34 21 3 4
21 5 2 2
56 27 4 5
64 95 2 2
38 81 2 3
20 54 4 5
75 49 5 5
96 87 2 2
82 57 2 3
12 17 5 4
63 4 2 3
21 67 4 4
67 44 4 4
89 18 3 2
48 77 3 2
95 25 3 4
68 87 3 5
90 66 4 3
53 58 5 2
77 80 5 5
68 64 3 4
81 89 3 5
61 90 2 3
94 44 4 3
74 3 3 3
93 90 3 4
66 40 5 3
59 76 3 3
35 29 2 5
67 16 4 3
19 28 3 5
70 23 2 4
48 11 3 2
76 41 3 5
52 6 2 4
48 31 2 4
52 35 2 3
84 15 4 3
48 90 4 5
81 46 2 3
87 21 3 3
87 61 4 4
59 8 3 4
19 61 2 2
22 72 3 3
63 67 3 4
16 37 4 4
81 53 5 2
24 28 2 2
20 11 2 5
2 50 4 2
39 47 2 5
49 3 2 4
70 31 2 3
34 10 5 2
81 34 4 4
66 80 2 2
66 2 2 5
77 22 4 4
42 24 4 3
24 40 2 3
3 85 5 3
7 72 4 5
56 7 2 5
44 31 2 2
27 92 3 3
64 88 2 2
11 54 5 2
67 34 2 4
51 27 3 5
2 57 4 2
25 53 3 2
16 44 2 3
2 40 2 5
92 95 2 3
91 71 4 5
87 52 4 5
40 87 3 3
72 93 4 5
85 4 4 4
61 31 3 5
