65 14 4 5
5 75 2 4
32 51 2 2
87 50 3 3
6 48 4 5
62 89 4 3
41 86 3 3
61 4 4 4
41 35 5 3
34 4 4 3
56 38 3 5
89 27 5 4
75 73 3 4
93 46 4 4
51 2 5 2
37 57 4 5
62 22 2 3
61 28 4 4
10 13 4 4
20 70 2 5
16 26 4 4
29 84 4 4
42 45 2 3
68 79 3 2
7 84 4 5
40 65 4 2
36 79 4 5
6 45 3 2
30 81 4 2
27 42 5 5
84 6 2 5
33 89 4 3
17 11 2 3
57 65 5 4
47 64 4 4
7 38 3 4
68 65 5 2
4 91 3 2
88 64 5 4
16 93 4 3
89 44 3 4
77 16 5 4
36 43 3 4
34 70 2 5
10 26 5 3
43 90 4 4
28 17 4 3
46 83 3 2
93 35 3 3
25 10 5 2
96 53 2 5
71 23 4 5
45 74 2 5
76 56 2 3
13 67 2 3
22 16 4 3
90 10 4 5
66 47 5 5
15 46 2 5
59 83 5 3
83 35 4 4
55 48 2 4
23 74 2 5
93 24 5 2
25 34 4 4
93 54 2 3
63 39 4 5
14 31 4 5
52 58 4 4
89 72 2 3
19 47 3 4
26 76 3 3
58 94 3 2
66 56 4 4
46 20 4 5
52 69 2 3
35 96 4 2
89 17 5 5
38 50 4 3
3 71 4 2
47 6 3 5
84 71 3 2
17 56 3 2
71 92 2 5
2 9 5 3
10 59 2 2
37 11 3 3
30 58 2 2
55 13 3 4
57 87 4 5
17 6 4 3
10 69 2 5
77 63 5 2
45 15 4 4
39 19 4 5
33 24 5 5
67 35 4 3
21 53 5 3
72 3 5 5
77 23 4 4
34 61 2 2
17 62 5 4
82 43 2 2
4 18 4 2
48 30 3 2
42 30 5 2
9 21 5 2
79 72 4 2
42 2 3 5
10 62 2 4
62 10 2 2
71 9 5 5
72 37 5 5
4 54 2 4
33 67 4 2
84 54 4 3
17 82 5 2
92 2 4 4
58 33 3 4
25 66 4 4
55 80 2 3
71 60 3 2
47 42 4 5
49 60 2 3
77 93 5 5
65 84 2 2
24 2 4 2
91 90 2 5
24 43 2 3
56 73 2 3
83 22 2 5
24 61 2 2
3 68 4 2
80 80 2 3
61 71 3 4
14 76 3 3
38 70 3 4
70 84 4 2
52 6 5 3
50 15 3 3
12 86 4 3
46 48 3 5
95 78 2 3
78 36 4 3
22 33 2 2
87 93 3 2
23 49 2 2
30 21 2 2
56 21 4 2
57 56 4 3
52 28 2 3
83 75 5 5
52 33 2 3
59 77 2 5
53 84 2 2
78 6 4 2
41 40 3 3
44 59 4 3
4 3 2 2
4 61 3 2
51 38 2 2
95 31 3 3
13 82 3 2
96 72 2 5
11 32 2 3
27 71 3 4
32 32 5 3
81 48 2 2
44 54 4 4
26 24 3 2
71 73 3 4
83 28 5 3
67 30 4 3
58 52 4 3
88 83 2 2
90 87 2 2
25 27 2 3
3 26 4 4
3 31 2 5
79 57 2 2
26 82 2 3
35 37 3 2
92 59 3 3
11 39 3 5
73 47 2 3
53 44 5 2
84 86 4 2
65 75 4 2
96 88 2 3
51 51 3 5
85 43 2 5
52 93 4 4
87 5 3 4
48 77 2 4
33 13 2 5
17 39 3 5
83 65 2 4
9 91 5 3
93 84 4 2
95 10 3 5
