4 66 2 2
22 11 4 3
3 29 3 2
21 21 4 3
85 21 5 2
8 67 2 5
34 4 4 3
16 63 2 2
92 32 3 4
28 27 3 2
21 37 2 2
58 23 4 5
90 70 2 5
75 13 5 5
76 4 4 2
37 76 4 5
89 43 4 2
22 52 2 2
72 86 4 2
30 30 5 3
27 83 3 2
50 25 5 4
23 73 2 3
69 19 4 2
64 47 5 5
2 24 3 3
54 62 5 2
46 41 5 2
66 81 5 5
55 36 2 2
86 79 5 2
40 95 5 3
58 50 2 5
92 89 4 2
70 93 3 3
29 64 5 4
3 37 5 2
17 11 2 5
27 37 4 2
32 40 5 4
89 92 2 3
56 79 4 2
19 27 3 3
64 56 5 2
21 83 4 4
6 82 4 5
61 92 5 2
14 84 2 4
33 70 2 3
76 71 3 4
64 75 4 2
88 54 2 2
83 32 4 4
26 53 2 4
86 58 3 4
65 25 5 4
13 53 3 4
5 4 5 4
37 31 4 5
72 8 2 4
24 88 2 3
82 95 5 3
76 77 4 2
47 64 4 3
53 65 3 5
63 39 2 3
90 17 4 2
8 90 4 5
33 81 2 3
3 55 5 3
72 60 4 4
93 78 5 2
12 33 3 2
37 83 4 3
54 53 2 4
81 4 3 4
82 46 2 2
75 29 5 2
21 56 4 2
54 89 3 3
93 4 5 5
7 48 5 4
78 82 3 4
49 59 4 3
15 49 4 3
38 88 3 2
12 69 2 3
18 95 5 2
77 65 3 2
85 43 2 5
22 62 3 4
64 44 4 2
45 10 3 4
54 21 3 2
9 12 4 5
19 34 4 2
45 74 2 5
28 22 5 3
44 58 2 2
39 44 3 5
57 66 2 2
61 65 5 2
79 42 2 3
93 10 3 4
15 4 5 3
69 31 4 4
60 19 5 3
36 21 5 5
65 34 2 3
27 19 5 2
49 10 3 3
69 42 3 2
72 82 5 2
8 40 4 4
75 23 3 3
89 49 5 4
91 55 3 3
34 9 4 2
77 93 4 2
16 35 2 5
84 63 4 2
3 71 3 4
35 12 4 5
47 86 3 4
28 3 3 4
54 83 4 2
38 40 2 2
88 13 2 3
16 78 3 3
6 34 5 2
43 49 3 2
25 32 4 4
80 55 3 3
54 39 5 5
21 42 3 2
75 54 2 5
37 59 3 4
46 33 5 2
46 94 3 3
49 48 4 4
55 10 2 2
4 61 5 3
93 72 2 3
86 27 5 2
11 60 2 4
13 95 3 3
31 77 4 3
84 9 3 2
18 56 2 3
22 45 4 2
42 19 2 3
77 88 2 3
91 59 5 4
7 22 4 5
29 87 4 5
45 91 5 2
35 92 3 4
58 73 5 5
31 9 2 4
71 45 3 2
2 95 3 3
43 6 3 3
71 72 3 4
94 27 2 3
26 8 2 2
94 93 2 5
2 12 3 3
18 70 2 5
88 34 2 3
58 33 4 4
48 37 4 3
42 68 5 5
70 38 4 2
85 70 3 4
84 39 2 3
21 3 3 2
88 38 2 3
12 24 2 5
29 60 3 2
67 68 3 4
82 90 3 3
80 32 2 4
37 56 2 2
53 31 2 2
95 20 2 4
28 71 2 3
70 15 2 3
47 3 2 5
43 80 4 4
92 39 3 3
83 14 3 3
45 18 3 3
81 69 2 5
52 71 3 2
78 47 3 5
87 3 2 5
60 57 3 2
68 87 2 4
85 82 4 5
66 38 2 4
