91 66 2 5
42 2 3 4
59 48 3 2
8 61 4 4
14 89 4 5
6 7 3 2
9 79 4 5
62 65 4 2
18 60 2 5
60 59 5 2
49 11 3 3
51 52 4 3
59 37 4 2
93 39 4 5
5 90 2 2
50 4 2 2
63 46 2 5
58 20 2 4
72 90 3 4
28 75 3 2
67 38 4 5
78 68 5 2
41 31 2 2
77 3 3 2
66 13 5 3
89 28 4 3
67 27 3 2
67 81 3 2
84 34 2 5
9 26 5 2
61 9 3 5
37 3 3 4
41 49 2 2
31 36 2 4
70 35 5 2
61 29 2 4
36 18 4 4
22 28 4 2
32 93 4 4
43 87 4 5
24 36 5 5
44 31 2 3
86 84 2 4
12 73 3 4
37 75 2 3
90 18 3 3
50 78 2 3
46 74 3 2
58 69 4 3
43 10 2 2
46 35 4 2
82 62 4 5
81 26 3 2
4 51 4 3
25 42 5 5
26 60 3 3
88 76 2 5
47 64 4 2
25 13 4 3
14 79 3 4
16 11 2 5
50 45 5 4
64 28 2 4
43 43 3 4
74 10 3 4
34 25 5 2
28 4 3 3
33 85 2 2
67 63 2 4
88 62 2 5
51 67 5 2
21 33 2 2
64 54 3 2
56 40 4 3
60 53 3 3
70 3 4 5
91 7 5 2
3 45 4 3
82 89 2 5
76 40 3 5
84 2 4 4
41 56 3 5
63 77 4 2
75 77 4 5
67 93 3 4
33 73 2 4
14 53 5 2
11 22 3 3
52 31 3 5
80 6 3 3
73 73 5 3
27 53 4 5
71 27 5 4
21 2 5 5
56 15 3 2
89 55 2 2
35 88 3 2
2 40 3 4
29 82 2 5
10 3 4 2
73 21 4 5
2 24 4 3
96 18 2 2
24 83 3 2
7 73 2 5
59 90 5 5
78 47 2 3
47 23 3 3
50 58 3 4
6 15 3 3
85 15 4 5
44 78 5 4
33 55 2 5
73 44 2 4
11 48 3 2
26 92 2 5
36 34 5 2
76 56 5 3
25 24 2 3
88 91 2 4
35 79 4 4
54 60 3 3
9 30 3 2
93 61 4 3
67 20 2 3
77 89 4 3
40 84 4 2
69 85 4 4
52 25 3 5
63 72 3 3
55 90 2 3
21 87 4 4
62 15 2 5
2 83 4 3
16 46 2 3
28 69 3 5
69 58 5 3
28 23 5 5
2 62 3 4
31 43 2 4
82 73 2 3
77 51 3 4
79 11 5 3
59 25 3 3
81 45 4 3
57 84 4 4
61 96 5 2
93 2 2 2
92 55 5 4
86 44 5 2
10 16 3 5
5 10 2 3
33 48 3 3
41 15 5 2
68 45 2 5
48 17 3 2
89 47 4 4
15 84 4 4
55 6 5 2
20 19 5 4
16 26 3 2
27 31 5 2
14 68 3 2
88 68 2 3
94 51 2 3
57 3 4 2
52 18 5 4
34 42 4 2
40 73 2 2
5 3 4 3
78 19 5 4
19 13 4 2
87 32 5 4
35 10 5 3
75 6 2 3
77 61 2 4
59 79 2 2
17 6 2 4
39 38 3 4
12 37 4 4
28 64 4 4
22 44 2 5
63 85 5 4
22 8 2 3
5 93 5 4
40 62 5 4
21 38 2 2
3 36 4 2
41 69 2 2
42 19 5 2
22 67 4 5
34 38 4 2
4 76 2 4
2 31 2 2
38 56 2 2
81 80 4 3
85 74 2 5
24 53 2 5
73 95 3 3
6 69 3 3
