46 17 5 4
89 26 2 2
78 82 5 5
78 48 2 4
7 40 4 4
15 7 4 2
90 7 5 3
44 22 3 3
48 54 3 4
36 52 2 3
9 92 5 5
42 34 5 3
56 82 2 2
36 78 4 3
30 57 3 5
33 18 3 3
20 19 3 5
12 70 2 3
86 17 3 2
52 59 2 2
15 46 3 4
3 43 3 5
61 13 5 5
32 68 3 2
39 43 3 4
60 70 2 4
82 6 5 4
49 43 2 2
78 6 2 3
49 92 2 3
67 44 4 4
80 20 4 5
27 64 5 3
88 89 3 5
21 70 5 3
25 8 3 3
42 8 2 3
46 7 4 3
67 16 5 5
25 23 2 3
10 59 3 3
34 12 5 5
19 42 3 3
17 65 3 2
88 36 3 4
60 24 3 4
12 78 3 5
25 36 3 5
36 37 5 2
2 92 4 2
82 51 2 3
40 63 3 3
63 31 5 3
69 54 3 5
50 30 4 2
23 42 2 2
63 7 2 2
71 67 3 3
33 31 5 5
60 59 2 2
51 23 5 3
84 68 3 2
76 36 3 4
76 18 2 4
49 71 2 5
21 91 2 3
60 51 3 4
2 67 5 5
41 82 3 3
29 84 5 4
78 15 4 2
31 75 2 3
34 26 4 4
36 87 4 5
23 55 4 4
30 7 4 4
21 61 2 4
73 7 2 4
5 56 3 3
11 4 3 5
11 48 2 5
13 54 4 3
54 48 3 4
56 34 5 3
53 13 4 4
73 74 2 2
68 85 2 5
50 46 2 5
61 94 4 4
83 43 2 4
49 11 3 4
90 14 5 3
90 68 3 4
43 3 2 2
37 82 3 2
26 89 4 5
72 49 5 4
80 2 5 3
43 41 5 4
36 61 2 4
63 86 2 5
10 19 2 2
82 29 2 4
95 31 3 4
5 86 2 2
55 42 3 3
2 76 5 5
46 60 3 3
76 92 3 5
64 78 4 4
69 78 5 4
26 12 5 2
46 82 2 3
84 26 3 2
77 66 5 3
73 89 3 2
68 62 2 3
94 22 4 4
26 79 3 4
82 36 5 5
61 63 4 5
89 84 3 2
86 51 3 5
19 30 2 4
20 2 5 5
89 42 3 3
69 12 3 3
44 48 4 3
77 43 4 3
18 81 4 4
5 4 5 2
82 76 2 4
23 28 3 3
33 44 5 2
55 3 5 5
87 60 2 2
5 30 4 2
39 30 2 2
45 87 2 2
3 18 5 5
55 88 5 2
28 31 3 4
36 2 3 4
83 56 2 3
11 31 2 2
3 37 3 2
42 77 2 4
19 48 2 5
43 71 5 5
67 94 3 2
94 45 3 3
26 48 4 4
41 20 2 5
47 68 3 2
8 72 2 2
11 87 4 2
7 7 2 4
67 69 3 5
7 35 2 4
59 91 2 2
48 89 2 2
96 90 2 2
12 39 4 3
49 80 5 5
9 24 3 4
74 54 5 4
12 84 4 2
79 62 5 3
90 80 5 2
12 15 3 3
73 85 2 2
70 29 5 2
62 3 3 3
35 22 2 2
60 40 3 3
73 39 2 2
15 69 5 5
90 74 2 4
75 13 2 2
35 56 3 2
55 53 3 3
96 54 2 5
14 28 2 5
39 93 5 4
20 14 3 2
66 66 2 2
36 7 4 2
42 26 4 2
39 56 3 3
81 88 4 4
76 29 4 3
60 81 3 4
32 2 3 3
23 45 5 2
58 46 5 3
76 75 2 2
20 76 4 3
91 49 4 5
19 56 2 4
71 26 4 2
