52 45 2 2
14 39 4 5
66 35 4 4
44 13 4 4
21 36 3 2
15 92 5 4
82 84 4 4
18 50 4 2
95 21 2 5
61 65 3 5
50 53 4 2
90 25 2 5
33 64 4 4
14 77 2 2
37 88 5 3
42 41 3 4
66 59 5 3
8 31 3 5
95 50 2 5
27 19 3 2
34 39 2 5
39 73 5 5
61 20 2 4
83 74 5 2
50 30 5 2
70 88 2 5
75 62 4 2
36 20 3 4
20 86 4 3
17 54 4 3
84 50 4 4
38 52 5 4
2 48 5 3
11 45 3 3
76 33 5 4
87 5 4 4
56 14 5 3
66 93 2 5
66 13 5 3
50 70 3 2
76 84 3 2
66 50 3 5
14 13 4 4
3 29 2 3
68 75 2 4
54 38 4 5
51 78 4 4
8 3 5 4
79 24 5 5
61 71 2 3
10 23 4 5
67 20 5 3
52 2 2 2
81 78 5 4
81 16 4 4
40 46 2 3
4 60 4 5
32 10 3 5
33 58 3 4
19 45 4 2
55 83 5 5
79 55 5 5
81 43 3 3
45 95 4 2
32 17 3 2
15 67 5 5
74 90 5 3
23 11 4 4
6 74 3 3
94 15 3 2
71 39 5 3
26 53 4 2
26 78 4 2
59 6 2 2
2 88 4 4
79 69 5 3
92 4 2 4
89 78 5 5
29 4 2 3
36 26 4 3
75 27 3 5
87 59 2 5
81 93 3 4
88 93 5 2
26 63 2 2
57 56 5 3
40 10 3 4
3 80 4 2
58 60 2 3
66 43 4 2
94 66 4 4
75 46 5 2
53 63 3 3
36 31 4 2
58 52 3 3
59 45 2 2
57 21 3 3
21 70 5 2
43 46 2 5
87 89 3 3
56 73 3 3
49 10 2 2
32 48 5 5
18 26 4 2
64 18 2 4
41 21 2 3
57 89 2 5
40 61 5 5
47 39 2 2
92 33 2 4
64 25 2 5
15 58 3 4
76 6 4 4
50 74 5 3
41 15 2 5
23 40 4 4
24 49 3 2
64 81 5 4
65 2 5 2
71 52 2 3
9 17 4 4
65 8 3 2
55 44 3 4
85 43 3 2
56 2 5 3
60 38 5 3
29 65 3 2
91 71 2 2
51 93 4 4
49 83 3 2
14 86 3 5
9 63 2 4
75 71 3 3
9 87 3 3
37 79 4 5
6 41 3 3
21 75 4 2
18 73 2 5
86 16 4 3
46 66 4 2
26 32 4 3
3 93 4 5
9 55 2 3
46 61 3 4
26 57 4 3
82 64 3 2
45 71 2 3
95 79 3 5
22 18 4 2
90 85 5 3
15 63 2 2
42 5 4 3
58 27 2 2
10 51 3 2
29 93 4 4
49 23 3 4
31 74 4 3
28 25 3 5
18 31 4 4
48 45 3 4
69 94 5 4
9 96 4 2
3 12 3 3
14 19 3 3
85 68 3 4
28 86 3 3
41 33 4 2
43 82 4 2
74 53 4 3
62 76 2 4
75 18 4 4
23 92 5 5
30 81 3 3
62 34 2 3
72 8 3 3
9 68 4 4
36 3 4 3
95 8 2 4
45 2 5 2
86 36 3 3
37 40 3 5
84 6 2 3
88 21 3 2
36 8 2 2
67 70 3 3
52 5 3 5
29 43 2 2
93 42 3 5
23 25 3 3
8 81 5 2
50 15 2 3
67 30 4 2
47 6 2 2
61 87 3 5
33 54 4 3
82 12 5 2
91 50 3 5
46 90 2 3
4 23 5 2
76 77 2 5
