66 72 5 4
49 39 2 3
93 59 5 4
24 68 4 3
60 23 5 5
34 8 2 5
73 93 5 2
65 37 3 4
9 22 4 3
62 67 4 4
27 35 4 4
24 91 4 3
17 86 5 4
23 37 3 2
60 45 2 5
12 59 3 5
95 32 2 5
32 3 4 4
85 39 2 3
76 47 3 3
92 33 2 4
93 39 5 3
71 39 2 5
42 53 3 4
61 77 5 3
77 3 4 3
42 73 2 4
21 15 2 4
48 17 3 2
56 65 3 3
5 19 3 3
70 18 3 3
43 84 4 5
66 3 3 3
22 75 3 5
44 96 5 2
80 91 5 4
31 30 5 3
28 17 5 2
38 44 5 4
14 5 4 3
2 58 5 3
29 89 4 4
7 71 3 4
16 12 3 2
92 15 5 2
55 38 4 5
44 30 3 3
88 75 3 3
59 13 5 3
26 58 2 2
74 27 3 5
7 28 5 4
4 86 5 3
77 53 4 5
60 81 5 5
40 85 2 2
34 15 2 4
88 19 3 2
44 3 2 4
48 55 2 2
81 75 4 5
18 43 4 3
61 92 4 2
82 18 5 2
80 46 2 4
40 9 2 4
84 52 2 5
22 50 5 3
72 53 4 2
20 2 4 2
11 80 5 5
32 61 3 5
78 65 2 4
58 32 3 5
80 39 2 2
88 9 2 5
4 66 2 4
93 3 3 2
89 79 5 4
45 68 2 2
33 46 3 4
22 26 3 5
88 61 2 4
64 43 5 4
89 30 2 3
51 80 4 2
46 77 4 5
79 18 2 5
32 26 5 2
44 45 3 4
31 82 5 5
60 8 4 2
90 68 2 5
74 83 5 5
38 57 3 5
55 90 2 4
61 53 3 2
36 92 2 2
42 65 2 3
86 66 3 5
41 34 2 3
87 55 2 3
51 71 2 3
3 72 2 4
58 59 2 3
89 85 3 2
93 72 4 5
66 23 4 3
50 67 5 2
53 57 2 5
80 25 5 5
15 17 2 4
10 90 5 4
11 49 2 2
3 2 5 5
81 82 5 2
73 75 3 4
19 6 3 4
6 41 2 4
30 58 3 2
42 17 4 4
70 12 2 2
53 46 5 4
64 48 5 4
39 94 2 4
54 16 3 2
3 10 4 4
27 77 5 2
35 71 5 2
19 52 2 4
10 52 2 2
53 2 5 3
14 76 4 2
92 11 4 2
84 33 3 4
14 22 5 2
23 22 3 2
56 69 3 5
27 40 2 4
27 63 2 4
51 95 2 2
74 7 3 2
62 36 2 5
50 8 3 5
65 63 4 2
31 94 2 2
26 83 2 3
2 51 5 3
43 22 4 2
15 54 3 3
68 69 4 2
48 58 2 2
89 47 3 4
37 5 2 2
71 33 3 3
12 66 4 4
5 95 2 2
57 95 3 3
29 51 5 5
28 20 3 2
16 31 2 3
20 95 3 3
95 24 2 4
87 26 2 3
10 43 3 2
11 8 2 5
45 34 2 5
35 51 5 4
11 38 2 3
92 91 4 2
5 91 3 3
49 31 4 2
27 10 5 5
68 8 2 2
14 44 3 4
63 30 4 5
92 94 4 3
31 69 2 4
33 38 4 3
4 35 4 5
80 61 2 2
53 54 5 2
87 2 5 4
55 83 3 3
83 8 2 4
36 21 4 4
25 32 4 2
52 26 3 2
30 43 2 2
83 14 4 2
48 90 5 4
8 8 2 5
71 66 3 2
51 63 4 3
30 74 2 2
93 46 4 5
67 58 4 2
50 84 3 5
8 96 4 2
