94 87 4 3
65 30 4 4
10 66 3 3
33 20 3 4
36 76 5 5
45 23 2 3
16 80 3 4
80 72 4 2
60 33 3 3
63 6 4 5
73 37 2 2
58 66 5 3
43 32 5 5
55 30 4 5
10 62 5 2
49 2 2 2
8 10 5 5
62 87 2 5
23 84 4 5
86 13 5 5
23 74 4 5
74 63 3 5
93 76 4 4
63 53 5 4
52 62 2 2
14 2 2 4
15 51 3 5
25 71 2 2
35 86 3 3
49 55 2 2
18 18 5 2
48 25 4 5
27 43 3 4
94 58 2 5
30 92 4 2
78 63 3 5
60 76 2 4
52 17 5 2
28 4 4 5
60 17 2 2
63 42 4 5
68 16 2 2
33 11 5 2
81 23 2 3
27 25 2 4
22 92 5 5
10 17 2 2
3 33 4 3
76 10 3 3
26 31 4 4
42 66 2 4
89 3 2 3
94 41 2 3
70 42 3 3
89 57 3 3
14 8 4 5
45 3 2 3
46 67 5 4
25 54 2 5
11 5 2 4
54 7 4 5
16 68 4 3
72 80 2 5
48 42 4 2
15 38 3 3
44 95 3 3
74 3 5 2
75 80 4 3
77 37 5 5
76 27 2 2
92 33 4 5
74 71 3 5
51 22 3 2
59 4 3 2
31 41 4 4
96 16 2 4
5 88 5 2
24 12 3 4
12 34 4 3
4 49 3 4
28 36 3 3
24 60 2 5
39 19 2 4
83 56 5 3
56 4 2 2
76 90 4 5
46 18 3 4
92 5 2 3
50 50 5 4
72 56 2 2
66 87 5 5
59 54 2 5
4 39 3 5
94 81 4 4
63 15 3 2
72 14 3 4
80 28 4 3
39 50 3 5
52 31 2 5
31 60 3 3
53 86 3 2
83 76 5 4
42 39 2 5
64 76 2 3
39 10 2 2
86 69 5 2
12 48 2 3
47 82 2 4
61 26 3 2
71 20 2 5
29 10 3 2
84 42 2 2
79 17 2 2
50 92 3 5
92 23 2 5
90 45 2 4
22 27 2 5
50 74 5 3
65 48 3 2
72 49 3 2
64 65 2 3
54 43 3 3
93 71 5 4
2 93 4 5
43 52 4 4
88 84 3 2
23 3 2 4
14 17 3 3
11 76 3 2
27 65 4 2
78 56 4 3
17 91 4 3
46 39 4 2
4 4 4 3
9 52 4 5
48 88 4 3
2 55 3 5
19 43 4 5
36 45 3 2
36 37 3 5
10 94 3 4
92 11 3 4
19 12 4 3
25 22 3 2
20 50 2 4
17 26 3 5
38 7 3 2
67 73 5 2
95 4 2 3
54 90 2 3
57 13 3 3
86 30 5 2
39 27 4 2
65 58 5 4
29 69 3 2
4 81 3 3
60 22 4 3
32 96 4 2
67 12 3 3
87 93 2 5
31 28 5 2
75 85 3 3
43 46 5 2
58 73 2 2
35 64 5 2
11 22 2 4
9 73 2 2
2 68 2 3
81 84 2 3
9 81 5 3
67 77 4 5
41 82 4 5
84 61 5 2
49 47 3 2
19 2 3 5
81 9 3 3
68 64 4 4
2 15 2 2
30 88 3 2
2 20 3 5
39 91 2 5
69 49 2 5
47 63 3 3
17 96 4 2
59 63 2 2
43 76 2 2
40 16 3 2
36 59 4 2
6 20 2 2
25 17 3 4
71 10 4 2
81 89 2 3
86 4 2 2
28 50 2 5
3 11 3 3
29 72 4 3
74 43 3 2
95 52 3 2
21 38 4 4
33 52 2 2
