83 37 4 4
10 36 5 3
25 13 3 3
82 75 2 4
27 55 5 5
50 71 5 4
88 38 4 3
75 9 5 3
45 67 4 4
80 14 4 2
89 72 2 4
28 39 5 5
11 71 4 4
72 92 4 4
35 59 2 2
73 27 4 5
51 67 2 3
59 8 5 5
6 18 2 5
87 88 2 4
48 91 2 3
18 19 2 5
63 67 3 3
47 56 5 3
23 91 5 2
27 68 2 2
57 87 2 3
80 64 3 2
20 48 3 3
40 49 3 3
56 37 3 3
13 56 2 3
70 50 4 4
23 5 4 5
54 5 2 2
3 52 4 5
35 23 3 2
80 47 4 4
2 80 3 3
85 26 3 5
31 93 3 4
45 52 4 2
24 58 2 3
5 94 2 4
38 62 2 4
72 63 2 3
63 90 5 2
49 46 4 5
5 73 3 5
35 39 3 4
78 34 2 3
66 37 3 3
5 9 3 3
38 76 2 2
75 21 3 5
88 61 4 2
61 28 2 4
69 70 3 4
27 82 3 2
47 3 5 4
51 37 2 2
7 81 2 3
18 65 3 2
47 35 3 4
66 19 2 2
91 92 3 3
31 16 3 4
81 88 3 5
23 69 2 4
75 48 4 5
40 42 3 2
89 51 2 3
84 66 2 5
94 71 4 4
82 81 4 3
30 28 4 3
45 87 4 3
10 25 5 5
68 59 2 3
43 17 4 2
42 8 3 3
19 12 5 5
70 67 3 2
43 62 5 3
79 54 2 3
88 79 2 4
36 3 2 2
33 62 4 2
79 24 2 3
93 39 3 3
34 76 3 5
53 84 2 3
77 81 4 4
22 63 5 4
13 5 3 3
49 26 4 2
60 83 4 2
88 45 2 2
63 48 4 2
13 83 2 2
45 81 2 5
42 14 3 2
68 33 4 2
95 44 3 2
36 52 3 3
73 81 2 3
59 78 4 2
23 21 5 5
91 13 4 5
91 96 2 2
10 80 2 2
76 87 3 2
81 94 4 4
34 9 3 3
89 55 4 3
21 43 5 3
88 4 5 2
29 6 2 4
31 65 4 2
8 47 3 4
90 20 3 3
87 10 2 2
17 78 3 2
44 42 4 2
44 45 3 2
69 95 2 2
62 57 4 5
78 59 2 2
39 38 3 3
34 83 5 2
49 40 3 5
13 91 3 5
65 94 2 3
91 83 5 3
76 69 4 5
36 96 2 2
5 59 3 3
56 48 2 4
39 6 2 4
39 94 2 2
54 92 5 4
94 29 2 5
19 30 4 3
65 12 4 3
35 91 2 2
56 33 2 3
71 7 2 5
42 32 2 4
43 2 2 2
73 57 4 3
69 76 2 2
62 2 5 4
84 5 3 2
60 93 3 4
78 17 3 2
19 37 4 2
44 27 2 2
25 29 4 2
56 20 2 5
20 2 2 5
94 57 2 3
12 11 3 5
81 32 4 3
53 77 2 4
42 23 4 2
75 5 2 3
63 20 2 4
56 60 4 4
16 56 5 4
3 37 4 2
10 22 3 2
33 54 2 3
41 59 4 2
71 16 5 3
15 41 4 3
49 9 2 2
17 88 4 3
4 85 3 3
91 25 2 4
54 57 5 2
3 40 2 5
95 92 3 4
94 51 2 5
25 36 2 2
2 71 2 2
78 5 5 2
22 52 3 5
67 56 2 2
54 16 4 3
69 42 2 3
93 87 2 2
58 72 5 5
45 32 3 2
51 61 3 5
48 12 2 3
52 10 5 5
43 94 3 3
14 45 4 4
29 24 5 2
92 66 2 3
