46 12 5 3
68 63 4 4
54 70 2 4
94 66 4 3
55 21 4 4
62 51 2 3
64 76 4 2
93 80 4 3
43 86 5 2
57 89 5 2
76 85 3 3
6 15 4 5
66 32 3 5
9 79 2 5
59 32 2 4
18 81 5 2
71 8 4 5
18 26 5 4
11 16 2 3
31 22 5 5
55 66 4 3
46 24 2 4
16 9 5 4
53 30 4 3
46 57 5 5
79 71 3 5
38 4 5 2
29 69 5 5
41 70 5 4
49 44 3 3
16 2 4 4
7 64 3 3
34 31 3 2
30 84 3 4
41 26 3 3
40 18 4 5
21 61 3 2
26 52 4 4
83 88 2 2
73 61 4 4
32 17 4 2
44 47 4 2
29 29 4 3
90 53 2 5
5 44 5 5
33 78 2 2
40 56 4 5
73 91 2 3
76 12 2 4
79 27 2 4
5 57 3 2
83 69 3 4
4 22 5 2
20 18 3 2
87 27 2 3
14 52 2 3
30 42 2 4
11 26 2 4
48 65 5 2
17 54 3 5
38 10 4 4
53 13 4 5
40 38 5 5
4 82 3 5
81 39 5 5
93 62 4 3
68 79 2 3
65 13 2 3
24 7 5 4
21 53 4 3
92 24 5 4
7 36 5 3
71 21 3 3
95 40 2 5
19 37 5 2
58 47 4 3
16 69 5 3
57 94 4 2
35 91 3 4
20 49 4 2
21 95 5 2
42 51 4 3
60 65 5 3
57 3 5 3
78 17 3 4
91 59 3 2
54 50 2 5
10 76 4 2
51 70 2 4
21 45 3 3
36 63 3 3
85 53 3 2
24 33 5 3
85 12 5 3
94 30 3 2
32 53 4 3
23 21 3 3
55 76 3 3
88 66 5 3
72 53 5 2
87 44 5 2
33 45 3 5
8 85 5 3
84 48 5 3
48 52 5 3
73 39 2 3
82 62 5 4
90 93 4 3
45 19 5 3
42 64 2 4
4 6 3 2
36 36 2 3
89 36 3 4
90 6 5 3
12 63 3 3
39 87 3 5
93 36 2 2
78 56 4 5
92 15 5 5
76 35 2 5
82 25 2 4
85 79 3 5
72 76 4 5
2 50 4 4
15 79 2 3
10 11 4 3
96 89 2 4
63 86 5 2
56 61 5 3
59 78 3 2
14 29 3 5
5 32 2 2
24 30 3 2
4 71 2 3
18 91 2 2
11 67 3 2
79 47 4 2
24 14 4 4
84 5 5 5
42 81 4 2
46 7 4 4
70 28 2 3
50 81 3 5
80 53 4 2
90 88 5 2
84 17 4 5
59 58 5 2
66 42 5 5
43 78 4 2
8 92 2 5
59 26 5 3
84 56 5 4
85 94 2 3
33 9 4 5
51 2 5 4
5 25 5 2
71 32 3 2
69 2 3 2
21 85 4 3
50 77 3 3
72 18 4 2
18 44 2 4
30 2 3 2
4 11 2 3
25 60 4 4
13 96 3 2
2 30 2 5
41 30 4 4
26 38 2 3
58 41 3 3
6 60 2 2
29 94 4 2
22 71 2 5
72 48 4 4
62 39 2 3
42 95 2 3
68 94 2 4
49 24 2 3
91 84 2 2
52 92 4 4
57 7 4 3
63 80 2 5
26 2 3 4
75 70 3 5
60 22 5 3
74 95 2 2
36 69 2 2
25 68 2 4
86 32 2 5
92 70 5 4
31 59 2 2
77 23 3 2
55 37 4 3
29 75 2 2
47 90 2 2
77 89 4 2
47 2 3 4
87 72 3 2
45 96 5 2
36 79 2 5
