13 75 3 3
19 20 5 2
88 23 3 4
77 77 2 4
56 9 2 2
7 77 4 2
26 92 3 4
68 18 4 4
82 45 2 5
22 55 5 5
33 59 5 2
69 39 5 2
11 19 5 5
38 47 2 3
92 29 4 2
28 2 4 2
60 74 3 5
14 90 3 2
8 56 2 4
75 55 2 5
2 45 5 3
58 63 2 4
64 5 3 2
80 89 5 4
80 63 5 3
54 44 3 4
66 88 3 5
94 85 4 4
75 13 4 4
92 53 3 5
48 52 3 3
55 80 2 2
70 10 3 3
23 6 2 2
95 39 3 5
33 76 4 2
82 3 5 4
48 56 3 5
49 14 3 2
54 86 3 5
11 81 2 5
86 30 2 2
6 27 5 5
30 36 5 4
93 48 3 3
62 35 2 5
22 75 3 4
57 57 3 4
20 42 2 2
72 32 5 3
42 39 3 4
33 64 4 4
40 29 5 5
86 40 2 3
78 43 3 3
69 46 2 5
15 45 5 4
28 88 5 2
90 36 3 4
88 47 4 5
22 87 3 3
3 63 5 3
10 5 3 4
39 64 5 3
23 42 5 3
11 60 2 2
65 56 4 4
73 63 2 2
28 48 4 5
66 11 3 4
74 69 2 4
76 84 4 2
49 6 4 4
8 69 4 4
42 13 3 4
46 93 2 5
5 39 5 4
48 37 3 3
6 10 3 2
86 66 5 5
93 79 2 2
33 83 2 3
49 21 4 2
59 85 2 4
93 13 2 4
15 39 4 5
35 90 4 5
74 21 2 5
42 3 2 5
40 81 5 3
71 28 3 3
43 88 2 3
34 28 4 3
4 95 4 3
42 56 3 2
81 21 3 4
31 56 3 2
63 48 5 5
16 33 5 4
55 24 4 2
70 66 2 4
78 34 5 2
68 77 2 5
2 16 3 5
35 55 2 3
32 24 3 3
14 54 3 5
70 53 2 3
94 32 4 5
77 23 2 4
14 9 3 5
64 73 2 4
52 34 3 3
57 5 2 3
4 85 2 5
61 29 4 4
28 8 4 3
62 61 4 5
47 82 3 5
56 69 2 4
83 82 4 3
85 13 5 5
24 36 5 3
39 18 2 3
37 81 2 2
90 90 3 2
56 38 4 2
7 85 2 5
82 75 5 4
77 49 4 2
63 81 2 2
19 28 3 4
28 21 3 4
34 45 3 3
8 18 2 3
38 71 2 5
27 64 2 3
16 70 5 2
30 70 4 5
95 92 2 5
2 67 2 5
29 85 3 2
53 12 5 4
52 27 5 4
76 38 4 2
27 31 4 4
17 66 2 3
88 83 2 4
19 82 4 4
46 71 3 5
68 23 3 2
14 84 3 5
40 22 4 2
74 93 4 5
72 5 4 3
92 60 2 3
34 8 3 5
55 63 2 4
81 28 2 4
80 67 3 4
90 42 4 3
67 30 2 3
80 14 4 2
73 45 3 5
2 22 5 3
26 13 2 3
51 71 4 5
3 53 4 5
56 32 4 3
17 23 3 3
22 92 3 2
2 33 2 2
85 21 2 5
60 94 3 3
86 90 3 3
77 4 3 5
84 35 4 4
52 40 2 3
50 88 2 2
15 29 3 2
91 5 3 2
27 75 2 2
86 58 3 2
93 20 4 2
54 56 2 3
46 46 4 5
58 18 3 5
26 81 5 2
22 68 2 3
43 70 2 5
20 11 2 3
25 68 3 2
96 2 2 5
88 4 2 3
65 38 3 5
51 64 3 4
9 93 2 2
2 2 5 5
31 17 2 3
37 14 4 2
