38 58 3 4
41 75 3 5
73 59 3 4
26 24 3 2
54 14 5 5
67 61 5 5
45 86 5 4
45 28 5 2
4 92 5 2
52 91 4 2
87 77 2 4
2 72 4 4
87 30 4 3
92 21 3 3
8 9 4 2
38 38 3 3
31 65 5 2
56 24 3 4
86 9 4 4
40 2 3 3
24 69 3 4
78 92 2 5
31 28 4 4
93 79 4 3
12 53 5 2
62 69 2 4
70 6 3 3
3 41 2 5
39 83 4 2
36 21 5 4
24 38 5 4
3 9 3 5
33 71 3 5
12 73 4 3
57 57 5 2
79 54 4 5
34 91 5 5
79 40 5 3
49 2 5 3
73 16 5 2
90 67 3 3
28 7 4 5
12 68 4 4
70 93 3 3
9 68 2 3
45 53 3 2
25 55 3 2
23 85 5 2
78 47 5 3
25 74 3 4
12 30 4 5
66 24 5 3
96 22 2 5
84 19 4 4
44 3 4 3
52 25 3 3
48 19 3 4
84 24 5 4
75 87 3 2
60 22 3 5
42 33 5 5
61 83 2 3
24 19 2 4
65 86 3 4
73 71 3 5
94 54 3 5
88 74 2 2
10 64 4 2
52 31 5 3
50 10 2 5
37 32 3 2
87 85 5 4
59 91 4 2
11 77 5 3
88 36 4 4
61 5 2 4
60 45 2 2
53 47 2 3
45 10 3 3
68 31 3 3
66 69 3 3
15 43 3 3
19 64 4 5
21 28 2 5
32 19 3 5
55 86 5 3
6 40 3 3
2 3 2 3
46 57 2 2
80 61 2 2
37 14 5 5
53 6 3 3
68 10 4 3
75 36 3 2
73 54 4 4
75 47 2 5
15 56 3 4
25 64 2 2
61 34 4 2
22 49 5 2
6 54 3 4
19 83 2 3
15 93 3 4
75 23 5 2
64 43 5 3
53 54 2 2
37 55 2 2
49 41 2 5
30 55 2 4
64 93 2 4
68 81 5 4
15 87 2 5
48 69 2 2
62 78 3 2
93 37 2 4
16 3 5 2
9 24 2 2
6 86 3 5
79 7 4 2
53 78 4 4
17 29 2 4
53 11 3 2
49 31 2 2
44 93 5 5
65 28 5 2
58 80 2 5
92 17 2 3
77 81 2 2
81 68 3 3
79 2 3 3
27 3 3 3
55 73 5 3
91 11 2 4
96 30 2 4
35 50 4 4
86 63 4 3
34 81 4 2
41 43 5 3
18 37 2 2
43 65 3 4
42 55 2 3
61 18 2 2
13 9 4 4
34 8 5 2
87 91 3 5
31 37 4 3
19 14 2 4
81 28 2 2
25 7 2 4
32 85 4 3
10 81 4 5
34 58 2 2
30 79 2 4
44 17 3 4
28 51 2 2
87 48 2 5
91 5 5 4
9 15 4 4
68 56 4 3
75 39 3 2
70 67 3 3
21 93 4 3
49 48 3 4
52 60 3 2
68 14 2 3
11 20 3 2
11 36 5 5
29 43 3 3
18 87 3 5
26 13 2 4
64 2 3 3
74 68 2 2
50 78 2 4
4 51 5 2
92 30 2 5
93 89 5 4
19 44 4 2
93 84 4 2
83 90 3 5
69 20 3 2
77 31 4 4
7 81 2 3
64 19 4 3
72 48 2 2
5 95 5 2
39 26 2 3
92 60 5 4
90 2 5 2
70 87 2 3
55 70 5 2
47 62 4 4
72 27 2 4
68 35 5 5
45 40 2 2
77 71 2 2
60 10 3 3
8 77 2 3
80 16 5 2
15 6 4 2
10 2 4 2
