18 10 2 5
55 7 2 4
3 78 3 4
25 70 5 3
41 8 3 2
14 73 3 3
84 17 3 3
24 13 3 3
92 92 2 5
62 5 2 2
14 19 2 3
79 67 2 5
38 89 4 3
62 68 3 5
86 27 2 5
41 26 3 3
20 58 3 5
78 29 4 3
14 89 5 5
57 72 3 2
10 28 3 3
74 72 3 3
45 54 3 5
64 30 2 5
25 65 3 4
20 32 4 3
44 71 5 2
17 37 5 4
68 60 5 5
26 43 2 3
39 96 4 2
29 49 4 3
61 89 3 2
6 39 4 4
95 48 3 5
67 54 3 5
44 2 5 4
71 38 5 4
77 22 5 4
60 22 3 2
20 50 2 4
56 40 2 2
94 9 3 4
28 14 5 2
36 20 4 3
70 94 4 4
38 14 5 4
55 80 4 2
90 69 2 5
91 25 4 5
27 79 5 4
74 29 2 4
44 34 5 2
15 23 2 3
93 38 5 2
64 93 5 3
34 3 4 5
82 55 4 4
62 76 5 3
32 26 2 3
18 21 2 4
45 89 3 5
4 68 3 4
11 64 5 3
65 18 5 4
61 53 5 5
75 54 4 5
8 9 4 5
49 43 3 4
39 82 3 5
91 81 5 2
61 29 2 4
20 67 4 2
51 93 5 5
75 78 4 3
59 40 2 4
45 48 4 5
59 48 2 3
35 54 4 4
55 50 2 3
62 62 4 4
46 66 4 3
93 58 3 2
9 49 4 4
44 42 2 5
12 77 4 5
55 56 2 4
56 33 2 5
28 37 3 5
38 75 4 3
16 55 3 2
34 64 2 3
15 31 4 3
64 44 5 5
81 62 5 3
29 31 4 3
6 63 4 3
23 20 3 4
75 67 2 4
83 92 2 2
47 14 5 5
18 17 4 3
82 43 5 4
39 50 4 2
88 65 3 3
2 73 5 3
12 40 2 5
71 79 3 4
49 22 4 3
51 34 3 4
51 66 2 4
89 85 3 2
86 80 3 2
46 75 3 3
54 12 3 5
45 20 3 3
29 24 2 3
34 76 3 3
7 94 4 4
64 12 5 5
37 40 3 2
54 84 2 2
80 92 2 5
6 83 3 3
68 23 5 5
66 6 5 5
26 53 5 2
76 5 4 5
77 16 3 5
63 37 2 5
83 72 3 3
19 43 3 2
66 69 4 5
85 48 5 2
88 5 3 3
84 33 4 2
38 60 5 2
6 5 5 3
20 93 3 3
3 17 3 4
2 48 5 4
82 76 2 5
95 19 3 4
93 4 5 4
20 70 2 4
79 85 3 2
8 68 5 4
83 51 4 2
25 91 2 4
2 53 2 4
92 19 2 3
11 15 2 3
50 26 5 2
35 72 5 2
51 89 2 2
79 43 2 2
62 84 5 3
19 83 5 2
68 33 4 4
13 37 3 2
61 34 2 2
30 4 3 2
85 87 3 3
90 41 4 3
88 96 3 2
88 13 4 5
32 10 2 2
84 7 2 3
36 25 3 2
56 62 2 2
2 30 2 2
52 4 2 5
4 90 2 2
25 8 5 4
82 88 2 2
84 83 3 3
6 29 2 4
45 27 3 5
73 11 3 3
22 89 2 3
3 35 5 3
10 57 2 5
9 87 2 2
88 56 3 5
5 56 4 3
40 64 5 4
49 11 4 2
72 85 2 3
44 14 2 3
90 53 3 2
69 85 2 2
44 81 4 2
58 93 3 2
59 11 3 2
31 43 5 5
36 31 2 5
31 71 3 3
13 57 2 4
47 37 2 2
14 27 4 2
