12 23 4 4
70 65 5 5
9 68 5 2
64 5 5 2
4 68 4 4
46 11 2 4
91 76 2 3
60 51 4 4
19 74 5 4
79 83 4 4
51 15 5 3
26 10 2 2
87 48 5 2
43 91 2 4
42 18 4 4
93 40 4 3
23 10 2 3
93 92 3 5
7 36 3 3
47 48 3 4
67 81 2 3
57 17 5 4
94 77 2 4
14 7 4 3
55 89 4 5
65 18 3 5
32 61 4 5
55 48 4 4
55 95 2 3
84 27 4 4
45 55 3 5
90 25 3 3
40 42 4 4
4 45 4 3
22 15 5 3
63 84 2 3
80 78 4 3
5 94 4 2
23 45 4 5
88 35 5 3
80 70 2 4
86 85 4 5
70 30 4 4
94 30 3 4
10 65 5 2
36 68 2 4
28 72 2 2
2 89 3 4
50 54 4 5
53 39 4 3
72 85 3 2
93 55 3 4
37 4 2 4
10 13 5 2
6 82 3 5
19 30 4 4
28 21 4 4
34 73 3 3
77 94 4 3
81 31 2 2
86 39 2 5
69 41 5 4
63 42 5 4
64 35 5 3
9 50 2 3
45 29 2 2
74 2 4 3
41 4 2 4
46 41 2 2
9 24 2 3
75 76 2 2
23 66 4 2
71 71 2 5
12 85 5 3
58 24 4 3
49 90 2 5
66 8 4 3
33 90 2 2
11 39 3 3
44 73 5 5
63 74 3 2
83 64 2 2
54 6 4 2
46 62 4 2
75 22 3 4
63 65 2 2
71 35 2 5
29 32 2 2
88 17 2 3
23 25 3 4
51 43 4 3
16 58 2 3
65 94 4 4
31 45 5 3
59 77 2 4
12 58 3 2
3 55 2 3
15 75 3 5
63 47 5 3
48 69 2 3
47 5 2 3
41 25 5 3
51 25 4 2
29 84 5 4
17 65 2 3
53 73 2 2
89 6 2 2
81 38 4 4
28 5 5 4
29 55 2 4
46 85 3 4
49 96 3 2
21 20 2 4
7 73 2 5
5 64 4 2
3 10 3 2
31 96 5 2
47 19 4 4
93 70 5 4
38 26 2 5
13 34 2 2
66 28 2 2
69 25 2 3
59 38 3 3
66 57 2 3
56 10 3 4
83 21 5 4
51 76 2 5
51 63 2 5
82 18 5 2
91 44 4 2
25 4 2 5
39 57 5 5
92 60 3 5
29 80 5 2
87 91 5 4
39 77 3 2
76 52 4 4
85 4 3 2
55 32 2 5
60 45 2 4
43 82 2 3
14 89 2 4
93 66 5 3
25 35 5 2
75 7 2 5
17 90 3 2
77 59 2 2
87 10 2 5
36 16 5 5
94 8 3 3
49 29 2 2
54 19 2 5
65 70 2 2
10 74 2 5
16 47 4 3
91 14 3 3
55 59 3 3
58 68 4 5
29 77 2 2
73 90 3 2
2 13 5 3
94 85 2 3
2 50 5 2
85 78 2 5
79 66 3 2
74 80 4 2
6 58 5 5
36 82 2 2
63 12 2 4
64 62 3 2
76 35 4 4
41 64 2 4
67 65 2 4
20 57 4 5
20 52 4 3
43 50 2 3
95 82 2 2
5 18 5 2
23 87 4 2
52 84 2 2
72 51 2 3
43 35 3 4
3 77 2 3
2 24 5 2
54 76 4 3
39 13 4 2
65 89 5 4
64 78 2 2
92 19 5 4
7 5 4 4
28 89 2 5
30 38 4 5
21 42 2 2
87 71 3 4
70 5 2 2
59 63 2 3
69 15 3 4
6 90 5 2
30 16 2 2
