26 79 3 3
55 79 3 4
92 61 4 3
16 58 5 2
89 22 5 2
72 84 3 3
65 16 2 4
57 43 3 4
66 80 3 3
38 4 3 2
89 2 4 4
19 15 2 5
27 28 2 2
28 44 5 5
39 73 2 5
53 63 5 4
85 87 2 2
3 89 3 2
18 21 3 3
65 25 4 3
84 67 2 2
65 87 3 5
69 14 4 5
92 77 2 3
57 28 5 2
30 31 5 5
19 79 5 3
23 2 2 2
79 37 5 3
6 83 2 3
73 62 3 5
91 82 2 3
13 22 3 2
17 69 5 3
32 15 2 2
11 66 5 4
32 62 5 4
13 72 3 2
42 57 4 2
73 41 4 5
92 43 4 5
7 28 2 3
95 12 3 5
75 72 3 3
51 73 4 2
46 38 5 5
6 25 2 2
53 58 3 3
71 33 3 5
5 3 4 5
77 94 2 2
31 76 5 5
39 40 3 3
65 56 2 4
14 93 5 4
46 9 2 5
4 11 3 3
45 82 4 5
76 55 2 3
86 26 5 4
38 18 4 3
76 14 5 5
43 92 5 4
92 74 4 2
16 45 2 3
10 72 2 2
46 62 3 3
47 29 2 4
25 66 3 4
12 16 3 4
38 22 4 4
63 41 2 4
43 66 5 4
96 35 2 2
2 59 3 4
12 33 5 5
9 78 3 5
52 30 3 2
82 29 2 2
16 50 3 2
29 7 3 4
3 54 5 3
23 62 3 3
12 60 3 4
67 40 2 4
38 67 2 4
57 87 5 5
92 87 4 2
44 44 3 2
84 90 5 3
9 42 4 3
54 24 5 3
82 20 4 2
11 55 2 3
77 2 5 5
44 28 2 3
15 83 4 3
21 53 2 3
74 47 5 4
2 16 5 2
18 87 4 4
16 15 2 5
58 72 3 2
19 76 2 2
85 57 4 3
18 37 5 5
9 85 3 2
53 52 4 4
68 45 2 5
4 79 2 3
12 2 3 3
71 94 3 2
85 40 4 5
79 87 3 2
32 94 3 4
23 21 4 3
16 9 4 5
65 35 2 3
25 73 3 3
25 16 3 4
68 52 4 5
43 76 4 2
93 58 2 2
57 36 2 2
37 12 2 2
4 49 4 2
12 6 2 2
79 41 2 5
86 10 4 5
86 35 5 2
57 4 2 2
96 55 2 2
3 71 5 2
11 90 2 4
5 65 4 5
95 4 3 4
62 67 2 4
58 40 4 2
16 79 2 3
37 84 5 5
23 7 5 5
81 65 2 3
77 29 4 5
32 84 4 5
43 22 3 3
88 69 4 3
55 8 5 4
8 32 3 2
24 51 4 3
73 78 4 5
47 34 2 3
67 2 5 4
70 21 3 3
29 37 4 5
64 30 2 2
8 17 3 5
38 79 2 4
57 57 3 5
79 79 3 3
25 59 3 2
34 38 4 2
6 58 3 3
84 79 2 4
51 14 4 2
43 34 2 2
48 20 3 2
54 87 2 3
49 4 2 2
61 34 2 4
56 49 5 2
22 32 5 3
29 23 3 2
87 51 4 2
56 16 4 2
29 53 3 4
2 32 2 2
73 5 3 2
32 59 5 2
20 27 5 3
59 77 3 4
85 61 2 2
79 90 3 2
84 4 4 5
39 28 3 2
64 93 3 5
24 45 3 3
82 46 2 3
79 25 5 2
71 59 2 2
30 69 2 4
8 12 2 4
37 34 3 3
90 93 4 4
52 19 4 4
66 74 3 4
39 52 2 5
55 93 2 4
74 8 5 5
47 51 4 3
2 43 2 2
