26 80 2 3
19 57 3 3
11 23 5 3
47 32 5 4
80 84 3 3
35 50 4 3
31 77 4 4
34 91 3 5
14 43 4 3
76 7 5 4
84 81 5 3
80 61 4 5
85 29 2 3
6 8 3 4
9 27 5 5
34 28 2 4
66 19 5 4
59 25 4 2
23 2 5 4
62 78 3 4
10 86 4 3
87 65 4 5
84 45 3 3
75 92 3 2
18 13 3 2
15 62 2 3
72 16 3 4
95 2 2 5
89 14 5 4
79 49 4 3
94 61 4 5
54 8 4 2
22 9 3 2
71 41 3 4
8 58 5 4
66 6 4 2
68 12 2 3
21 36 3 5
45 12 2 5
54 37 2 4
43 40 4 4
43 25 2 2
32 40 2 4
52 3 4 3
39 22 5 2
36 64 5 2
5 67 2 3
94 82 3 5
23 67 4 4
90 85 2 3
85 51 2 2
82 33 5 3
16 3 2 2
84 7 2 3
93 19 5 5
71 3 5 2
37 37 4 5
40 93 3 5
57 42 3 5
35 21 3 5
41 80 2 2
12 11 3 2
48 83 5 2
76 79 3 3
21 23 4 5
51 26 5 5
48 87 5 2
67 24 4 2
33 4 3 4
57 66 2 4
53 66 2 5
2 27 2 4
60 37 3 3
71 48 3 5
15 93 2 3
33 14 4 4
2 93 4 3
37 45 3 4
65 94 2 3
92 38 4 3
25 40 3 3
86 14 2 2
17 84 4 2
43 47 5 4
69 62 5 2
5 37 5 3
51 60 2 2
41 71 2 3
50 75 4 5
59 7 4 2
89 42 4 3
5 58 2 3
95 88 3 2
48 19 5 4
60 65 4 2
44 62 3 5
16 50 5 5
65 71 3 3
37 55 5 5
89 73 3 5
61 44 3 3
80 80 2 3
81 94 3 3
30 33 5 3
66 85 2 2
37 30 4 4
61 89 3 4
75 72 4 3
82 38 2 3
51 7 2 2
6 44 5 4
82 15 2 5
55 79 4 2
66 77 2 2
68 9 4 2
7 82 4 3
9 69 5 2
79 55 3 4
72 36 3 4
18 64 3 4
46 93 2 5
30 54 3 4
76 67 5 3
32 82 4 3
27 89 4 3
34 9 5 4
55 74 5 2
65 14 2 3
49 52 4 5
30 14 2 2
77 27 4 4
43 2 5 3
54 12 4 3
3 85 3 5
68 93 2 4
5 19 4 5
64 28 3 3
22 74 4 3
26 28 3 4
31 62 4 3
41 87 3 5
2 63 5 3
26 9 4 3
25 49 4 3
86 2 3 2
67 65 4 4
72 56 3 5
49 90 2 4
10 90 3 2
23 18 5 3
43 54 3 4
48 65 3 3
69 89 5 2
64 34 2 5
17 78 2 2
79 32 2 3
57 29 4 2
49 72 2 2
32 46 2 3
13 18 3 3
41 67 2 2
54 90 5 5
79 88 3 3
87 54 5 2
88 35 3 5
59 84 4 3
5 50 2 5
91 28 3 4
71 30 3 5
48 14 5 4
68 54 2 3
46 73 2 4
89 58 3 5
17 9 4 3
14 35 2 2
62 3 5 2
62 51 2 3
10 50 3 3
67 80 3 3
54 50 5 3
69 76 3 3
56 58 4 5
94 48 3 5
58 3 3 2
2 74 4 3
92 93 3 4
94 70 4 3
10 95 3 2
29 85 2 2
16 71 2 2
21 42 3 5
66 48 3 5
82 26 2 4
28 72 2 5
58 17 3 3
10 14 2 3
76 84 2 4
83 73 2 2
85 25 3 2
2 5 3 4
