66 86 2 3
14 30 4 5
95 71 2 3
12 85 4 3
49 48 5 2
56 50 2 5
37 46 4 3
77 17 4 2
88 46 2 5
31 16 3 4
3 81 4 3
29 46 5 4
47 31 2 4
82 57 2 3
4 62 5 4
79 88 4 4
34 37 4 4
54 27 4 5
8 21 3 2
67 64 2 2
6 67 5 2
56 76 5 4
14 23 4 4
50 51 4 3
73 39 3 5
3 16 5 4
18 74 2 4
41 90 5 2
16 92 2 2
91 94 4 2
47 88 3 5
65 80 5 2
73 28 5 2
95 22 3 5
19 19 5 5
21 81 2 2
17 11 4 5
43 26 2 3
71 86 5 5
5 85 3 5
23 53 2 5
21 34 5 5
83 74 4 3
60 14 4 3
46 81 4 3
11 81 3 2
58 35 2 4
28 79 3 2
6 24 2 5
93 79 3 4
80 44 2 5
24 8 3 3
30 4 3 5
93 30 5 4
55 59 4 2
56 67 3 5
89 35 4 4
65 28 5 3
74 2 3 3
61 43 2 5
68 20 3 3
42 69 2 2
85 40 5 4
19 7 2 3
10 72 4 2
42 21 2 4
63 18 3 3
72 74 5 4
80 93 2 5
14 60 5 3
78 82 3 3
54 5 3 3
93 46 4 4
39 53 4 5
53 17 3 2
5 53 2 4
15 53 2 3
81 51 5 3
31 73 4 5
52 45 4 2
61 91 2 4
34 27 2 4
5 95 4 3
84 14 4 5
12 4 5 2
71 54 2 2
3 37 2 4
92 21 2 4
12 46 5 3
47 10 5 2
80 23 4 3
63 59 3 2
36 9 2 5
87 60 4 2
63 68 5 4
27 65 2 3
78 62 4 5
45 20 4 4
72 16 3 3
58 10 2 3
58 62 2 3
83 82 4 5
15 82 2 2
26 54 2 5
50 71 2 4
34 94 2 2
45 57 3 5
22 28 2 4
42 79 3 2
31 42 2 3
41 16 4 3
45 94 5 4
74 70 5 3
38 3 3 2
5 30 5 4
42 6 4 4
70 45 2 4
19 46 5 2
68 38 4 5
33 63 2 3
39 25 2 2
70 66 5 3
79 33 2 2
25 83 3 5
39 69 2 4
9 8 5 4
19 3 2 2
36 61 2 3
25 28 4 5
3 10 2 5
38 82 4 3
10 16 3 3
85 67 5 4
36 65 5 2
41 11 3 3
79 12 3 2
47 40 3 4
62 23 3 2
25 12 5 5
24 93 5 5
3 44 4 4
89 76 3 5
30 54 5 3
77 40 5 3
21 63 4 3
88 95 2 2
71 24 5 3
73 46 2 4
59 4 4 4
64 75 2 4
39 96 2 2
47 15 3 4
10 36 5 2
59 83 3 3
67 5 5 4
42 73 2 4
68 59 3 4
57 91 3 3
26 62 2 2
88 7 3 2
18 70 4 2
43 64 2 3
39 62 3 2
61 10 5 3
77 8 2 3
45 69 4 3
71 93 5 4
31 86 4 5
10 40 2 2
29 37 2 3
8 2 2 2
69 33 4 3
88 86 2 3
54 85 3 2
4 70 4 2
6 6 2 4
37 28 5 4
44 52 5 4
32 79 5 2
46 64 5 4
60 53 3 2
11 75 4 2
49 57 2 4
68 50 2 4
92 57 4 5
53 38 2 5
61 37 5 2
85 2 3 3
10 50 3 2
11 60 2 2
82 34 2 5
45 46 3 2
2 5 2 2
85 8 2 5
11 96 5 2
14 66 3 2
39 39 4 3
18 84 2 4
60 32 2 2
96 15 2 2
