23 67 4 4
37 78 3 2
19 30 3 5
83 68 4 3
32 36 4 2
70 47 2 4
34 15 4 3
83 91 4 2
93 38 3 4
16 78 3 5
9 71 5 5
40 31 4 4
68 69 3 3
17 93 4 3
65 26 4 4
64 19 5 5
37 2 5 5
34 52 2 4
22 82 3 3
75 82 5 5
51 69 3 4
35 92 4 4
95 55 3 4
8 2 3 3
84 74 4 4
56 63 2 3
56 12 2 5
81 60 2 4
70 41 5 5
43 12 3 2
87 82 3 5
46 33 2 4
57 89 2 2
2 90 5 2
50 81 2 2
32 31 5 3
44 56 3 2
26 33 5 5
91 21 3 2
3 10 5 3
29 11 4 2
67 14 2 2
7 82 3 5
16 90 3 2
39 74 3 3
70 6 2 2
63 86 5 5
77 5 4 2
58 81 3 2
54 45 2 3
52 49 4 3
79 49 3 5
35 67 2 2
19 63 4 3
8 54 4 5
4 24 5 3
23 87 2 2
61 68 3 5
53 41 4 2
23 55 3 5
64 38 4 5
7 21 2 2
12 23 4 3
39 51 4 4
7 49 4 2
49 60 3 3
26 16 4 4
88 43 5 3
37 24 5 2
3 37 4 4
92 10 3 5
34 83 3 2
84 32 2 2
29 77 5 5
39 9 3 2
46 88 3 2
80 79 2 2
13 15 5 3
22 77 4 2
80 15 4 4
45 72 4 5
87 29 3 4
83 79 2 2
93 73 2 5
18 85 2 4
42 62 5 3
47 4 3 4
62 75 4 4
2 67 3 3
30 72 4 3
91 79 3 5
15 59 5 3
41 16 3 4
57 93 2 4
71 22 2 2
16 74 2 2
15 68 4 2
89 64 2 5
49 11 5 2
75 26 5 3
73 54 2 4
65 81 3 2
5 61 5 3
46 49 2 2
7 46 2 2
50 90 5 2
35 19 3 2
88 55 3 5
23 44 4 4
32 3 4 2
64 56 4 3
11 34 4 5
72 29 2 3
25 8 5 2
64 47 5 3
81 35 2 3
24 22 5 3
39 41 4 2
54 32 4 2
40 46 2 3
44 67 3 3
50 25 5 2
72 59 2 2
78 9 5 4
58 27 3 4
22 4 2 5
26 94 3 2
23 91 2 3
13 44 5 5
53 19 2 5
62 6 5 4
24 73 3 2
18 9 3 3
21 49 3 3
58 18 2 5
74 72 2 5
93 68 2 4
48 65 3 2
68 65 2 3
72 34 4 4
8 89 3 3
91 93 2 4
54 53 2 3
31 89 2 2
73 90 4 5
17 53 2 2
2 78 2 2
32 27 5 3
90 88 2 4
3 14 5 3
44 6 2 3
37 60 2 5
26 49 2 3
38 86 3 2
81 21 2 3
44 39 3 4
60 14 3 3
87 6 4 3
33 45 2 3
28 41 2 5
30 52 3 5
45 26 4 5
85 10 3 3
57 2 5 3
71 2 2 3
77 35 3 5
42 80 2 2
46 82 2 4
61 33 2 5
85 19 3 3
48 20 4 2
52 38 2 2
58 41 5 5
91 24 4 5
93 62 2 2
21 13 4 3
55 58 3 2
84 41 2 5
55 78 3 2
11 80 2 2
42 83 3 4
47 45 5 2
78 56 3 2
71 63 3 4
92 32 4 5
3 44 2 3
70 9 4 2
53 7 3 3
80 43 2 3
40 90 3 3
61 23 2 3
78 66 3 4
77 21 3 4
13 95 2 3
61 60 5 4
71 81 3 5
10 40 2 2
78 93 2 5
94 96 4 2
16 36 2 5
