39 72 4 3
86 83 5 2
60 16 4 5
66 26 5 4
32 21 5 3
63 36 2 2
8 52 5 4
36 65 5 5
81 77 5 4
77 69 3 3
19 19 4 3
41 93 2 3
29 57 3 2
10 62 3 3
27 21 2 3
83 23 5 2
22 42 3 3
62 77 2 5
71 35 2 2
92 16 2 3
92 94 5 2
8 8 5 4
32 87 4 4
29 4 5 5
82 92 4 5
21 93 2 2
64 73 4 2
67 21 5 3
4 41 3 2
46 14 3 3
6 22 3 5
27 36 3 4
30 77 5 4
51 57 2 4
19 65 2 4
6 88 4 4
2 85 2 5
74 35 3 2
93 76 4 3
78 42 5 5
40 80 3 4
65 48 4 4
11 94 2 2
30 65 2 5
42 39 2 5
29 41 4 2
21 70 5 2
58 70 4 3
65 83 5 2
49 11 5 2
50 16 3 2
93 33 2 2
74 25 5 5
95 4 2 5
68 43 3 3
13 87 5 5
11 27 2 5
60 11 3 3
23 12 5 3
55 93 4 2
95 22 2 4
14 51 4 3
63 59 2 2
51 80 2 5
74 14 4 5
13 23 2 2
45 83 4 2
71 73 5 5
82 70 4 5
2 55 5 4
88 44 4 5
15 79 2 3
9 76 2 5
55 10 4 3
4 35 4 4
37 40 3 2
16 93 4 4
22 87 2 4
57 28 4 3
66 89 3 5
89 86 3 5
17 61 4 3
35 13 5 5
12 78 2 5
86 12 2 5
9 67 4 2
84 34 2 4
48 49 3 2
73 2 5 5
81 83 4 2
12 72 2 4
40 55 3 5
93 43 2 5
16 33 4 3
89 21 4 5
7 14 3 3
15 56 2 4
75 57 5 2
10 58 3 3
75 88 4 3
46 33 2 3
57 42 3 2
12 42 5 3
33 47 3 3
49 38 4 4
54 64 2 2
54 71 2 4
54 54 4 4
50 88 2 3
13 5 4 2
4 81 4 2
20 83 5 2
47 4 4 3
10 36 4 3
4 60 4 5
27 71 2 3
3 71 4 3
14 11 2 3
45 26 4 4
94 12 2 2
49 8 5 2
49 66 3 2
79 6 2 4
28 49 3 3
87 77 2 5
61 39 4 3
84 42 2 2
76 32 2 2
59 45 3 2
43 3 2 2
74 95 5 2
21 36 5 2
32 30 4 4
74 8 3 4
80 13 2 3
46 19 5 3
87 36 4 4
44 66 2 4
85 64 2 3
54 50 3 3
62 29 3 3
81 86 2 2
64 4 2 3
31 84 4 2
45 8 2 3
29 17 4 3
60 91 3 5
58 61 2 5
40 87 3 3
6 46 4 5
54 33 4 4
3 8 3 2
67 76 2 2
55 19 4 5
33 44 2 2
13 46 4 4
42 29 2 3
83 3 3 2
58 83 4 5
50 32 3 3
67 58 2 3
32 72 2 4
43 14 2 5
95 64 3 3
36 76 3 4
16 37 4 4
64 12 4 3
84 30 5 3
68 31 4 2
54 25 2 2
10 20 5 2
35 57 3 2
72 66 4 5
27 82 2 3
69 11 4 2
37 51 3 3
49 92 5 2
2 24 2 4
61 53 5 2
38 25 5 2
86 51 3 2
17 75 2 3
19 51 4 2
75 62 3 3
91 66 2 2
91 58 2 2
5 3 4 4
5 85 2 2
92 53 3 2
4 95 2 3
41 35 3 2
31 60 4 4
21 29 2 2
76 81 2 5
3 75 4 5
47 45 4 3
38 4 2 5
73 48 5 3
46 58 2 5
57 67 4 2
