56 77 4 2
52 18 5 3
36 64 5 4
64 62 4 2
89 74 5 3
17 36 4 3
65 35 4 3
58 18 2 2
42 37 5 3
62 81 4 3
56 51 4 3
7 59 4 2
78 19 4 5
42 68 5 2
55 37 2 4
52 6 3 3
78 75 5 5
35 12 2 4
32 32 5 5
66 23 2 2
61 88 5 3
89 8 3 4
15 6 5 5
89 32 2 3
64 17 4 5
28 56 5 4
80 85 3 2
74 54 4 2
62 78 5 2
84 89 4 4
66 52 4 5
84 12 3 5
29 74 4 2
31 85 2 4
71 68 3 4
23 75 5 2
6 35 4 2
81 34 2 5
20 40 5 2
8 77 3 3
52 49 2 2
16 48 2 3
35 74 3 5
33 50 2 3
32 80 3 4
28 19 4 4
26 63 4 3
15 13 2 2
13 55 5 2
39 42 4 2
93 56 3 4
36 47 4 4
66 28 4 3
58 29 5 3
89 54 2 2
9 26 3 5
69 13 4 2
29 6 2 3
75 68 3 5
30 25 4 2
95 93 2 4
89 24 3 4
32 2 4 3
39 28 4 5
66 46 2 3
74 15 2 4
82 68 2 2
67 71 3 4
3 43 3 3
81 7 3 3
38 6 5 4
71 61 3 3
75 25 3 5
4 18 5 3
78 91 3 3
53 86 4 5
92 46 5 4
84 83 4 2
15 65 4 2
14 59 5 3
74 82 5 3
80 25 4 3
26 29 3 5
85 44 4 2
40 81 3 2
5 64 5 5
58 68 3 4
77 12 2 4
48 47 2 5
15 92 2 4
41 22 2 2
17 20 4 2
81 52 2 4
6 51 5 4
36 26 2 4
70 37 4 4
52 64 5 2
91 63 3 2
52 27 2 4
45 41 2 4
27 41 2 4
26 3 2 3
11 21 4 4
57 22 3 2
11 81 3 2
9 7 4 4
22 17 5 4
11 69 5 3
86 29 2 2
46 78 5 5
18 69 3 4
24 85 4 4
93 87 4 3
13 74 3 5
40 96 2 2
22 91 4 4
65 4 5 5
58 57 2 2
61 6 3 2
50 33 4 4
54 96 4 2
83 95 5 3
47 71 2 3
44 30 3 3
50 55 2 5
84 63 2 3
30 14 2 3
23 59 2 4
72 7 4 4
70 94 4 4
91 3 4 2
74 50 4 3
31 63 4 5
45 12 4 2
75 2 3 4
23 49 5 4
30 10 4 3
93 66 4 5
2 32 2 2
19 24 3 2
48 41 2 4
18 92 3 3
53 60 4 2
12 88 4 3
85 57 5 4
7 56 4 2
78 61 2 5
85 71 3 3
46 57 2 3
88 79 3 2
21 10 3 5
54 80 3 5
77 45 5 4
81 4 2 2
10 44 5 3
4 80 2 2
90 37 5 5
58 82 3 2
3 36 2 2
74 86 4 3
93 78 2 5
4 93 3 2
73 76 2 4
74 31 2 3
65 14 3 2
32 95 4 3
18 29 4 3
43 64 4 3
47 16 3 2
46 84 2 4
62 53 3 5
57 12 5 4
83 40 5 2
6 11 2 3
80 29 5 3
93 29 4 5
42 55 3 3
27 24 2 3
11 14 3 3
19 88 2 3
18 2 3 3
87 47 2 2
2 55 3 4
58 61 4 3
24 70 4 4
46 4 4 5
12 37 3 4
56 2 4 5
61 47 2 3
58 39 2 4
7 87 2 3
70 84 3 2
85 50 2 5
20 77 2 2
96 3 2 3
4 84 2 4
49 26 2 2
63 71 3 3
86 21 4 2
34 89 3 4
