34 34 5 4
43 59 3 3
51 13 2 3
19 85 4 4
7 89 4 4
12 85 3 5
53 82 2 2
77 62 2 2
21 57 4 4
70 91 5 5
76 50 5 4
40 15 4 4
36 85 3 4
28 73 2 4
45 76 2 3
68 9 3 2
60 69 2 3
85 84 5 4
20 11 3 2
85 74 2 4
63 80 2 5
57 7 3 3
16 31 5 4
86 31 3 4
66 12 5 5
24 8 2 3
83 90 3 3
12 27 2 2
28 87 2 5
19 71 5 3
84 40 2 4
48 8 3 2
56 35 4 5
17 54 3 2
81 11 2 3
15 66 2 2
6 77 4 2
77 67 3 4
3 54 2 2
9 7 5 4
18 96 2 2
40 26 4 3
93 40 5 4
10 44 2 2
28 35 3 2
18 39 3 4
84 67 5 3
75 79 5 5
91 76 2 5
64 55 5 3
90 57 5 3
33 90 4 5
30 49 2 5
17 25 5 5
83 7 4 2
53 30 3 3
72 21 2 4
70 54 5 2
79 17 5 5
9 63 5 4
77 59 3 2
33 71 2 2
25 20 2 5
38 72 3 5
36 45 2 3
66 66 4 3
22 31 4 3
3 39 3 4
60 51 5 3
94 32 4 5
42 50 4 3
24 79 5 2
73 30 3 2
67 89 2 3
59 95 5 2
65 25 5 2
3 13 4 3
45 80 2 5
8 25 2 3
19 20 5 3
34 21 2 3
72 10 2 3
55 75 2 3
55 26 4 2
52 58 5 5
33 50 4 3
71 73 2 3
94 66 4 2
49 65 2 3
87 36 2 3
87 90 4 4
25 94 5 2
60 56 2 5
15 59 2 5
40 95 2 3
79 88 2 3
83 58 3 5
48 44 4 5
43 89 5 5
85 25 5 5
38 23 2 2
61 11 2 3
55 42 4 4
35 40 5 4
30 40 2 4
66 50 2 2
13 77 2 2
67 31 5 4
28 20 5 4
3 10 4 2
42 63 2 4
9 60 5 2
79 37 2 2
84 79 5 3
89 48 3 4
11 12 5 3
63 69 2 2
2 19 4 3
66 19 5 5
75 72 5 4
23 2 5 5
6 47 2 4
60 86 4 5
43 43 3 4
5 62 2 5
31 10 2 4
60 16 3 5
3 6 4 3
86 19 2 3
61 2 5 3
21 14 2 2
12 39 3 4
74 5 5 2
10 16 4 3
58 81 3 3
36 79 3 2
32 26 2 4
69 45 2 4
31 55 2 2
82 49 4 4
51 35 3 2
47 38 5 3
31 66 3 4
74 85 2 5
23 28 4 2
65 74 5 2
59 22 2 3
92 25 4 2
17 77 3 2
36 15 3 2
91 69 5 5
36 11 4 3
78 30 5 5
63 38 4 4
8 31 4 3
35 55 2 5
14 51 5 2
12 80 5 4
50 76 4 5
8 72 4 4
56 47 2 5
56 12 3 4
6 54 2 5
46 33 2 4
24 15 5 4
52 17 4 4
13 73 5 2
96 82 2 3
84 2 5 4
29 6 2 3
73 43 4 4
93 53 2 3
54 66 2 4
36 28 2 2
76 55 2 2
66 6 2 2
45 16 2 3
75 9 4 5
62 46 2 4
71 39 3 2
68 77 2 5
72 62 3 5
81 71 3 5
18 45 5 3
91 19 2 3
32 61 3 4
88 9 4 3
93 13 5 4
72 15 3 3
27 62 2 3
9 56 5 2
12 22 3 2
33 6 3 3
21 90 3 4
46 64 2 2
45 23 4 4
96 57 2 3
52 87 2 4
15 96 2 2
47 4 5 3
