69 61 5 2
65 21 5 4
78 27 4 3
9 11 3 3
4 16 4 3
23 35 5 4
71 90 4 3
55 40 4 4
31 78 4 5
13 43 2 3
20 32 2 4
83 64 3 3
63 40 4 5
55 8 5 4
86 44 2 3
88 88 2 2
20 83 5 3
7 23 2 3
21 24 5 5
65 62 2 3
71 13 4 2
58 46 3 4
35 68 4 4
52 83 4 4
55 70 5 2
33 58 4 3
67 78 4 3
76 20 3 3
90 71 5 2
80 70 4 3
7 45 5 5
85 51 5 2
94 78 2 3
80 83 2 2
69 41 3 2
79 13 5 4
59 56 3 4
41 64 2 2
7 73 2 2
52 50 3 2
33 29 2 3
70 48 3 3
75 75 2 2
48 41 2 3
91 56 3 3
15 60 5 2
53 54 3 2
20 38 2 4
27 42 5 3
32 10 3 5
21 61 4 2
80 87 4 3
32 38 3 2
43 73 5 4
24 69 2 4
56 93 5 4
32 75 5 2
48 84 3 4
56 89 5 3
14 68 3 4
37 15 5 3
90 6 3 2
4 70 2 2
39 83 4 2
59 26 3 4
70 28 3 5
4 53 2 3
62 77 4 5
14 11 5 4
39 54 5 3
69 54 4 2
8 55 3 5
17 6 5 3
83 25 3 3
22 12 2 2
86 11 3 2
65 27 3 2
90 16 2 2
29 33 3 2
8 61 5 3
45 81 2 4
39 74 3 4
47 27 2 3
88 33 4 2
59 22 4 2
6 36 4 3
43 18 3 4
12 31 2 2
22 87 5 2
94 3 2 4
40 86 5 4
4 31 4 2
19 65 2 3
96 64 2 5
25 75 3 3
94 16 2 3
49 35 4 5
11 83 3 5
59 14 4 4
30 4 5 4
80 39 4 3
9 95 2 3
33 64 4 3
16 90 5 2
29 55 3 4
35 34 4 2
64 86 5 4
41 43 3 3
62 33 5 5
67 2 3 4
15 53 4 3
20 15 3 5
87 81 2 4
83 76 5 3
53 13 3 2
50 29 2 3
43 49 3 3
3 78 3 4
85 19 3 3
74 66 5 2
44 25 2 5
73 34 4 3
47 65 3 5
53 58 3 3
82 4 3 3
4 40 5 3
50 91 5 3
34 45 5 2
19 47 2 2
22 51 5 2
70 70 2 4
82 57 2 4
4 67 3 2
46 59 3 4
17 23 2 3
90 45 2 3
42 6 3 3
12 2 4 4
27 18 3 2
25 79 5 2
66 92 3 3
38 51 3 2
94 88 3 4
70 83 4 5
4 88 5 5
9 3 2 5
62 4 4 5
76 43 5 3
35 90 4 3
27 96 4 2
26 83 4 3
12 19 3 2
17 32 2 4
33 21 4 2
69 9 3 3
43 37 4 3
47 48 4 3
37 96 4 2
27 90 4 2
80 95 3 2
76 50 2 5
56 31 5 4
77 79 5 3
49 73 2 5
52 10 2 2
29 61 3 3
74 10 5 2
67 14 3 3
94 51 3 3
55 22 2 3
91 20 4 5
24 65 3 2
59 64 5 4
40 30 3 3
91 9 3 3
74 71 2 3
38 27 2 2
78 63 3 2
23 41 2 2
86 93 4 2
66 50 2 4
61 69 2 4
93 43 3 4
80 18 2 2
57 2 3 2
50 95 5 2
39 9 2 5
26 6 3 5
65 67 3 5
40 2 3 3
74 24 2 4
86 38 4 5
32 50 4 2
18 75 5 2
72 57 3 3
48 7 2 4
4 2 3 3
64 58 3 2
22 46 2 2
53 27 2 2
