27 37 5 5
42 57 3 4
74 40 4 3
94 50 4 5
7 21 2 5
19 25 3 3
54 86 4 3
43 30 4 5
67 83 2 3
41 10 2 3
33 61 3 2
83 8 2 3
33 80 5 3
11 35 5 5
16 50 4 3
59 41 5 5
18 33 3 5
69 80 5 2
32 26 3 3
76 74 5 5
25 91 5 5
21 59 3 3
93 43 4 4
24 77 3 4
75 3 2 5
29 19 2 4
93 56 2 5
48 81 5 2
40 81 3 3
72 50 3 5
54 64 5 4
83 13 5 5
79 37 2 2
19 45 3 4
40 51 2 5
2 78 4 4
42 16 3 3
29 30 5 2
83 50 2 2
2 15 2 3
12 2 3 4
33 64 4 3
63 59 4 3
77 53 3 3
91 33 4 2
83 28 5 5
29 52 3 4
85 75 4 3
29 61 2 5
32 93 5 4
8 88 4 2
24 84 3 4
70 15 5 4
59 16 5 4
10 16 3 4
71 83 5 5
92 12 4 5
44 26 2 3
10 45 5 5
42 41 2 5
55 58 4 3
47 9 5 2
35 19 5 3
77 84 2 4
7 80 4 4
14 68 4 2
90 64 5 2
61 11 3 2
95 73 2 4
54 18 2 4
9 59 5 5
24 12 2 5
55 48 2 3
80 83 2 3
48 68 2 4
84 65 5 4
8 27 4 3
11 75 2 3
25 47 5 2
29 7 5 2
87 46 3 2
17 79 3 3
6 71 2 5
46 15 4 3
62 52 2 4
16 19 3 3
4 50 4 4
82 72 5 2
19 5 5 3
33 37 4 2
3 55 2 4
84 2 5 2
50 36 4 3
91 93 5 4
49 29 5 3
49 2 5 2
59 27 3 4
85 59 5 4
48 74 2 3
2 19 3 3
72 70 5 3
39 88 5 5
55 92 2 2
67 67 4 2
76 25 3 2
88 5 3 2
94 4 4 2
40 29 2 5
24 24 2 2
91 40 2 2
64 81 2 3
83 79 4 5
74 60 4 4
60 93 3 2
42 73 2 3
30 2 5 4
28 11 5 5
69 7 5 5
65 39 5 2
60 88 4 2
55 14 2 3
6 42 4 2
32 70 3 2
46 64 2 2
53 42 3 4
5 34 2 4
71 2 2 3
10 11 2 3
12 53 2 2
96 37 2 5
23 37 2 2
17 13 2 2
91 84 2 5
89 17 2 4
31 75 3 2
12 71 2 2
15 26 2 2
44 49 5 4
11 85 3 2
16 84 4 4
8 92 2 3
24 19 2 4
25 54 3 2
36 25 2 4
64 76 5 2
34 41 5 4
42 38 4 2
95 21 2 5
3 89 4 4
79 67 4 2
3 12 5 2
72 93 5 3
55 78 3 5
80 87 3 4
70 32 3 2
70 43 3 3
67 26 5 2
93 78 4 3
96 57 2 2
11 94 2 2
90 50 2 5
28 78 2 4
85 92 5 2
46 20 5 2
31 87 3 4
46 57 4 3
2 65 4 2
21 71 2 4
84 55 3 3
16 65 3 2
80 42 4 3
91 28 4 3
86 89 4 2
14 8 2 3
2 73 3 4
47 86 4 2
39 64 5 4
86 96 3 2
22 34 2 2
20 55 4 2
79 59 2 5
67 21 2 2
80 12 2 3
46 92 3 5
6 6 2 2
65 91 4 2
36 2 3 4
54 5 4 4
54 71 2 4
7 67 3 2
68 56 5 5
36 11 3 5
44 6 5 2
36 74 5 2
20 9 5 2
69 62 2 2
88 41 2 2
40 2 3 5
47 39 2 4
58 21 2 2
