77 76 2 4
88 88 2 2
10 78 5 2
44 43 5 2
41 9 3 4
78 30 4 4
80 79 4 2
55 82 3 4
70 79 5 4
57 70 2 4
13 69 4 5
79 53 4 5
84 58 4 2
56 88 3 4
67 79 2 5
62 58 3 4
37 30 5 2
50 82 3 4
35 60 2 5
18 10 4 5
32 6 5 5
85 42 5 5
23 94 4 2
76 69 2 2
29 90 3 3
68 34 2 4
40 55 2 5
11 22 5 2
65 4 5 5
56 20 4 3
37 52 2 4
87 26 3 2
24 41 5 5
45 73 3 5
56 40 2 2
6 8 4 5
29 21 4 2
81 23 2 5
64 72 2 5
15 75 2 2
84 2 2 5
23 6 5 5
87 53 5 4
33 47 2 5
71 67 3 2
39 16 5 3
19 56 2 2
54 78 5 3
81 67 4 5
66 20 4 2
52 13 4 4
92 63 2 2
50 65 2 2
43 52 3 5
33 78 2 2
46 16 2 4
90 72 3 2
85 84 5 2
79 15 2 2
81 87 3 2
4 90 3 3
85 20 5 2
92 36 5 2
21 27 4 4
69 72 3 3
75 7 4 3
46 24 3 3
26 49 5 2
22 64 5 3
59 15 3 3
43 64 5 4
37 40 4 5
89 15 2 4
80 95 4 2
94 80 4 5
95 28 3 2
3 34 5 5
49 56 3 2
91 91 5 4
71 37 4 3
65 44 4 2
8 43 2 5
77 84 3 2
45 31 3 5
87 65 4 4
9 66 2 2
84 34 3 2
13 31 4 5
19 19 2 5
8 71 2 2
71 42 4 2
77 21 2 5
32 67 5 4
80 62 4 4
3 21 2 4
16 37 5 2
58 3 4 2
74 24 2 3
50 92 3 5
65 24 5 2
62 29 2 5
33 91 3 4
56 7 3 5
80 38 3 5
30 72 5 5
13 54 3 5
26 34 3 5
27 72 2 5
7 14 5 4
4 82 2 4
19 45 3 4
33 16 3 2
38 69 3 2
4 73 3 3
20 16 3 2
40 85 3 5
41 4 3 2
75 61 2 4
73 72 3 4
58 43 3 5
4 55 5 4
33 42 2 3
15 91 4 4
21 82 4 3
26 52 4 3
60 51 5 5
18 70 3 2
2 43 3 4
49 72 2 3
53 63 4 2
19 42 4 2
14 43 3 5
65 63 2 2
79 35 4 2
94 52 2 5
23 52 2 3
73 93 4 3
62 92 5 3
61 67 3 3
7 84 5 5
49 79 2 2
47 49 5 4
46 5 4 4
77 12 3 2
88 11 2 2
75 45 3 2
65 96 2 2
12 62 2 2
6 50 2 3
36 46 2 5
44 85 3 2
5 66 3 4
44 92 2 4
40 35 3 3
92 43 3 2
21 59 3 3
26 15 2 3
88 48 5 3
73 31 3 3
15 3 5 2
24 56 4 2
81 50 4 2
88 35 2 4
75 87 2 5
10 2 2 5
90 32 3 2
72 4 2 2
66 51 4 2
84 11 2 2
73 57 4 3
19 74 4 5
34 20 3 2
22 33 3 5
5 94 3 3
30 84 5 2
75 3 4 2
3 60 5 2
65 41 4 2
57 32 4 3
15 81 5 5
63 84 3 5
30 30 4 3
34 23 5 2
52 29 2 4
38 62 2 3
84 17 2 2
50 88 3 2
63 79 3 4
39 92 4 2
87 78 4 2
39 46 2 5
5 78 4 2
89 3 4 5
58 26 2 2
29 2 2 3
29 64 2 3
53 51 2 5
34 36 4 3
52 22 3 5
95 6 2 3
