79 37 5 3
36 34 3 3
62 41 3 2
4 42 2 4
5 61 3 5
63 8 2 3
15 3 2 2
37 41 2 5
78 22 2 2
57 40 2 4
82 63 5 4
6 29 2 5
90 70 4 3
79 68 5 4
71 74 2 2
23 27 5 2
68 66 4 2
29 63 3 3
92 26 5 3
70 80 5 3
89 91 4 5
57 86 5 2
50 44 3 2
70 70 4 3
55 64 2 3
60 12 3 3
52 84 2 3
29 59 2 3
30 71 5 4
36 10 5 5
46 70 3 3
36 25 5 5
10 21 3 5
8 7 3 5
17 91 3 3
20 70 2 4
17 48 4 3
19 87 3 3
8 36 5 4
73 8 5 2
66 23 5 4
35 84 2 2
93 10 2 5
7 17 5 3
86 18 3 2
50 30 3 5
3 5 4 3
29 84 3 4
56 70 4 3
37 3 2 5
17 34 2 2
40 32 4 5
41 51 2 3
71 85 2 2
79 84 5 5
19 84 4 2
17 9 3 3
12 58 4 4
9 75 5 5
24 73 3 5
82 16 3 5
84 53 4 4
48 75 4 2
6 84 5 3
48 62 5 4
61 25 3 5
2 49 4 4
46 87 4 5
38 70 5 4
8 48 4 5
74 28 2 3
16 14 5 5
67 11 2 5
75 69 3 2
37 51 3 4
68 59 3 4
87 85 2 4
37 64 4 3
81 46 4 3
32 13 3 4
42 19 4 3
32 18 5 2
91 6 3 2
79 62 2 3
71 32 3 5
63 49 5 3
20 39 2 4
66 72 3 5
62 64 3 4
13 85 3 2
87 38 3 3
72 93 3 2
91 32 4 5
96 31 2 5
61 93 3 2
31 44 2 5
37 78 5 3
60 75 4 4
47 18 5 2
16 20 5 5
96 37 2 3
76 34 3 2
26 20 3 3
58 50 3 3
73 20 4 2
90 49 5 5
83 9 5 5
91 76 4 4
19 75 3 5
74 11 5 5
76 53 3 3
19 29 2 4
79 92 5 5
43 83 2 5
66 43 2 2
27 14 2 2
2 92 4 4
30 2 2 4
52 88 4 5
37 90 5 4
46 78 2 2
74 66 4 2
61 81 5 2
56 13 2 2
33 24 2 3
34 88 2 3
48 53 3 5
19 55 5 5
68 3 4 5
38 83 4 2
51 8 2 4
62 56 5 4
3 31 2 3
76 79 2 3
21 91 2 5
3 72 5 2
3 35 3 3
77 30 5 2
22 8 3 2
32 53 3 3
26 54 5 2
58 16 4 2
67 38 5 3
92 64 4 5
80 78 5 2
12 42 5 4
23 32 4 3
54 25 3 4
24 42 4 4
22 50 3 4
82 5 2 2
15 69 2 3
46 39 4 4
25 89 5 3
57 82 2 3
30 77 4 4
71 96 5 2
56 2 5 2
44 44 3 5
31 96 5 2
40 2 4 2
90 82 3 5
96 8 2 2
13 81 2 3
58 90 4 2
71 46 3 5
14 38 5 3
85 73 3 4
25 67 2 3
86 59 4 3
36 57 5 4
56 33 5 4
18 63 3 2
45 27 4 3
3 75 5 5
90 46 3 2
18 3 3 2
11 68 3 4
63 21 2 3
79 73 2 4
38 47 3 2
91 42 2 2
52 39 4 4
33 4 2 3
87 2 4 3
42 12 3 5
8 91 5 2
86 29 3 5
46 82 2 3
6 57 5 3
67 28 3 2
91 55 4 2
96 71 2 4
27 36 3 3
57 95 2 2
73 57 2 4
42 64 3 4
95 17 3 2
53 55 4 3
75 2 2 2
