59 53 5 4
4 18 4 4
3 78 2 2
30 61 3 5
37 89 5 2
15 8 3 2
54 81 4 4
81 80 3 4
34 2 3 2
21 91 2 5
70 4 2 3
66 31 2 3
21 55 3 5
64 13 2 4
4 41 3 2
44 38 4 5
30 67 2 5
72 35 3 2
67 51 5 3
52 89 3 5
12 79 2 2
21 41 4 4
79 31 2 3
60 11 3 2
93 41 3 3
31 31 3 5
11 17 3 4
58 15 3 2
47 33 3 3
57 58 2 2
70 30 3 3
85 62 5 2
4 44 3 3
75 19 5 5
36 40 5 2
55 20 2 3
40 68 2 3
37 46 3 4
90 89 4 5
8 56 3 4
95 73 3 4
55 4 5 4
72 90 4 2
76 6 4 4
83 86 4 3
6 88 2 4
5 81 5 5
92 45 4 5
79 27 4 2
13 56 2 3
44 6 4 3
24 73 3 3
77 36 3 4
43 82 3 5
27 81 2 2
73 11 2 3
18 79 3 4
53 9 3 5
84 73 3 2
72 61 5 5
41 50 5 3
60 27 4 2
78 52 4 3
22 34 2 4
32 78 3 4
51 45 3 5
77 57 4 3
20 70 4 2
15 16 2 2
54 61 5 2
87 77 3 4
48 13 2 5
9 34 4 3
44 57 5 4
71 45 5 2
3 8 2 4
12 90 5 5
68 81 2 2
93 53 3 3
78 15 5 2
64 70 3 5
87 14 3 3
45 14 2 3
29 55 4 2
18 61 2 3
75 79 2 3
94 69 2 3
5 94 5 4
75 93 5 5
49 85 2 5
81 67 3 2
60 18 4 4
16 65 4 2
63 8 3 2
85 68 2 4
57 36 3 2
35 72 2 2
50 5 2 4
42 92 5 3
31 12 5 3
64 89 4 3
55 76 5 4
15 12 5 2
41 16 3 2
90 3 2 5
24 19 2 5
23 51 4 3
25 13 2 3
86 3 2 4
29 58 3 2
29 77 2 3
55 49 3 2
6 73 3 2
49 63 4 5
84 21 4 4
37 58 4 5
21 65 3 2
43 34 2 2
85 56 3 5
3 37 4 3
33 91 3 3
86 29 5 3
70 39 4 2
25 94 4 4
43 10 3 2
6 8 3 3
87 34 5 3
42 76 5 3
72 72 4 4
71 24 3 3
5 64 3 5
61 82 3 2
35 26 3 5
89 25 5 3
18 20 5 3
17 52 3 3
9 13 3 3
37 92 2 3
84 41 2 4
84 46 4 5
61 47 3 3
91 15 5 3
24 2 5 2
51 20 3 3
65 44 5 5
37 14 2 3
2 24 4 4
49 75 3 4
19 46 3 3
54 70 2 3
22 25 3 5
22 84 4 2
12 71 4 4
87 10 5 3
77 68 2 3
30 4 2 2
72 95 2 3
12 45 2 2
25 5 4 3
96 12 2 2
9 3 3 4
57 90 4 4
9 23 3 3
33 5 3 3
39 24 3 5
11 51 3 4
8 48 2 5
81 22 2 2
76 2 2 2
13 84 2 5
92 73 2 4
87 41 3 2
22 10 5 2
64 5 5 2
68 57 5 2
81 91 2 4
54 66 4 3
68 84 5 2
35 54 5 3
28 88 5 2
61 35 2 2
85 95 4 3
56 46 4 2
50 39 3 3
3 3 5 2
32 74 2 3
67 77 2 2
24 87 2 4
19 84 2 3
79 62 5 2
54 30 2 3
54 40 2 2
15 47 3 4
69 89 2 4
26 65 3 3
65 18 3 5
94 20 2 4
26 44 5 5
63 40 5 3
45 70 3 5
