2 3 3 3
17 44 3 5
89 13 3 4
58 12 4 3
71 81 5 5
86 69 3 4
55 48 4 4
51 92 4 5
36 88 3 2
2 61 2 4
20 27 5 2
70 22 3 3
70 6 2 5
67 94 4 4
56 24 3 4
32 72 4 5
10 13 5 2
35 45 2 2
29 2 3 4
16 69 4 2
15 28 4 4
20 88 5 2
9 7 3 3
54 40 3 5
23 19 5 3
40 88 4 3
69 29 5 4
57 18 5 4
6 73 2 4
42 40 4 4
60 93 2 3
81 81 4 4
9 40 4 3
64 16 3 5
63 42 2 3
76 71 5 5
17 15 3 2
38 4 2 5
46 26 5 3
48 90 2 5
61 81 4 2
6 64 2 3
65 77 5 2
93 25 3 2
29 16 5 3
42 62 3 4
15 59 4 5
64 26 3 2
29 30 4 3
46 65 5 3
27 94 3 3
54 30 2 2
24 80 3 5
31 56 5 4
21 7 3 4
40 50 4 2
83 17 5 5
76 47 3 4
74 4 5 3
18 77 3 4
53 5 3 4
23 32 3 2
66 84 3 3
32 92 2 5
39 77 5 3
83 2 2 3
34 52 3 3
17 33 5 2
41 18 3 4
78 31 4 3
21 16 3 2
49 17 4 2
66 49 2 2
68 73 2 3
24 63 2 4
95 11 3 4
12 85 5 5
48 75 3 5
86 60 4 4
94 71 3 4
76 8 5 3
70 14 5 5
30 66 5 3
88 36 4 5
44 32 2 4
47 51 3 5
28 44 5 4
44 23 5 2
40 71 3 3
8 17 4 5
60 5 4 2
23 4 4 2
4 40 3 3
29 7 5 3
45 80 2 2
37 11 4 2
35 4 2 3
70 88 2 2
67 38 4 3
38 53 5 4
73 61 2 3
46 20 2 2
47 13 5 3
78 93 4 4
88 77 3 2
95 80 3 4
93 91 2 3
49 2 3 4
72 56 3 2
92 67 4 2
83 67 2 4
75 23 4 2
8 55 5 5
84 23 3 4
83 52 4 2
19 91 3 4
51 35 2 2
59 66 5 2
85 55 3 3
85 43 4 2
6 89 4 4
33 21 5 3
44 4 2 2
92 30 4 5
29 36 2 5
84 48 2 3
44 7 5 5
28 23 4 5
79 87 2 4
94 51 2 2
69 69 3 2
56 81 4 4
58 72 3 2
79 64 3 4
44 71 5 3
26 73 2 5
38 34 4 4
45 83 3 2
5 28 5 4
12 79 5 3
19 39 4 4
88 33 3 2
66 44 5 2
74 93 2 2
41 6 2 4
25 50 5 4
88 25 2 3
94 19 2 4
4 82 3 4
50 70 4 2
52 73 2 2
8 48 5 4
62 30 3 2
70 60 2 4
62 51 2 5
90 83 3 3
3 51 2 5
60 58 5 3
81 57 2 4
92 7 4 2
26 86 2 3
92 58 4 4
34 38 2 2
39 43 2 4
57 31 2 5
95 36 3 4
32 82 4 4
44 57 4 3
38 63 3 3
49 83 5 2
14 44 2 4
75 36 5 2
14 24 4 3
81 36 4 2
22 45 2 5
5 35 4 2
15 93 3 3
86 5 3 5
31 49 2 3
20 55 3 2
52 22 3 3
88 93 4 5
9 2 3 2
25 41 2 3
39 81 5 4
78 39 4 4
2 15 3 3
82 44 2 2
77 16 4 3
19 12 2 2
23 68 3 4
19 83 2 3
61 35 4 4
21 24 3 2
48 40 3 5
23 73 2 2
76 12 2 3
73 49 2 4
39 94 2 4
54 65 3 4
