12 95 5 3
50 16 4 2
3 2 4 4
15 67 4 3
94 56 3 5
38 70 3 4
83 24 5 5
80 34 5 4
30 89 5 4
6 81 2 3
83 94 5 4
61 16 4 4
72 57 2 5
27 34 2 4
59 55 3 5
90 51 2 3
41 3 3 2
84 39 4 4
33 30 5 4
47 35 2 4
92 35 2 3
70 86 3 3
42 31 3 4
82 2 2 4
6 54 5 4
93 28 3 4
59 26 2 2
61 73 4 3
43 6 5 2
37 81 2 2
84 72 5 3
26 16 2 5
44 41 2 3
68 68 3 2
66 43 2 2
24 42 2 3
85 80 3 4
21 7 5 3
75 43 2 2
29 76 2 3
57 92 5 3
23 89 2 5
93 63 4 5
64 84 2 5
16 22 5 5
81 56 2 5
33 10 5 3
2 71 2 4
51 39 4 5
35 52 2 5
91 88 4 3
44 22 5 5
80 15 2 2
21 72 4 3
42 14 2 4
49 77 5 3
29 16 4 5
48 52 4 2
46 16 3 2
8 60 4 3
57 7 5 3
63 52 2 3
5 62 2 5
29 43 4 5
38 43 5 2
81 51 3 3
58 68 5 2
76 51 2 3
67 62 3 5
90 83 5 3
59 63 3 4
6 32 3 3
51 3 2 5
42 36 3 3
19 59 5 5
23 49 3 2
18 76 3 5
9 26 4 4
30 55 4 4
92 96 2 2
71 26 5 4
85 48 2 4
34 63 4 2
50 36 5 2
92 74 5 4
80 40 2 3
81 45 3 5
80 66 4 4
27 56 2 5
27 28 3 5
32 71 2 4
39 56 2 4
49 55 5 5
11 89 3 5
53 50 4 4
49 89 2 5
88 19 2 3
84 17 3 2
44 84 3 2
8 74 5 2
84 57 4 4
75 71 5 2
72 41 2 4
43 64 3 3
38 90 2 3
61 46 3 5
54 11 5 3
20 11 2 3
62 35 2 3
12 10 4 5
90 4 3 3
82 81 2 2
93 50 5 2
40 65 2 2
8 67 2 5
57 45 3 2
90 58 2 2
64 24 2 5
74 20 4 2
95 11 2 4
71 52 4 3
87 64 5 4
93 24 4 2
26 88 2 2
17 2 2 5
44 77 3 3
91 20 3 2
77 38 2 4
58 21 3 4
13 60 4 4
13 83 3 3
9 79 4 3
56 33 3 4
63 57 2 3
17 53 3 4
61 85 2 4
70 76 2 5
30 83 5 2
79 28 3 3
88 15 3 3
66 48 2 3
42 87 3 3
53 66 3 2
54 83 2 5
24 85 4 2
72 49 3 2
53 89 3 3
74 6 4 5
22 33 4 5
27 10 3 3
44 28 5 2
25 23 3 4
7 15 2 3
64 6 5 4
23 29 3 2
61 29 2 3
34 21 4 4
52 61 5 4
87 10 2 4
79 86 3 3
45 92 3 4
53 28 2 4
79 77 2 4
67 12 2 3
6 38 5 5
75 94 4 4
38 46 3 5
2 38 3 3
57 86 3 5
49 85 3 3
23 53 3 3
19 84 3 2
14 41 2 4
18 44 2 3
34 15 5 3
74 3 5 2
28 39 3 2
18 87 3 5
48 32 2 2
25 66 4 3
59 80 2 3
44 47 2 5
63 91 2 4
5 21 4 2
41 20 2 5
12 35 2 2
43 59 5 4
75 15 2 2
68 57 2 4
17 15 5 2
87 2 2 2
17 30 3 5
42 54 5 4
37 75 2 5
11 48 4 2
50 70 4 2
12 66 2 3
27 49 4 4
26 70 4 2
91 40 3 2
