59 16 3 5
25 74 4 3
70 38 5 5
62 86 4 3
87 11 2 3
59 31 4 5
89 31 3 2
74 17 3 3
56 25 2 3
11 82 3 4
57 70 3 2
82 58 3 4
89 51 5 5
82 22 3 3
22 3 5 2
21 36 5 3
64 69 2 2
39 31 2 4
89 20 5 4
71 61 4 4
83 85 2 5
88 89 2 2
26 47 5 5
29 85 5 4
3 83 5 2
14 15 2 3
4 36 3 2
87 81 3 2
6 52 2 3
31 20 4 5
49 14 4 5
30 28 3 4
64 80 3 4
67 69 2 2
47 95 5 2
8 40 5 3
72 69 4 2
16 92 2 4
19 74 4 3
69 47 5 4
46 25 4 2
35 6 4 4
8 10 5 4
80 69 5 3
62 11 5 2
86 58 4 3
38 56 5 3
13 2 5 5
47 3 3 2
79 26 2 2
82 49 3 2
42 62 3 2
69 90 3 4
56 46 3 2
73 24 4 4
27 9 5 4
76 8 3 4
47 49 2 5
15 60 5 3
46 18 2 3
76 92 4 5
14 26 4 2
46 57 2 2
37 50 5 5
17 83 4 3
77 55 2 5
94 87 3 2
50 9 4 3
92 70 2 3
37 88 3 4
76 74 4 4
32 14 3 4
52 49 3 5
9 20 4 5
36 26 2 2
80 35 3 5
87 68 2 4
32 48 2 5
47 61 5 2
63 38 5 4
59 27 3 2
41 3 2 5
50 78 4 2
70 56 2 4
34 68 2 5
76 36 2 3
67 28 4 2
58 76 3 2
32 54 4 4
68 19 2 2
32 78 4 4
26 80 2 3
24 15 4 3
72 72 2 3
29 39 5 2
4 86 3 4
87 42 4 3
52 26 3 3
93 26 5 4
21 43 5 2
50 71 5 4
12 69 3 3
13 45 5 3
90 10 5 5
5 30 4 4
61 63 5 2
14 49 2 2
36 45 3 4
66 76 2 3
15 39 3 3
89 46 2 3
90 74 3 4
57 41 2 3
39 39 5 5
81 65 5 3
67 53 2 4
43 29 3 3
8 36 5 3
61 90 2 2
20 53 2 4
24 59 3 3
20 7 5 4
77 84 2 4
3 23 3 4
3 72 2 2
80 82 5 2
33 33 3 5
23 65 2 4
50 22 5 2
25 30 3 5
53 32 4 4
37 94 5 2
17 20 3 5
7 56 2 3
59 6 5 2
80 9 3 3
46 81 3 3
40 16 4 4
17 33 2 2
2 41 4 2
20 88 4 5
29 92 3 3
64 16 4 2
76 45 2 2
37 78 2 2
2 78 4 3
12 76 4 3
8 62 3 2
25 54 4 4
73 4 5 2
57 80 5 2
5 45 4 5
3 5 3 5
94 33 4 2
63 94 2 3
53 41 3 4
67 86 2 3
7 68 2 3
85 27 5 3
26 65 5 5
13 54 4 4
72 32 2 4
76 50 3 4
28 5 5 2
81 41 4 3
57 94 5 2
39 60 2 2
21 23 3 4
91 81 5 5
79 17 2 4
69 3 2 5
46 66 2 4
34 74 5 2
7 94 3 4
81 45 2 2
11 31 3 4
40 74 4 5
57 51 3 3
38 13 5 2
94 67 3 2
61 45 2 4
42 87 4 5
86 15 3 2
94 48 2 2
83 3 5 2
82 26 2 3
11 66 3 2
86 31 2 4
54 61 5 4
3 91 2 5
71 12 2 4
66 23 5 2
33 61 5 5
16 65 3 4
36 2 4 2
55 7 2 3
17 14 4 3
47 33 3 2
8 90 5 3
2 15 4 2
