64 82 4 2
24 84 4 5
9 29 3 3
36 69 5 4
46 22 4 3
68 78 2 2
42 76 5 3
27 41 5 3
23 41 3 4
71 49 2 4
18 27 4 5
50 10 2 2
89 23 3 3
21 57 3 2
16 12 5 4
61 28 5 5
56 80 2 3
91 63 5 3
43 43 4 2
7 4 2 3
16 88 5 2
88 3 5 5
66 7 4 4
70 73 2 3
17 51 2 5
83 90 5 2
94 45 2 2
33 28 4 5
36 46 3 2
49 5 2 2
12 65 5 4
39 7 4 5
59 76 3 5
66 94 4 3
39 50 4 4
79 61 2 2
8 48 4 3
54 46 4 4
12 42 4 3
49 45 2 2
78 87 2 4
38 22 2 5
84 15 5 3
64 75 2 4
66 34 2 5
80 94 2 3
78 78 4 5
66 40 2 4
63 66 3 2
81 57 3 3
32 91 4 4
83 73 4 5
68 22 3 4
39 35 4 3
84 29 4 3
2 32 4 3
55 95 4 2
63 43 2 3
8 93 2 3
26 59 5 5
22 63 2 4
62 59 4 4
74 40 3 2
83 48 4 3
94 54 2 3
89 47 4 3
88 38 4 2
46 59 3 4
14 2 3 4
7 75 2 2
6 42 4 4
2 5 2 5
7 55 3 3
20 47 3 2
28 24 5 2
35 80 5 2
41 20 3 2
48 30 4 3
64 50 2 4
80 20 4 3
42 72 2 3
13 20 2 2
83 2 4 4
59 22 4 5
43 85 4 5
71 45 5 2
56 37 3 4
91 34 5 3
22 15 5 3
25 19 2 4
53 6 5 5
36 17 5 2
38 61 3 4
73 27 3 4
34 57 3 2
27 48 3 5
58 60 2 3
95 26 2 2
23 2 2 3
39 85 3 5
18 75 2 3
65 2 5 4
40 31 2 3
30 84 4 5
24 6 4 5
92 74 2 5
49 74 2 4
11 17 3 2
40 56 5 3
30 4 2 2
34 3 2 5
52 17 5 3
74 55 2 5
60 87 5 2
21 53 4 3
70 55 3 4
69 40 2 2
13 36 5 5
13 79 4 4
47 69 5 3
72 69 4 3
51 55 5 2
6 66 4 2
4 14 2 4
80 11 5 3
26 90 2 2
4 95 2 3
7 36 5 3
48 80 4 4
35 75 2 2
47 50 4 4
46 91 3 4
35 49 3 3
62 69 2 3
20 92 4 4
63 7 2 2
12 24 5 3
77 16 3 2
66 85 2 3
83 36 3 5
73 21 2 5
61 92 3 2
66 17 2 4
59 13 4 5
71 64 3 2
15 74 2 3
80 42 2 4
89 54 4 4
79 68 3 5
2 59 5 4
90 70 4 2
31 49 2 4
27 93 4 5
3 73 3 4
7 70 5 2
41 28 2 2
89 87 2 5
14 56 2 5
55 29 3 3
93 51 2 2
60 40 2 2
94 29 3 4
51 63 5 5
87 67 3 2
31 19 4 3
14 7 5 3
22 68 4 2
11 52 5 3
10 73 3 2
73 5 3 2
25 28 4 2
2 51 3 2
72 89 2 2
6 9 3 2
93 40 5 2
92 83 5 3
54 71 4 5
50 87 5 2
5 88 3 2
51 38 2 2
78 55 2 3
44 11 5 5
50 95 4 2
2 36 2 3
7 14 3 3
32 63 3 5
54 52 5 2
85 58 3 4
19 84 2 2
16 17 2 4
16 46 2 3
89 93 4 2
34 54 2 2
56 90 2 3
86 24 2 4
32 74 2 5
43 2 2 4
83 79 2 4
24 78 2 3
76 33 3 3
