70 70 2 4
87 42 3 4
12 61 3 5
57 78 3 2
48 50 3 3
61 11 3 3
54 12 4 4
82 56 4 3
52 18 4 3
79 3 3 2
81 11 3 4
19 17 4 4
30 44 2 3
77 96 3 2
22 10 2 3
5 13 2 2
31 77 4 5
22 25 2 4
39 80 4 5
5 82 3 3
80 61 5 2
75 17 2 2
95 7 2 4
33 43 2 3
86 18 3 5
72 32 5 2
14 49 5 2
11 16 5 5
34 91 3 5
5 88 5 4
6 32 2 2
32 25 3 4
75 67 5 3
84 24 2 4
16 66 2 3
28 95 3 3
25 87 2 2
55 67 3 5
92 60 2 4
27 5 4 2
61 70 2 4
69 76 5 5
77 81 4 4
42 16 4 5
22 3 2 3
52 7 2 2
84 84 3 2
93 27 3 3
15 71 2 4
45 60 5 2
79 18 2 4
48 45 5 2
43 51 2 4
59 41 5 4
87 25 4 2
43 38 5 4
83 33 3 5
39 6 4 4
20 44 2 2
70 39 2 5
78 29 5 2
93 79 5 4
13 37 5 2
20 34 4 2
32 64 4 3
84 78 4 3
8 47 2 3
34 87 4 3
22 50 4 2
14 57 5 3
74 49 3 5
62 83 5 4
80 44 2 3
13 79 3 2
37 36 2 2
86 92 5 3
68 18 2 4
33 3 5 5
34 37 2 5
30 31 5 2
66 11 4 5
66 66 4 2
83 3 4 5
74 37 2 3
83 88 3 2
54 39 3 2
42 11 5 2
63 56 4 5
90 48 3 4
11 29 3 2
65 24 5 5
9 67 5 2
26 58 4 3
88 4 3 3
76 75 5 2
42 24 2 5
93 39 5 5
35 71 2 3
71 57 2 3
46 31 3 2
71 93 2 2
42 73 2 3
42 67 3 2
70 85 5 4
49 76 5 3
61 38 2 2
47 71 3 4
5 17 3 3
47 87 5 4
60 92 2 2
53 33 2 2
20 67 5 5
62 20 3 3
9 35 2 4
60 24 4 3
78 88 2 3
83 64 4 4
9 95 3 3
93 53 2 3
37 63 2 3
55 23 3 5
39 92 3 3
45 80 3 3
50 84 2 2
57 63 5 2
80 92 3 3
23 56 2 4
49 36 3 5
88 31 2 5
92 13 4 5
37 50 3 3
77 7 3 3
8 6 4 5
12 22 5 5
29 22 4 2
4 36 3 2
37 42 5 3
79 37 3 5
56 34 2 2
51 54 4 5
34 17 2 5
7 61 2 2
59 50 4 4
31 51 5 4
51 61 5 2
18 93 4 3
95 90 2 3
79 71 4 3
60 4 4 2
6 74 5 2
88 86 5 2
9 32 3 2
17 2 2 2
8 2 5 3
15 29 3 4
30 9 5 5
75 43 3 2
86 71 2 3
28 36 2 2
20 81 3 5
3 65 3 4
37 28 2 4
45 28 3 2
3 76 2 3
25 79 5 3
23 62 5 2
18 73 3 3
6 27 4 3
15 87 4 5
90 72 2 4
14 8 4 4
49 17 2 4
54 81 3 2
66 30 3 2
23 40 3 5
56 88 2 4
68 48 2 3
23 90 4 2
65 76 2 2
63 63 2 3
85 48 2 4
13 42 3 5
91 65 5 5
57 56 3 5
81 96 5 2
74 56 3 3
28 70 3 5
24 46 2 3
44 43 3 3
7 57 3 3
47 23 5 3
66 71 2 3
63 7 2 2
23 95 3 2
74 95 2 2
29 16 3 5
75 24 4 2
50 92 4 2
51 68 2 4
57 29 2 2
