8 16 4 4
43 86 5 3
91 88 4 4
74 53 4 4
40 66 2 4
7 92 3 5
31 59 3 4
76 23 2 5
10 36 2 2
24 81 5 4
34 21 3 4
17 24 4 5
90 56 5 4
49 59 5 3
19 15 5 2
38 15 3 2
52 28 5 4
9 21 3 5
43 36 4 5
60 77 4 2
33 84 5 3
44 94 4 4
9 83 3 4
4 47 2 3
69 4 2 4
41 42 2 4
19 91 4 4
85 44 5 4
21 49 3 3
41 53 4 2
45 64 2 2
66 51 4 3
71 58 4 2
23 59 5 3
57 16 5 2
70 15 2 4
80 74 3 3
7 77 5 2
49 75 2 2
91 17 4 2
33 67 2 5
42 15 4 4
96 70 2 3
4 55 2 2
46 56 5 2
32 37 2 2
78 63 2 2
2 64 2 3
19 45 4 2
2 31 3 4
69 65 3 4
77 43 4 2
81 67 2 4
70 22 4 5
54 54 2 2
20 65 5 3
8 63 2 4
81 31 4 2
10 74 2 2
49 38 2 3
93 50 2 3
15 77 2 2
2 19 2 3
27 46 3 2
10 3 3 4
84 94 2 3
46 32 3 2
96 17 2 4
16 40 2 5
34 32 5 2
65 32 2 3
3 7 2 2
25 72 3 2
48 46 3 5
42 57 3 2
83 78 5 3
53 34 4 2
81 25 2 3
83 56 5 4
74 29 2 3
52 40 3 3
18 56 4 2
91 39 3 3
74 68 4 3
30 51 2 4
66 88 3 5
66 9 3 4
77 5 4 5
79 78 2 4
13 13 3 3
58 86 3 2
31 89 2 3
94 43 4 5
21 31 4 5
11 88 4 2
12 59 3 3
40 5 4 2
52 65 3 5
58 82 2 3
64 96 4 2
60 72 2 4
37 51 2 3
50 18 3 5
60 49 3 4
29 2 2 5
81 95 2 3
87 11 5 5
64 62 3 2
12 31 3 2
40 78 3 2
7 58 4 2
45 68 4 4
65 57 3 3
85 51 2 3
20 86 2 4
9 41 4 5
85 41 2 2
27 78 3 2
91 27 3 3
4 38 3 2
39 23 2 3
28 26 4 5
13 24 3 2
18 5 2 4
55 92 3 5
44 21 2 3
12 53 4 4
90 52 2 2
85 85 2 3
3 88 2 2
83 37 3 3
3 69 4 2
36 88 3 3
23 39 3 5
3 25 3 3
90 75 3 3
49 79 3 2
32 94 3 4
47 6 5 3
76 20 2 2
67 80 5 2
75 85 2 2
17 30 2 4
29 42 3 3
68 31 3 2
79 48 5 3
56 79 3 2
19 75 5 4
31 81 3 2
14 5 3 4
78 84 2 5
81 20 3 2
94 9 2 4
16 36 2 3
67 71 4 2
71 74 2 3
90 81 3 5
62 5 2 5
80 34 4 2
49 83 3 5
38 59 2 3
56 3 5 2
63 42 4 2
27 21 2 2
23 26 2 4
47 24 2 5
95 28 2 2
81 63 5 2
24 94 3 2
41 73 4 3
61 80 2 5
74 76 2 5
93 68 2 4
58 54 4 5
62 25 4 3
94 79 2 4
94 3 2 2
51 93 2 2
72 42 3 2
33 10 2 4
52 74 4 3
81 84 3 4
40 81 2 3
95 63 2 2
52 46 3 2
87 18 2 2
93 93 3 2
85 6 3 2
89 49 2 2
57 8 4 3
89 70 3 4
78 91 5 2
44 77 3 5
46 42 5 2
85 71 3 2
55 82 2 5
5 11 5 3
89 34 3 4
63 71 3 2
30 74 5 3
