48 71 2 5
47 8 2 3
72 77 5 2
56 30 3 4
93 34 2 3
20 22 3 5
65 48 2 2
53 74 2 4
46 51 5 2
59 39 3 2
10 36 3 4
80 79 3 3
53 14 2 3
65 37 3 5
77 8 5 4
31 70 5 4
9 81 4 5
14 65 5 5
44 38 5 3
52 64 2 5
72 42 2 2
15 46 3 5
32 85 5 3
23 66 5 5
38 84 2 5
27 15 3 3
62 7 5 4
73 62 2 3
38 57 4 3
31 41 5 2
79 14 2 4
80 59 3 4
40 28 5 2
86 68 2 3
9 51 5 2
65 80 4 2
69 48 2 4
77 71 4 5
39 37 3 5
77 46 2 2
72 15 4 3
92 25 4 5
23 14 2 5
11 24 5 4
70 87 4 2
15 17 2 5
42 77 3 5
24 61 3 2
55 36 4 2
82 45 3 3
23 40 3 4
2 75 5 5
90 75 2 2
86 36 3 3
46 88 5 3
56 52 5 3
33 63 4 2
87 45 3 2
56 62 3 2
3 58 3 2
30 30 2 3
76 51 3 4
9 46 3 4
46 95 3 2
72 27 2 4
60 85 5 2
86 13 3 4
25 47 2 2
17 33 4 3
87 90 2 4
95 51 2 3
37 68 3 5
5 94 5 4
86 7 2 3
76 19 3 3
72 70 3 2
64 71 4 5
65 54 2 4
84 72 4 2
42 64 2 3
35 44 2 4
43 42 2 5
93 55 3 5
69 17 2 4
47 83 3 3
52 31 2 2
13 91 5 4
89 53 3 5
68 57 2 3
72 58 4 3
19 6 4 4
94 40 4 2
37 8 2 5
23 52 3 2
58 77 4 2
5 29 2 4
53 80 3 3
92 86 2 3
34 77 2 2
56 91 5 2
25 79 2 4
77 32 4 2
80 28 4 2
60 36 4 2
28 22 5 3
36 2 5 2
71 35 2 4
93 19 3 5
46 63 5 3
65 43 3 4
77 80 2 5
44 13 2 2
86 25 3 5
3 20 5 5
22 72 5 5
93 75 2 3
94 91 4 3
14 10 3 2
20 93 4 5
61 82 2 2
59 17 5 3
67 23 3 3
68 93 5 2
15 52 5 3
44 20 4 5
72 46 3 3
94 66 4 3
13 71 3 2
36 23 3 4
4 54 4 2
79 38 2 4
85 63 5 3
60 56 4 3
19 18 3 3
36 91 3 5
34 17 2 4
81 83 5 2
29 90 2 2
53 18 3 5
60 2 5 4
92 79 2 2
32 66 4 3
83 40 3 2
58 11 3 4
6 62 4 4
74 6 2 3
9 3 4 2
4 87 2 4
29 51 2 2
92 82 4 2
4 2 3 5
68 27 2 5
86 59 4 3
66 84 3 3
9 31 5 2
90 38 2 2
39 80 2 3
8 6 5 3
54 6 5 2
57 22 3 2
76 96 5 2
50 35 4 5
18 56 3 4
34 11 2 2
2 81 5 3
4 35 5 5
10 67 2 2
32 53 4 2
23 88 2 3
4 12 3 2
51 70 2 2
45 32 2 5
75 90 3 2
61 26 2 3
34 7 2 3
95 3 3 5
43 49 2 2
34 31 3 5
47 58 3 3
80 49 2 4
85 19 3 4
22 79 2 5
9 12 3 3
39 16 2 2
60 48 3 3
4 46 2 5
40 74 3 2
28 81 3 2
42 89 3 4
12 75 4 3
57 44 2 4
38 31 2 5
6 69 2 5
64 94 3 3
78 3 5 4
42 6 2 5
16 85 2 4
60 94 3 4
60 70 2 3
72 51 2 4
