24 45 3 5
12 35 4 2
81 76 3 2
83 18 3 3
9 20 2 5
14 43 3 4
89 45 5 4
7 48 2 2
84 26 4 5
18 47 3 3
68 11 4 3
31 16 3 2
59 64 3 5
9 53 2 3
89 20 5 4
15 6 3 2
23 29 5 5
94 77 2 3
30 71 3 2
34 58 2 2
78 68 5 2
17 93 2 3
27 51 2 2
4 9 5 5
26 88 3 2
86 61 2 5
48 60 4 2
7 95 2 3
12 78 2 5
74 94 4 4
56 41 4 4
37 9 5 2
70 15 5 4
10 90 2 5
4 85 2 5
63 74 4 2
60 13 3 5
94 71 3 3
81 46 4 2
61 77 4 3
67 20 4 5
59 9 2 3
23 20 3 4
74 52 4 5
78 19 3 4
35 15 4 4
72 88 5 5
20 80 5 2
46 52 4 4
66 46 2 2
66 6 3 2
95 92 2 3
73 36 4 2
95 54 3 4
7 27 4 5
23 61 3 5
22 94 2 3
16 66 3 4
60 2 3 4
38 40 3 4
44 21 3 2
89 31 4 2
22 14 4 3
13 53 4 4
5 41 5 3
73 46 5 4
61 87 2 4
90 58 2 2
68 60 5 3
72 74 5 4
50 28 2 5
21 72 5 5
32 45 3 4
51 89 4 3
49 42 4 4
83 84 5 4
34 4 3 3
80 50 3 2
40 51 3 5
16 60 3 4
42 58 5 5
29 11 2 2
61 19 2 3
70 40 3 3
51 48 2 4
61 47 2 3
51 69 4 5
61 30 5 2
70 32 2 3
14 91 2 4
39 5 2 3
38 71 2 3
19 52 2 4
75 6 2 3
43 36 3 2
5 64 5 4
75 83 2 4
15 75 3 2
82 93 3 2
54 22 4 2
70 26 4 5
32 82 2 3
38 31 4 4
6 77 3 5
42 42 5 5
29 26 4 2
74 59 4 4
87 75 4 4
79 6 2 5
32 88 3 4
44 90 4 2
51 34 5 4
34 63 5 5
89 62 4 2
40 89 2 2
52 79 2 3
50 57 5 2
6 33 3 2
23 55 4 3
89 9 5 3
66 66 4 4
52 93 2 2
77 80 2 2
78 73 3 2
64 91 2 2
57 92 3 2
54 48 5 2
68 87 3 2
64 94 5 4
9 72 2 4
53 29 5 3
78 36 2 2
90 2 5 4
56 75 3 5
42 95 3 3
40 79 2 5
51 3 3 3
27 66 5 4
41 64 2 3
23 9 4 2
53 62 3 5
31 38 3 2
43 7 4 5
84 54 4 5
27 79 5 2
35 32 2 2
26 91 3 2
40 27 5 3
43 13 5 2
47 72 2 4
3 53 3 3
55 2 2 2
74 64 3 2
35 21 3 3
90 38 2 4
29 32 3 4
62 52 5 5
93 27 5 3
4 19 3 4
6 2 3 2
29 75 5 3
48 23 3 3
27 2 3 4
91 35 3 2
32 95 5 3
87 13 5 5
95 36 3 5
14 71 3 2
17 86 4 4
30 7 3 3
65 33 2 3
83 34 3 4
44 79 2 2
80 13 4 2
57 38 2 2
21 3 3 2
96 16 2 2
14 28 3 4
45 86 5 2
69 80 2 3
16 21 5 3
40 16 2 3
34 12 4 2
43 18 5 2
59 58 5 3
4 57 2 4
64 41 5 2
32 50 4 3
86 45 2 5
41 24 4 2
76 28 4 3
60 70 3 2
8 84 3 2
11 63 2 3
92 53 2 4
95 83 3 5
56 89 4 2
63 7 2 2
48 79 2 3
31 23 3 2
