14 3 2 3
18 57 2 2
19 15 4 2
23 7 5 5
59 27 4 2
4 66 2 3
23 45 2 3
70 86 5 2
3 28 3 4
36 56 5 2
84 35 5 4
37 92 3 3
59 70 5 4
84 26 5 5
61 21 4 5
50 42 5 5
41 34 5 5
81 85 5 4
83 75 4 5
80 20 5 2
26 2 4 4
36 47 4 3
53 21 3 3
82 60 4 4
9 16 3 4
18 23 4 2
71 51 3 2
19 70 4 4
92 6 5 2
28 15 2 5
75 47 4 4
35 71 3 4
88 12 2 5
35 85 2 4
52 4 3 3
11 38 3 3
66 24 2 2
67 29 2 5
15 53 4 2
51 36 4 3
74 66 3 2
86 51 4 4
75 58 4 4
40 8 5 2
45 55 2 4
22 55 2 3
7 4 5 4
62 16 5 4
69 22 5 5
78 25 5 5
29 61 5 4
31 27 5 4
69 55 2 3
58 32 4 5
74 5 4 2
30 7 4 3
68 6 3 4
28 21 4 3
52 90 2 2
60 10 3 5
15 91 3 5
55 70 2 3
81 2 3 4
92 81 3 5
53 82 4 5
39 69 3 5
81 48 3 2
23 49 5 5
69 79 4 5
13 12 3 4
16 33 4 3
29 88 5 5
60 61 4 4
12 77 4 3
92 20 2 3
45 24 4 4
2 6 2 3
67 74 4 2
89 68 4 3
95 37 3 3
62 2 4 5
9 23 4 4
30 79 3 3
87 44 2 3
14 47 2 3
36 96 5 2
4 2 2 3
50 62 3 3
70 44 2 3
40 43 2 2
94 61 3 3
21 2 3 4
5 83 4 3
46 88 5 5
46 73 4 2
57 45 2 2
48 82 2 4
56 75 2 2
21 31 4 2
31 18 5 2
19 39 5 2
92 36 2 3
35 33 4 2
72 14 5 3
23 91 2 5
79 72 3 5
95 14 3 3
29 43 4 5
11 42 3 4
77 38 4 2
53 51 5 5
77 79 2 3
92 12 2 5
60 94 3 4
3 36 5 5
36 59 5 3
54 95 5 3
96 31 2 5
62 51 2 3
28 70 5 2
41 27 2 5
46 2 4 3
77 90 2 4
16 86 5 2
14 27 2 3
50 29 2 3
43 42 5 2
95 26 2 4
30 50 4 2
50 15 5 5
3 21 3 2
67 35 3 4
66 63 4 4
24 63 3 2
33 15 2 2
40 16 2 2
65 94 4 4
45 48 2 5
61 38 2 2
89 94 4 3
7 90 4 2
87 86 2 4
4 57 2 3
71 95 4 3
24 78 3 5
85 66 2 2
79 10 3 2
7 47 2 4
88 72 5 2
20 83 2 2
60 42 5 4
45 66 2 3
40 77 5 5
57 2 4 4
49 77 3 3
4 70 2 5
53 31 4 3
10 57 5 5
8 65 5 4
92 53 5 5
31 36 3 3
47 38 2 3
60 83 5 3
58 87 2 5
25 37 4 4
54 66 5 2
76 85 2 2
7 93 2 5
41 5 2 2
11 30 2 4
16 81 2 3
56 7 3 4
78 33 2 3
82 40 4 3
3 42 5 2
89 65 5 2
71 69 4 3
15 19 3 2
71 59 2 2
83 13 4 2
81 66 2 5
32 2 2 4
85 7 4 4
39 20 3 3
68 16 2 4
11 81 4 5
40 13 2 2
48 49 2 4
71 30 3 3
18 12 3 2
5 77 2 4
19 60 4 4
36 78 2 2
96 67 2 5
45 45 3 2
66 85 3 2
27 25 2 4
83 90 3 5
89 75 2 3
86 19 4 5
