31 57 2 5
51 82 3 4
42 61 2 5
20 68 4 5
40 93 3 3
90 40 2 2
74 87 4 5
26 52 4 3
14 19 3 4
88 48 3 5
41 27 3 4
24 5 2 5
89 69 4 5
57 81 5 3
33 76 3 4
72 71 2 2
84 42 3 3
40 74 3 4
44 67 2 5
49 27 5 5
3 39 5 3
64 13 3 5
75 10 4 2
52 45 5 5
19 65 4 2
33 16 5 4
43 52 3 4
12 28 5 5
24 46 2 5
56 88 2 4
33 51 4 2
16 25 4 2
42 83 5 3
7 79 3 2
25 88 5 3
19 82 4 2
66 44 2 3
44 79 3 3
58 15 4 4
94 61 2 5
22 93 4 3
87 3 2 3
82 14 3 4
94 86 4 4
2 24 5 2
86 16 3 2
46 19 4 4
13 3 2 3
7 63 5 2
2 74 5 3
7 54 5 5
70 6 2 3
20 46 2 4
68 28 5 3
82 20 4 4
77 31 4 2
47 24 5 2
27 68 2 4
88 25 2 4
26 32 2 4
87 60 4 2
92 18 4 3
69 51 4 2
77 74 2 4
6 43 5 3
62 89 5 4
70 33 5 3
8 12 5 5
14 88 5 5
70 17 5 2
61 47 4 4
91 30 4 4
48 36 5 5
32 36 2 2
74 49 4 5
70 54 3 5
37 54 3 2
13 52 4 3
88 35 2 4
73 66 5 4
19 10 2 3
55 53 3 3
7 19 4 3
62 73 4 2
29 28 4 5
93 23 3 2
5 94 4 4
13 81 4 5
77 71 4 2
95 3 2 2
31 22 4 5
19 43 4 2
88 75 4 3
42 15 5 3
38 50 4 2
17 3 3 4
92 11 5 2
54 57 4 4
14 43 4 3
94 57 4 2
90 5 2 4
64 54 2 3
5 89 4 2
42 10 5 3
11 70 2 2
70 76 2 3
38 2 5 4
68 87 3 3
64 77 5 3
49 45 2 3
63 30 3 2
52 72 4 2
54 62 2 4
7 4 5 5
36 25 3 4
36 40 3 4
51 68 4 2
61 20 5 3
46 44 2 2
27 10 5 2
30 44 4 5
33 70 4 2
91 80 3 3
85 63 2 2
14 67 2 5
14 62 2 2
37 74 2 4
79 2 3 3
45 6 4 3
58 26 2 2
5 48 3 5
85 89 2 3
64 37 4 2
61 26 4 2
76 27 3 2
31 5 2 2
25 23 2 4
27 94 3 4
46 92 4 4
6 68 3 4
93 50 4 3
50 14 2 3
71 44 2 4
51 59 2 3
82 53 5 3
18 32 4 2
47 53 4 2
82 34 5 5
54 37 3 4
64 34 4 2
42 22 2 4
90 63 3 4
46 58 2 2
22 14 3 5
82 75 4 5
67 83 2 3
17 14 2 3
24 38 4 4
72 24 3 2
57 2 2 3
95 46 3 3
80 65 3 2
69 91 4 5
70 12 3 2
24 58 2 4
22 85 5 2
12 73 5 4
58 7 3 3
81 7 2 2
39 35 3 4
77 82 5 3
51 91 3 4
80 93 3 4
30 39 3 3
59 53 3 3
60 59 5 5
84 2 2 4
23 52 2 4
6 28 4 2
33 86 2 4
4 63 2 4
49 42 5 2
13 34 2 2
35 7 4 2
92 35 5 4
72 60 3 3
80 26 5 2
20 77 2 4
65 6 3 4
46 48 2 2
50 87 2 3
32 66 4 3
78 60 5 4
67 56 2 4
57 73 2 4
45 87 2 2
84 84 5 2
88 21 3 3
84 30 3 2
34 31 3 4
