93 53 2 5
90 25 3 5
37 16 4 2
64 11 2 3
13 78 4 3
71 95 5 2
92 74 5 5
28 87 2 2
30 6 3 4
60 55 4 3
30 47 4 3
35 43 3 5
24 38 2 5
19 14 2 5
65 54 5 2
60 75 4 3
40 62 2 2
17 70 3 4
18 93 4 2
36 86 4 2
22 76 5 5
52 5 5 3
67 62 5 5
41 41 5 2
6 20 2 5
89 55 2 2
31 78 5 5
83 33 4 5
11 85 3 3
45 20 5 5
9 70 3 4
40 31 4 5
16 27 2 5
2 83 5 2
74 24 2 5
45 82 3 5
73 59 5 3
33 71 4 3
2 26 2 3
53 17 4 3
57 40 2 5
52 76 4 5
87 95 5 3
21 73 4 2
91 35 5 3
68 86 3 4
26 64 3 3
57 77 2 3
58 18 3 4
13 14 3 3
87 43 5 2
79 40 3 4
27 40 4 4
4 2 4 2
79 50 3 4
91 31 3 3
9 30 5 5
74 8 4 5
49 48 5 2
76 35 4 4
13 22 2 4
53 69 3 2
72 80 4 5
86 39 3 3
9 56 5 4
53 51 5 2
35 21 5 3
58 59 3 3
18 49 3 2
35 31 4 4
52 92 2 4
58 48 3 2
26 31 3 2
22 87 4 3
18 6 4 3
86 25 2 3
57 82 2 2
30 35 4 4
61 80 5 2
63 31 5 3
27 15 5 4
88 19 2 4
58 94 3 4
58 32 3 3
20 84 2 2
22 47 5 4
94 96 3 2
47 59 2 2
37 26 4 4
10 91 3 4
47 28 5 4
87 75 3 2
57 86 4 4
5 69 3 2
41 81 3 2
79 26 3 4
42 85 2 4
90 13 4 3
3 41 2 5
16 45 4 3
55 12 3 3
43 73 5 3
49 54 2 3
32 64 3 4
87 6 3 2
79 70 4 2
7 63 5 4
16 63 2 5
2 49 4 3
4 53 4 4
9 5 3 4
69 25 4 4
11 38 2 5
40 68 4 3
68 15 4 3
40 45 3 4
77 31 3 3
71 19 5 4
82 2 4 2
18 77 2 4
81 92 5 5
72 53 5 4
93 89 2 3
21 11 2 2
83 14 4 4
43 6 4 5
65 36 5 5
86 54 2 4
85 60 5 5
9 46 3 3
2 8 5 4
61 6 4 2
53 44 2 2
91 17 2 5
75 63 3 5
38 6 3 2
53 37 2 4
82 22 5 2
33 96 2 2
42 94 3 4
82 87 4 2
74 72 2 5
3 31 4 2
90 66 3 2
81 81 3 2
68 44 4 4
25 68 2 2
30 57 4 5
77 76 4 2
13 52 3 2
24 17 2 4
36 58 4 3
25 12 4 2
13 73 2 3
53 29 2 3
52 55 2 4
17 52 2 2
12 27 2 2
64 22 5 2
93 41 3 4
44 65 4 2
70 71 3 3
30 22 2 4
25 52 4 5
16 57 2 2
50 62 5 5
62 90 3 4
62 46 2 5
8 77 4 2
44 49 2 4
4 14 4 5
59 2 3 2
51 87 2 2
48 13 4 2
91 2 4 2
79 60 3 3
58 70 2 4
9 17 2 4
74 88 3 2
39 54 5 3
68 79 2 3
54 25 4 2
5 93 4 4
20 55 4 2
22 27 3 4
44 16 4 3
55 57 2 4
78 89 3 2
91 81 5 3
73 46 3 4
27 83 2 3
61 69 5 3
16 38 3 4
19 60 5 4
80 5 3 3
91 47 4 3
57 91 2 2
52 84 2 2
69 32 2 2
13 6 4 4
