4 81 3 3
40 61 3 4
5 11 3 5
29 59 4 4
15 4 5 2
40 46 5 3
37 78 5 4
25 49 3 4
31 4 4 4
66 23 4 2
67 80 5 3
84 51 2 4
84 61 2 2
11 91 3 3
20 29 4 3
37 53 2 2
8 47 2 3
53 44 3 3
6 61 2 3
53 88 4 4
85 74 2 2
3 48 3 4
37 33 3 4
80 93 3 4
56 21 2 4
10 22 5 4
22 63 2 3
44 86 5 4
20 10 2 3
75 8 3 5
30 47 3 3
70 3 4 3
77 39 2 4
96 83 2 3
93 57 5 2
72 89 3 3
93 69 4 2
9 79 2 4
78 90 4 2
47 19 5 4
35 58 3 3
39 70 3 4
66 11 3 2
34 87 2 3
79 67 2 3
26 86 4 3
47 43 5 5
13 43 5 2
55 28 4 2
76 25 4 4
93 94 2 4
81 15 3 4
59 66 4 2
9 30 4 4
59 77 2 2
70 63 3 5
89 33 5 2
28 75 2 2
91 75 4 3
41 53 4 2
54 36 4 3
38 9 5 2
62 28 3 3
83 34 3 3
58 58 3 5
47 28 5 4
44 35 3 4
84 70 3 2
84 82 3 4
95 89 3 3
89 43 4 2
14 17 2 2
11 85 5 2
31 81 5 4
59 49 4 3
67 47 4 5
73 35 5 2
87 47 2 3
34 13 2 2
29 51 5 5
11 70 5 3
18 70 4 2
67 43 4 2
17 91 5 2
74 32 5 2
26 11 5 2
54 6 2 4
3 70 5 2
3 17 2 4
27 16 4 5
23 70 3 3
87 8 2 3
25 28 4 4
25 35 3 2
79 73 3 2
41 56 4 3
92 25 2 3
14 8 3 2
43 18 2 5
10 54 3 5
38 84 3 4
81 20 5 3
80 4 4 5
18 86 3 2
68 28 4 4
80 41 5 2
18 73 4 3
8 75 4 2
27 24 3 3
15 49 3 5
23 38 4 5
35 69 3 5
23 83 4 2
82 76 2 4
31 23 3 3
15 62 3 4
14 28 2 2
79 11 2 3
27 70 4 2
68 94 3 2
5 85 3 2
37 94 2 3
14 36 4 4
77 59 3 4
91 49 4 2
25 45 3 2
66 37 5 2
18 56 3 5
75 5 2 2
78 15 2 2
39 4 2 2
78 20 2 4
32 43 3 3
76 46 2 3
51 65 5 4
41 66 2 2
71 71 5 4
16 77 3 2
42 50 2 2
5 2 5 3
72 56 3 3
81 28 2 4
47 75 3 2
43 2 2 5
90 18 2 3
65 66 4 3
46 82 2 2
30 94 4 3
36 26 2 5
19 15 5 3
8 7 5 2
47 72 4 2
11 48 3 2
64 73 5 5
55 80 3 5
60 71 3 2
47 50 5 4
66 89 4 3
44 64 5 3
76 65 2 5
51 15 4 3
4 26 2 2
24 79 2 3
82 46 4 4
71 16 4 2
88 12 4 3
2 31 3 2
5 56 2 4
31 32 5 4
59 22 3 3
20 34 4 2
88 93 2 2
60 17 4 2
44 10 3 3
43 24 2 4
61 7 3 5
87 19 2 5
93 79 3 3
54 52 4 4
2 76 5 3
87 55 4 2
4 37 2 2
84 65 5 2
64 48 2 2
43 71 2 3
60 32 3 3
28 38 3 5
59 38 4 4
89 85 3 2
96 23 2 4
52 3 5 2
72 93 4 4
94 45 2 3
6 43 3 3
64 55 2 5
47 6 5 3
35 16 5 5
76 85 5 2
38 12 4 3
20 96 5 2
