91 39 3 5
51 75 5 5
75 82 5 4
87 31 5 2
7 86 3 3
35 85 5 2
66 4 4 2
56 4 3 2
73 91 3 5
74 54 4 3
85 51 5 4
37 88 4 3
73 58 3 4
62 69 2 2
74 22 2 4
20 66 5 2
52 69 3 5
20 51 4 3
40 71 2 3
29 87 5 4
57 56 3 2
46 65 2 5
63 36 2 3
5 33 3 4
84 86 2 5
57 16 5 3
4 93 4 5
50 91 3 5
71 45 2 3
11 23 5 2
59 60 4 5
93 45 5 5
32 77 5 2
35 57 5 4
49 54 2 2
67 60 3 5
20 78 2 5
24 85 4 5
62 94 4 3
36 24 4 4
81 14 3 4
68 73 4 4
18 89 5 5
50 66 4 2
44 6 4 5
92 75 4 3
79 35 3 2
9 61 3 2
61 27 2 4
57 86 3 3
22 58 3 5
39 42 2 3
29 31 4 3
89 13 2 5
14 42 2 5
14 50 2 4
93 30 5 3
68 10 2 3
53 59 5 2
2 2 3 5
34 8 2 5
8 11 2 3
43 88 2 4
35 39 3 3
42 19 5 4
27 53 3 2
20 33 3 5
45 33 2 4
90 22 3 3
87 83 2 4
50 27 3 3
42 30 3 2
72 16 2 3
44 71 5 4
27 69 2 5
86 41 4 2
39 78 3 2
15 7 5 5
24 29 4 2
7 72 4 3
22 44 3 4
17 40 2 2
48 21 2 2
12 28 3 4
80 68 5 5
66 33 2 2
3 46 4 2
68 39 4 5
31 94 4 2
66 25 5 2
27 13 5 2
61 52 5 5
9 81 2 2
3 52 3 3
49 3 3 5
54 44 4 5
6 65 5 2
40 7 3 4
17 70 3 5
69 86 3 5
47 85 3 4
67 19 2 5
44 50 2 2
49 37 3 3
36 19 2 2
75 27 2 4
55 24 2 2
13 76 2 4
76 42 5 4
9 95 2 2
31 72 5 4
24 2 3 2
79 91 4 4
92 70 2 4
32 80 4 3
93 3 5 3
86 79 5 3
35 47 5 3
54 8 2 5
30 43 4 4
74 48 4 4
92 90 5 5
65 89 3 4
14 81 3 2
26 79 4 4
2 79 3 5
40 81 4 2
87 7 2 5
83 34 4 3
44 58 2 5
51 42 2 4
26 23 2 5
44 39 2 3
27 35 5 4
32 53 2 4
48 15 5 2
2 71 3 3
5 28 2 3
81 82 2 3
93 63 5 2
92 53 4 2
83 45 5 5
8 3 2 5
57 78 5 4
81 7 3 4
84 4 2 2
87 61 5 2
65 80 2 5
63 21 3 2
77 66 2 3
44 77 3 2
73 35 3 2
66 69 5 3
36 30 3 2
82 27 3 4
14 69 2 5
15 34 2 4
56 32 4 4
96 86 2 3
28 6 4 5
35 35 5 2
94 20 3 4
17 3 2 3
24 95 5 3
64 48 3 3
59 46 3 3
48 33 5 2
48 60 2 3
72 10 4 5
13 60 5 2
17 28 4 3
25 17 5 5
75 71 4 4
17 18 4 3
11 88 5 2
57 92 4 2
40 93 4 5
21 8 2 2
4 49 2 2
22 20 2 5
64 40 2 3
42 14 4 3
5 39 3 4
86 70 2 4
29 60 3 5
53 54 3 4
80 76 2 3
69 32 2 2
63 72 2 5
57 27 2 4
18 95 5 2
85 65 2 2
4 56 4 5
64 9 2 3
10 15 2 2
80 56 4 2
2 17 2 5
88 2 2 3
42 43 5 5
51 81 3 3
