37 42 4 3
89 9 3 2
32 21 4 5
59 47 2 2
8 80 5 5
60 39 5 4
91 88 2 2
3 65 3 4
8 93 5 2
3 34 3 3
55 10 2 5
57 6 4 3
87 27 3 4
66 35 4 3
23 46 3 4
11 34 2 4
28 78 3 2
12 43 4 4
53 57 2 5
63 11 4 5
73 40 5 4
87 37 5 2
72 93 2 2
57 33 2 3
44 24 5 4
62 71 3 5
12 51 5 3
89 58 4 5
51 17 2 4
54 95 3 2
93 15 3 5
39 48 2 2
20 10 3 3
30 30 5 2
48 75 2 2
70 14 4 3
74 8 4 2
38 5 2 5
77 31 2 4
62 64 2 5
39 96 2 2
95 59 3 3
87 14 3 2
20 6 5 3
38 76 2 2
76 67 3 5
84 10 2 2
17 36 4 2
13 6 4 4
92 81 4 2
20 23 2 2
92 21 5 2
54 83 4 2
25 58 2 5
83 78 5 5
60 84 5 3
7 53 2 2
43 62 3 3
22 71 3 3
29 10 2 4
89 46 3 5
39 17 4 4
76 19 2 3
82 91 2 4
63 93 5 3
17 61 5 3
93 71 3 3
30 39 2 5
83 23 2 3
50 44 3 2
46 89 5 5
29 16 4 4
45 55 3 3
78 76 4 3
56 25 2 3
69 52 2 3
59 50 2 2
23 53 2 2
39 22 2 4
75 4 3 3
54 42 5 3
50 22 4 4
76 83 5 5
91 25 5 2
22 81 4 2
81 60 2 3
55 29 4 2
50 33 2 2
5 57 2 3
25 86 3 4
55 51 2 4
81 53 3 4
34 74 2 5
91 91 2 2
27 46 2 3
34 95 3 3
86 42 4 3
26 8 2 2
83 2 2 3
48 13 2 2
83 42 2 4
37 89 2 3
31 87 4 5
72 31 2 5
40 90 5 3
79 91 2 2
58 12 2 3
68 78 3 3
18 28 2 2
19 16 4 3
43 66 2 2
78 49 5 2
15 68 5 3
31 54 5 2
23 36 4 2
2 25 5 4
75 75 2 4
4 2 2 2
56 56 4 2
65 4 3 5
47 6 5 2
2 94 4 4
94 10 2 2
49 83 4 4
42 40 2 4
89 94 3 3
38 63 4 3
70 67 2 5
13 12 3 3
10 16 3 3
95 51 3 3
63 53 4 3
96 63 2 5
85 59 3 5
3 47 3 3
48 29 3 3
93 44 2 4
57 17 3 5
56 90 4 4
32 48 3 5
16 79 5 4
73 46 2 4
4 38 2 5
17 56 5 2
68 62 4 2
2 74 5 5
88 3 5 2
24 21 3 5
69 4 3 2
64 78 3 5
38 81 2 4
44 14 2 5
94 75 3 5
82 71 5 3
67 19 4 2
9 62 5 4
38 30 3 5
90 75 2 3
20 95 4 2
64 29 5 5
3 16 3 3
10 56 3 3
27 54 2 2
41 72 4 3
44 48 4 3
96 34 2 3
88 54 3 3
32 66 3 5
19 48 2 2
71 58 2 2
59 65 2 4
69 85 3 3
82 85 5 3
29 82 5 3
42 6 2 2
64 90 5 2
81 66 3 4
35 18 2 2
74 61 4 3
66 24 5 3
9 68 5 4
85 32 5 4
8 22 5 5
73 25 3 5
46 2 2 3
2 90 4 3
14 58 2 2
89 67 3 5
79 21 3 5
69 74 5 2
6 30 2 3
96 41 2 3
23 29 5 4
75 54 5 4
17 89 3 4
20 41 2 5
84 29 2 2
22 2 2 2
40 87 2 2
80 33 3 4
