47 47 2 2
29 88 2 4
45 61 5 3
80 22 2 5
84 70 4 3
4 21 4 4
43 16 3 2
85 58 3 2
6 9 4 3
70 75 4 3
20 4 4 3
20 69 2 2
27 13 3 3
87 19 5 2
39 87 3 4
86 7 2 3
12 71 3 4
40 80 4 3
93 77 2 2
69 70 4 4
82 50 4 3
70 63 2 4
51 23 3 3
31 65 3 3
37 14 5 5
93 48 4 2
18 74 2 3
24 74 5 4
37 26 5 2
50 44 5 3
86 2 5 3
19 82 3 4
56 6 5 3
80 10 2 4
23 34 3 4
77 44 5 3
26 2 5 3
83 38 2 2
17 15 3 2
50 77 4 4
73 54 4 4
60 24 3 5
69 18 5 3
42 43 3 2
43 54 5 3
31 15 2 4
16 53 5 3
81 85 2 5
39 40 4 2
55 70 3 5
16 23 2 5
60 38 5 2
32 74 4 5
43 90 2 5
50 55 5 5
30 93 3 4
11 96 5 2
64 21 3 4
45 34 4 2
38 5 5 5
60 91 5 4
84 24 5 3
65 56 3 2
5 58 4 4
47 26 2 2
22 92 4 4
93 21 5 3
20 37 2 5
32 81 4 5
73 37 4 2
59 70 3 4
91 32 4 4
34 17 2 4
36 45 5 3
16 6 2 3
39 11 4 2
4 72 3 3
78 91 2 3
70 33 4 2
39 57 3 3
67 86 2 5
54 48 4 3
88 79 3 2
76 29 3 3
78 82 3 2
43 20 4 2
13 39 5 4
4 76 5 3
76 49 5 4
56 94 2 2
54 27 3 5
4 92 4 3
87 51 3 5
39 31 5 3
80 3 5 2
22 60 5 5
27 55 3 2
51 70 3 4
95 59 2 5
51 88 2 4
32 58 5 3
62 16 3 3
11 22 3 3
28 81 3 3
81 75 2 2
34 49 5 4
8 27 5 2
6 65 3 4
21 15 4 4
15 64 2 4
90 93 5 4
8 31 3 2
60 52 2 3
68 60 2 2
59 45 3 2
72 87 3 2
94 14 4 4
45 82 4 4
70 94 4 3
16 93 2 2
57 18 3 5
13 8 2 5
31 25 3 2
19 29 2 4
45 9 4 3
83 62 2 2
91 67 4 2
59 59 5 5
53 38 4 5
6 42 3 5
67 14 4 2
11 36 5 2
27 70 4 3
88 29 3 2
24 49 3 4
16 19 3 3
20 21 3 4
29 20 4 2
10 86 2 4
13 88 5 2
26 6 3 3
28 32 4 2
82 29 3 2
7 34 3 4
17 2 2 3
12 77 4 3
65 48 4 4
90 59 4 5
8 48 5 3
40 65 3 4
14 30 3 3
16 45 3 5
69 82 5 3
53 61 5 4
63 2 3 2
84 83 3 5
33 31 4 4
90 84 4 2
44 26 2 4
64 31 2 3
76 63 5 3
31 39 3 3
3 83 3 3
92 9 3 4
44 38 2 3
95 41 3 3
46 6 2 2
51 6 4 2
76 71 4 4
76 41 5 2
84 89 3 2
51 33 2 2
60 84 3 2
73 12 5 4
10 92 4 3
24 87 4 2
35 10 2 2
87 92 2 2
41 71 2 2
76 5 2 2
26 19 2 5
90 88 3 4
52 82 3 4
53 17 3 5
46 94 5 3
37 81 2 2
20 9 4 5
11 3 3 2
70 45 4 5
76 85 4 5
38 93 4 4
61 77 3 3
62 66 4 3
82 15 4 5
83 45 4 2
48 87 2 4
63 13 3 2
59 12 2 2
49 41 2 2
63 43 2 3
