6 92 3 5
25 62 2 3
32 55 2 2
9 72 5 3
94 70 2 2
59 2 2 4
21 69 3 3
61 26 5 4
89 9 2 5
65 2 5 3
74 79 4 4
50 91 2 5
94 45 3 2
19 38 5 3
65 14 4 4
59 17 3 4
28 94 2 4
39 74 3 3
24 47 3 4
51 81 2 3
42 51 4 3
75 43 5 3
91 87 5 3
62 35 2 5
17 14 2 3
23 57 4 3
69 79 4 3
45 68 2 5
4 66 2 2
81 47 2 3
20 52 3 4
47 36 2 4
13 91 4 5
60 72 4 4
39 88 2 5
36 26 4 2
79 83 5 2
78 14 5 4
82 59 3 5
57 31 4 3
74 88 2 4
13 33 2 2
69 60 5 3
6 4 5 4
83 71 3 3
89 69 2 5
61 81 3 5
69 42 5 3
6 40 2 3
45 92 3 5
64 19 4 5
88 63 4 5
92 12 4 5
94 58 4 5
78 40 5 2
54 87 2 4
6 30 5 4
89 30 5 2
63 66 3 4
51 23 2 2
54 80 2 5
47 45 4 4
10 57 2 5
27 17 3 3
14 53 4 2
17 7 2 4
30 26 5 5
20 62 4 2
49 50 4 3
54 22 4 4
19 4 3 2
77 88 3 4
91 49 4 4
82 65 2 4
70 75 4 3
10 82 3 5
51 67 3 3
32 7 2 4
17 87 3 3
69 31 2 5
24 75 2 4
56 58 3 5
87 78 3 3
44 30 4 2
58 45 3 3
9 42 5 2
88 41 5 3
52 74 2 4
74 13 3 3
58 93 5 5
59 8 5 5
32 36 5 5
54 48 2 2
15 73 4 3
81 30 3 4
56 2 2 2
81 54 2 3
50 2 2 5
3 8 2 3
50 16 3 4
90 18 4 5
77 71 4 3
90 26 5 3
44 15 2 4
87 92 2 5
42 2 2 5
5 89 5 2
15 42 4 5
72 30 4 5
11 24 3 2
66 52 2 5
71 54 4 2
39 66 2 4
41 28 2 5
83 75 2 2
15 79 5 2
12 21 5 2
18 92 2 4
72 21 4 5
44 10 3 3
31 12 3 5
14 83 5 3
32 90 5 3
19 25 2 2
3 17 5 3
39 39 5 5
50 40 2 3
87 4 3 4
51 29 2 2
4 13 3 3
21 42 3 2
64 91 5 3
93 93 2 2
91 77 3 4
13 36 2 4
25 34 5 5
36 20 4 3
55 70 3 2
20 49 2 2
28 65 5 5
74 93 4 3
22 15 4 5
37 12 4 5
45 59 3 4
24 26 4 5
36 52 3 2
40 56 3 5
82 89 2 3
46 76 5 2
78 21 3 5
71 4 4 5
87 36 3 3
13 56 5 3
66 36 2 2
64 77 3 2
33 72 5 2
52 10 3 5
93 5 3 4
45 86 5 4
7 46 5 4
77 2 3 4
55 28 4 2
30 42 4 3
87 16 2 4
15 65 5 5
75 36 5 3
69 38 3 3
35 47 4 4
2 57 2 3
23 23 2 2
34 59 4 2
22 80 4 3
25 90 2 3
33 77 4 4
57 90 2 2
5 22 2 5
74 70 2 4
86 55 5 4
57 53 4 2
35 4 3 3
30 85 2 2
87 45 3 3
9 67 3 3
86 49 2 4
87 83 2 2
42 78 2 4
71 67 2 3
76 7 5 3
67 68 2 4
3 54 5 2
54 35 5 2
11 15 4 3
70 47 3 4
81 36 2 3
39 83 3 4
13 2 2 5
26 7 2 3
5 72 3 4
51 56 3 5
53 5 2 2
