77 51 3 4
70 29 4 2
72 21 3 3
49 88 3 5
46 83 5 2
83 39 4 2
39 29 2 2
81 83 4 4
13 63 5 2
60 20 3 3
41 65 5 5
53 64 5 2
48 36 3 5
75 10 2 2
40 18 2 3
56 95 2 2
16 40 4 4
5 33 4 3
5 47 5 5
58 84 5 5
3 28 2 2
21 95 5 2
91 25 2 5
66 46 4 4
79 15 5 3
85 90 5 2
38 3 5 4
88 68 5 5
13 17 2 5
42 92 2 2
38 79 2 5
3 20 3 4
24 43 2 3
12 35 2 2
52 2 4 3
19 24 4 4
17 84 4 4
64 52 4 4
64 70 4 3
91 10 2 2
54 48 4 3
27 73 3 2
57 91 2 2
43 75 2 5
46 20 3 5
31 86 5 4
30 57 4 2
30 35 5 2
27 4 4 2
80 90 3 5
10 56 3 4
2 80 2 5
26 10 3 2
66 76 2 5
88 83 5 2
34 11 3 5
33 39 5 2
15 92 2 2
79 27 2 5
29 22 3 4
56 43 5 4
74 58 2 5
59 60 5 2
83 65 3 2
8 76 4 3
28 62 2 4
21 44 2 2
34 17 2 3
34 42 2 3
7 54 2 4
49 46 4 4
88 23 2 3
15 4 3 2
47 55 4 4
9 23 3 4
94 10 2 5
70 25 5 2
75 37 2 3
82 42 5 5
57 53 3 4
79 78 3 2
67 27 2 5
45 12 2 3
50 77 2 2
30 77 2 3
17 11 3 4
81 56 5 2
67 83 4 3
91 5 3 2
2 70 3 4
71 93 4 5
95 63 3 2
5 65 5 4
37 47 3 5
53 68 2 3
17 57 5 2
90 62 3 3
9 41 3 4
60 27 4 5
68 57 4 5
90 34 4 2
45 2 2 5
20 29 2 3
43 50 2 2
18 51 2 3
71 90 2 2
24 84 3 4
24 39 2 2
78 41 2 4
89 96 2 2
80 67 2 4
50 10 5 3
95 88 2 4
28 83 2 3
72 47 4 4
51 51 2 2
61 63 2 5
51 33 3 2
64 88 5 2
71 13 2 5
64 23 3 3
87 8 3 3
46 74 2 4
29 67 2 2
80 60 3 3
95 41 2 3
74 66 4 5
89 57 3 4
48 42 2 2
8 85 2 5
29 46 3 4
80 37 2 3
73 5 3 3
60 71 3 4
39 12 2 5
43 42 2 4
51 16 2 4
67 13 2 2
9 7 4 2
13 67 3 3
71 64 2 2
16 72 3 3
70 73 2 5
94 45 2 2
16 34 2 4
84 28 2 5
67 5 2 2
95 4 2 2
11 48 4 4
34 61 5 3
63 7 2 2
4 15 2 4
22 5 4 2
9 61 3 3
74 18 4 2
40 87 4 3
25 56 4 5
58 11 3 4
20 91 3 2
52 38 2 4
37 43 3 2
24 69 2 4
39 35 3 5
58 4 3 3
21 68 2 5
90 37 4 3
64 40 2 3
54 19 3 2
62 91 4 2
70 87 5 2
87 13 4 2
30 7 4 3
27 51 2 3
59 33 2 5
29 95 2 3
42 30 5 2
47 61 5 5
65 33 3 3
83 72 3 2
42 22 3 2
11 94 2 2
29 91 5 2
20 47 2 3
55 23 4 2
73 52 3 4
57 77 4 2
54 15 2 2
45 39 2 2
89 41 3 4
51 94 4 2
53 88 4 2
59 80 5 3
87 18 3 3
75 73 5 2
27 78 2 4
21 65 4 2
46 93 2 4
80 6 2 3
69 37 5 4
24 16 5 4
