21 20 5 5
15 96 3 2
10 65 5 5
77 60 4 2
2 59 4 5
62 50 5 5
71 92 4 4
39 71 4 2
68 14 5 5
40 76 4 5
42 87 2 3
47 34 4 5
93 65 4 2
93 2 3 4
74 66 3 5
81 71 2 3
48 29 5 4
34 90 3 2
56 16 4 5
18 24 2 4
27 17 2 3
84 32 4 3
4 78 4 5
8 59 3 3
45 4 2 2
21 6 3 4
30 34 4 4
28 3 3 2
82 89 5 5
83 7 3 2
12 24 3 3
39 25 5 2
21 80 4 3
19 69 4 4
81 79 5 2
4 43 3 3
50 7 3 3
81 2 4 3
82 44 5 4
87 83 3 2
84 23 2 2
33 69 2 3
13 84 2 2
68 28 4 3
51 59 5 4
62 22 4 3
78 64 2 2
53 40 5 5
9 18 2 2
3 6 4 2
34 61 5 2
21 88 5 5
68 57 5 4
46 47 4 4
64 28 3 3
2 52 2 4
55 88 2 4
28 49 4 4
55 6 2 4
69 87 3 4
16 16 2 5
68 49 3 2
66 70 2 3
58 4 5 3
40 47 2 5
76 25 3 4
60 9 2 4
6 67 2 5
85 10 3 2
58 93 5 3
53 79 3 3
37 64 3 4
93 55 2 5
69 43 5 2
45 84 3 3
6 30 3 2
95 78 2 5
64 93 3 4
83 13 4 5
90 31 5 5
87 75 4 2
19 11 4 3
27 79 2 5
92 72 5 4
45 74 4 3
56 22 4 5
27 31 2 4
65 63 5 4
42 43 3 2
15 75 2 2
60 60 3 4
9 13 3 4
44 17 2 3
80 8 2 2
58 78 2 4
12 59 4 2
71 70 2 5
77 37 4 5
75 8 3 2
86 71 4 3
70 36 5 3
48 88 4 2
10 40 5 4
12 8 5 4
45 79 3 4
80 20 3 3
9 80 2 4
24 54 5 2
19 45 5 2
32 15 4 3
77 55 2 3
9 95 2 3
37 43 2 3
74 76 2 2
46 70 4 3
12 88 3 4
28 22 4 3
68 4 3 5
89 40 2 2
28 65 3 3
2 67 3 3
89 78 3 2
34 73 2 4
19 51 2 5
61 66 3 2
70 78 3 2
67 22 3 2
36 96 2 2
30 28 4 5
29 89 4 2
6 36 4 2
62 15 3 3
16 88 3 4
64 33 5 3
49 18 4 2
25 11 5 3
87 22 4 5
50 74 4 2
38 86 3 3
4 75 3 2
66 78 2 2
78 14 4 2
88 4 4 5
18 2 3 2
73 85 3 2
23 36 5 5
30 79 2 4
85 51 3 5
88 28 2 2
55 68 5 3
83 58 3 4
61 45 3 3
48 21 2 2
30 70 2 4
73 88 4 3
42 92 4 4
55 34 3 5
44 59 5 2
11 29 4 5
9 54 3 2
62 74 2 2
43 30 3 4
59 83 3 5
3 86 4 5
38 31 2 4
80 67 4 2
93 93 5 5
53 51 3 4
34 48 5 5
47 54 5 2
24 73 2 4
42 40 5 2
86 65 5 4
47 9 2 3
42 10 4 3
60 33 2 4
30 41 5 4
77 75 4 2
9 23 2 3
48 65 2 3
3 23 2 3
91 86 4 4
36 19 3 3
2 15 3 5
34 54 2 3
12 49 5 2
68 53 4 3
33 81 3 4
75 3 5 4
34 8 2 2
61 38 5 4
16 31 4 5
90 43 5 2
54 31 2 2
78 89 3 3
22 32 4 2
72 62 4 3
63 9 2 2
2 93 5 3
75 49 5 4
