51 76 4 5
31 92 3 3
71 57 2 2
24 58 2 2
34 80 2 3
23 91 5 2
52 89 2 4
66 49 5 4
42 8 2 3
7 15 5 4
72 75 5 5
34 8 4 2
89 54 2 5
45 16 5 2
6 64 4 2
14 73 4 4
82 9 5 4
24 21 5 4
75 12 4 5
66 91 2 5
8 83 2 2
47 10 4 5
84 57 4 2
2 27 5 5
94 84 4 3
20 12 3 4
88 21 4 3
2 4 2 3
31 37 3 2
21 33 2 5
63 30 5 5
43 56 3 2
86 86 5 2
66 78 5 2
16 19 3 2
53 19 2 4
49 37 5 2
93 12 3 3
68 14 4 4
46 61 2 2
40 34 4 2
52 50 2 2
35 27 2 2
42 84 3 4
51 71 5 3
5 37 4 3
70 43 2 4
93 89 5 3
12 21 3 4
62 12 3 3
3 85 4 3
11 96 5 2
77 30 5 2
70 8 5 3
4 51 3 4
39 69 2 5
67 43 2 4
34 43 3 3
85 4 4 3
16 60 5 2
55 13 4 5
91 28 2 5
29 49 2 5
88 75 2 4
64 36 5 4
31 31 5 5
45 72 3 4
91 46 5 3
49 67 3 3
46 23 3 2
12 34 2 3
48 27 5 4
9 91 4 3
14 44 5 2
20 84 3 3
94 75 2 5
90 35 5 4
10 46 2 5
66 5 2 5
80 33 4 4
21 66 2 3
43 91 2 3
41 79 4 3
21 74 4 3
61 17 4 2
92 5 5 4
84 60 3 5
78 91 5 2
7 41 5 4
63 59 4 3
59 87 2 5
75 61 3 2
92 52 2 2
77 66 3 5
25 31 4 5
25 39 3 5
57 27 2 4
15 49 5 2
15 30 3 5
79 3 5 2
41 46 3 5
59 46 4 4
14 54 2 2
57 79 4 3
15 80 5 3
89 95 2 3
38 17 3 2
71 69 2 4
27 16 2 2
81 67 4 4
62 7 3 4
82 14 2 3
30 57 5 3
64 21 3 3
28 9 3 4
22 47 4 5
4 23 5 3
27 64 4 4
32 49 4 2
84 45 3 2
44 52 4 3
58 55 4 5
4 46 2 3
31 76 2 3
23 80 5 3
62 66 3 5
73 45 2 2
19 56 2 2
35 14 2 3
81 19 4 5
48 3 3 2
46 83 3 5
96 16 2 2
77 6 2 3
90 71 5 3
55 37 4 4
54 94 3 4
82 41 3 2
48 94 2 2
38 20 2 3
65 84 4 3
11 7 4 4
38 91 4 3
4 11 3 3
73 34 4 3
92 61 5 3
80 52 4 2
38 28 2 3
35 3 4 4
12 60 3 3
39 65 4 3
76 57 2 2
84 30 5 2
29 26 5 3
41 22 4 2
80 78 4 2
8 76 3 5
3 94 4 4
62 96 3 2
32 68 3 5
74 52 5 2
9 30 5 2
33 62 4 2
66 69 3 2
86 94 2 2
88 49 2 2
56 63 2 4
82 27 4 2
93 96 2 2
44 66 3 4
19 5 3 2
5 7 2 3
51 43 4 3
6 68 4 4
59 8 2 2
2 18 2 2
13 85 4 4
86 82 4 2
51 54 4 4
94 20 3 5
70 22 5 3
30 84 3 3
71 91 2 4
32 11 5 2
43 31 3 2
59 74 2 4
77 38 4 2
43 5 2 2
39 57 2 2
24 53 4 4
2 63 3 4
17 36 2 5
38 48 2 3
65 74 4 2
69 26 4 4
75 83 4 4
34 76 4 2
23 61 4 2
45 44 5 5
67 66 5 2
