4 49 5 2
72 57 4 3
62 78 5 2
75 33 2 5
45 14 2 3
18 57 3 2
16 26 2 3
51 26 2 3
81 94 3 2
9 42 3 3
47 4 3 5
3 55 2 4
4 74 5 5
68 94 5 2
36 54 3 2
77 86 2 4
90 47 5 4
24 80 3 3
35 2 3 3
76 26 3 3
21 39 4 2
93 27 2 5
32 53 2 2
54 52 5 4
54 91 3 3
27 91 3 5
37 76 4 2
30 17 3 5
91 7 3 4
59 10 2 3
21 23 2 4
23 54 4 2
48 76 4 2
88 53 4 4
60 94 2 4
83 4 5 3
87 61 3 5
86 41 3 3
51 64 3 4
42 82 2 2
77 60 4 3
51 81 2 2
46 53 5 4
17 12 3 3
68 42 4 3
62 51 3 2
51 30 5 2
83 71 2 5
84 32 3 3
27 27 5 4
24 24 2 4
56 16 5 3
67 84 3 3
36 45 3 4
91 40 2 5
67 27 3 2
96 4 2 3
37 79 2 5
63 22 5 3
23 7 5 5
35 88 2 3
17 45 3 3
37 40 2 2
59 43 5 3
31 76 4 2
89 14 2 5
19 84 5 3
78 22 2 3
74 8 3 4
59 37 2 4
77 15 5 3
12 75 5 3
34 34 5 3
10 17 5 4
54 76 3 2
33 28 4 5
2 89 5 2
11 33 2 4
13 59 4 4
71 66 5 3
12 87 4 4
59 61 3 2
27 60 5 3
41 94 2 3
62 84 2 5
41 19 2 4
80 71 2 3
10 69 3 2
50 48 2 4
42 58 3 4
5 6 5 3
77 73 2 5
64 15 2 2
56 84 4 2
29 42 4 5
30 70 5 4
47 20 5 2
21 89 4 2
85 86 3 3
95 95 3 2
80 8 3 4
29 2 2 3
39 88 4 4
93 76 4 4
85 11 2 2
72 80 4 5
66 9 5 3
55 9 2 2
25 57 4 2
28 52 2 4
46 46 2 4
10 26 2 5
21 16 4 4
77 68 2 3
20 66 5 2
73 19 2 3
32 5 2 3
11 94 3 3
84 79 4 3
6 36 3 3
48 12 5 4
55 24 5 4
52 42 4 5
59 33 4 2
39 24 4 5
63 72 2 4
14 52 2 5
34 62 3 4
91 89 3 2
85 47 2 5
14 33 5 2
23 70 2 4
3 80 2 2
65 30 5 2
76 49 5 3
88 70 5 5
51 2 4 2
36 16 3 4
4 30 3 5
47 64 3 5
42 75 4 2
6 42 2 4
25 46 3 3
9 90 2 3
96 8 2 3
44 41 4 2
40 14 2 4
73 76 3 2
69 22 3 2
16 20 3 4
20 28 3 3
41 30 2 4
91 60 2 2
67 89 2 3
47 89 2 4
79 3 2 3
66 64 2 3
26 87 4 2
2 41 3 3
81 33 2 2
12 6 5 3
88 21 4 2
9 55 3 2
71 52 2 2
25 32 5 3
18 5 3 4
78 33 2 4
63 56 5 3
62 18 5 2
47 33 3 3
94 39 4 3
36 69 5 2
94 60 4 4
42 6 3 2
12 66 4 2
3 24 3 5
63 64 2 2
76 43 2 5
85 91 2 5
52 95 3 3
86 37 4 2
59 30 3 2
67 36 2 5
82 67 5 2
17 67 2 2
52 39 4 2
49 94 2 2
18 93 3 3
31 83 3 2
3 86 5 2
18 80 5 2
27 14 2 2
94 66 3 3
43 70 2 2
7 16 2 4
11 12 4 4
82 83 2 4
89 96 4 2
63 67 2 3
93 85 4 3
