26 5 4 5
79 91 2 2
26 2 3 2
37 25 3 5
49 64 4 2
46 74 4 4
80 44 4 3
35 50 3 5
55 9 4 5
89 45 2 3
47 45 5 3
70 31 2 3
28 35 2 2
79 57 2 4
8 43 4 3
53 27 3 2
72 46 2 4
91 4 4 2
35 34 3 5
88 67 2 4
3 90 5 3
38 46 5 2
74 38 3 3
85 92 5 4
7 22 5 4
90 39 5 2
29 38 5 5
32 75 4 3
21 51 5 4
88 9 5 4
13 81 2 5
48 59 4 3
18 29 2 4
21 89 3 5
71 75 5 3
74 34 2 3
8 69 4 5
28 18 3 3
2 18 2 2
64 12 3 2
76 69 5 4
61 48 4 2
32 14 2 4
45 68 2 3
80 16 4 3
25 14 3 2
4 4 3 4
12 5 4 3
13 40 2 4
44 23 4 4
43 92 2 2
8 49 2 2
54 49 3 5
27 49 2 5
48 6 4 3
36 22 5 2
14 18 2 5
95 34 3 4
56 79 4 2
62 39 3 3
79 37 3 2
19 74 5 3
53 38 4 3
48 41 4 2
80 3 3 2
42 61 2 5
92 93 3 2
31 67 5 5
9 14 5 3
17 62 4 3
46 12 2 2
31 56 2 2
49 18 2 2
66 3 2 5
26 56 2 5
57 89 2 2
41 12 4 4
23 39 5 3
58 26 2 2
95 47 2 3
42 17 4 5
63 55 5 3
81 76 5 3
23 65 5 5
55 92 2 2
15 57 4 2
17 9 3 3
74 24 4 3
35 8 4 3
37 66 2 5
15 26 2 2
71 67 2 3
37 72 4 2
80 31 2 3
33 96 4 2
61 84 3 5
6 85 2 2
69 53 5 3
63 33 3 3
8 52 5 4
67 45 4 2
80 84 4 4
19 85 4 3
59 68 5 2
78 41 5 2
41 77 2 5
2 39 4 5
23 79 4 2
57 83 2 4
77 52 2 3
58 51 4 4
29 83 5 2
58 58 3 3
90 76 2 4
93 42 2 3
57 29 2 3
27 26 2 5
57 45 4 2
58 36 2 4
40 32 5 3
47 31 2 2
67 74 3 2
62 21 2 5
92 16 2 4
47 34 4 5
91 54 5 2
70 82 4 2
21 33 4 4
83 27 5 4
82 69 2 4
3 32 4 4
81 9 4 3
38 56 4 4
89 50 5 2
11 9 3 3
59 15 2 2
58 5 4 3
40 3 4 4
93 23 5 5
90 60 4 4
70 87 5 4
70 16 2 2
20 45 4 4
56 74 3 4
72 59 2 4
33 79 3 2
7 78 4 4
52 20 2 5
77 95 2 3
16 38 5 3
94 88 4 2
37 77 3 2
92 68 3 3
89 29 2 4
72 6 3 3
17 42 2 2
64 61 4 5
62 71 2 2
37 86 4 4
44 79 3 5
90 85 2 4
2 53 3 5
85 35 5 3
49 69 5 3
26 87 2 3
68 11 5 3
39 93 2 5
83 60 2 5
63 95 4 3
83 22 5 2
68 35 4 3
83 48 4 5
47 94 4 4
15 66 3 3
50 3 2 2
13 34 5 3
33 61 5 4
68 25 3 5
8 30 5 2
3 66 3 2
28 80 4 2
84 55 5 4
76 28 2 4
23 18 4 2
13 71 4 2
7 57 3 2
76 84 3 2
94 31 3 2
68 96 3 2
9 92 5 3
11 88 5 3
17 4 4 2
45 89 3 2
3 50 3 2
86 41 2 4
67 49 4 3
47 50 5 4
45 3 3 2
18 17 2 4
96 8 2 4
