71 88 5 5
64 73 3 5
85 72 2 3
92 42 2 3
53 53 4 3
66 42 5 3
4 11 5 2
32 38 2 4
27 47 5 5
20 70 2 2
43 66 3 3
9 50 4 4
3 86 4 3
29 74 3 4
85 78 2 2
16 74 3 2
21 7 3 3
77 55 2 3
22 73 3 4
23 15 3 5
46 84 4 2
59 27 5 2
96 71 2 3
44 88 4 3
4 43 2 5
69 94 4 3
63 3 2 4
88 60 3 4
21 51 2 3
23 66 4 3
55 86 4 3
29 33 5 4
27 3 5 4
6 23 5 2
53 71 4 5
23 27 3 5
94 28 4 2
14 52 3 2
78 10 5 2
33 4 2 5
77 23 3 5
95 81 2 2
26 81 3 4
34 63 2 5
38 27 2 3
37 37 4 2
41 82 2 5
5 76 2 4
58 56 4 2
67 25 2 2
89 6 3 2
33 56 4 3
94 46 3 3
8 6 4 3
63 54 2 3
40 6 2 5
32 19 2 2
89 94 5 3
41 73 4 2
82 40 3 5
94 16 3 4
23 61 4 3
80 54 2 5
87 26 5 4
70 81 5 3
58 38 3 5
78 70 4 5
87 50 2 2
69 65 5 4
62 31 3 4
13 87 4 2
36 32 3 4
38 90 4 2
20 36 5 2
66 13 2 3
45 2 2 3
55 80 4 4
86 3 2 4
37 79 4 2
61 49 3 4
62 9 2 3
46 38 5 4
15 27 4 2
31 80 5 5
27 19 4 2
63 37 5 2
64 19 5 4
52 29 5 3
9 18 3 4
66 93 2 4
22 12 3 2
31 63 2 4
10 46 2 2
31 28 4 2
41 21 4 5
18 15 4 2
79 90 2 2
13 66 3 4
54 61 4 5
77 3 4 3
38 41 3 5
21 80 2 4
63 68 2 2
20 18 2 4
13 82 5 3
9 64 2 4
91 22 5 2
34 86 2 5
60 80 4 2
76 42 5 4
24 93 3 4
57 34 3 3
28 96 2 2
78 63 3 5
52 24 4 3
44 6 4 3
44 95 3 3
70 55 2 5
43 11 2 2
6 33 3 3
34 93 4 3
3 64 2 3
17 41 2 4
11 71 2 2
2 90 3 2
83 36 3 2
95 38 3 4
69 2 4 4
66 7 5 2
48 67 4 5
76 20 3 2
82 31 3 4
48 57 4 5
86 46 2 2
22 87 4 5
61 19 2 4
84 19 3 5
47 49 2 5
27 9 5 4
2 53 2 5
6 93 3 3
69 13 5 5
64 88 5 4
10 31 3 4
90 78 2 3
10 77 5 3
14 20 3 3
45 31 2 4
73 30 2 3
72 71 5 4
83 91 4 5
31 87 2 3
26 43 2 3
50 93 4 3
13 56 4 4
55 3 4 3
56 16 2 2
93 70 2 4
39 14 2 2
5 56 2 5
90 53 5 4
42 59 3 5
27 38 3 2
46 78 2 2
9 43 4 2
28 86 2 5
52 10 4 2
81 15 4 3
83 64 4 2
80 48 2 3
76 30 3 4
71 49 5 2
66 79 3 3
79 79 2 4
59 13 2 3
90 69 2 4
89 35 3 4
83 56 2 2
48 22 2 5
4 8 3 2
2 39 2 2
19 90 2 2
49 28 2 2
4 3 4 2
50 79 2 4
14 13 2 4
34 72 5 4
65 64 3 2
40 54 2 3
77 35 2 3
4 69 2 4
12 94 5 4
36 14 2 2
76 84 5 3
83 67 2 4
83 88 3 2
71 23 2 2
39 59 2 5
73 7 5 2
94 59 4 2
