15 46 4 2
91 29 3 4
27 31 5 2
87 34 4 3
24 24 5 5
43 32 4 5
27 71 4 5
2 11 2 3
30 94 2 2
28 53 3 5
57 14 2 2
47 85 3 4
83 79 2 5
7 5 3 4
17 38 2 4
70 94 3 3
9 45 4 3
30 88 2 5
68 80 2 3
77 90 5 4
92 78 2 2
17 93 5 3
88 68 5 2
34 38 2 4
18 84 5 2
24 3 2 4
86 54 4 5
49 27 5 5
65 41 5 5
25 9 2 5
5 61 3 4
34 73 2 3
28 35 4 5
40 68 5 5
12 61 3 3
70 25 5 3
86 13 4 2
54 52 5 2
25 48 4 2
84 6 2 2
75 95 4 2
66 89 5 3
50 76 2 2
71 3 3 3
55 41 5 2
89 25 4 3
31 42 2 5
37 14 2 5
60 73 3 5
76 17 3 4
24 17 2 5
19 70 5 5
43 76 2 2
16 25 2 4
48 5 5 3
88 20 2 4
68 6 2 5
72 79 5 3
5 17 4 5
22 34 3 3
85 43 5 2
71 31 3 4
11 18 2 3
35 30 4 4
32 69 3 3
60 46 4 4
11 13 5 2
86 93 2 5
62 23 2 3
23 88 4 4
42 4 5 5
18 10 5 2
33 56 2 2
68 49 3 4
41 82 5 2
81 21 2 3
53 22 5 4
78 62 3 5
72 63 4 4
42 52 5 4
86 75 3 5
55 7 3 3
2 23 3 3
23 64 5 2
94 65 2 4
9 49 2 4
89 62 3 4
73 10 5 4
75 74 4 4
40 26 5 5
35 64 2 3
55 68 2 5
39 8 2 4
83 36 2 5
63 67 5 2
53 34 5 3
37 87 5 3
37 75 2 2
89 50 4 2
59 30 5 3
18 65 2 4
15 56 4 4
54 74 5 3
11 78 3 5
11 70 2 5
3 47 4 5
19 43 3 2
70 57 5 3
81 9 2 2
32 4 2 2
62 53 4 5
53 46 2 3
44 17 5 5
4 30 4 5
44 90 3 5
52 91 2 3
19 30 5 3
91 18 3 3
24 95 5 2
66 85 4 3
92 37 2 4
60 59 3 4
9 31 4 4
34 49 5 4
16 88 3 4
94 7 3 3
56 90 3 2
28 9 2 5
36 94 4 4
93 89 3 5
55 93 4 2
53 82 4 4
63 80 2 2
21 79 5 2
80 50 3 2
6 25 2 4
8 78 2 5
42 58 2 2
95 34 3 4
65 13 4 5
59 82 2 4
33 79 5 3
38 91 2 2
49 58 4 5
93 11 5 4
77 58 3 3
6 70 3 5
61 39 3 2
70 75 2 2
83 87 2 3
40 62 2 3
35 5 2 3
82 72 3 5
71 22 4 2
15 18 2 5
75 47 4 3
61 12 2 4
87 90 5 2
95 58 2 2
81 31 4 3
6 90 3 2
54 57 2 3
96 73 2 3
58 18 2 2
42 12 5 2
81 25 5 2
7 36 3 5
74 68 2 3
30 84 2 2
66 70 2 2
21 54 3 4
16 52 4 3
43 38 5 5
73 40 2 4
34 25 2 3
6 56 4 4
94 53 4 3
47 65 4 2
39 44 4 3
75 31 4 4
31 21 2 2
51 12 2 5
65 29 5 4
88 6 3 4
61 43 3 2
40 21 3 3
51 70 2 2
8 42 3 2
37 56 4 2
72 88 2 5
66 21 3 4
29 18 5 2
70 37 2 3
2 53 4 2
6 85 4 4
61 88 4 4
55 30 2 3
78 82 4 2
83 60 4 4
29 78 2 4
