38 58 5 2
58 31 2 3
64 35 4 3
50 35 5 4
75 59 3 3
77 72 2 3
17 74 4 3
33 47 5 3
45 53 2 4
84 79 3 2
15 57 4 2
92 74 4 3
34 73 2 2
45 49 4 3
24 64 4 2
12 63 4 3
16 94 2 4
74 83 5 3
75 18 2 5
67 11 5 5
76 4 5 3
67 92 5 3
87 8 4 5
91 35 3 4
93 8 3 4
10 67 5 5
86 73 4 2
85 92 4 3
4 34 5 3
69 88 4 3
62 84 3 5
58 2 3 2
52 6 4 2
40 44 2 4
32 82 3 4
76 63 3 3
35 89 3 3
38 54 5 2
10 79 4 2
85 23 3 2
67 73 2 3
55 10 3 3
74 69 2 4
3 58 3 3
48 78 5 4
9 25 5 5
31 7 2 5
11 16 2 2
82 83 4 4
42 80 4 3
47 83 3 3
8 49 2 5
89 40 2 3
14 45 5 4
53 61 2 5
45 36 4 3
65 24 4 4
19 89 4 5
12 4 5 4
16 25 2 4
41 11 5 2
21 23 5 4
81 39 3 4
63 18 5 2
35 6 4 4
31 20 4 5
81 93 3 3
11 48 2 3
16 34 4 4
40 27 4 2
59 65 3 5
58 44 4 5
92 14 2 5
2 67 3 4
77 55 3 3
67 63 4 3
5 91 2 5
34 66 5 5
27 15 2 2
70 43 5 3
55 75 4 3
95 20 3 5
47 68 2 4
2 25 5 3
45 20 3 3
81 67 4 3
29 96 2 2
18 81 4 5
73 9 5 2
49 61 3 4
77 46 3 4
51 24 3 3
24 3 4 4
26 85 5 4
10 83 3 2
80 62 4 2
25 55 3 5
3 2 3 2
94 69 2 3
25 36 5 4
6 38 2 3
81 50 2 5
86 54 4 5
66 54 3 4
59 59 2 3
93 57 5 4
18 30 2 2
42 64 3 4
56 27 4 3
85 14 5 3
30 90 3 3
20 56 3 4
65 77 4 4
51 28 3 3
8 57 2 5
93 50 2 4
85 18 2 4
63 40 4 4
76 26 5 5
75 77 4 4
3 49 4 3
16 91 2 2
47 73 3 2
52 55 4 2
73 93 3 2
59 52 2 2
30 76 2 4
33 36 2 4
9 76 5 2
8 88 2 4
4 6 5 5
6 65 2 2
59 55 3 2
93 92 4 2
31 42 4 3
55 16 5 3
21 9 4 4
5 75 3 4
76 37 2 5
52 73 2 2
63 66 3 2
23 79 5 4
17 52 4 2
71 36 4 2
49 13 3 4
3 84 3 2
80 33 5 5
20 41 2 4
26 69 5 4
96 30 2 5
37 83 3 5
93 64 3 2
60 96 2 2
42 89 5 3
82 27 4 3
46 2 3 3
29 62 4 5
4 20 4 2
65 49 3 3
52 67 4 3
69 59 3 3
29 30 3 4
9 19 2 3
92 88 2 2
24 93 2 5
92 83 2 3
45 76 2 3
71 49 4 2
41 36 3 2
95 81 3 3
59 37 3 5
33 76 2 3
26 49 4 4
86 64 5 2
11 36 4 3
27 91 2 4
90 28 4 2
49 93 4 3
80 75 2 4
95 85 3 3
30 14 5 5
87 46 3 3
32 55 4 5
23 42 3 4
16 15 4 3
37 72 3 5
37 27 2 3
27 11 2 2
93 47 5 2
59 21 5 2
19 2 3 2
22 28 5 5
13 40 3 3
11 10 2 5
38 93 2 2
69 84 2 2
52 46 2 5
46 30 3 4
65 7 2 3
73 32 3 3
