4 42 3 2
69 28 2 5
93 45 2 3
63 55 4 4
28 18 2 3
51 77 2 4
72 76 5 4
19 78 3 2
76 65 3 4
9 79 4 2
34 68 4 3
86 72 3 4
49 20 2 4
77 32 4 2
46 63 5 5
32 15 2 3
87 11 3 4
32 20 3 4
40 57 3 3
69 10 3 2
43 32 3 2
46 70 3 5
82 52 2 4
73 29 2 3
86 90 4 4
67 67 2 2
38 11 2 3
63 18 3 3
47 79 3 4
70 2 4 5
66 93 4 2
15 4 2 4
69 74 2 2
85 68 3 3
42 36 2 4
5 29 3 5
30 41 5 4
16 75 2 2
72 35 2 4
95 38 3 2
39 86 3 2
43 45 4 3
21 52 4 4
39 27 5 4
83 41 2 5
92 25 3 4
68 78 2 4
22 17 2 4
44 4 5 2
32 75 2 4
21 94 2 4
19 28 2 3
2 2 3 5
58 47 5 3
48 13 3 3
39 43 3 5
84 38 2 2
13 92 4 4
94 30 2 2
54 16 5 5
59 72 2 3
27 91 5 4
92 21 2 2
8 70 3 3
81 18 3 4
12 61 5 5
49 86 5 4
78 36 4 4
58 86 4 5
63 35 4 5
6 7 5 2
25 62 4 2
2 53 2 4
14 51 4 2
38 74 2 3
10 13 4 5
30 47 4 5
24 39 4 3
29 35 3 4
47 25 4 3
41 62 2 4
30 2 3 5
61 76 5 3
16 69 2 3
41 19 2 3
37 55 2 5
87 19 4 3
58 80 4 2
73 14 2 3
22 28 2 5
58 59 2 4
8 24 5 4
47 96 2 2
55 69 3 2
36 5 2 3
26 69 4 3
39 78 5 4
75 54 3 5
17 39 3 4
77 13 2 2
53 43 3 4
73 20 5 2
87 54 5 3
20 81 2 3
64 12 3 2
33 96 4 2
76 26 3 4
82 93 3 3
93 78 5 5
75 70 2 5
18 12 2 2
14 32 5 5
2 75 3 2
2 78 2 5
58 7 2 2
50 29 4 3
50 2 3 2
12 48 4 2
49 56 2 2
5 50 4 4
39 8 5 2
87 95 3 3
58 40 3 2
36 47 2 5
51 94 3 3
2 93 4 3
34 63 4 2
54 22 3 5
24 45 3 3
64 50 5 2
80 59 2 4
5 82 2 3
9 88 2 3
71 83 4 3
78 46 4 4
31 62 2 5
68 24 3 2
3 65 3 5
81 25 5 3
29 27 5 2
18 85 3 5
24 5 4 4
27 73 3 3
71 52 3 4
53 61 4 2
24 88 2 2
82 65 2 3
12 58 5 2
10 30 2 4
89 80 2 2
26 26 2 2
27 81 3 3
2 28 2 3
36 40 2 5
32 31 4 3
51 36 2 2
19 70 5 5
24 91 2 4
47 52 5 2
67 62 4 4
39 33 2 5
67 42 3 4
53 65 4 3
92 9 3 5
10 83 5 3
91 49 4 2
91 68 5 5
2 37 5 4
17 24 5 3
3 13 5 3
47 37 2 4
78 3 2 5
93 93 3 4
81 7 5 4
71 46 3 5
56 53 5 2
8 96 2 2
55 86 2 4
88 23 3 2
96 4 2 2
75 88 3 4
49 46 2 5
33 84 2 2
88 62 3 5
64 45 2 4
55 35 3 3
53 9 4 2
11 41 4 4
74 95 5 3
18 45 2 4
5 61 5 2
79 89 4 3
64 85 4 4
89 3 5 5
58 24 3 4
77 51 4 2
89 43 2 3
52 12 5 2
67 4 2 4
24 58 5 2
