74 64 3 5
81 11 2 5
76 90 4 3
28 79 5 4
6 27 2 5
59 71 2 5
44 26 2 2
16 75 5 2
10 24 5 2
14 63 3 3
43 15 3 2
43 20 2 4
92 52 3 2
78 32 5 3
8 63 3 5
62 23 4 4
47 93 4 4
56 4 2 2
20 30 4 3
51 23 3 4
18 23 3 3
86 34 3 5
57 47 2 2
41 80 5 4
85 74 2 5
5 47 4 4
71 36 3 2
22 81 3 2
84 45 3 3
93 60 3 3
90 31 5 3
36 52 4 5
49 70 3 3
16 69 2 5
29 25 4 3
9 27 5 3
34 37 4 2
37 25 5 2
95 37 2 2
24 66 4 2
44 2 4 5
9 83 3 2
21 45 4 2
71 20 4 3
67 8 2 4
10 58 3 4
87 10 5 5
94 18 2 3
63 54 3 4
88 81 4 5
9 5 2 4
63 30 4 4
41 55 3 3
46 74 3 4
55 51 3 5
52 35 4 5
82 40 2 4
93 10 3 2
35 80 5 4
55 9 2 2
61 5 2 3
40 38 5 5
65 73 2 4
3 69 3 2
7 90 5 3
47 11 3 4
22 5 5 3
37 71 5 3
30 93 3 2
23 35 2 5
31 8 2 2
48 25 2 2
82 3 3 5
78 36 2 3
36 19 5 2
27 73 2 5
2 82 5 4
16 49 4 5
34 2 4 4
70 59 4 3
8 79 3 3
28 19 4 5
22 41 5 2
89 56 3 5
81 49 2 4
16 88 4 2
90 23 4 5
24 56 2 3
53 17 2 2
66 38 3 2
34 13 2 4
34 47 3 4
38 60 4 5
7 33 4 2
11 40 3 2
71 87 5 2
28 4 2 2
63 86 5 3
27 54 4 2
17 80 3 2
76 15 3 2
25 49 3 3
29 47 2 5
86 58 2 4
32 90 5 2
90 41 4 2
83 88 2 2
57 91 2 3
79 62 4 2
12 95 2 3
52 74 3 2
75 55 4 3
49 50 4 4
69 2 3 2
58 35 4 2
56 17 2 5
31 42 3 4
69 50 3 4
79 72 2 4
49 42 2 2
10 36 5 2
6 5 2 2
56 84 2 3
93 83 5 4
83 92 5 3
44 29 2 2
14 56 5 2
13 67 2 3
72 25 4 2
74 42 5 3
94 89 2 2
44 46 2 4
89 92 4 5
18 95 2 3
15 3 5 3
61 61 4 4
83 54 4 3
86 87 4 2
16 15 4 3
21 53 2 4
55 66 2 4
5 10 2 2
39 44 4 3
62 79 5 5
61 17 4 2
22 21 3 4
70 71 4 2
38 12 2 5
49 2 5 3
23 73 3 4
11 14 4 3
71 7 2 5
64 47 4 3
58 28 3 3
43 62 5 5
5 52 2 5
52 57 2 3
26 31 5 3
43 32 2 4
25 12 3 5
44 87 5 2
68 64 5 2
93 77 2 3
39 28 3 4
88 71 5 3
69 17 2 2
2 75 2 5
7 19 2 4
47 37 2 4
8 43 5 2
3 42 4 2
89 2 5 2
12 46 3 4
18 35 2 2
34 95 2 3
55 24 2 2
81 80 3 4
3 14 4 2
39 75 3 4
73 16 2 3
49 80 5 3
76 9 4 5
37 87 4 2
28 37 4 2
21 94 4 2
48 57 2 2
68 79 4 5
68 41 5 2
63 14 4 2
94 44 4 3
52 85 2 2
55 43 3 3
82 66 5 2
90 17 3 5
34 25 2 4
22 26 5 2
83 19 2 5
8 52 3 5
69 75 5 2
80 58 5 2
