45 89 2 3
11 57 5 2
8 79 4 2
19 66 2 4
60 36 3 2
80 78 5 3
32 7 5 2
62 55 4 4
13 67 2 4
47 64 4 5
31 33 5 5
69 78 4 3
57 60 5 3
68 55 4 4
12 23 3 4
91 3 3 3
68 25 5 2
58 84 3 5
63 17 2 5
78 21 3 2
35 74 3 4
18 21 5 3
47 35 2 5
20 77 5 3
34 14 2 2
93 33 3 2
8 66 2 5
81 52 2 5
61 73 5 3
73 68 2 2
82 40 5 2
85 83 4 5
35 85 2 4
10 53 4 3
27 57 5 4
17 17 5 2
85 43 4 5
83 16 4 3
36 50 2 3
8 10 3 5
67 49 5 2
66 37 4 5
80 74 4 2
91 66 3 2
17 60 4 3
88 36 2 2
14 11 2 3
13 81 2 3
69 29 5 2
51 43 2 4
92 24 5 4
62 79 3 5
48 51 2 3
81 34 3 5
77 58 4 4
77 9 2 4
26 5 2 4
86 2 3 3
54 66 3 4
18 39 2 2
41 64 5 3
30 91 3 3
44 23 2 3
54 40 5 4
34 24 5 2
74 38 4 4
62 29 5 5
2 56 2 3
62 23 4 3
6 56 3 2
44 80 3 5
36 28 5 4
71 39 2 4
49 79 5 3
73 50 2 3
79 93 5 2
91 91 4 5
21 44 3 2
22 69 2 4
9 42 5 2
4 61 4 4
91 36 2 2
84 10 3 2
63 94 4 3
36 58 4 4
96 94 2 3
93 84 3 4
8 4 4 4
63 67 4 2
69 87 5 3
93 18 2 5
17 33 2 5
36 41 3 3
45 15 2 2
22 6 2 3
24 24 3 3
57 14 5 4
56 93 2 3
79 31 3 2
49 3 4 5
23 14 3 2
52 91 3 5
12 92 4 5
96 79 2 3
36 17 4 3
47 18 4 4
43 10 4 2
11 17 2 4
46 60 5 3
24 89 5 2
22 84 3 4
41 93 4 2
85 61 5 3
17 46 3 2
36 10 4 3
23 37 4 3
15 74 4 5
33 57 2 2
4 49 2 3
8 31 2 4
49 25 5 3
49 83 4 5
45 3 3 2
82 6 2 3
53 32 2 3
55 6 2 3
73 16 4 4
93 11 2 5
45 43 2 4
65 63 2 3
74 33 2 2
4 37 4 4
6 84 2 4
16 82 5 4
79 26 2 4
41 75 4 3
58 4 3 3
96 5 2 4
14 4 2 3
85 71 3 3
33 2 2 4
52 50 3 4
58 49 2 3
67 72 3 2
40 38 3 4
91 46 3 5
94 41 4 3
16 66 2 2
89 73 2 5
8 48 4 4
35 47 2 2
29 24 2 3
85 57 5 2
85 24 3 3
58 31 2 2
24 96 5 2
78 70 4 3
54 74 5 3
91 29 3 2
63 47 3 2
69 17 3 5
25 31 5 2
79 82 4 3
66 4 4 3
37 80 3 3
30 65 2 5
7 19 3 4
29 75 4 5
33 68 4 2
3 11 4 3
23 92 3 3
87 65 2 3
28 15 3 5
56 19 2 2
18 55 2 2
64 10 2 3
4 91 4 5
52 11 4 4
3 21 2 3
63 50 3 3
63 87 4 3
70 8 5 2
26 46 5 2
3 28 2 2
18 92 4 2
68 67 3 3
41 33 3 4
29 83 2 5
41 18 2 3
12 64 2 2
81 48 2 3
9 72 3 2
74 75 5 2
59 55 2 3
17 10 2 5
46 74 2 5
87 79 5 2
88 9 2 5
76 86 4 4
41 54 3 2
