6 63 5 3
79 83 4 4
77 70 5 4
79 43 2 5
75 6 5 3
70 70 4 4
53 16 4 2
36 8 4 4
6 43 5 2
13 64 5 4
8 56 2 5
17 87 5 5
94 42 4 5
13 41 4 2
58 38 5 2
46 81 4 3
25 58 3 3
23 3 3 3
60 27 5 4
15 49 2 4
91 48 2 4
90 90 3 4
28 91 5 3
72 92 5 3
51 64 4 3
96 57 2 2
6 78 5 2
26 96 2 2
87 75 2 4
66 7 3 5
43 32 3 5
64 72 5 5
79 63 5 5
82 16 4 3
90 56 3 2
84 24 3 5
68 46 3 2
57 61 3 5
66 24 4 2
22 73 2 3
42 85 4 5
35 37 2 5
9 81 3 4
55 2 4 3
12 95 5 3
91 11 3 3
11 54 3 2
22 18 5 2
20 60 3 3
55 80 3 3
92 72 5 5
29 80 2 4
73 28 4 4
82 4 5 4
79 27 2 2
8 90 5 3
38 57 2 3
67 51 4 5
55 53 3 3
80 53 5 3
33 76 3 4
26 70 4 4
47 75 2 3
28 87 2 3
61 69 3 2
75 34 4 5
60 34 5 2
2 7 4 3
85 89 2 2
79 75 3 4
9 69 3 3
66 15 3 2
47 93 4 3
11 46 2 3
61 90 3 2
65 61 5 5
27 28 4 3
20 67 4 3
3 82 3 2
94 34 2 3
32 9 2 4
37 80 3 5
15 22 5 4
85 81 5 5
48 32 3 2
3 89 4 2
16 17 2 3
75 13 4 5
7 25 2 4
14 82 4 4
62 78 2 3
21 54 3 2
9 33 5 2
46 7 4 3
78 31 3 2
87 11 2 3
22 93 2 3
12 30 3 2
67 86 5 5
16 72 5 2
53 74 4 3
23 78 5 4
59 6 2 2
3 37 3 2
51 9 3 2
41 18 3 4
39 38 2 4
85 68 2 4
65 92 5 3
38 51 3 4
19 16 2 5
25 11 5 5
9 50 4 3
82 58 2 2
2 29 2 4
4 58 2 4
91 2 4 3
60 49 3 5
20 38 5 5
47 85 5 5
47 49 2 5
19 30 3 4
89 42 2 3
19 50 3 3
71 41 5 4
19 76 2 3
58 77 3 2
57 68 2 3
39 46 5 3
9 8 4 5
41 67 4 3
61 15 2 3
52 32 3 2
90 20 5 4
2 20 4 5
86 31 4 2
30 3 3 3
33 53 4 5
94 7 3 2
35 47 3 2
67 96 2 2
92 64 3 4
31 66 3 2
88 65 2 4
3 51 5 2
74 2 5 2
4 48 4 2
68 80 5 2
37 28 2 3
21 12 3 3
9 73 4 4
66 18 5 3
31 17 4 3
84 48 4 3
38 72 3 3
11 58 3 4
45 28 5 3
17 7 3 5
74 61 2 2
23 49 3 3
56 20 2 4
3 70 3 5
4 93 2 5
61 42 3 5
62 96 4 2
57 43 3 2
52 93 3 4
66 33 3 3
74 84 3 2
53 27 2 3
24 23 5 4
38 15 3 2
29 45 4 4
47 40 4 5
21 7 3 3
39 62 2 3
94 95 4 2
43 73 3 5
43 93 2 2
32 27 2 5
22 84 4 2
41 43 5 2
10 2 3 4
7 15 5 2
62 10 3 2
36 93 3 5
75 20 2 2
55 7 3 2
88 95 2 2
8 21 3 2
54 39 3 3
41 56 3 4
84 44 2 2
51 51 2 5
45 59 5 3
49 36 4 3
40 91 2 3
86 56 2 3
93 27 3 2
27 53 5 4
