30 92 4 5
23 78 3 5
49 82 5 4
27 72 3 3
41 10 3 2
40 83 4 5
76 78 2 3
75 91 5 3
69 24 2 3
7 85 3 2
58 37 5 4
47 87 2 3
84 3 2 5
87 84 4 5
63 20 3 4
12 9 5 3
33 65 3 2
38 38 5 2
25 55 2 5
59 80 3 3
64 30 3 2
90 4 2 3
70 45 2 4
46 40 5 3
79 40 2 4
40 50 2 2
80 12 3 3
4 38 5 2
83 72 3 5
13 27 5 2
67 85 4 5
45 14 5 2
33 24 3 5
24 69 3 2
7 18 5 2
29 35 5 5
11 80 5 4
64 72 4 2
91 26 5 4
27 85 4 5
20 87 3 4
85 14 5 2
3 93 4 3
89 94 4 4
11 90 3 3
75 30 5 5
17 49 2 3
64 47 4 2
7 74 2 4
83 46 3 2
29 49 2 5
79 79 5 2
76 10 3 2
34 13 4 3
72 87 2 4
15 16 2 3
12 42 3 5
30 68 5 3
85 18 5 4
68 37 5 4
54 13 4 5
38 64 4 3
7 32 2 5
13 49 3 2
80 24 3 4
62 42 5 2
92 14 2 2
42 55 5 2
42 6 2 3
30 18 5 4
66 6 3 2
38 33 5 4
39 20 4 2
38 77 2 4
68 58 5 3
35 45 4 5
74 41 2 4
18 78 4 3
24 91 2 3
66 75 3 2
33 55 4 3
75 74 4 3
29 78 4 4
4 55 4 2
17 54 3 3
33 2 4 2
72 80 2 5
91 45 2 4
25 30 4 3
74 47 5 4
77 18 2 4
42 27 3 5
54 3 3 3
51 8 2 2
18 31 2 2
56 80 2 2
88 23 2 3
81 86 2 4
17 66 5 2
84 93 3 2
54 73 2 4
68 28 5 5
49 34 4 4
86 34 4 4
80 62 2 4
9 54 5 2
20 60 3 4
73 55 2 2
90 73 5 5
7 43 4 3
82 49 2 2
10 59 5 3
27 11 2 2
58 60 5 3
42 80 4 2
55 86 3 4
81 36 3 3
74 2 4 5
38 24 3 5
20 13 5 5
23 34 3 2
45 93 3 5
81 9 2 2
94 90 2 3
25 47 2 4
47 49 5 2
60 92 3 4
2 88 3 3
37 68 5 5
94 4 3 5
8 66 4 3
90 55 5 5
44 75 5 2
57 72 5 5
4 4 5 5
43 51 2 2
26 21 2 3
66 16 4 3
54 55 2 2
53 43 3 2
54 68 3 3
91 32 3 4
30 13 3 2
13 22 3 3
76 56 2 4
12 30 2 3
91 19 5 3
18 74 3 2
52 40 3 2
59 65 4 3
39 60 5 2
15 4 5 3
69 65 2 4
19 43 5 3
35 87 4 3
95 48 2 2
44 67 3 3
77 68 5 3
60 4 2 3
88 66 3 5
29 2 3 3
26 3 2 2
50 62 5 5
70 62 3 2
36 20 2 3
28 60 4 2
13 34 5 2
56 49 4 4
45 19 3 4
96 15 2 2
47 4 5 2
45 44 3 4
35 60 2 2
77 95 4 3
4 70 2 3
61 69 2 2
23 20 2 5
56 92 2 2
11 72 5 3
93 38 3 4
2 77 2 5
46 58 4 3
3 32 3 4
3 60 3 4
3 66 3 3
2 29 2 2
54 8 2 3
65 10 4 2
69 54 3 3
61 52 4 4
36 91 2 2
57 42 4 4
65 34 4 2
2 49 4 4
84 82 2 3
39 2 2 3
54 37 2 2
25 64 3 3
64 94 4 3
55 22 5 2
