77 8 5 2
69 28 3 5
9 42 3 5
20 62 3 2
63 92 3 4
33 62 4 5
39 67 2 2
75 20 3 5
48 71 4 5
14 77 2 5
24 91 3 4
53 56 2 5
48 46 5 3
6 54 5 4
74 60 2 3
31 7 3 5
85 72 2 4
63 8 2 4
64 39 2 3
85 82 5 5
21 37 3 3
92 5 4 2
40 82 4 2
40 72 5 3
61 19 5 4
76 41 2 2
68 39 2 5
12 15 4 5
85 17 4 3
80 38 3 3
57 90 3 3
57 73 3 4
90 11 4 5
50 36 2 2
26 53 4 3
15 94 2 2
24 15 2 2
5 66 4 5
39 54 3 2
42 14 4 2
67 67 5 3
56 6 3 2
67 91 2 3
51 39 5 3
31 2 5 4
8 81 5 2
82 24 4 4
16 89 4 4
32 15 4 4
17 30 3 4
12 70 5 2
95 55 2 3
45 3 5 5
86 34 2 5
74 33 5 5
51 28 5 2
32 87 3 5
37 41 5 4
85 90 4 5
25 82 4 5
26 73 2 3
7 33 2 5
28 70 5 2
93 29 5 3
18 42 3 2
16 60 2 3
93 34 2 3
5 46 2 2
69 77 5 3
27 65 3 2
74 11 4 3
90 96 2 2
61 26 4 4
80 59 5 5
73 48 3 5
7 75 5 4
71 91 3 2
17 82 5 5
86 52 5 2
68 23 5 4
76 88 4 4
50 82 2 4
54 18 5 2
2 55 2 2
51 96 2 2
85 65 5 3
38 61 3 2
65 72 3 4
56 31 5 3
17 22 3 2
33 81 5 3
71 39 3 3
2 34 3 3
63 66 3 2
2 20 2 4
3 3 4 4
85 6 2 4
62 79 3 5
54 82 2 2
8 24 5 4
3 13 2 3
49 31 5 4
28 30 5 2
17 54 2 4
19 10 4 2
80 48 4 3
45 77 4 5
32 37 4 5
67 11 2 5
91 22 2 2
56 50 3 2
24 57 3 4
22 21 4 4
80 42 2 3
85 47 2 4
29 23 4 4
80 93 2 2
58 79 3 4
49 15 3 2
54 23 4 4
53 85 2 5
88 26 4 5
5 59 5 2
60 38 3 2
9 5 4 4
27 12 3 3
92 62 2 2
2 91 3 5
7 10 5 4
72 71 5 2
82 12 5 4
4 49 4 2
2 28 2 2
38 17 3 2
88 42 4 5
39 23 3 5
44 64 5 5
42 93 5 5
41 32 3 4
43 59 4 2
92 81 2 3
34 21 3 2
96 73 2 4
53 64 3 3
87 69 2 2
76 83 5 3
37 47 5 4
63 69 3 2
32 44 3 4
56 45 2 3
89 73 3 4
45 54 3 4
76 29 3 3
57 94 4 2
75 93 2 2
20 69 2 3
80 52 3 4
54 10 4 4
36 90 3 5
66 60 2 5
70 55 3 4
29 46 2 4
17 49 5 2
16 5 5 2
93 69 2 5
52 50 2 2
8 93 4 5
63 53 2 3
75 26 3 2
25 34 5 5
24 44 3 3
90 33 2 5
41 85 3 4
4 17 3 2
18 94 2 4
66 84 4 5
13 34 3 5
76 15 3 4
36 85 4 2
65 31 3 5
42 8 2 4
5 62 3 2
47 10 4 2
91 87 4 4
56 53 4 3
45 20 4 4
68 17 4 4
44 44 3 4
2 63 2 3
78 66 5 2
93 38 5 2
29 75 2 4
67 47 4 2
11 61 3 4
88 59 4 2
58 58 5 2
89 39 3 2
67 6 5 4
32 49 4 4
51 7 2 2
