48 61 4 3
2 57 3 3
59 5 2 2
26 15 3 2
72 3 3 5
93 23 2 2
54 41 2 5
2 17 2 5
9 55 3 4
71 74 3 5
77 56 4 5
64 37 4 3
61 50 2 4
91 56 5 2
86 38 4 3
12 24 5 2
81 88 3 3
25 80 5 2
35 22 2 2
16 15 2 4
46 41 3 2
79 68 5 5
93 92 4 5
81 25 2 2
6 25 3 5
19 74 3 3
90 7 3 4
49 75 3 4
44 59 3 2
52 4 3 2
29 33 3 3
59 34 4 4
61 57 2 5
61 9 5 3
43 89 2 3
32 67 3 2
18 94 5 3
69 19 3 2
77 2 3 3
12 94 4 3
83 57 2 4
58 22 5 4
89 70 2 3
64 62 5 5
87 51 4 3
54 76 4 2
70 33 4 2
90 78 3 4
94 67 4 5
52 90 2 2
66 3 3 4
76 15 4 4
26 27 5 3
30 21 4 3
72 69 3 4
84 27 4 2
36 56 2 2
35 40 4 5
61 70 3 3
39 3 2 5
30 3 2 5
29 75 2 2
94 49 3 2
24 69 4 3
90 27 2 2
10 81 2 3
31 54 2 3
47 14 2 4
35 60 4 2
29 38 2 2
56 92 3 3
20 42 2 4
72 10 5 4
46 21 5 3
35 18 4 2
55 49 2 2
41 37 4 4
79 28 4 5
17 78 5 4
52 23 5 5
42 76 5 5
9 41 4 2
65 51 2 5
75 77 3 2
8 14 5 3
66 92 5 5
11 67 2 2
42 65 2 3
2 34 5 3
5 71 4 5
82 43 3 5
12 34 5 3
24 95 3 3
53 32 4 2
50 51 4 3
85 65 2 2
12 73 5 2
5 7 2 3
22 57 3 4
73 38 5 4
11 85 2 5
93 19 5 3
40 22 4 5
34 72 3 5
91 16 5 2
42 54 5 3
13 70 4 2
38 77 3 4
55 82 5 4
58 28 3 4
61 17 2 3
91 45 5 2
93 26 4 3
58 39 5 3
46 92 3 2
49 66 2 5
49 44 4 5
4 86 4 3
9 61 5 5
2 2 2 3
58 62 2 4
38 50 3 5
92 32 3 4
8 3 2 2
28 92 4 2
10 20 5 3
3 78 5 5
9 50 2 4
29 44 4 5
5 92 5 2
28 50 5 2
7 44 3 5
89 88 5 2
68 24 4 2
43 13 3 4
86 19 4 5
84 6 4 2
25 87 5 3
66 81 5 3
84 77 2 5
26 44 2 4
32 84 2 2
85 2 4 2
64 86 3 2
4 50 4 4
68 27 5 5
76 52 5 3
22 48 3 2
34 27 4 3
44 46 3 5
19 13 4 3
81 21 3 2
74 26 4 3
19 27 3 4
77 64 4 3
5 19 3 3
88 83 4 2
41 72 3 2
49 80 5 3
59 47 2 2
73 93 2 3
47 8 5 2
43 9 3 2
50 57 3 3
24 35 2 2
81 10 3 3
95 86 2 5
46 36 3 4
86 57 4 5
42 3 4 2
32 61 2 4
6 96 2 2
83 96 3 2
24 5 4 5
86 34 2 2
40 82 3 4
62 2 3 5
18 51 5 2
96 35 2 2
20 18 5 4
36 34 4 2
52 16 3 5
38 88 3 5
15 86 4 3
2 38 3 3
53 36 4 2
82 15 2 3
12 28 3 3
21 6 2 5
81 39 3 2
61 74 2 3
47 11 5 2
76 80 2 4
35 13 2 2
93 73 5 3
54 58 2 3
77 90 3 5
2 64 5 4
6 38 2 3
65 73 5 2
