109.734 12789
133.089 12821
102.525 11773
99.8924 11783
101.997 12869
97.5146 12933
98.6696 11711
106.542 12793
94.3243 11726
98.8937 11717
100.202 12768
101.002 13552
89.2327 10639
105.663 12565
94.1875 12744
97.2098 12821
87.1731 11286
106.97 13851
97.4366 11705
92.2623 11910
119.335 13827
120.497 11834
112.921 12726
90.8198 13632
112.946 12716
86.688 11813
99.4806 12746
92.6994 12852
94.5468 11715
128.909 12766
119.895 12915
111.046 12771
96.3142 12873
115.834 12994
84.1854 11708
114.125 13352
100.04 12842
101.693 11741
119.377 12749
107.206 12768
103.643 13861
100.796 11710
122.829 13809
104.288 12716
109.107 12816
96.192 12323
103.726 12801
103.507 11748
132.851 12817
131.154 12795
100.339 14027
104.514 12734
82.1359 12450
90.6207 14715
85.4341 10669
100.467 11736
102.783 12189
117.85 12732
103.594 13863
104.545 15879
100.943 12820
108.102 11769
100.628 12795
108.671 12759
105.068 12810
88.9723 11691
99.0765 12311
93.9733 10652
93.2941 12856
123.349 12837
90.0122 11713
96.29 13315
103.221 11678
105.435 12826
107.2 13695
112.466 12785
103.969 11739
109.975 14216
108.332 12756
111.456 13841
95.6733 10695
97.8348 11752
93.6179 11676
102.107 14465
115.61 12799
127.077 12875
84.6929 10696
98.7572 12908
93.9389 12939
110.435 12831
101.986 13812
99.9523 13864
91.7529 12774
87.1254 11772
115.112 14291
98.4206 12799
90.345 12775
88.6202 13075
98.2455 11806
100.948 11745
