140.992 2160
140.033 3316
112.222 1146
102.8 1117
105.176 2241
101.941 2197
104.85 2185
109.18 2157
96.7202 1129
99.8959 1121
103.306 1181
108.725 2187
96.2685 2207
115.384 2277
93.8799 1111
107.029 2205
87.7519 1136
128.315 2220
102.065 1125
91.9239 1148
119.792 2169
120.923 1117
117.744 1104
97.066 2212
114.896 1640
86.7944 1138
109.305 2199
93.9302 1136
94.8466 1153
142.718 2144
133.528 2235
113.719 2241
102.968 2184
120.621 2192
84.4714 1174
116.244 2195
102.003 1111
108.85 2178
127.946 1127
117.337 1130
121.948 2235
151.234 2171
129.621 2214
116.119 2198
109.401 1126
98.7797 1140
111.016 2150
108.674 1136
134.937 2156
145.671 3328
121.15 2259
113.969 2175
82.0061 1142
93.3814 1115
88.5135 1141
105.296 2209
109.457 1131
137.351 2179
103.992 1148
111.936 2194
104.828 2214
126.341 3276
106.073 1098
121.768 3235
113.935 3613
127.952 3704
100.039 1163
98.401 2204
95.6768 1121
125.946 2175
89.2687 1173
107.921 2243
109.25 2197
140.368 3233
115.835 2193
123.836 2205
114.579 2163
112.759 1151
116.792 2204
122.645 2220
100.024 2238
116.141 2203
94.8335 1158
106.779 2173
123.172 4323
140.36 3536
84.3445 1200
116.034 3278
97.5815 1113
126.203 2199
108.801 3251
103.315 1160
103.367 2179
88.7441 1121
124.92 1129
103.211 1098
91.9065 898
88.8498 1150
104.009 1127
107.983 2169
