122.918 1167
138.247 2212
125.927 1186
127.725 1173
104.915 1158
102.24 5160
104.524 2167
121.826 1113
111.309 1127
106.145 1114
137.244 1128
101.163 1110
99.306 1136
114.671 1119
95.9267 1119
107.002 1783
87.1155 1119
134.435 1186
102.605 1177
91.9536 1182
119.436 1151
127.615 1134
126.687 933
105.682 1126
131.904 460
103.948 4245
107.553 1261
96.3287 1380
98.2095 1134
138.341 1154
151.562 1116
115.391 1225
97.2067 2213
118.824 1161
84.8785 1189
116.782 1120
105.317 1149
153.143 1159
128.904 1121
108.499 1144
129.548 3280
188.405 2193
133.149 1521
124.394 1678
111.056 1223
121.821 1125
123.837 1122
111.12 1172
148.658 1156
149.664 2192
112.81 1408
139.774 1161
82.0101 1158
118.613 1141
85.3124 1152
143.96 1105
129.839 1145
156.184 1107
116.522 1143
126.87 1097
106.551 1132
117.152 1143
132.6 1133
125.729 2202
115.218 1162
88.1703 1143
101.13 1129
104.324 1149
93.5268 1148
139.314 1112
93.5117 1120
108.48 1131
118.216 1248
114.989 4309
119.119 1128
128.356 1228
108.007 1133
115.341 2227
109.913 1142
165.471 1165
138.304 1137
100.757 1221
100.056 1101
109.442 1149
126.806 2249
128.802 2192
84.346 1127
103.928 2161
98.3617 1140
141.249 1141
107.21 3314
114.89 1132
102.036 1116
94.8522 3299
147.764 1131
150.851 1101
90.3523 1194
105.156 1116
129.377 1107
108.156 1256
