109.339 0.000318117 108.356 0.000330607
137.37 0.000263936 132.655 0.000231032
110.32 0.000275351 104.713 0.000282232
101.304 0.00025076 98.187 0.000116982
108 0.000130117 102.983 0.000133237
100.54 0.00014446 94.7386 0.000243741
96.541 0.00026994 95.4586 0.000257487
112.759 0.00024997 105.968 0.000297705
98.9241 0.000173937 91.5173 0.000255813
100.705 0.000158953 97.877 0.000179309
104.035 0.000162985 103.83 0.000129512
97.6405 0.000266379 96.7839 0.000251813
93.8867 0.000264357 86.635 0.000466525
106.296 9.716e-05 105.394 8.0831e-05
96.2648 0.000119324 93.8644 9.84e-05
100.312 0.000114567 99.9252 0.000135267
87.0237 7.9517e-05 87.0231 8.1412e-05
110.317 0.000300412 106.666 0.000364268
104.297 0.000387028 99.1722 0.000382542
91.9239 2.9571e-05 91.9239 4.3556e-05
127.816 0.000242873 122.731 0.000245883
123.545 0.000113426 121.05 0.000139469
114.053 0.000136466 111.232 0.000118877
94.2619 0.000173235 88.6991 0.000234551
119.112 0.000119723 111.648 0.000154827
86.6155 0.00013901 86.5878 9.4039e-05
102.17 0.000241218 97.1329 0.000266494
94.2063 0.00014652 92.2172 0.000136148
94.714 0.000194619 94.2733 0.000171468
129.745 0.000259992 124.698 0.0002698
121.259 0.000254193 117.808 0.000186078
115.916 0.000217149 110.895 0.000295948
103.01 0.000322392 94.428 0.000359564
123.137 0.000371167 114.222 0.000227887
87.1127 0.000101268 83.3275 0.000165199
111.575 0.000137132 110.846 0.000180716
108.957 0.00010705 103.692 0.000151708
107.472 0.000160485 102.375 0.000222474
120.472 0.000337444 118.753 0.000268011
107.218 0.000178735 106.112 0.000137026
111.117 0.000273675 101.272 0.000311984
100.985 0.00034531 99.0697 0.000334257
122.912 0.000227666 120.696 0.000175865
109.554 0.000211767 106.33 0.000261885
109.743 0.000155617 107.391 0.000240459
96.7189 0.000239227 95.5157 0.000380495
104.719 0.000230807 103.924 0.000219514
108.614 0.000155674 103.29 0.000134551
133.743 0.00019958 128.461 0.000252081
131.067 0.000285426 125.586 0.000340274
109.385 0.000155731 109.299 0.000152177
105.701 0.000266614 100.382 0.000265255
82.0061 2.7682e-05 82.0061 4.8165e-05
91.5143 9.3834e-05 89.2883 0.000143051
86.8075 7.9633e-05 85.5176 0.000101526
112.774 0.00029305 98.8179 0.00032477
105.703 0.000194491 102.314 0.000175445
119.607 0.000300091 117.933 0.000289354
104.107 0.000189676 102.947 0.00015439
110.212 0.000312648 108.812 0.00028508
102.294 8.8569e-05 102.191 0.000138867
110.572 0.000216818 105.872 0.000202696
102.944 0.000182551 98.8527 0.000254608
117.36 0.000243758 111.819 0.000320707
109.359 0.000188297 108.695 0.000189179
91.048 0.000150699 87.7636 0.000138845
100.564 0.00012754 96.3637 0.000161987
100.799 0.000148024 97.536 0.000220485
99.1972 0.000149442 99.1366 0.000174802
128.599 0.000253759 122.933 0.000252976
89.7312 0.000161754 89.1991 0.000170244
101.893 0.000114403 98.1711 0.000135615
105.312 0.000205877 103.359 0.000260575
106.778 0.00029282 101.968 0.000302855
111.573 0.000328831 110.088 0.000402592
113.19 0.000146586 111.853 0.000167241
116.499 0.000202225 103.821 0.000265013
117.078 0.000262283 108.458 0.000274835
110.634 0.000157232 107.893 0.000146324
115.524 0.000128983 114.924 0.000130535
102.573 0.000127679 94.2253 0.000227127
104.367 0.000136297 96.5366 0.000162069
101.594 0.000134364 95.4243 0.000144488
102.87 0.000191614 101.114 0.000173438
128.028 0.000393648 116.246 0.000311446
130.487 0.000327859 123.505 0.000275009
84.3445 2.5188e-05 84.3445 4.1087e-05
104.145 0.000234601 96.1908 0.000210717
100.488 0.000106567 94.2948 0.000196494
113.868 0.000237802 110.011 0.000219531
110.74 0.000150246 101.194 0.000195125
102.639 0.000101297 99.5497 0.000136589
96.8895 0.000147517 89.7148 0.000249882
95.3445 0.000130747 94.5476 0.000168284
119.966 0.000295431 117.825 0.000387779
99.4361 0.000168867 95.7743 0.000180377
94.8926 0.000188886 90.0495 0.000196206
94.655 0.000120723 88.1183 0.000204893
97.7353 0.000171218 96.8204 0.000163399
103.02 0.000107484 100.554 0.000178371
