184.098 1131
167.44 1162
253.66 1184
137.267 1126
118.172 1127
147.272 1194
133.348 2213
133.089 1157
106.189 1123
189.693 1128
139.445 351
207.776 1109
189.915 1168
107.353 1125
108.804 1130
105.311 2186
138.18 4385
146.216 1142
174.235 1161
138.182 1106
189.679 1119
124.766 1153
128.371 1134
114.282 1173
122.1 1127
86.8133 1170
123.338 1117
135.983 1128
156.958 201
201.261 1139
142.483 1127
135.904 1162
177.591 1173
154.303 1168
85.1981 1151
118.443 1133
232.076 1153
160.98 1131
151.08 1203
157.268 1184
185.716 2911
233.008 1118
148.278 1131
156.105 1155
143.053 1220
191.553 1124
190.655 1146
120.528 1163
169.514 1126
190.975 1139
159.878 1124
129.625 1182
82.1859 1183
145.534 1119
126.596 1222
153.994 1146
112.246 1123
203.701 1157
161.646 1158
168.824 1154
133.462 1100
173.345 1152
133.17 1111
148.726 2129
135.963 1112
188.34 2316
120.881 1122
134.604 1107
117.872 1144
193.692 1155
104.982 1138
176.323 1150
154.292 1183
163.673 2184
140.897 1181
188.708 1217
124.145 1149
187.441 1123
141.398 1109
194.466 1131
159.673 1188
137.22 1098
212.186 1066
203.708 2403
187.344 505
168.821 1162
131.699 1117
161.802 1135
139.481 1186
152.637 1163
140.548 1170
118.764 1120
191.707 1123
172.331 1117
145.675 1256
241.76 1136
124.213 1159
101.308 1164
137.206 1148
121.044 1157
