150.248 1180
144.623 1275
112.065 1152
102.101 2185
112.911 1237
105.77 1099
116.38 1116
112.467 1021
99.0351 1145
118.944 1145
117.438 1134
101.61 2173
100.589 1158
115.11 1163
94.5209 1151
100.954 1143
87.028 1177
137.112 1129
143.198 1169
91.9241 1165
126.643 1139
130.681 1389
119.352 1137
96.6233 1772
113.516 1786
86.6219 834
114.119 1123
104.104 1159
96.5943 1178
149.04 1117
131.712 1097
112.879 1168
113.869 1141
117.026 1159
85.0646 1195
116.223 1136
121.406 1093
124.013 1161
125.613 1186
107.821 1105
159.177 1142
113.785 1114
134.53 1242
113.083 1123
130.665 1121
102.084 383
142.109 1117
131.426 1190
142.156 1117
158.216 1132
132.025 1120
117.587 2198
82.0061 1163
117.744 1147
88.3123 1151
105.688 1136
117.327 1127
142.361 463
103.188 1128
117.345 1123
106.547 2216
117.981 1199
128.865 1224
135.568 1119
124.394 1137
88.3083 1190
103.061 1140
126.69 1219
151.365 1143
127.27 1142
92.9505 1112
110.8 1119
121.674 1235
129.484 5119
120.629 1126
130.442 922
113.651 1183
129.749 1103
148.643 1107
128.31 1125
146.013 1146
141.413 1122
97.9847 1122
100.768 1137
114.204 1125
133.562 1173
84.589 1134
124.869 1168
99.2159 2241
126.035 1169
104.303 6532
108.882 1130
104.107 4631
87.3065 2171
137.55 1147
111.418 1108
91.1148 1155
90.4436 1152
127.609 1145
110.182 1147
