149.946 1600
152.568 1164
124.221 1162
103.702 1096
115.709 1119
114.894 1141
136.816 1106
110.938 1210
96.5358 1181
103.837 1112
109.238 1190
127.987 1148
106.739 1139
108.127 1129
95.7254 1123
106.709 1113
137.014 1237
141.676 1144
105.37 3291
91.9239 1102
119.749 1103
127.647 1158
118.919 1130
104.14 1176
115.82 1150
86.5919 1108
109.914 1105
122.199 1146
102.86 1134
148.752 1127
144.887 1322
113.745 1100
112.362 1116
125.567 3385
137.773 2438
139.197 1100
102.139 1173
107.441 1187
127.096 1140
106.492 1120
132.837 1172
120.059 1137
153.149 1108
117.563 1399
130.236 1135
119.296 1171
106.28 1175
118.419 1143
147.597 1095
160.435 1119
132.102 1111
138.25 1189
82.0061 3951
102.153 1355
85.1262 1128
102.577 1178
151.447 1121
169.774 1146
103.288 1120
205.474 1171
123.296 1145
120.562 1107
119.154 1159
134.975 1131
113.948 1229
110.585 4341
99.7106 2594
102.601 1386
94.6593 1157
126.79 1096
90.5378 1161
114.621 1133
114.118 1177
137.175 2870
136.439 1132
127.546 1121
132.42 1107
132.483 1118
118.197 1134
154.229 1162
111.082 1111
135.958 1191
96.299 1117
108.933 5196
118.351 1485
143.336 2198
84.3445 1129
116.109 1121
116.189 1119
126.066 1294
114.256 1133
105.853 1118
107.215 1109
88.525 1097
132.855 1857
103.991 1176
130.743 1094
94.5559 1194
118.555 1168
115.715 1159
