109.339 0.000298716 108.356 0.000796611
137.37 0.000244614 132.655 0.000473796
110.32 0.000305808 104.713 0.000594747
101.304 0.000308168 98.187 0.000193022
108 0.000131282 102.983 0.000210537
100.54 0.000110399 94.7382 0.000290448
96.541 0.000210709 95.4585 0.000255982
112.759 0.000266283 105.968 0.000741938
98.9241 0.000212352 91.2959 0.000644547
100.705 0.000163083 97.6467 0.00018246
104.035 0.000229319 103.83 0.000259135
97.6405 0.000318931 96.7839 0.000772528
93.8867 0.000155996 86.635 0.000495373
106.296 0.000104002 105.394 8.0382e-05
96.2648 0.000153879 93.8644 8.3675e-05
100.312 0.000154431 99.9252 0.000194664
87.0237 9.2279e-05 87.0231 8.9479e-05
110.317 0.00016194 106.567 0.00032217
104.297 0.000176127 99.1722 0.000278531
91.9239 2.8782e-05 91.9239 4.7706e-05
127.816 0.000177687 122.38 0.000240714
123.545 0.000199715 121.05 0.00045184
114.053 0.000140834 111.232 0.000151943
94.2619 0.000126346 88.6991 0.000315135
119.112 8.85e-05 111.648 0.00017287
86.6155 0.000101306 86.5878 8.2856e-05
102.17 0.000299387 97.1329 0.000508587
94.2063 0.000147834 92.2172 0.00016682
94.714 0.000163043 94.1221 0.000121354
129.745 0.000226987 124.698 0.000414999
121.259 0.000324516 117.808 0.000461447
115.916 0.000121294 110.895 0.000170005
103.01 0.000292017 94.4014 0.000475289
123.137 0.000282024 114.222 0.00025539
87.1127 0.000110602 83.3275 0.000217423
111.575 0.000167501 110.846 0.00038541
108.957 0.00011061 103.692 0.000246187
107.472 0.00020325 102.375 0.000515238
120.472 0.000310349 118.753 0.00044397
107.218 0.000170552 106.112 0.000152885
111.117 0.00023424 101.272 0.000568992
100.985 0.000334721 98.8874 0.000819263
122.912 0.000292019 120.696 0.000341725
109.554 0.000344826 106.33 0.000956076
109.743 0.000161196 107.343 0.000338203
96.7189 0.000147913 95.5136 0.000300048
104.719 0.000203609 103.924 0.000321956
108.614 0.000151331 103.29 0.000173472
133.743 0.000246707 128.328 0.000505487
131.067 0.000289882 125.586 0.000813859
109.385 0.000147111 109.299 0.000234461
105.701 0.000280175 100.382 0.000432362
82.0061 2.7252e-05 82.0061 4.6313e-05
91.5143 0.000122676 89.2883 0.000263013
86.8075 7.3199e-05 85.1031 0.000127795
112.774 0.000628182 98.285 0.00110514
105.703 0.000155212 102.314 0.000256032
119.607 0.000244474 117.933 0.000408999
104.107 0.000148654 102.947 0.000149504
110.212 0.000338608 107.905 0.000335581
102.294 0.000109123 102.191 0.000311281
110.572 0.00025964 105.872 0.000492448
102.944 0.000187962 98.8527 0.000453069
117.36 0.000242491 111.817 0.000827038
109.359 0.000246087 103.118 0.00033968
91.048 0.000289353 87.7636 0.000395707
100.564 0.000266406 96.3637 0.000529788
100.799 0.00018082 97.536 0.000481224
99.1972 0.000159224 99.1366 0.000352362
128.599 0.000263896 122.897 0.000419475
89.7312 0.000172332 89.1943 0.000207206
101.893 0.000153461 98.1711 0.000258713
105.312 0.000207182 103.359 0.000640731
106.778 0.000414011 101.968 0.000956122
111.573 0.000155385 110.088 0.000368529
113.19 0.000161007 111.853 0.000159831
116.499 0.00020443 103.293 0.000279333
117.078 0.000316193 108.458 0.000663671
110.634 0.000143333 107.779 0.000111759
115.524 0.00016819 114.924 0.000240493
102.573 0.000138598 94.121 0.000306973
104.367 0.000171701 96.5366 0.000306805
101.594 0.000129215 95.4243 0.000243757
102.87 0.000216333 101.114 0.000337208
128.028 0.00050079 115.694 0.000799662
130.487 0.000418728 123.505 0.000798465
84.3445 2.7737e-05 84.3445 4.4463e-05
104.145 0.000246656 96.1908 0.00037379
100.488 0.000107611 94.2948 0.000347263
113.868 0.000226635 110.011 0.000369147
110.74 0.000149839 101.086 0.000390195
102.639 0.000107298 99.5497 0.000179461
96.8895 0.00012909 89.7132 0.000360222
95.3445 0.000107826 94.5476 0.000388241
119.966 0.000171223 117.825 0.000390292
99.4361 0.000167477 95.7495 0.000280929
94.8926 0.000233952 90.0459 0.000373553
94.655 0.000143374 87.1643 0.000372133
97.7353 0.000210808 96.8204 0.000306759
103.02 0.00013809 100.554 0.000451051
