112.246 6412
135.425 8561
105.061 4298
98.9332 4347
103.551 5364
95.8409 6536
97.2304 4330
107.389 9770
94.6652 4300
99.3493 4365
101.316 4315
97.6157 4303
88.2691 4392
106.156 4282
94.3881 4275
96.2829 4329
87.728 3331
108.048 5361
96.4932 4652
92.3015 4397
118.987 6433
121.721 5371
114.137 7108
89.8424 12168
113.379 6459
86.7581 3228
99.6411 4324
92.9237 3260
95.1259 4333
126.188 5366
119.052 6458
112.626 6455
96.0263 4290
115.947 6395
84.0706 4355
113.762 5426
100.36 5404
102.651 5371
123.263 4312
107.689 4281
102.522 6486
109.868 5394
122.827 5389
107.821 6901
108.226 4340
97.25 4282
103.939 4319
104.567 5375
132.548 7549
128.974 6474
112.168 6408
102.665 6489
82.1284 2229
90.1284 4618
85.3312 3008
101.51 6825
104.067 5874
120.047 5329
104.6 4349
105.674 4396
103.737 5379
107.05 6430
104.491 6457
112.136 5410
105.503 4304
88.5496 3288
97.7073 4275
95.5789 5376
97.1408 5392
120.79 5325
89.8026 6029
95.4374 5325
107.119 6430
118.792 5386
113.697 6387
116.615 5379
104.429 5399
110.804 5454
108.579 4290
111.847 5407
95.5667 4304
97.7171 4318
94.6439 6716
100.756 5384
113.395 5396
132.321 9605
84.889 3365
97.4148 4344
95.0607 5419
110.888 5406
105.382 6388
100.669 3212
93.1874 6450
87.1783 4318
116.198 5338
97.7735 4289
90.3884 3260
88.6067 5379
98.0203 5380
103.548 6083
