103 0.682512
129 0.693683
99 0.690807
96 0.693827
98 0.666787
93 0.684116
95 0.693693
103 0.688337
90 0.687504
96 0.677264
97 0.692081
94 0.692390
84 0.697093
103 0.690126
92 0.667496
94 0.673274
87 0.684661
104 0.680980
94 0.691898
91 0.683145
116 0.672610
116 0.671377
108 0.682505
87 0.671602
109 0.681579
86 0.674590
95 0.688605
92 0.685053
93 0.691122
122 0.689494
114 0.682273
109 0.682189
94 0.671948
112 0.680408
83 0.683738
106 0.684397
98 0.679104
98 0.695946
116 0.676480
104 0.691786
100 0.701947
96 0.702624
118 0.685670
100 0.685411
105 0.697629
94 0.680284
101 0.688422
97 0.676752
125 0.684830
123 0.708437
98 0.704535
97 0.685484
82 0.673282
87 0.670583
85 0.683121
95 0.686822
101 0.695703
112 0.686624
101 0.673368
101 0.686136
97 0.681288
104 0.684285
97 0.692119
102 0.679711
102 0.684504
87 0.680864
94 0.687907
91 0.693355
90 0.688159
118 0.690024
87 0.689642
93 0.687746
99 0.699182
100 0.697900
103 0.675667
109 0.684861
101 0.692010
106 0.687653
107 0.685931
110 0.675222
93 0.700945
95 0.680641
91 0.668127
98 0.690982
107 0.692108
116 0.692815
83 0.685957
93 0.681053
90 0.684779
106 0.679645
97 0.677332
100 0.679984
88 0.667100
86 0.695910
113 0.678446
95 0.675818
89 0.691263
86 0.690887
95 0.671677
96 0.674118
