5 9 7 9 7 11 5 11 5 9
10 36 14 36 14 42 10 42 10 36
85 25 88 25 88 27 85 27 85 25
84 16 87 16 87 19 84 19 84 16
84 4 88 4 88 10 84 10 84 4
19 49 21 49 21 52 19 52 19 49
26 80 31 80 31 83 26 83 26 80
72 37 78 37 78 40 72 40 72 37
74 17 78 17 78 20 74 20 74 17
43 53 46 53 46 59 43 59 43 53
69 23 73 23 73 27 69 27 69 23
28 47 32 47 32 53 28 53 28 47
10 87 12 87 12 93 10 93 10 87
50 11 53 11 53 13 50 13 50 11
49 40 52 40 52 42 49 42 49 40
58 42 60 42 60 48 58 48 58 42
93 77 96 77 96 79 93 79 93 77
25 19 28 19 28 24 25 24 25 19
48 23 52 23 52 27 48 27 48 23
45 86 51 86 51 92 45 92 45 86
27 91 33 91 33 93 27 93 27 91
93 15 95 15 95 21 93 21 93 15
34 53 40 53 40 57 34 57 34 53
76 86 82 86 82 90 76 90 76 86
20 11 25 11 25 15 20 15 20 11
26 77 31 77 31 79 26 79 26 77
13 85 15 85 15 87 13 87 13 85
51 66 54 66 54 68 51 68 51 66
53 59 58 59 58 61 53 61 53 59
71 65 76 65 76 68 71 68 71 65
77 7 81 7 81 13 77 13 77 7
5 75 7 75 7 77 5 77 5 75
60 16 65 16 65 19 60 19 60 16
13 52 18 52 18 58 13 58 13 52
18 85 21 85 21 87 18 87 18 85
61 21 64 21 64 25 61 25 61 21
38 69 42 69 42 75 38 75 38 69
92 10 97 10 97 12 92 12 92 10
18 59 24 59 24 61 18 61 18 59
33 22 38 22 38 25 33 25 33 22
27 64 32 64 32 69 27 69 27 64
89 29 92 29 92 31 89 31 89 29
79 92 84 92 84 94 79 94 79 92
80 40 83 40 83 46 80 46 80 40
8 49 11 49 11 51 8 51 8 49
14 65 16 65 16 67 14 67 14 65
10 7 13 7 13 10 10 10 10 7
17 2 23 2 23 4 17 4 17 2
49 33 54 33 54 39 49 39 49 33
4 22 9 22 9 26 4 26 4 22
81 31 87 31 87 33 81 33 81 31
33 8 38 8 38 14 33 14 33 8
9 29 13 29 13 32 9 32 9 29
87 43 93 43 93 47 87 47 87 43
65 82 71 82 71 87 65 87 65 82
86 75 91 75 91 81 86 81 86 75
6 93 9 93 9 98 6 98 6 93
59 93 64 93 64 96 59 96 59 93
22 36 28 36 28 41 22 41 22 36
19 22 21 22 21 27 19 27 19 22
53 41 57 41 57 45 53 45 53 41
7 59 9 59 9 64 7 64 7 59
3 36 8 36 8 41 3 41 3 36
63 28 69 28 69 34 63 34 63 28
65 46 71 46 71 51 65 51 65 46
5 13 7 13 7 15 5 15 5 13
73 83 78 83 78 85 73 85 73 83
20 78 24 78 24 81 20 81 20 78
62 74 65 74 65 79 62 79 62 74
33 43 37 43 37 46 33 46 33 43
14 18 20 18 20 21 14 21 14 18
79 35 85 35 85 37 79 37 79 35
47 71 51 71 51 77 47 77 47 71
34 37 38 37 38 40 34 40 34 37
69 55 74 55 74 61 69 61 69 55
59 36 61 36 61 38 59 38 59 36
88 63 94 63 94 68 88 68 88 63
13 90 15 90 15 93 13 93 13 90
28 28 31 28 31 33 28 33 28 28
2 50 6 50 6 56 2 56 2 50
16 14 19 14 19 17 16 17 16 14
56 85 60 85 60 89 56 89 56 85
78 72 81 72 81 75 78 75 78 72
48 78 54 78 54 83 48 83 48 78
77 76 79 76 79 78 77 78 77 76
26 85 29 85 29 89 26 89 26 85
12 71 18 71 18 75 12 75 12 71
70 89 74 89 74 93 70 93 70 89
46 6 52 6 52 8 46 8 46 6
62 51 64 51 64 56 62 56 62 51
90 82 94 82 94 88 90 88 90 82
90 56 96 56 96 60 90 60 90 56
39 44 43 44 43 47 39 47 39 44
79 66 81 66 81 70 79 70 79 66
74 79 79 79 79 82 74 82 74 79
64 64 66 64 66 66 64 66 64 64
47 43 49 43 49 49 47 49 47 43
83 71 87 71 87 74 83 74 83 71
5 27 8 27 8 33 5 33 5 27
4 78 10 78 10 84 4 84 4 78
