22 31 27 31 27 37 22 37 22 31
22 56 25 56 25 59 22 59 22 56
30 90 34 90 34 95 30 95 30 90
13 13 19 13 19 18 13 18 13 13
88 21 93 21 93 23 88 23 88 21
74 49 78 49 78 53 74 53 74 49
6 91 9 91 9 96 6 96 6 91
77 42 79 42 79 45 77 45 77 42
74 28 80 28 80 33 74 33 74 28
85 15 87 15 87 18 85 18 85 15
5 5 7 5 7 10 5 10 5 5
19 43 21 43 21 45 19 45 19 43
64 27 67 27 67 32 64 32 64 27
16 69 22 69 22 71 16 71 16 69
12 45 18 45 18 51 12 51 12 45
74 74 78 74 78 80 74 80 74 74
89 10 95 10 95 15 89 15 89 10
91 25 95 25 95 29 91 29 91 25
53 16 56 16 56 22 53 22 53 16
41 89 45 89 45 91 41 91 41 89
58 26 63 26 63 30 58 30 58 26
22 41 24 41 24 43 22 43 22 41
51 82 56 82 56 84 51 84 51 82
30 20 33 20 33 22 30 22 30 20
46 47 52 47 52 52 46 52 46 47
63 71 65 71 65 74 63 74 63 71
60 43 62 43 62 48 60 48 60 43
70 16 74 16 74 22 70 22 70 16
64 47 70 47 70 53 64 53 64 47
77 6 79 6 79 8 77 8 77 6
26 10 31 10 31 13 26 13 26 10
57 7 60 7 60 12 57 12 57 7
5 50 10 50 10 54 5 54 5 50
41 56 43 56 43 59 41 59 41 56
63 34 69 34 69 37 63 37 63 34
45 57 47 57 47 62 45 62 45 57
36 49 42 49 42 55 36 55 36 49
76 15 78 15 78 19 76 19 76 15
64 38 66 38 66 44 64 44 64 38
83 90 88 90 88 94 83 94 83 90
31 53 35 53 35 59 31 59 31 53
61 49 63 49 63 53 61 53 61 49
36 30 42 30 42 36 36 36 36 30
72 85 76 85 76 91 72 91 72 85
82 54 87 54 87 59 82 59 82 54
45 15 51 15 51 19 45 19 45 15
69 27 72 27 72 32 69 32 69 27
44 30 46 30 46 36 44 36 44 30
15 85 17 85 17 90 15 90 15 85
30 26 32 26 32 32 30 32 30 26
65 22 69 22 69 24 65 24 65 22
38 57 40 57 40 61 38 61 38 57
26 77 31 77 31 82 26 82 26 77
7 72 10 72 10 78 7 78 7 72
58 54 64 54 64 58 58 58 58 54
80 22 85 22 85 24 80 24 80 22
66 93 71 93 71 96 66 96 66 93
77 38 81 38 81 40 77 40 77 38
60 14 63 14 63 17 60 17 60 14
20 49 26 49 26 52 20 52 20 49
74 56 78 56 78 61 74 61 74 56
49 11 51 11 51 13 49 13 49 11
34 13 36 13 36 17 34 17 34 13
52 54 54 54 54 59 52 59 52 54
6 31 10 31 10 37 6 37 6 31
42 9 47 9 47 14 42 14 42 9
67 57 70 57 70 63 67 63 67 57
48 33 52 33 52 39 48 39 48 33
49 56 51 56 51 61 49 61 49 56
44 72 50 72 50 78 44 78 44 72
81 66 83 66 83 71 81 71 81 66
37 77 43 77 43 82 37 82 37 77
39 93 45 93 45 96 39 96 39 93
84 32 89 32 89 36 84 36 84 32
8 4 13 4 13 9 8 9 8 4
10 83 12 83 12 87 10 87 10 83
53 70 59 70 59 75 53 75 53 70
92 69 96 69 96 74 92 74 92 69
69 65 74 65 74 70 69 70 69 65
90 40 94 40 94 46 90 46 90 40
37 66 42 66 42 69 37 69 37 66
58 32 61 32 61 38 58 38 58 32
9 59 15 59 15 63 9 63 9 59
10 93 13 93 13 98 10 98 10 93
14 35 18 35 18 40 14 40 14 35
25 39 28 39 28 45 25 45 25 39
33 4 37 4 37 9 33 9 33 4
39 43 43 43 43 45 39 45 39 43
51 27 57 27 57 29 51 29 51 27
21 26 26 26 26 29 21 29 21 26
44 63 46 63 46 68 44 68 44 63
81 11 85 11 85 13 81 13 81 11
40 22 46 22 46 27 40 27 40 22
37 90 39 90 39 92 37 92 37 90
59 64 65 64 65 66 59 66 59 64
19 83 21 83 21 87 19 87 19 83
94 75 97 75 97 79 94 79 94 75
15 27 19 27 19 31 15 31 15 27
55 86 59 86 59 88 55 88 55 86
69 2 72 2 72 5 69 5 69 2
