83 20 86 20 86 22 83 22 83 20
8 45 13 45 13 51 8 51 8 45
22 56 25 56 25 61 22 61 22 56
63 5 67 5 67 10 63 10 63 5
20 23 23 23 23 28 20 28 20 23
70 78 72 78 72 82 70 82 70 78
71 4 77 4 77 6 71 6 71 4
55 57 58 57 58 60 55 60 55 57
77 46 83 46 83 51 77 51 77 46
91 62 93 62 93 67 91 67 91 62
33 9 37 9 37 12 33 12 33 9
83 30 87 30 87 32 83 32 83 30
34 15 40 15 40 19 34 19 34 15
73 84 77 84 77 87 73 87 73 84
25 83 29 83 29 88 25 88 25 83
93 88 96 88 96 90 93 90 93 88
93 93 98 93 98 96 93 96 93 93
24 37 28 37 28 40 24 40 24 37
52 86 55 86 55 90 52 90 52 86
74 13 77 13 77 16 74 16 74 13
11 58 14 58 14 60 11 60 11 58
42 74 45 74 45 80 42 80 42 74
3 93 6 93 6 96 3 96 3 93
30 65 36 65 36 71 30 71 30 65
52 37 55 37 55 39 52 39 52 37
15 85 21 85 21 88 15 88 15 85
6 37 10 37 10 41 6 41 6 37
54 47 58 47 58 50 54 50 54 47
41 65 46 65 46 71 41 71 41 65
31 73 37 73 37 77 31 77 31 73
10 63 13 63 13 65 10 65 10 63
49 32 53 32 53 34 49 34 49 32
80 40 86 40 86 44 80 44 80 40
51 19 53 19 53 24 51 24 51 19
62 48 68 48 68 53 62 53 62 48
18 74 24 74 24 80 18 80 18 74
15 56 21 56 21 62 15 62 15 56
63 19 65 19 65 25 63 25 63 19
39 47 41 47 41 49 39 49 39 47
44 82 46 82 46 84 44 84 44 82
31 94 35 94 35 96 31 96 31 94
86 11 89 11 89 13 86 13 86 11
58 27 60 27 60 30 58 30 58 27
42 10 47 10 47 16 42 16 42 10
42 92 47 92 47 96 42 96 42 92
68 93 70 93 70 96 68 96 68 93
13 9 15 9 15 15 13 15 13 9
51 73 56 73 56 76 51 76 51 73
4 25 10 25 10 30 4 30 4 25
23 41 26 41 26 43 23 43 23 41
86 36 88 36 88 39 86 39 86 36
77 35 82 35 82 39 77 39 77 35
63 36 67 36 67 42 63 42 63 36
74 59 77 59 77 62 74 62 74 59
34 34 39 34 39 40 34 40 34 34
3 19 7 19 7 24 3 24 3 19
69 24 73 24 73 29 69 29 69 24
77 74 83 74 83 79 77 79 77 74
45 18 47 18 47 24 45 24 45 18
39 22 42 22 42 28 39 28 39 22
68 15 72 15 72 21 68 21 68 15
42 86 44 86 44 91 42 91 42 86
90 16 93 16 93 18 90 18 90 16
61 66 63 66 63 68 61 68 61 66
53 69 55 69 55 72 53 72 53 69
95 57 97 57 97 61 95 61 95 57
18 6 23 6 23 9 18 9 18 6
72 42 75 42 75 48 72 48 72 42
62 72 67 72 67 77 62 77 62 72
78 5 80 5 80 11 78 11 78 5
8 82 13 82 13 88 8 88 8 82
2 73 7 73 7 75 2 75 2 73
54 20 59 20 59 26 54 26 54 20
19 49 23 49 23 51 19 51 19 49
33 20 37 20 37 24 33 24 33 20
36 28 38 28 38 32 36 32 36 28
95 41 97 41 97 47 95 47 95 41
49 44 52 44 52 47 49 47 49 44
29 18 32 18 32 22 29 22 29 18
63 78 69 78 69 83 63 83 63 78
60 3 62 3 62 9 60 9 60 3
79 86 83 86 83 90 79 90 79 86
82 9 84 9 84 15 82 15 82 9
27 60 29 60 29 64 27 64 27 60
53 2 57 2 57 4 53 4 53 2
57 85 61 85 61 90 57 90 57 85
45 37 47 37 47 39 45 39 45 37
6 4 9 4 9 6 6 6 6 4
18 63 23 63 23 65 18 65 18 63
67 55 70 55 70 61 67 61 67 55
90 21 96 21 96 27 90 27 90 21
54 80 59 80 59 84 54 84 54 80
96 12 98 12 98 15 96 15 96 12
10 69 13 69 13 71 10 71 10 69
88 78 92 78 92 81 88 81 88 78
20 94 22 94 22 97 20 97 20 94
85 52 88 52 88 56 85 56 85 52
93 9 95 9 95 12 93 12 93 9
14 2 17 2 17 5 14 5 14 2
60 63 63 63 63 65 60 65 60 63
