21 35 23 35 23 38 21 38 21 35
90 40 94 40 94 46 90 46 90 40
89 81 91 81 91 85 89 85 89 81
36 44 38 44 38 49 36 49 36 44
56 84 58 84 58 89 56 89 56 84
78 10 83 10 83 16 78 16 78 10
85 50 90 50 90 53 85 53 85 50
46 90 51 90 51 92 46 92 46 90
25 28 27 28 27 33 25 33 25 28
69 54 73 54 73 59 69 59 69 54
35 11 40 11 40 16 35 16 35 11
56 33 58 33 58 39 56 39 56 33
17 55 23 55 23 58 17 58 17 55
66 22 70 22 70 27 66 27 66 22
72 6 74 6 74 8 72 8 72 6
49 57 51 57 51 60 49 60 49 57
11 49 16 49 16 52 11 52 11 49
64 10 67 10 67 16 64 16 64 10
32 67 34 67 34 73 32 73 32 67
73 94 78 94 78 97 73 97 73 94
14 10 19 10 19 16 14 16 14 10
68 30 74 30 74 36 68 36 68 30
29 59 33 59 33 62 29 62 29 59
59 88 62 88 62 94 59 94 59 88
70 89 73 89 73 91 70 91 70 89
19 90 23 90 23 93 19 93 19 90
29 40 35 40 35 42 29 42 29 40
76 50 78 50 78 52 76 52 76 50
50 41 52 41 52 46 50 46 50 41
92 57 98 57 98 62 92 62 92 57
55 10 59 10 59 14 55 14 55 10
53 43 59 43 59 46 53 46 53 43
83 39 87 39 87 44 83 44 83 39
88 17 94 17 94 23 88 23 88 17
41 74 44 74 44 77 41 77 41 74
31 87 37 87 37 90 31 90 31 87
29 52 31 52 31 55 29 55 29 52
55 62 58 62 58 66 55 66 55 62
62 63 64 63 64 68 62 68 62 63
75 68 80 68 80 72 75 72 75 68
37 60 40 60 40 66 37 66 37 60
6 93 11 93 11 95 6 95 6 93
55 69 57 69 57 75 55 75 55 69
33 55 38 55 38 58 33 58 33 55
43 62 45 62 45 66 43 66 43 62
81 18 83 18 83 23 81 23 81 18
79 63 83 63 83 67 79 67 79 63
67 95 69 95 69 98 67 98 67 95
9 4 15 4 15 7 9 7 9 4
60 58 66 58 66 62 60 62 60 58
18 30 23 30 23 33 18 33 18 30
28 28 34 28 34 34 28 34 28 28
23 11 28 11 28 17 23 17 23 11
63 69 68 69 68 74 63 74 63 69
81 79 87 79 87 82 81 82 81 79
49 54 54 54 54 56 49 56 49 54
85 30 87 30 87 34 85 34 85 30
59 23 65 23 65 25 59 25 59 23
35 6 41 6 41 10 35 10 35 6
75 24 79 24 79 29 75 29 75 24
22 6 27 6 27 8 22 8 22 6
47 81 49 81 49 85 47 85 47 81
5 69 9 69 9 75 5 75 5 69
71 16 76 16 76 18 71 18 71 16
89 60 91 60 91 65 89 65 89 60
7 25 11 25 11 30 7 30 7 25
6 33 8 33 8 38 6 38 6 33
3 51 8 51 8 55 3 55 3 51
7 40 10 40 10 44 7 44 7 40
71 73 74 73 74 75 71 75 71 73
64 84 69 84 69 89 64 89 64 84
42 80 46 80 46 84 42 84 42 80
69 2 73 2 73 4 69 4 69 2
37 93 39 93 39 95 37 95 37 93
81 27 83 27 83 33 81 33 81 27
86 94 90 94 90 97 86 97 86 94
69 77 74 77 74 79 69 79 69 77
57 95 62 95 62 98 57 98 57 95
60 48 64 48 64 54 60 54 60 48
9 55 13 55 13 61 9 61 9 55
37 20 41 20 41 22 37 22 37 20
25 83 28 83 28 86 25 86 25 83
27 18 32 18 32 20 27 20 27 18
29 2 34 2 34 4 29 4 29 2
23 21 27 21 27 23 23 23 23 21
67 5 71 5 71 7 67 7 67 5
13 78 18 78 18 83 13 83 13 78
48 12 52 12 52 15 48 15 48 12
24 65 29 65 29 67 24 67 24 65
46 40 49 40 49 44 46 44 46 40
81 4 85 4 85 7 81 7 81 4
13 94 17 94 17 98 13 98 13 94
40 41 45 41 45 47 40 47 40 41
14 73 18 73 18 77 14 77 14 73
7 79 10 79 10 85 7 85 7 79
51 19 57 19 57 22 51 22 51 19
16 21 18 21 18 23 16 23 16 21
54 48 59 48 59 51 54 51 54 48
14 59 17 59 17 63 14 63 14 59
80 55 83 55 83 59 80 59 80 55
