73 23 79 23 79 25 73 25 73 23
77 30 81 30 81 33 77 33 77 30
59 88 63 88 63 94 59 94 59 88
74 90 80 90 80 96 74 96 74 90
35 51 40 51 40 57 35 57 35 51
87 43 91 43 91 45 87 45 87 43
7 30 9 30 9 33 7 33 7 30
33 5 35 5 35 8 33 8 33 5
28 51 30 51 30 57 28 57 28 51
82 7 86 7 86 12 82 12 82 7
48 63 54 63 54 68 48 68 48 63
14 54 16 54 16 58 14 58 14 54
94 90 97 90 97 92 94 92 94 90
28 95 31 95 31 97 28 97 28 95
63 55 68 55 68 61 63 61 63 55
9 42 11 42 11 48 9 48 9 42
23 23 26 23 26 26 23 26 23 23
67 63 72 63 72 67 67 67 67 63
84 75 86 75 86 78 84 78 84 75
71 58 74 58 74 61 71 61 71 58
58 29 61 29 61 32 58 32 58 29
53 80 58 80 58 82 53 82 53 80
13 17 16 17 16 22 13 22 13 17
41 90 43 90 43 94 41 94 41 90
53 2 56 2 56 7 53 7 53 2
69 85 72 85 72 90 69 90 69 85
16 84 20 84 20 90 16 90 16 84
74 39 77 39 77 44 74 44 74 39
41 37 44 37 44 42 41 42 41 37
48 15 50 15 50 20 48 20 48 15
48 11 53 11 53 13 48 13 48 11
24 5 30 5 30 11 24 11 24 5
45 49 51 49 51 52 45 52 45 49
86 93 89 93 89 95 86 95 86 93
8 76 10 76 10 80 8 80 8 76
53 33 58 33 58 36 53 36 53 33
73 48 79 48 79 54 73 54 73 48
19 94 22 94 22 98 19 98 19 94
4 71 8 71 8 75 4 75 4 71
18 13 23 13 23 18 18 18 18 13
87 75 89 75 89 80 87 80 87 75
53 69 56 69 56 73 53 73 53 69
48 71 52 71 52 76 48 76 48 71
42 11 46 11 46 13 42 13 42 11
46 4 49 4 49 9 46 9 46 4
70 44 72 44 72 47 70 47 70 44
55 49 58 49 58 54 55 54 55 49
83 88 86 88 86 91 83 91 83 88
93 9 98 9 98 14 93 14 93 9
54 11 58 11 58 15 54 15 54 11
81 53 84 53 84 55 81 55 81 53
37 79 40 79 40 82 37 82 37 79
88 89 92 89 92 91 88 91 88 89
8 20 10 20 10 22 8 22 8 20
22 31 25 31 25 35 22 35 22 31
30 36 35 36 35 40 30 40 30 36
15 66 17 66 17 72 15 72 15 66
73 26 75 26 75 28 73 28 73 26
92 94 96 94 96 96 92 96 92 94
43 43 45 43 45 45 43 45 43 43
35 66 38 66 38 70 35 70 35 66
56 37 62 37 62 41 56 41 56 37
63 50 67 50 67 53 63 53 63 50
42 72 45 72 45 74 42 74 42 72
67 9 69 9 69 15 67 15 67 9
52 93 55 93 55 96 52 96 52 93
29 62 35 62 35 64 29 64 29 62
69 25 72 25 72 27 69 27 69 25
34 85 40 85 40 89 34 89 34 85
78 72 82 72 82 75 78 75 78 72
83 65 85 65 85 69 83 69 83 65
27 68 30 68 30 74 27 74 27 68
36 43 41 43 41 48 36 48 36 43
28 19 30 19 30 23 28 23 28 19
91 83 97 83 97 88 91 88 91 83
87 2 89 2 89 4 87 4 87 2
70 34 73 34 73 40 70 40 70 34
45 26 51 26 51 31 45 31 45 26
96 74 98 74 98 78 96 78 96 74
9 88 15 88 15 90 9 90 9 88
77 82 80 82 80 88 77 88 77 82
9 69 14 69 14 71 9 71 9 69
13 60 18 60 18 65 13 65 13 60
89 58 95 58 95 62 89 62 89 58
47 43 50 43 50 48 47 48 47 43
54 26 57 26 57 30 54 30 54 26
67 69 71 69 71 72 67 72 67 69
17 35 19 35 19 37 17 37 17 35
11 8 16 8 16 13 11 13 11 8
51 84 53 84 53 87 51 87 51 84
11 91 14 91 14 94 11 94 11 91
3 56 6 56 6 58 3 58 3 56
92 18 94 18 94 21 92 21 92 18
94 32 96 32 96 34 94 34 94 32
56 42 60 42 60 44 56 44 56 42
7 52 10 52 10 58 7 58 7 52
16 38 18 38 18 42 16 42 16 38
47 33 52 33 52 35 47 35 47 33
37 3 40 3 40 6 37 6 37 3
73 10 77 10 77 16 73 16 73 10
