11 12 16 12 16 17 11 17 11 12
84 6 90 6 90 10 84 10 84 6
38 31 41 31 41 33 38 33 38 31
27 93 33 93 33 96 27 96 27 93
67 32 73 32 73 34 67 34 67 32
14 80 16 80 16 82 14 82 14 80
19 9 21 9 21 15 19 15 19 9
89 52 91 52 91 57 89 57 89 52
64 43 68 43 68 48 64 48 64 43
50 17 56 17 56 21 50 21 50 17
48 56 53 56 53 58 48 58 48 56
50 42 52 42 52 47 50 47 50 42
75 80 81 80 81 82 75 82 75 80
60 24 66 24 66 30 60 30 60 24
13 7 18 7 18 10 13 10 13 7
64 56 66 56 66 59 64 59 64 56
74 64 76 64 76 67 74 67 74 64
60 18 62 18 62 21 60 21 60 18
75 58 80 58 80 61 75 61 75 58
54 82 59 82 59 85 54 85 54 82
90 67 94 67 94 70 90 70 90 67
24 67 27 67 27 72 24 72 24 67
74 4 79 4 79 10 74 10 74 4
54 63 57 63 57 65 54 65 54 63
28 36 34 36 34 39 28 39 28 36
54 70 57 70 57 76 54 76 54 70
28 17 34 17 34 19 28 19 28 17
20 48 25 48 25 54 20 54 20 48
12 91 16 91 16 93 12 93 12 91
28 40 34 40 34 43 28 43 28 40
10 27 13 27 13 29 10 29 10 27
45 19 49 19 49 22 45 22 45 19
35 64 39 64 39 66 35 66 35 64
92 22 95 22 95 28 92 28 92 22
42 5 48 5 48 11 42 11 42 5
77 21 80 21 80 25 77 25 77 21
3 30 5 30 5 33 3 33 3 30
61 53 65 53 65 55 61 55 61 53
61 10 66 10 66 13 61 13 61 10
5 67 9 67 9 73 5 73 5 67
77 47 81 47 81 51 77 51 77 47
38 14 40 14 40 19 38 19 38 14
67 91 70 91 70 95 67 95 67 91
42 76 47 76 47 80 42 80 42 76
73 35 79 35 79 37 73 37 73 35
22 22 27 22 27 26 22 26 22 22
17 3 19 3 19 6 17 6 17 3
39 42 44 42 44 46 39 46 39 42
64 5 66 5 66 8 64 8 64 5
31 85 35 85 35 87 31 87 31 85
89 38 94 38 94 43 89 43 89 38
71 85 77 85 77 88 71 88 71 85
23 5 28 5 28 7 23 7 23 5
47 66 49 66 49 69 47 69 47 66
71 47 73 47 73 49 71 49 71 47
69 16 73 16 73 19 69 19 69 16
90 17 94 17 94 19 90 19 90 17
25 86 28 86 28 88 25 88 25 86
58 93 61 93 61 98 58 98 58 93
48 51 50 51 50 54 48 54 48 51
63 83 67 83 67 89 63 89 63 83
7 22 9 22 9 28 7 28 7 22
77 52 81 52 81 57 77 57 77 52
68 56 71 56 71 60 68 60 68 56
78 11 82 11 82 17 78 17 78 11
67 23 69 23 69 28 67 28 67 23
60 66 62 66 62 70 60 70 60 66
63 18 68 18 68 22 63 22 63 18
17 68 23 68 23 74 17 74 17 68
91 76 95 76 95 82 91 82 91 76
81 76 85 76 85 78 81 78 81 76
48 70 52 70 52 75 48 75 48 70
7 47 12 47 12 53 7 53 7 47
27 62 32 62 32 66 27 66 27 62
32 25 37 25 37 27 32 27 32 25
31 69 36 69 36 73 31 73 31 69
74 16 76 16 76 21 74 21 74 16
33 49 36 49 36 51 33 51 33 49
42 33 47 33 47 36 42 36 42 33
83 30 85 30 85 32 83 32 83 30
60 75 64 75 64 77 60 77 60 75
24 55 29 55 29 57 24 57 24 55
50 61 53 61 53 67 50 67 50 61
6 32 11 32 11 37 6 37 6 32
37 68 39 68 39 73 37 73 37 68
16 62 18 62 18 66 16 66 16 62
6 55 10 55 10 61 6 61 6 55
17 84 20 84 20 90 17 90 17 84
17 57 21 57 21 59 17 59 17 57
7 81 9 81 9 86 7 86 7 81
37 54 41 54 41 59 37 59 37 54
42 85 46 85 46 90 42 90 42 85
89 89 93 89 93 93 89 93 89 89
64 63 66 63 66 67 64 67 64 63
20 35 23 35 23 40 20 40 20 35
2 91 8 91 8 96 2 96 2 91
81 21 85 21 85 25 81 25 81 21
86 21 88 21 88 26 86 26 86 21
56 36 61 36 61 40 56 40 56 36
2 2 8 2 8 6 2 6 2 2
