28 92 31 92 31 96 28 96 28 92
17 55 19 55 19 59 17 59 17 55
94 15 96 15 96 19 94 19 94 15
82 73 84 73 84 79 82 79 82 73
23 39 27 39 27 44 23 44 23 39
43 4 46 4 46 10 43 10 43 4
85 26 87 26 87 32 85 32 85 26
7 4 12 4 12 8 7 8 7 4
2 50 8 50 8 52 2 52 2 50
65 53 69 53 69 55 65 55 65 53
27 87 31 87 31 91 27 91 27 87
26 28 31 28 31 30 26 30 26 28
33 89 35 89 35 95 33 95 33 89
16 95 19 95 19 98 16 98 16 95
47 83 51 83 51 88 47 88 47 83
87 20 93 20 93 22 87 22 87 20
71 20 74 20 74 26 71 26 71 20
80 40 82 40 82 44 80 44 80 40
44 75 49 75 49 78 44 78 44 75
70 54 72 54 72 60 70 60 70 54
38 70 41 70 41 75 38 75 38 70
90 91 95 91 95 93 90 93 90 91
92 63 95 63 95 69 92 69 92 63
39 19 41 19 41 25 39 25 39 19
73 94 75 94 75 97 73 97 73 94
64 3 68 3 68 6 64 6 64 3
94 54 96 54 96 56 94 56 94 54
58 15 62 15 62 21 58 21 58 15
14 18 16 18 16 20 14 20 14 18
82 14 85 14 85 18 82 18 82 14
33 41 35 41 35 44 33 44 33 41
35 60 37 60 37 62 35 62 35 60
63 58 67 58 67 62 63 62 63 58
12 73 17 73 17 78 12 78 12 73
29 58 33 58 33 60 29 60 29 58
77 28 81 28 81 32 77 32 77 28
74 3 77 3 77 8 74 8 74 3
62 29 67 29 67 35 62 35 62 29
2 59 8 59 8 63 2 63 2 59
35 49 40 49 40 52 35 52 35 49
62 22 65 22 65 26 62 26 62 22
26 19 32 19 32 24 26 24 26 19
31 9 35 9 35 13 31 13 31 9
13 87 17 87 17 93 13 93 13 87
37 32 43 32 43 35 37 35 37 32
55 68 61 68 61 71 55 71 55 68
87 12 90 12 90 17 87 17 87 12
84 34 86 34 86 40 84 40 84 34
44 32 47 32 47 37 44 37 44 32
54 46 59 46 59 49 54 49 54 46
21 57 24 57 24 63 21 63 21 57
32 34 34 34 34 40 32 40 32 34
68 88 70 88 70 91 68 91 68 88
20 92 25 92 25 95 20 95 20 92
34 80 39 80 39 85 34 85 34 80
86 43 91 43 91 47 86 47 86 43
11 44 14 44 14 47 11 47 11 44
90 34 93 34 93 38 90 38 90 34
55 27 57 27 57 32 55 32 55 27
8 26 11 26 11 31 8 31 8 26
38 36 43 36 43 38 38 38 38 36
22 20 25 20 25 24 22 24 22 20
46 22 48 22 48 26 46 26 46 22
22 3 28 3 28 6 22 6 22 3
69 93 71 93 71 98 69 98 69 93
4 43 8 43 8 49 4 49 4 43
80 96 82 96 82 98 80 98 80 96
80 86 82 86 82 92 80 92 80 86
19 67 23 67 23 70 19 70 19 67
62 79 66 79 66 82 62 82 62 79
75 47 81 47 81 51 75 51 75 47
5 80 11 80 11 84 5 84 5 80
66 36 70 36 70 42 66 42 66 36
24 68 26 68 26 72 24 72 24 68
16 32 22 32 22 38 16 38 16 32
76 58 78 58 78 62 76 62 76 58
67 82 71 82 71 85 67 85 67 82
41 12 46 12 46 14 41 14 41 12
52 88 55 88 55 92 52 92 52 88
46 93 51 93 51 97 46 97 46 93
48 29 51 29 51 33 48 33 48 29
72 69 78 69 78 73 72 73 72 69
90 58 94 58 94 61 90 61 90 58
60 56 62 56 62 61 60 61 60 56
29 65 33 65 33 71 29 71 29 65
54 39 57 39 57 43 54 43 54 39
62 47 65 47 65 51 62 51 62 47
4 22 9 22 9 25 4 25 4 22
11 62 16 62 16 65 11 65 11 62
81 82 87 82 87 84 81 84 81 82
45 47 49 47 49 52 45 52 45 47
34 54 37 54 37 58 34 58 34 54
67 67 70 67 70 72 67 72 67 67
26 61 28 61 28 67 26 67 26 61
48 63 54 63 54 66 48 66 48 63
60 88 66 88 66 90 60 90 60 88
88 48 91 48 91 51 88 51 88 48
18 79 24 79 24 82 18 82 18 79
48 67 50 67 50 71 48 71 48 67
84 85 86 85 86 87 84 87 84 85
