79 39 83 39 83 42 79 42 79 39
22 55 26 55 26 57 22 57 22 55
58 53 61 53 61 56 58 56 58 53
2 32 8 32 8 34 2 34 2 32
92 2 96 2 96 6 92 6 92 2
68 67 72 67 72 71 68 71 68 67
6 89 12 89 12 95 6 95 6 89
90 24 92 24 92 30 90 30 90 24
49 90 53 90 53 95 49 95 49 90
90 9 96 9 96 12 90 12 90 9
42 38 45 38 45 44 42 44 42 38
40 46 42 46 42 51 40 51 40 46
13 33 16 33 16 37 13 37 13 33
22 52 24 52 24 54 22 54 22 52
76 93 80 93 80 96 76 96 76 93
88 87 91 87 91 93 88 93 88 87
77 56 82 56 82 62 77 62 77 56
65 9 67 9 67 14 65 14 65 9
47 52 53 52 53 56 47 56 47 52
4 36 10 36 10 42 4 42 4 36
29 16 31 16 31 19 29 19 29 16
88 39 92 39 92 43 88 43 88 39
49 11 55 11 55 16 49 16 49 11
23 79 28 79 28 84 23 84 23 79
31 11 34 11 34 15 31 15 31 11
47 42 52 42 52 44 47 44 47 42
87 49 92 49 92 53 87 53 87 49
89 94 92 94 92 97 89 97 89 94
93 18 95 18 95 21 93 21 93 18
21 46 26 46 26 51 21 51 21 46
89 54 94 54 94 56 89 56 89 54
49 31 53 31 53 33 49 33 49 31
68 24 74 24 74 26 68 26 68 24
51 4 57 4 57 6 51 6 51 4
44 19 47 19 47 21 44 21 44 19
74 21 77 21 77 23 74 23 74 21
85 2 89 2 89 8 85 8 85 2
59 17 62 17 62 20 59 20 59 17
41 28 43 28 43 30 41 30 41 28
82 82 85 82 85 85 82 85 82 82
78 74 81 74 81 80 78 80 78 74
7 77 13 77 13 79 7 79 7 77
63 36 67 36 67 40 63 40 63 36
18 86 20 86 20 91 18 91 18 86
72 56 76 56 76 58 72 58 72 56
47 59 51 59 51 65 47 65 47 59
38 58 42 58 42 60 38 60 38 58
43 68 45 68 45 72 43 72 43 68
81 25 84 25 84 29 81 29 81 25
57 91 59 91 59 95 57 95 57 91
6 65 10 65 10 68 6 68 6 65
33 80 36 80 36 84 33 84 33 80
75 10 79 10 79 15 75 15 75 10
35 5 41 5 41 11 35 11 35 5
31 44 37 44 37 50 31 50 31 44
17 8 21 8 21 12 17 12 17 8
17 52 21 52 21 55 17 55 17 52
53 64 59 64 59 68 53 68 53 64
7 45 13 45 13 50 7 50 7 45
57 45 61 45 61 50 57 50 57 45
52 57 57 57 57 59 52 59 52 57
32 70 37 70 37 75 32 75 32 70
79 48 82 48 82 51 79 51 79 48
13 82 16 82 16 85 13 85 13 82
28 95 31 95 31 97 28 97 28 95
60 10 62 10 62 14 60 14 60 10
67 59 72 59 72 65 67 65 67 59
4 14 8 14 8 18 4 18 4 14
8 3 13 3 13 5 8 5 8 3
62 85 66 85 66 89 62 89 62 85
80 9 86 9 86 13 80 13 80 9
18 41 21 41 21 43 18 43 18 41
64 27 69 27 69 32 64 32 64 27
53 25 58 25 58 29 53 29 53 25
20 68 26 68 26 70 20 70 20 68
95 87 98 87 98 91 95 91 95 87
68 6 71 6 71 8 68 8 68 6
22 76 26 76 26 78 22 78 22 76
44 23 47 23 47 26 44 26 44 23
91 84 97 84 97 86 91 86 91 84
47 2 50 2 50 4 47 4 47 2
14 20 19 20 19 26 14 26 14 20
88 63 90 63 90 66 88 66 88 63
58 80 63 80 63 83 58 83 58 80
32 66 34 66 34 69 32 69 32 66
39 81 42 81 42 86 39 86 39 81
34 93 37 93 37 97 34 97 34 93
32 20 37 20 37 25 32 25 32 20
83 19 85 19 85 23 83 23 83 19
37 77 43 77 43 79 37 79 37 77
29 57 32 57 32 60 29 60 29 57
73 2 75 2 75 5 73 5 73 2
61 71 65 71 65 75 61 75 61 71
12 54 16 54 16 59 12 59 12 54
35 63 37 63 37 69 35 69 35 63
19 60 24 60 24 66 19 66 19 60
63 94 66 94 66 97 63 97 63 94
73 65 75 65 75 69 73 69 73 65
43 87 48 87 48 92 43 92 43 87
50 68 52 68 52 74 50 74 50 68
