65 12 67 12 67 17 65 17 65 12
84 69 90 69 90 74 84 74 84 69
78 66 83 66 83 72 78 72 78 66
92 87 94 87 94 92 92 92 92 87
52 64 56 64 56 70 52 70 52 64
52 42 58 42 58 46 52 46 52 42
36 55 38 55 38 57 36 57 36 55
67 81 71 81 71 83 67 83 67 81
51 76 56 76 56 80 51 80 51 76
76 13 80 13 80 16 76 16 76 13
79 2 84 2 84 5 79 5 79 2
19 34 23 34 23 40 19 40 19 34
90 10 94 10 94 14 90 14 90 10
91 64 95 64 95 66 91 66 91 64
41 62 43 62 43 64 41 64 41 62
75 30 79 30 79 35 75 35 75 30
89 48 91 48 91 52 89 52 89 48
83 45 88 45 88 50 83 50 83 45
55 21 59 21 59 24 55 24 55 21
30 17 35 17 35 20 30 20 30 17
19 62 21 62 21 68 19 68 19 62
75 53 80 53 80 57 75 57 75 53
55 37 57 37 57 41 55 41 55 37
59 89 63 89 63 93 59 93 59 89
31 48 34 48 34 53 31 53 31 48
47 17 52 17 52 19 47 19 47 17
35 48 39 48 39 52 35 52 35 48
10 28 16 28 16 33 10 33 10 28
82 21 88 21 88 25 82 25 82 21
31 24 37 24 37 29 31 29 31 24
62 27 65 27 65 33 62 33 62 27
6 41 10 41 10 47 6 47 6 41
46 74 50 74 50 78 46 78 46 74
3 13 9 13 9 17 3 17 3 13
65 52 71 52 71 54 65 54 65 52
10 72 12 72 12 75 10 75 10 72
13 14 18 14 18 19 13 19 13 14
12 4 16 4 16 9 12 9 12 4
28 60 33 60 33 65 28 65 28 60
74 83 77 83 77 87 74 87 74 83
36 62 40 62 40 65 36 65 36 62
67 36 72 36 72 39 67 39 67 36
40 88 42 88 42 91 40 91 40 88
3 55 6 55 6 57 3 57 3 55
4 25 9 25 9 29 4 29 4 25
92 58 97 58 97 62 92 62 92 58
95 69 98 69 98 73 95 73 95 69
57 78 62 78 62 82 57 82 57 78
24 90 27 90 27 92 24 92 24 90
15 64 18 64 18 66 15 66 15 64
66 24 69 24 69 29 66 29 66 24
64 66 68 66 68 69 64 69 64 66
25 76 28 76 28 78 25 78 25 76
45 57 47 57 47 61 45 61 45 57
36 12 41 12 41 17 36 17 36 12
68 58 74 58 74 60 68 60 68 58
5 90 9 90 9 95 5 95 5 90
47 31 53 31 53 35 47 35 47 31
43 19 45 19 45 23 43 23 43 19
78 73 81 73 81 75 78 75 78 73
53 83 55 83 55 89 53 89 53 83
46 87 51 87 51 90 46 90 46 87
17 95 20 95 20 98 17 98 17 95
85 5 88 5 88 10 85 10 85 5
24 47 29 47 29 52 24 52 24 47
49 6 54 6 54 10 49 10 49 6
94 37 98 37 98 39 94 39 94 37
18 51 20 51 20 57 18 57 18 51
40 44 44 44 44 48 40 48 40 44
46 24 50 24 50 26 46 26 46 24
94 75 98 75 98 78 94 78 94 75
63 8 67 8 67 11 63 11 63 8
36 6 41 6 41 11 36 11 36 6
54 25 56 25 56 29 54 29 54 25
62 4 64 4 64 6 62 6 62 4
44 91 50 91 50 93 44 93 44 91
59 35 65 35 65 41 59 41 59 35
36 66 42 66 42 68 36 68 36 66
58 14 64 14 64 19 58 19 58 14
49 66 51 66 51 70 49 70 49 66
2 37 6 37 6 39 2 39 2 37
44 27 46 27 46 33 44 33 44 27
8 61 14 61 14 64 8 64 8 61
59 71 65 71 65 75 59 75 59 71
72 47 76 47 76 50 72 50 72 47
4 81 6 81 6 85 4 85 4 81
12 67 14 67 14 70 12 70 12 67
75 3 77 3 77 6 75 6 75 3
9 3 11 3 11 7 9 7 9 3
84 82 90 82 90 85 84 85 84 82
84 28 86 28 86 34 84 34 84 28
93 29 95 29 95 35 93 35 93 29
21 20 23 20 23 25 21 25 21 20
79 89 85 89 85 95 79 95 79 89
15 81 19 81 19 86 15 86 15 81
31 94 34 94 34 96 31 96 31 94
27 6 29 6 29 9 27 9 27 6
22 65 24 65 24 68 22 68 22 65
37 39 43 39 43 41 37 41 37 39
11 49 14 49 14 54 11 54 11 49
