65 30 67 30 67 33 65 33 65 30
60 47 66 47 66 51 60 51 60 47
10 17 13 17 13 23 10 23 10 17
14 39 19 39 19 43 14 43 14 39
22 94 26 94 26 97 22 97 22 94
70 33 73 33 73 37 70 37 70 33
57 18 62 18 62 22 57 22 57 18
6 26 11 26 11 32 6 32 6 26
48 89 53 89 53 91 48 91 48 89
28 65 32 65 32 68 28 68 28 65
59 65 62 65 62 67 59 67 59 65
63 2 68 2 68 5 63 5 63 2
29 16 35 16 35 20 29 20 29 16
38 15 40 15 40 17 38 17 38 15
67 92 70 92 70 97 67 97 67 92
58 75 62 75 62 79 58 79 58 75
19 11 25 11 25 13 19 13 19 11
13 49 17 49 17 53 13 53 13 49
9 33 13 33 13 35 9 35 9 33
91 51 93 51 93 53 91 53 91 51
62 34 67 34 67 40 62 40 62 34
84 47 88 47 88 49 84 49 84 47
40 49 44 49 44 53 40 53 40 49
83 63 85 63 85 65 83 65 83 63
61 55 66 55 66 59 61 59 61 55
72 41 75 41 75 43 72 43 72 41
76 6 81 6 81 8 76 8 76 6
53 31 59 31 59 33 53 33 53 31
25 49 31 49 31 55 25 55 25 49
18 74 21 74 21 77 18 77 18 74
43 15 49 15 49 18 43 18 43 15
47 40 50 40 50 46 47 46 47 40
2 36 5 36 5 42 2 42 2 36
86 75 92 75 92 77 86 77 86 75
3 61 6 61 6 65 3 65 3 61
36 89 39 89 39 93 36 93 36 89
42 74 45 74 45 76 42 76 42 74
11 4 15 4 15 6 11 6 11 4
80 88 85 88 85 90 80 90 80 88
63 23 68 23 68 27 63 27 63 23
85 15 88 15 88 21 85 21 85 15
57 93 62 93 62 98 57 98 57 93
32 31 34 31 34 35 32 35 32 31
28 2 34 2 34 5 28 5 28 2
25 80 27 80 27 84 25 84 25 80
96 49 98 49 98 52 96 52 96 49
86 85 92 85 92 89 86 89 86 85
38 35 44 35 44 38 38 38 38 35
88 36 93 36 93 41 88 41 88 36
22 15 27 15 27 20 22 20 22 15
50 14 52 14 52 17 50 17 50 14
5 51 9 51 9 56 5 56 5 51
47 25 51 25 51 28 47 28 47 25
91 13 96 13 96 15 91 15 91 13
16 11 18 11 18 13 16 13 16 11
86 61 88 61 88 66 86 66 86 61
8 90 14 90 14 92 8 92 8 90
33 66 39 66 39 70 33 70 33 66
91 78 95 78 95 81 91 81 91 78
14 70 17 70 17 72 14 72 14 70
81 37 86 37 86 40 81 40 81 37
81 94 84 94 84 96 81 96 81 94
95 58 97 58 97 64 95 64 95 58
38 78 41 78 41 83 38 83 38 78
29 71 32 71 32 74 29 74 29 71
30 22 34 22 34 25 30 25 30 22
53 48 56 48 56 50 53 50 53 48
96 46 98 46 98 48 96 48 96 46
93 70 96 70 96 76 93 76 93 70
92 17 95 17 95 19 92 19 92 17
68 81 74 81 74 86 68 86 68 81
62 85 66 85 66 88 62 88 62 85
80 24 84 24 84 26 80 26 80 24
75 67 80 67 80 71 75 71 75 67
57 81 62 81 62 84 57 84 57 81
70 71 72 71 72 74 70 74 70 71
24 59 26 59 26 63 24 63 24 59
32 49 38 49 38 51 32 51 32 49
30 39 32 39 32 43 30 43 30 39
11 78 16 78 16 80 11 80 11 78
75 50 81 50 81 52 75 52 75 50
18 82 21 82 21 88 18 88 18 82
2 20 5 20 5 23 2 23 2 20
76 79 82 79 82 81 76 81 76 79
58 11 61 11 61 16 58 16 58 11
62 69 68 69 68 72 62 72 62 69
34 62 36 62 36 64 34 64 34 62
9 44 14 44 14 47 9 47 9 44
31 9 35 9 35 13 31 13 31 9
53 73 55 73 55 75 53 75 53 73
73 11 77 11 77 14 73 14 73 11
40 23 46 23 46 28 40 28 40 23
42 5 44 5 44 8 42 8 42 5
40 44 44 44 44 47 40 47 40 44
43 61 47 61 47 64 43 64 43 61
48 92 52 92 52 95 48 95 48 92
46 53 52 53 52 57 46 57 46 53
45 83 48 83 48 87 45 87 45 83
82 10 88 10 88 14 82 14 82 10
95 83 98 83 98 87 95 87 95 83
