35 45 40 45 40 47 35 47 35 45
47 48 53 48 53 53 47 53 47 48
18 16 24 16 24 21 18 21 18 16
30 46 32 46 32 51 30 51 30 46
93 9 95 9 95 13 93 13 93 9
47 65 49 65 49 67 47 67 47 65
54 35 60 35 60 41 54 41 54 35
81 2 84 2 84 7 81 7 81 2
51 30 55 30 55 33 51 33 51 30
18 48 22 48 22 53 18 53 18 48
43 14 49 14 49 20 43 20 43 14
43 84 46 84 46 87 43 87 43 84
87 84 90 84 90 88 87 88 87 84
15 74 21 74 21 80 15 80 15 74
76 76 82 76 82 81 76 81 76 76
25 31 28 31 28 35 25 35 25 31
15 3 21 3 21 9 15 9 15 3
11 93 15 93 15 96 11 96 11 93
78 53 83 53 83 59 78 59 78 53
38 35 42 35 42 37 38 37 38 35
31 24 37 24 37 26 31 26 31 24
25 23 29 23 29 25 25 25 25 23
27 3 30 3 30 6 27 6 27 3
10 46 13 46 13 48 10 48 10 46
43 88 48 88 48 90 43 90 43 88
13 16 16 16 16 21 13 21 13 16
39 78 44 78 44 83 39 83 39 78
81 15 86 15 86 17 81 17 81 15
7 13 11 13 11 19 7 19 7 13
77 33 81 33 81 35 77 35 77 33
49 21 52 21 52 24 49 24 49 21
22 93 28 93 28 96 22 96 22 93
91 82 94 82 94 88 91 88 91 82
4 6 6 6 6 8 4 8 4 6
31 75 33 75 33 79 31 79 31 75
8 71 12 71 12 76 8 76 8 71
88 43 94 43 94 45 88 45 88 43
50 5 54 5 54 11 50 11 50 5
96 11 98 11 98 16 96 16 96 11
83 46 88 46 88 51 83 51 83 46
54 51 58 51 58 57 54 57 54 51
68 6 73 6 73 10 68 10 68 6
19 87 23 87 23 89 19 89 19 87
86 2 91 2 91 4 86 4 86 2
48 74 50 74 50 78 48 78 48 74
25 39 31 39 31 43 25 43 25 39
84 76 86 76 86 80 84 80 84 76
90 32 92 32 92 37 90 37 90 32
68 89 72 89 72 92 68 92 68 89
10 4 14 4 14 7 10 7 10 4
71 40 74 40 74 43 71 43 71 40
30 65 33 65 33 71 30 71 30 65
7 63 13 63 13 66 7 66 7 63
16 26 18 26 18 30 16 30 16 26
4 25 9 25 9 27 4 27 4 25
4 9 6 9 6 11 4 11 4 9
27 83 29 83 29 87 27 87 27 83
19 70 22 70 22 73 19 73 19 70
33 53 37 53 37 55 33 55 33 53
79 60 85 60 85 64 79 64 79 60
96 74 98 74 98 78 96 78 96 74
84 68 86 68 86 70 84 70 84 68
5 53 7 53 7 56 5 56 5 53
62 46 68 46 68 50 62 50 62 46
71 55 75 55 75 57 71 57 71 55
31 19 33 19 33 23 31 23 31 19
73 86 78 86 78 90 73 90 73 86
30 84 36 84 36 86 30 86 30 84
29 56 34 56 34 58 29 58 29 56
13 88 17 88 17 92 13 92 13 88
72 49 74 49 74 52 72 52 72 49
44 94 48 94 48 96 44 96 44 94
77 37 83 37 83 41 77 41 77 37
5 78 10 78 10 83 5 83 5 78
24 75 27 75 27 78 24 78 24 75
65 35 70 35 70 41 65 41 65 35
27 7 31 7 31 12 27 12 27 7
77 7 79 7 79 9 77 9 77 7
82 33 86 33 86 36 82 36 82 33
69 29 75 29 75 31 69 31 69 29
4 36 10 36 10 40 4 40 4 36
43 50 46 50 46 56 43 56 43 50
84 23 88 23 88 28 84 28 84 23
53 84 59 84 59 88 53 88 53 84
86 94 91 94 91 98 86 98 86 94
41 22 47 22 47 28 41 28 41 22
68 60 71 60 71 64 68 64 68 60
40 68 42 68 42 72 40 72 40 68
89 47 93 47 93 50 89 50 89 47
68 70 74 70 74 72 68 72 68 70
89 74 92 74 92 79 89 79 89 74
76 11 79 11 79 15 76 15 76 11
90 52 93 52 93 55 90 55 90 52
22 64 24 64 24 66 22 66 22 64
12 40 18 40 18 44 12 44 12 40
10 54 12 54 12 59 10 59 10 54
85 8 90 8 90 12 85 12 85 8
60 88 65 88 65 90 60 90 60 88
96 42 98 42 98 44 96 44 96 42
59 53 64 53 64 59 59 59 59 53
