57 87 61 87 61 91 57 91 57 87
78 82 82 82 82 84 78 84 78 82
60 47 66 47 66 49 60 49 60 47
56 25 58 25 58 27 56 27 56 25
24 3 26 3 26 8 24 8 24 3
70 17 73 17 73 21 70 21 70 17
67 9 69 9 69 15 67 15 67 9
8 52 13 52 13 56 8 56 8 52
39 85 41 85 41 87 39 87 39 85
68 37 71 37 71 42 68 42 68 37
84 75 88 75 88 78 84 78 84 75
42 36 44 36 44 40 42 40 42 36
54 92 57 92 57 96 54 96 54 92
89 71 92 71 92 76 89 76 89 71
30 10 32 10 32 14 30 14 30 10
85 80 91 80 91 84 85 84 85 80
20 12 25 12 25 14 20 14 20 12
49 51 51 51 51 56 49 56 49 51
43 28 47 28 47 31 43 31 43 28
65 52 69 52 69 56 65 56 65 52
24 31 30 31 30 37 24 37 24 31
40 60 43 60 43 65 40 65 40 60
41 24 46 24 46 26 41 26 41 24
29 18 35 18 35 23 29 23 29 18
51 33 56 33 56 38 51 38 51 33
63 84 65 84 65 87 63 87 63 84
22 43 27 43 27 47 22 47 22 43
66 73 70 73 70 77 66 77 66 73
73 39 75 39 75 44 73 44 73 39
45 47 51 47 51 50 45 50 45 47
80 3 84 3 84 8 80 8 80 3
22 67 28 67 28 73 22 73 22 67
40 30 42 30 42 33 40 33 40 30
69 91 72 91 72 93 69 93 69 91
16 15 21 15 21 19 16 19 16 15
87 29 92 29 92 35 87 35 87 29
16 27 19 27 19 31 16 31 16 27
95 35 98 35 98 38 95 38 95 35
65 59 68 59 68 63 65 63 65 59
50 68 55 68 55 73 50 73 50 68
84 21 88 21 88 24 84 24 84 21
5 87 11 87 11 93 5 93 5 87
17 81 21 81 21 86 17 86 17 81
5 31 7 31 7 36 5 36 5 31
67 2 70 2 70 5 67 5 67 2
52 8 56 8 56 14 52 14 52 8
96 81 98 81 98 85 96 85 96 81
62 20 68 20 68 25 62 25 62 20
91 40 95 40 95 45 91 45 91 40
91 50 96 50 96 52 91 52 91 50
2 56 6 56 6 62 2 62 2 56
80 36 84 36 84 38 80 38 80 36
89 59 92 59 92 65 89 65 89 59
16 63 18 63 18 68 16 68 16 63
14 50 16 50 16 53 14 53 14 50
81 58 84 58 84 62 81 62 81 58
53 3 58 3 58 6 53 6 53 3
70 58 74 58 74 61 70 61 70 58
90 54 92 54 92 56 90 56 90 54
31 90 35 90 35 94 31 94 31 90
92 21 96 21 96 27 92 27 92 21
14 8 16 8 16 13 14 13 14 8
55 41 61 41 61 46 55 46 55 41
5 19 11 19 11 24 5 24 5 19
52 86 56 86 56 90 52 90 52 86
30 61 33 61 33 65 30 65 30 61
82 44 88 44 88 49 82 49 82 44
4 68 8 68 8 73 4 73 4 68
47 87 50 87 50 89 47 89 47 87
32 77 38 77 38 80 32 80 32 77
9 36 15 36 15 42 9 42 9 36
20 93 23 93 23 98 20 98 20 93
59 80 63 80 63 82 59 82 59 80
29 83 35 83 35 89 29 89 29 83
45 73 49 73 49 75 45 75 45 73
10 11 13 11 13 14 10 14 10 11
35 36 41 36 41 42 35 42 35 36
59 10 61 10 61 15 59 15 59 10
83 86 89 86 89 90 83 90 83 86
17 52 20 52 20 55 17 55 17 52
89 10 92 10 92 15 89 15 89 10
2 42 7 42 7 46 2 46 2 42
23 55 26 55 26 57 23 57 23 55
65 30 69 30 69 33 65 33 65 30
92 84 95 84 95 88 92 88 92 84
36 82 39 82 39 84 36 84 36 82
24 16 28 16 28 20 24 20 24 16
10 63 15 63 15 66 10 66 10 63
93 58 95 58 95 61 93 61 93 58
32 57 37 57 37 60 32 60 32 57
79 47 81 47 81 50 79 50 79 47
42 76 48 76 48 78 42 78 42 76
74 65 80 65 80 71 74 71 74 65
8 46 13 46 13 49 8 49 8 46
73 54 76 54 76 56 73 56 73 54
45 10 51 10 51 13 45 13 45 10
29 74 31 74 31 76 29 76 29 74
33 49 37 49 37 54 33 54 33 49
24 61 29 61 29 66 24 66 24 61
71 4 76 4 76 8 71 8 71 4
