53 21 58 21 58 27 53 27 53 21
59 35 65 35 65 38 59 38 59 35
56 39 60 39 60 42 56 42 56 39
57 8 61 8 61 12 57 12 57 8
44 31 47 31 47 34 44 34 44 31
2 16 7 16 7 18 2 18 2 16
58 2 60 2 60 4 58 4 58 2
34 13 36 13 36 18 34 18 34 13
11 14 16 14 16 16 11 16 11 14
51 70 57 70 57 75 51 75 51 70
2 93 4 93 4 95 2 95 2 93
9 25 14 25 14 30 9 30 9 25
28 80 32 80 32 86 28 86 28 80
80 61 82 61 82 64 80 64 80 61
13 32 18 32 18 36 13 36 13 32
75 81 78 81 78 87 75 87 75 81
52 47 56 47 56 50 52 50 52 47
40 40 44 40 44 45 40 45 40 40
66 36 72 36 72 38 66 38 66 36
61 80 64 80 64 82 61 82 61 80
79 42 85 42 85 45 79 45 79 42
75 75 79 75 79 80 75 80 75 75
40 24 42 24 42 30 40 30 40 24
29 88 31 88 31 94 29 94 29 88
30 17 32 17 32 19 30 19 30 17
93 65 97 65 97 69 93 69 93 65
34 25 39 25 39 28 34 28 34 25
50 8 52 8 52 14 50 14 50 8
8 85 10 85 10 91 8 91 8 85
33 64 38 64 38 69 33 69 33 64
84 76 89 76 89 82 84 82 84 76
80 89 82 89 82 93 80 93 80 89
14 73 19 73 19 79 14 79 14 73
58 64 64 64 64 66 58 66 58 64
29 70 35 70 35 74 29 74 29 70
5 54 9 54 9 56 5 56 5 54
18 42 21 42 21 48 18 48 18 42
16 86 22 86 22 92 16 92 16 86
60 72 62 72 62 78 60 78 60 72
37 91 42 91 42 93 37 93 37 91
70 21 75 21 75 25 70 25 70 21
90 47 92 47 92 49 90 49 90 47
71 96 73 96 73 98 71 98 71 96
87 25 91 25 91 30 87 30 87 25
41 70 43 70 43 76 41 76 41 70
83 11 85 11 85 17 83 17 83 11
10 96 16 96 16 98 10 98 10 96
94 79 97 79 97 82 94 82 94 79
50 32 54 32 54 36 50 36 50 32
78 32 83 32 83 38 78 38 78 32
6 47 8 47 8 52 6 52 6 47
43 81 46 81 46 87 43 87 43 81
57 48 61 48 61 50 57 50 57 48
28 41 33 41 33 47 28 47 28 41
73 36 77 36 77 39 73 39 73 36
68 4 71 4 71 7 68 7 68 4
28 55 33 55 33 58 28 58 28 55
37 21 41 21 41 23 37 23 37 21
74 8 76 8 76 11 74 11 74 8
44 2 46 2 46 7 44 7 44 2
92 34 95 34 95 40 92 40 92 34
55 88 60 88 60 93 55 93 55 88
87 55 90 55 90 61 87 61 87 55
63 73 65 73 65 77 63 77 63 73
34 3 40 3 40 6 34 6 34 3
92 3 94 3 94 7 92 7 92 3
10 8 12 8 12 12 10 12 10 8
9 70 13 70 13 72 9 72 9 70
48 90 51 90 51 95 48 95 48 90
81 68 84 68 84 70 81 70 81 68
71 56 76 56 76 60 71 60 71 56
96 73 98 73 98 75 96 75 96 73
86 69 89 69 89 74 86 74 86 69
63 31 67 31 67 33 63 33 63 31
72 90 78 90 78 95 72 95 72 90
43 50 45 50 45 55 43 55 43 50
62 46 66 46 66 52 62 52 62 46
68 68 72 68 72 72 68 72 68 68
23 13 29 13 29 15 23 15 23 13
10 41 15 41 15 45 10 45 10 41
67 58 69 58 69 64 67 64 67 58
34 43 38 43 38 48 34 48 34 43
9 64 13 64 13 66 9 66 9 64
52 62 55 62 55 64 52 64 52 62
36 58 40 58 40 62 36 62 36 58
5 71 7 71 7 76 5 76 5 71
23 58 27 58 27 62 23 62 23 58
93 42 96 42 96 46 93 46 93 42
93 12 97 12 97 18 93 18 93 12
58 15 62 15 62 20 58 20 58 15
32 7 37 7 37 11 32 11 32 7
75 67 77 67 77 71 75 71 75 67
53 53 59 53 59 58 53 58 53 53
76 13 80 13 80 18 76 18 76 13
51 38 54 38 54 44 51 44 51 38
17 55 22 55 22 60 17 60 17 55
29 27 31 27 31 33 29 33 29 27
94 52 97 52 97 55 94 55 94 52
32 87 36 87 36 92 32 92 32 87
66 77 69 77 69 80 66 80 66 77
