90 19 92 19 92 22 90 22 90 19
51 61 55 61 55 65 51 65 51 61
56 53 58 53 58 55 56 55 56 53
41 19 44 19 44 23 41 23 41 19
70 89 74 89 74 94 70 94 70 89
31 75 34 75 34 79 31 79 31 75
23 26 25 26 25 32 23 32 23 26
45 20 51 20 51 22 45 22 45 20
82 61 85 61 85 65 82 65 82 61
14 53 18 53 18 57 14 57 14 53
79 68 85 68 85 74 79 74 79 68
68 11 74 11 74 16 68 16 68 11
87 14 89 14 89 17 87 17 87 14
40 14 46 14 46 17 40 17 40 14
34 43 36 43 36 49 34 49 34 43
4 28 6 28 6 32 4 32 4 28
81 6 85 6 85 11 81 11 81 6
39 89 41 89 41 94 39 94 39 89
59 38 61 38 61 44 59 44 59 38
53 25 59 25 59 31 53 31 53 25
69 68 74 68 74 70 69 70 69 68
39 29 44 29 44 33 39 33 39 29
19 13 22 13 22 19 19 19 19 13
59 94 61 94 61 96 59 96 59 94
33 9 39 9 39 11 33 11 33 9
72 79 77 79 77 84 72 84 72 79
40 70 42 70 42 74 40 74 40 70
38 78 43 78 43 83 38 83 38 78
8 14 11 14 11 18 8 18 8 14
27 45 33 45 33 49 27 49 27 45
40 57 45 57 45 59 40 59 40 57
66 24 68 24 68 28 66 28 66 24
29 34 31 34 31 36 29 36 29 34
13 84 17 84 17 89 13 89 13 84
54 16 60 16 60 21 54 21 54 16
95 36 97 36 97 41 95 41 95 36
37 70 39 70 39 76 37 76 37 70
94 49 97 49 97 51 94 51 94 49
12 15 14 15 14 19 12 19 12 15
48 43 51 43 51 49 48 49 48 43
16 30 18 30 18 35 16 35 16 30
32 65 36 65 36 70 32 70 32 65
11 10 14 10 14 12 11 12 11 10
50 73 53 73 53 79 50 79 50 73
63 47 69 47 69 51 63 51 63 47
23 58 27 58 27 63 23 63 23 58
24 38 27 38 27 40 24 40 24 38
6 2 10 2 10 4 6 4 6 2
49 5 51 5 51 11 49 11 49 5
89 80 91 80 91 82 89 82 89 80
5 64 7 64 7 68 5 68 5 64
65 58 67 58 67 62 65 62 65 58
4 34 10 34 10 40 4 40 4 34
71 75 77 75 77 77 71 77 71 75
91 68 97 68 97 74 91 74 91 68
2 77 4 77 4 83 2 83 2 77
20 45 26 45 26 51 20 51 20 45
42 52 44 52 44 56 42 56 42 52
36 56 39 56 39 58 36 58 36 56
55 5 59 5 59 11 55 11 55 5
56 2 60 2 60 4 56 4 56 2
74 20 80 20 80 25 74 25 74 20
20 80 25 80 25 84 20 84 20 80
40 6 46 6 46 11 40 11 40 6
28 38 30 38 30 42 28 42 28 38
90 46 93 46 93 50 90 50 90 46
27 78 29 78 29 84 27 84 27 78
41 61 46 61 46 67 41 67 41 61
27 14 29 14 29 20 27 20 27 14
68 58 74 58 74 62 68 62 68 58
37 44 43 44 43 46 37 46 37 44
82 48 85 48 85 54 82 54 82 48
64 5 70 5 70 9 64 9 64 5
18 63 22 63 22 68 18 68 18 63
8 63 13 63 13 67 8 67 8 63
84 33 89 33 89 38 84 38 84 33
85 23 89 23 89 26 85 26 85 23
24 52 27 52 27 55 24 55 24 52
11 45 14 45 14 51 11 51 11 45
66 41 71 41 71 46 66 46 66 41
23 66 27 66 27 68 23 68 23 66
21 34 24 34 24 36 21 36 21 34
68 85 71 85 71 88 68 88 68 85
27 93 29 93 29 95 27 95 27 93
44 72 48 72 48 74 44 74 44 72
58 73 61 73 61 76 58 76 58 73
52 37 58 37 58 42 52 42 52 37
9 93 11 93 11 97 9 97 9 93
47 64 49 64 49 69 47 69 47 64
55 77 60 77 60 82 55 82 55 77
64 92 66 92 66 95 64 95 64 92
54 67 60 67 60 72 54 72 54 67
4 46 9 46 9 52 4 52 4 46
5 83 9 83 9 88 5 88 5 83
91 88 95 88 95 90 91 90 91 88
51 33 54 33 54 35 51 35 51 33
88 96 94 96 94 98 88 98 88 96
28 86 31 86 31 88 28 88 28 86
12 70 17 70 17 74 12 74 12 70
79 95 83 95 83 97 79 97 79 95
