95 40 97 40 97 46 95 46 95 40
28 52 33 52 33 55 28 55 28 52
21 34 27 34 27 40 21 40 21 34
85 38 89 38 89 44 85 44 85 38
65 15 71 15 71 20 65 20 65 15
89 55 91 55 91 59 89 59 89 55
33 86 36 86 36 92 33 92 33 86
26 79 30 79 30 82 26 82 26 79
31 65 35 65 35 67 31 67 31 65
37 31 39 31 39 34 37 34 37 31
47 2 52 2 52 4 47 4 47 2
58 88 62 88 62 90 58 90 58 88
44 59 49 59 49 64 44 64 44 59
45 50 50 50 50 52 45 52 45 50
29 39 34 39 34 42 29 42 29 39
5 44 7 44 7 46 5 46 5 44
89 30 92 30 92 36 89 36 89 30
32 83 38 83 38 85 32 85 32 83
72 23 74 23 74 26 72 26 72 23
40 27 44 27 44 31 40 31 40 27
71 57 73 57 73 61 71 61 71 57
16 41 18 41 18 47 16 47 16 41
72 77 74 77 74 81 72 81 72 77
60 52 63 52 63 58 60 58 60 52
76 33 80 33 80 37 76 37 76 33
35 42 41 42 41 48 35 48 35 42
43 88 49 88 49 93 43 93 43 88
16 11 22 11 22 14 16 14 16 11
27 15 32 15 32 18 27 18 27 15
58 11 60 11 60 15 58 15 58 11
95 6 97 6 97 12 95 12 95 6
3 76 8 76 8 78 3 78 3 76
12 11 14 11 14 13 12 13 12 11
93 87 97 87 97 93 93 93 93 87
64 39 70 39 70 41 64 41 64 39
54 19 58 19 58 25 54 25 54 19
55 80 60 80 60 82 55 82 55 80
91 17 97 17 97 22 91 22 91 17
18 25 20 25 20 29 18 29 18 25
71 95 74 95 74 97 71 97 71 95
22 8 26 8 26 10 22 10 22 8
33 57 35 57 35 61 33 61 33 57
30 47 33 47 33 51 30 51 30 47
61 74 67 74 67 76 61 76 61 74
65 80 71 80 71 83 65 83 65 80
63 67 68 67 68 70 63 70 63 67
38 18 41 18 41 21 38 21 38 18
39 71 44 71 44 74 39 74 39 71
19 76 25 76 25 82 19 82 19 76
51 91 53 91 53 96 51 96 51 91
30 32 33 32 33 38 30 38 30 32
77 11 79 11 79 15 77 15 77 11
50 28 52 28 52 33 50 33 50 28
28 21 32 21 32 25 28 25 28 21
54 33 59 33 59 39 54 39 54 33
5 82 10 82 10 87 5 87 5 82
55 4 57 4 57 8 55 8 55 4
33 7 37 7 37 9 33 9 33 7
47 95 49 95 49 98 47 98 47 95
10 7 15 7 15 10 10 10 10 7
12 70 16 70 16 75 12 75 12 70
78 80 81 80 81 86 78 86 78 80
68 31 71 31 71 35 68 35 68 31
72 9 76 9 76 14 72 14 72 9
88 4 91 4 91 6 88 6 88 4
78 95 81 95 81 98 78 98 78 95
54 69 58 69 58 72 54 72 54 69
64 89 68 89 68 94 64 94 64 89
93 77 96 77 96 83 93 83 93 77
24 21 26 21 26 24 24 24 24 21
16 62 18 62 18 66 16 66 16 62
65 49 70 49 70 51 65 51 65 49
84 75 86 75 86 79 84 79 84 75
96 84 98 84 98 86 96 86 96 84
9 37 15 37 15 39 9 39 9 37
61 21 65 21 65 23 61 23 61 21
50 88 56 88 56 90 50 90 50 88
20 56 23 56 23 62 20 62 20 56
62 43 65 43 65 48 62 48 62 43
34 23 39 23 39 27 34 27 34 23
88 63 90 63 90 68 88 68 88 63
84 80 86 80 86 86 84 86 84 80
4 55 10 55 10 61 4 61 4 55
46 18 48 18 48 22 46 22 46 18
85 15 90 15 90 19 85 19 85 15
96 50 98 50 98 56 96 56 96 50
6 89 9 89 9 95 6 95 6 89
22 26 27 26 27 32 22 32 22 26
74 47 80 47 80 53 74 53 74 47
77 6 79 6 79 10 77 10 77 6
65 6 69 6 69 9 65 9 65 6
12 61 15 61 15 67 12 67 12 61
84 53 88 53 88 56 84 56 84 53
60 62 66 62 66 64 60 64 60 62
30 86 32 86 32 90 30 90 30 86
68 22 71 22 71 27 68 27 68 22
84 68 86 68 86 71 84 71 84 68
51 45 56 45 56 51 51 51 51 45
88 49 90 49 90 51 88 51 88 49
33 68 36 68 36 71 33 71 33 68
