9 22 14 22 14 26 9 26 9 22
86 74 91 74 91 77 86 77 86 74
63 41 68 41 68 45 63 45 63 41
89 44 93 44 93 50 89 50 89 44
9 51 14 51 14 53 9 53 9 51
63 9 65 9 65 14 63 14 63 9
45 86 49 86 49 88 45 88 45 86
8 54 14 54 14 57 8 57 8 54
28 52 34 52 34 56 28 56 28 52
13 30 16 30 16 33 13 33 13 30
82 48 86 48 86 54 82 54 82 48
58 58 60 58 60 62 58 62 58 58
45 53 49 53 49 57 45 57 45 53
8 83 11 83 11 87 8 87 8 83
36 7 39 7 39 10 36 10 36 7
55 26 60 26 60 32 55 32 55 26
74 87 77 87 77 93 74 93 74 87
46 31 52 31 52 34 46 34 46 31
79 94 81 94 81 97 79 97 79 94
2 59 4 59 4 63 2 63 2 59
44 23 46 23 46 25 44 25 44 23
49 5 51 5 51 10 49 10 49 5
31 61 33 61 33 65 31 65 31 61
63 76 67 76 67 82 63 82 63 76
72 31 76 31 76 35 72 35 72 31
25 72 28 72 28 77 25 77 25 72
32 14 37 14 37 17 32 17 32 14
37 50 43 50 43 55 37 55 37 50
56 46 62 46 62 52 56 52 56 46
7 39 11 39 11 45 7 45 7 39
67 24 73 24 73 27 67 27 67 24
14 59 18 59 18 61 14 61 14 59
30 33 33 33 33 37 30 37 30 33
72 46 76 46 76 52 72 52 72 46
81 59 85 59 85 64 81 64 81 59
23 19 26 19 26 24 23 24 23 19
3 5 6 5 6 11 3 11 3 5
92 29 97 29 97 32 92 32 92 29
28 81 31 81 31 85 28 85 28 81
45 72 50 72 50 76 45 76 45 72
91 6 97 6 97 8 91 8 91 6
64 16 69 16 69 19 64 19 64 16
48 91 52 91 52 96 48 96 48 91
21 3 25 3 25 5 21 5 21 3
49 19 53 19 53 25 49 25 49 19
64 50 67 50 67 52 64 52 64 50
66 33 68 33 68 35 66 35 66 33
25 67 29 67 29 71 25 71 25 67
70 74 74 74 74 80 70 80 70 74
51 74 53 74 53 80 51 80 51 74
93 83 95 83 95 87 93 87 93 83
83 78 89 78 89 82 83 82 83 78
43 45 45 45 45 48 43 48 43 45
76 39 78 39 78 44 76 44 76 39
6 34 11 34 11 38 6 38 6 34
18 16 20 16 20 21 18 21 18 16
84 87 87 87 87 92 84 92 84 87
11 71 13 71 13 74 11 74 11 71
6 72 8 72 8 78 6 78 6 72
43 39 47 39 47 43 43 43 43 39
64 94 70 94 70 98 64 98 64 94
12 93 16 93 16 96 12 96 12 93
33 66 38 66 38 72 33 72 33 66
20 64 22 64 22 66 20 66 20 64
56 36 59 36 59 41 56 41 56 36
33 86 35 86 35 90 33 90 33 86
2 70 4 70 4 76 2 76 2 70
62 24 64 24 64 28 62 28 62 24
56 83 61 83 61 86 56 86 56 83
40 18 43 18 43 21 40 21 40 18
52 8 56 8 56 10 52 10 52 8
5 58 9 58 9 63 5 63 5 58
21 57 26 57 26 61 21 61 21 57
40 7 44 7 44 10 40 10 40 7
74 7 78 7 78 13 74 13 74 7
87 9 92 9 92 15 87 15 87 9
81 14 86 14 86 20 81 20 81 14
15 40 19 40 19 43 15 43 15 40
19 90 21 90 21 96 19 96 19 90
93 14 95 14 95 18 93 18 93 14
54 88 56 88 56 93 54 93 54 88
60 66 64 66 64 72 60 72 60 66
7 13 10 13 10 18 7 18 7 13
4 53 6 53 6 56 4 56 4 53
27 10 30 10 30 15 27 15 27 10
19 28 21 28 21 30 19 30 19 28
41 88 43 88 43 90 41 90 41 88
74 55 79 55 79 57 74 57 74 55
51 65 56 65 56 69 51 69 51 65
94 59 97 59 97 65 94 65 94 59
13 7 17 7 17 10 13 10 13 7
19 8 25 8 25 10 19 10 19 8
16 47 19 47 19 49 16 49 16 47
82 43 84 43 84 45 82 45 82 43
70 83 74 83 74 85 70 85 70 83
38 83 40 83 40 87 38 87 38 83
18 86 23 86 23 89 18 89 18 86
65 63 71 63 71 69 65 69 65 63
68 89 70 89 70 92 68 92 68 89
79 65 81 65 81 67 79 67 79 65
