44 12 50 12 50 15 44 15 44 12
16 58 22 58 22 60 16 60 16 58
14 4 20 4 20 6 14 6 14 4
9 18 12 18 12 20 9 20 9 18
92 79 98 79 98 82 92 82 92 79
11 91 15 91 15 97 11 97 11 91
4 16 7 16 7 19 4 19 4 16
74 48 80 48 80 50 74 50 74 48
52 16 56 16 56 22 52 22 52 16
23 65 26 65 26 68 23 68 23 65
83 45 88 45 88 49 83 49 83 45
8 7 10 7 10 13 8 13 8 7
59 30 61 30 61 35 59 35 59 30
46 49 51 49 51 53 46 53 46 49
37 58 42 58 42 63 37 63 37 58
52 36 57 36 57 42 52 42 52 36
43 88 47 88 47 94 43 94 43 88
69 56 74 56 74 60 69 60 69 56
68 71 71 71 71 74 68 74 68 71
89 18 92 18 92 23 89 23 89 18
77 41 80 41 80 47 77 47 77 41
78 77 81 77 81 83 78 83 78 77
27 11 33 11 33 13 27 13 27 11
44 65 50 65 50 68 44 68 44 65
63 48 67 48 67 53 63 53 63 48
66 28 70 28 70 33 66 33 66 28
35 35 40 35 40 39 35 39 35 35
93 84 96 84 96 86 93 86 93 84
50 45 52 45 52 48 50 48 50 45
24 47 30 47 30 49 24 49 24 47
16 77 21 77 21 81 16 81 16 77
47 24 53 24 53 28 47 28 47 24
86 39 89 39 89 41 86 41 86 39
37 17 42 17 42 20 37 20 37 17
65 43 71 43 71 47 65 47 65 43
10 21 14 21 14 25 10 25 10 21
46 82 49 82 49 86 46 86 46 82
84 77 89 77 89 83 84 83 84 77
75 20 79 20 79 24 75 24 75 20
95 66 97 66 97 70 95 70 95 66
88 90 91 90 91 95 88 95 88 90
94 47 96 47 96 50 94 50 94 47
46 33 52 33 52 35 46 35 46 33
14 7 19 7 19 9 14 9 14 7
4 27 10 27 10 32 4 32 4 27
2 68 7 68 7 70 2 70 2 68
85 72 90 72 90 75 85 75 85 72
27 57 30 57 30 63 27 63 27 57
85 53 90 53 90 56 85 56 85 53
66 36 71 36 71 41 66 41 66 36
5 79 11 79 11 83 5 83 5 79
52 77 57 77 57 82 52 82 52 77
64 93 69 93 69 95 64 95 64 93
14 64 18 64 18 69 14 69 14 64
74 10 76 10 76 14 74 14 74 10
71 93 74 93 74 97 71 97 71 93
19 70 23 70 23 74 19 74 19 70
25 35 30 35 30 38 25 38 25 35
84 87 86 87 86 89 84 89 84 87
84 58 88 58 88 64 84 64 84 58
68 48 71 48 71 53 68 53 68 48
43 75 48 75 48 78 43 78 43 75
49 7 52 7 52 9 49 9 49 7
65 5 68 5 68 11 65 11 65 5
54 64 60 64 60 69 54 69 54 64
33 54 36 54 36 58 33 58 33 54
31 69 35 69 35 73 31 73 31 69
56 10 58 10 58 14 56 14 56 10
8 41 14 41 14 43 8 43 8 41
60 17 63 17 63 20 60 20 60 17
71 25 74 25 74 28 71 28 71 25
27 78 32 78 32 81 27 81 27 78
67 20 69 20 69 24 67 24 67 20
18 49 21 49 21 51 18 51 18 49
91 14 95 14 95 16 91 16 91 14
32 47 38 47 38 53 32 53 32 47
73 2 77 2 77 6 73 6 73 2
2 92 5 92 5 97 2 97 2 92
78 9 81 9 81 13 78 13 78 9
5 73 9 73 9 76 5 76 5 73
32 14 34 14 34 18 32 18 32 14
85 33 91 33 91 36 85 36 85 33
66 81 68 81 68 83 66 83 66 81
40 45 43 45 43 51 40 51 40 45
56 49 62 49 62 51 56 51 56 49
64 66 68 66 68 68 64 68 64 66
6 84 11 84 11 90 6 90 6 84
74 81 77 81 77 87 74 87 74 81
31 3 37 3 37 6 31 6 31 3
70 64 73 64 73 68 70 68 70 64
20 11 26 11 26 16 20 16 20 11
76 29 79 29 79 32 76 32 76 29
52 2 55 2 55 5 52 5 52 2
27 68 29 68 29 73 27 73 27 68
14 82 20 82 20 86 14 86 14 82
27 25 31 25 31 27 27 27 27 25
23 18 26 18 26 22 23 22 23 18
76 57 79 57 79 61 76 61 76 57
57 90 60 90 60 94 57 94 57 90
5 38 7 38 7 43 5 43 5 38
