45 90 50 90 50 95 45 95 45 90
62 4 64 4 64 8 62 8 62 4
57 21 63 21 63 27 57 27 57 21
83 81 85 81 85 87 83 87 83 81
26 42 32 42 32 45 26 45 26 42
30 47 34 47 34 51 30 51 30 47
89 12 92 12 92 16 89 16 89 12
2 22 7 22 7 24 2 24 2 22
27 54 33 54 33 59 27 59 27 54
76 50 81 50 81 55 76 55 76 50
32 76 34 76 34 81 32 81 32 76
78 82 80 82 80 85 78 85 78 82
24 64 28 64 28 70 24 70 24 64
11 39 13 39 13 41 11 41 11 39
51 55 55 55 55 58 51 58 51 55
77 40 79 40 79 42 77 42 77 40
35 67 40 67 40 70 35 70 35 67
66 17 71 17 71 21 66 21 66 17
56 60 58 60 58 65 56 65 56 60
16 14 22 14 22 19 16 19 16 14
55 81 59 81 59 87 55 87 55 81
66 89 68 89 68 92 66 92 66 89
56 53 58 53 58 58 56 58 56 53
48 46 51 46 51 49 48 49 48 46
47 50 49 50 49 53 47 53 47 50
45 71 50 71 50 74 45 74 45 71
43 14 45 14 45 18 43 18 43 14
76 70 80 70 80 73 76 73 76 70
89 3 94 3 94 8 89 8 89 3
74 10 76 10 76 13 74 13 74 10
82 20 86 20 86 22 82 22 82 20
22 81 27 81 27 86 22 86 22 81
40 43 43 43 43 48 40 48 40 43
63 83 66 83 66 85 63 85 63 83
94 36 96 36 96 40 94 40 94 36
2 75 8 75 8 77 2 77 2 75
73 86 79 86 79 91 73 91 73 86
68 33 73 33 73 38 68 38 68 33
70 54 72 54 72 58 70 58 70 54
5 66 11 66 11 68 5 68 5 66
2 56 4 56 4 58 2 58 2 56
32 31 35 31 35 37 32 37 32 31
53 20 56 20 56 25 53 25 53 20
23 3 26 3 26 5 23 5 23 3
71 48 73 48 73 53 71 53 71 48
41 82 43 82 43 87 41 87 41 82
16 7 19 7 19 13 16 13 16 7
45 33 48 33 48 39 45 39 45 33
26 17 31 17 31 23 26 23 26 17
76 35 82 35 82 37 76 37 76 35
24 87 27 87 27 92 24 92 24 87
9 28 12 28 12 30 9 30 9 28
45 5 49 5 49 7 45 7 45 5
20 40 25 40 25 43 20 43 20 40
11 14 15 14 15 20 11 20 11 14
70 59 72 59 72 63 70 63 70 59
51 75 57 75 57 79 51 79 51 75
58 41 63 41 63 44 58 44 58 41
6 31 11 31 11 35 6 35 6 31
44 27 49 27 49 31 44 31 44 27
2 49 7 49 7 52 2 52 2 49
91 71 95 71 95 74 91 74 91 71
91 60 97 60 97 63 91 63 91 60
91 81 95 81 95 86 91 86 91 81
66 46 68 46 68 52 66 52 66 46
22 46 24 46 24 48 22 48 22 46
3 36 8 36 8 41 3 41 3 36
83 60 87 60 87 66 83 66 83 60
85 92 91 92 91 94 85 94 85 92
29 92 31 92 31 96 29 96 29 92
52 39 56 39 56 44 52 44 52 39
78 47 83 47 83 49 78 49 78 47
43 65 45 65 45 69 43 69 43 65
29 73 31 73 31 75 29 75 29 73
65 22 71 22 71 24 65 24 65 22
15 61 20 61 20 63 15 63 15 61
77 64 79 64 79 66 77 66 77 64
47 9 53 9 53 11 47 11 47 9
15 4 21 4 21 6 15 6 15 4
73 60 77 60 77 63 73 63 73 60
43 54 46 54 46 58 43 58 43 54
53 14 57 14 57 19 53 19 53 14
77 21 81 21 81 27 77 27 77 21
15 69 19 69 19 74 15 74 15 69
37 49 39 49 39 52 37 52 37 49
71 27 75 27 75 32 71 32 71 27
63 64 66 64 66 67 63 67 63 64
36 36 41 36 41 42 36 42 36 36
74 67 80 67 80 69 74 69 74 67
34 91 39 91 39 94 34 94 34 91
28 38 34 38 34 41 28 41 28 38
81 42 83 42 83 46 81 46 81 42
73 15 75 15 75 19 73 19 73 15
77 6 81 6 81 9 77 9 77 6
4 91 8 91 8 96 4 96 4 91
13 90 15 90 15 94 13 94 13 90
65 58 69 58 69 63 65 63 65 58
91 49 96 49 96 55 91 55 91 49
43 59 46 59 46 62 43 62 43 59
59 35 61 35 61 39 59 39 59 35
