67 83 69 83 69 89 67 89 67 83
93 33 97 33 97 37 93 37 93 33
24 4 29 4 29 6 24 6 24 4
83 15 87 15 87 21 83 21 83 15
34 13 38 13 38 18 34 18 34 13
2 64 7 64 7 68 2 68 2 64
88 22 92 22 92 25 88 25 88 22
6 30 8 30 8 35 6 35 6 30
63 19 69 19 69 23 63 23 63 19
23 64 25 64 25 69 23 69 23 64
79 46 81 46 81 50 79 50 79 46
60 8 65 8 65 13 60 13 60 8
6 47 8 47 8 50 6 50 6 47
12 64 14 64 14 69 12 69 12 64
87 10 93 10 93 14 87 14 87 10
40 30 42 30 42 36 40 36 40 30
49 53 54 53 54 59 49 59 49 53
17 57 23 57 23 62 17 62 17 57
4 26 9 26 9 28 4 28 4 26
34 78 38 78 38 82 34 82 34 78
30 24 32 24 32 27 30 27 30 24
34 95 39 95 39 97 34 97 34 95
59 70 64 70 64 74 59 74 59 70
27 28 30 28 30 33 27 33 27 28
54 86 60 86 60 92 54 92 54 86
64 40 70 40 70 43 64 43 64 40
7 81 10 81 10 84 7 84 7 81
39 85 45 85 45 88 39 88 39 85
71 18 74 18 74 24 71 24 71 18
59 15 64 15 64 18 59 18 59 15
30 59 32 59 32 64 30 64 30 59
53 27 55 27 55 30 53 30 53 27
38 49 43 49 43 51 38 51 38 49
34 31 36 31 36 36 34 36 34 31
71 67 76 67 76 72 71 72 71 67
19 82 22 82 22 87 19 87 19 82
44 15 49 15 49 17 44 17 44 15
74 81 77 81 77 87 74 87 74 81
9 18 13 18 13 22 9 22 9 18
67 53 69 53 69 56 67 56 67 53
17 21 20 21 20 27 17 27 17 21
80 90 84 90 84 93 80 93 80 90
72 4 78 4 78 10 72 10 72 4
81 54 86 54 86 60 81 60 81 54
52 2 54 2 54 4 52 4 52 2
52 45 57 45 57 48 52 48 52 45
67 25 72 25 72 27 67 27 67 25
90 81 95 81 95 84 90 84 90 81
72 45 76 45 76 48 72 48 72 45
50 10 55 10 55 13 50 13 50 10
38 54 40 54 40 59 38 59 38 54
61 87 63 87 63 92 61 92 61 87
24 90 26 90 26 95 24 95 24 90
24 15 29 15 29 20 24 20 24 15
70 29 75 29 75 35 70 35 70 29
89 68 93 68 93 72 89 72 89 68
39 62 41 62 41 66 39 66 39 62
55 36 61 36 61 40 55 40 55 36
61 47 64 47 64 50 61 50 61 47
77 21 82 21 82 23 77 23 77 21
90 52 94 52 94 54 90 54 90 52
61 83 66 83 66 86 61 86 61 83
89 40 93 40 93 43 89 43 89 40
70 56 74 56 74 61 70 61 70 56
16 51 20 51 20 56 16 56 16 51
31 5 34 5 34 7 31 7 31 5
45 46 48 46 48 51 45 51 45 46
52 71 55 71 55 77 52 77 52 71
50 18 56 18 56 24 50 24 50 18
49 67 51 67 51 69 49 69 49 67
47 82 53 82 53 86 47 86 47 82
85 81 88 81 88 84 85 84 85 81
64 91 66 91 66 94 64 94 64 91
75 40 80 40 80 44 75 44 75 40
26 67 32 67 32 69 26 69 26 67
59 44 61 44 61 46 59 46 59 44
82 36 84 36 84 39 82 39 82 36
6 43 9 43 9 45 6 45 6 43
62 27 66 27 66 33 62 33 62 27
65 62 68 62 68 68 65 68 65 62
3 49 5 49 5 55 3 55 3 49
93 3 95 3 95 7 93 7 93 3
79 75 81 75 81 79 79 79 79 75
89 94 92 94 92 98 89 98 89 94
75 55 80 55 80 61 75 61 75 55
4 17 7 17 7 22 4 22 4 17
68 92 74 92 74 94 68 94 68 92
82 49 84 49 84 52 82 52 82 49
16 31 22 31 22 34 16 34 16 31
55 79 58 79 58 82 55 82 55 79
28 71 32 71 32 75 28 75 28 71
44 18 46 18 46 23 44 23 44 18
22 70 24 70 24 74 22 74 22 70
65 37 71 37 71 39 65 39 65 37
10 32 12 32 12 34 10 34 10 32
38 6 40 6 40 9 38 9 38 6
90 74 96 74 96 76 90 76 90 74
44 27 47 27 47 32 44 32 44 27
46 94 52 94 52 97 46 97 46 94
25 82 27 82 27 87 25 87 25 82
