13 14 16 14 16 20 13 20 13 14
24 5 29 5 29 11 24 11 24 5
57 2 63 2 63 7 57 7 57 2
57 73 61 73 61 75 57 75 57 73
14 74 19 74 19 77 14 77 14 74
12 90 18 90 18 96 12 96 12 90
48 85 53 85 53 90 48 90 48 85
77 77 80 77 80 79 77 79 77 77
80 68 85 68 85 71 80 71 80 68
40 33 46 33 46 35 40 35 40 33
6 15 9 15 9 19 6 19 6 15
86 77 89 77 89 83 86 83 86 77
63 68 68 68 68 74 63 74 63 68
39 87 41 87 41 93 39 93 39 87
65 92 69 92 69 96 65 96 65 92
60 83 62 83 62 86 60 86 60 83
16 31 19 31 19 37 16 37 16 31
46 56 49 56 49 60 46 60 46 56
52 40 55 40 55 44 52 44 52 40
59 36 62 36 62 40 59 40 59 36
26 88 31 88 31 91 26 91 26 88
44 76 50 76 50 78 44 78 44 76
17 50 20 50 20 53 17 53 17 50
80 10 85 10 85 12 80 12 80 10
81 64 85 64 85 66 81 66 81 64
82 36 87 36 87 38 82 38 82 36
32 7 36 7 36 13 32 13 32 7
91 42 93 42 93 45 91 45 91 42
93 72 98 72 98 76 93 76 93 72
28 70 31 70 31 72 28 72 28 70
9 76 13 76 13 78 9 78 9 76
76 57 81 57 81 63 76 63 76 57
30 44 32 44 32 48 30 48 30 44
67 85 69 85 69 90 67 90 67 85
58 25 63 25 63 28 58 28 58 25
2 39 8 39 8 41 2 41 2 39
44 87 47 87 47 89 44 89 44 87
44 8 49 8 49 14 44 14 44 8
54 65 56 65 56 67 54 67 54 65
90 49 96 49 96 55 90 55 90 49
88 89 90 89 90 94 88 94 88 89
33 40 38 40 38 45 33 45 33 40
11 61 16 61 16 64 11 64 11 61
26 33 28 33 28 38 26 38 26 33
83 58 88 58 88 60 83 60 83 58
36 14 41 14 41 20 36 20 36 14
55 60 57 60 57 64 55 64 55 60
45 69 49 69 49 72 45 72 45 69
31 56 35 56 35 59 31 59 31 56
75 29 77 29 77 33 75 33 75 29
10 30 13 30 13 32 10 32 10 30
80 72 82 72 82 75 80 75 80 72
59 44 61 44 61 50 59 50 59 44
29 40 31 40 31 43 29 43 29 40
70 84 72 84 72 86 70 86 70 84
30 17 35 17 35 22 30 22 30 17
28 12 30 12 30 15 28 15 28 12
84 74 86 74 86 76 84 76 84 74
32 28 37 28 37 30 32 30 32 28
69 37 73 37 73 42 69 42 69 37
86 69 88 69 88 71 86 71 86 69
88 18 93 18 93 21 88 21 88 18
50 25 53 25 53 28 50 28 50 25
81 16 86 16 86 20 81 20 81 16
21 62 23 62 23 68 21 68 21 62
40 77 42 77 42 82 40 82 40 77
77 6 83 6 83 8 77 8 77 6
50 94 54 94 54 98 50 98 50 94
93 39 96 39 96 41 93 41 93 39
40 62 45 62 45 67 40 67 40 62
24 56 29 56 29 60 24 60 24 56
65 24 69 24 69 30 65 30 65 24
5 8 11 8 11 14 5 14 5 8
41 45 47 45 47 50 41 50 41 45
55 78 57 78 57 81 55 81 55 78
31 79 34 79 34 85 31 85 31 79
76 18 78 18 78 20 76 20 76 18
13 66 16 66 16 69 13 69 13 66
92 81 97 81 97 83 92 83 92 81
82 84 84 84 84 88 82 88 82 84
26 29 29 29 29 32 26 32 26 29
9 43 13 43 13 49 9 49 9 43
71 92 77 92 77 95 71 95 71 92
21 46 23 46 23 49 21 49 21 46
2 2 4 2 4 8 2 8 2 2
56 12 61 12 61 17 56 17 56 12
19 82 24 82 24 87 19 87 19 82
23 18 26 18 26 23 23 23 23 18
38 25 41 25 41 31 38 31 38 25
77 40 79 40 79 43 77 43 77 40
78 24 81 24 81 26 78 26 78 24
37 65 39 65 39 67 37 67 37 65
34 62 37 62 37 64 34 64 34 62
57 22 63 22 63 24 57 24 57 22
80 90 82 90 82 95 80 95 80 90
15 10 19 10 19 12 15 12 15 10
91 9 95 9 95 13 91 13 91 9
75 47 77 47 77 53 75 53 75 47
29 76 32 76 32 78 29 78 29 76
67 12 70 12 70 18 67 18 67 12
