20 33 24 33 24 38 20 38 20 33
37 38 43 38 43 44 37 44 37 38
53 47 56 47 56 49 53 49 53 47
18 74 22 74 22 78 18 78 18 74
77 49 79 49 79 52 77 52 77 49
52 23 56 23 56 27 52 27 52 23
78 91 84 91 84 94 78 94 78 91
25 15 30 15 30 19 25 19 25 15
54 34 56 34 56 38 54 38 54 34
29 46 35 46 35 48 29 48 29 46
94 24 96 24 96 26 94 26 94 24
8 6 13 6 13 12 8 12 8 6
60 60 62 60 62 63 60 63 60 60
95 75 98 75 98 78 95 78 95 75
59 12 63 12 63 15 59 15 59 12
7 23 10 23 10 27 7 27 7 23
69 48 71 48 71 52 69 52 69 48
93 53 97 53 97 58 93 58 93 53
72 95 78 95 78 98 72 98 72 95
30 43 36 43 36 45 30 45 30 43
56 39 59 39 59 43 56 43 56 39
41 82 45 82 45 84 41 84 41 82
5 49 10 49 10 55 5 55 5 49
85 53 91 53 91 57 85 57 85 53
50 15 53 15 53 17 50 17 50 15
10 42 14 42 14 44 10 44 10 42
86 27 90 27 90 30 86 30 86 27
67 80 69 80 69 85 67 85 67 80
76 26 81 26 81 28 76 28 76 26
79 64 82 64 82 69 79 69 79 64
12 68 18 68 18 71 12 71 12 68
44 11 46 11 46 16 44 16 44 11
74 20 78 20 78 24 74 24 74 20
46 62 49 62 49 64 46 64 46 62
27 74 29 74 29 78 27 78 27 74
77 29 82 29 82 33 77 33 77 29
93 95 96 95 96 98 93 98 93 95
41 22 43 22 43 24 41 24 41 22
21 81 25 81 25 83 21 83 21 81
56 71 58 71 58 75 56 75 56 71
79 54 83 54 83 58 79 58 79 54
84 11 89 11 89 14 84 14 84 11
7 68 9 68 9 70 7 70 7 68
83 4 85 4 85 6 83 6 83 4
86 32 90 32 90 36 86 36 86 32
67 75 71 75 71 77 67 77 67 75
79 35 84 35 84 39 79 39 79 35
68 8 73 8 73 10 68 10 68 8
19 52 25 52 25 56 19 56 19 52
68 61 70 61 70 67 68 67 68 61
5 14 7 14 7 17 5 17 5 14
38 23 40 23 40 28 38 28 38 23
59 30 62 30 62 36 59 36 59 30
39 94 43 94 43 96 39 96 39 94
46 57 52 57 52 61 46 61 46 57
54 76 57 76 57 81 54 81 54 76
37 45 41 45 41 48 37 48 37 45
60 54 62 54 62 58 60 58 60 54
18 60 22 60 22 64 18 64 18 60
84 17 88 17 88 22 84 22 84 17
29 87 35 87 35 93 29 93 29 87
64 62 66 62 66 64 64 64 64 62
8 36 13 36 13 40 8 40 8 36
46 41 52 41 52 47 46 47 46 41
13 57 17 57 17 60 13 60 13 57
72 39 78 39 78 43 72 43 72 39
59 18 65 18 65 23 59 23 59 18
2 59 4 59 4 64 2 64 2 59
17 13 19 13 19 18 17 18 17 13
41 28 44 28 44 30 41 30 41 28
63 75 66 75 66 79 63 79 63 75
90 48 95 48 95 50 90 50 90 48
88 75 92 75 92 80 88 80 88 75
96 11 98 11 98 13 96 13 96 11
70 32 76 32 76 38 70 38 70 32
36 11 42 11 42 16 36 16 36 11
74 83 78 83 78 86 74 86 74 83
32 71 35 71 35 75 32 75 32 71
75 71 77 71 77 73 75 73 75 71
83 76 85 76 85 82 83 82 83 76
28 40 30 40 30 42 28 42 28 40
23 39 26 39 26 43 23 43 23 39
53 86 58 86 58 90 53 90 53 86
32 34 36 34 36 39 32 39 32 34
24 92 26 92 26 98 24 98 24 92
22 26 26 26 26 32 22 32 22 26
66 48 68 48 68 54 66 54 66 48
60 45 65 45 65 48 60 48 60 45
80 45 84 45 84 47 80 47 80 45
93 80 96 80 96 83 93 83 93 80
46 48 49 48 49 50 46 50 46 48
36 67 38 67 38 70 36 70 36 67
90 37 92 37 92 39 90 39 90 37
31 81 35 81 35 85 31 85 31 81
93 62 95 62 95 67 93 67 93 62
2 87 4 87 4 91 2 91 2 87
22 18 24 18 24 22 22 22 22 18
7 79 9 79 9 83 7 83 7 79
87 96 89 96 89 98 87 98 87 96
28 3 31 3 31 6 28 6 28 3
