12 81 14 81 14 84 12 84 12 81
29 51 32 51 32 54 29 54 29 51
72 12 75 12 75 15 72 15 72 12
16 35 20 35 20 41 16 41 16 35
2 74 7 74 7 78 2 78 2 74
27 82 33 82 33 88 27 88 27 82
21 31 24 31 24 37 21 37 21 31
12 11 16 11 16 15 12 15 12 11
63 76 66 76 66 81 63 81 63 76
88 4 94 4 94 9 88 9 88 4
22 3 25 3 25 9 22 9 22 3
77 42 79 42 79 48 77 48 77 42
24 71 28 71 28 77 24 77 24 71
89 29 93 29 93 33 89 33 89 29
5 35 11 35 11 41 5 41 5 35
40 61 45 61 45 67 40 67 40 61
48 86 53 86 53 88 48 88 48 86
90 12 95 12 95 18 90 18 90 12
54 80 59 80 59 85 54 85 54 80
52 66 56 66 56 69 52 69 52 66
44 5 47 5 47 10 44 10 44 5
34 30 38 30 38 36 34 36 34 30
66 72 68 72 68 75 66 75 66 72
34 16 40 16 40 21 34 21 34 16
3 92 9 92 9 96 3 96 3 92
5 48 10 48 10 53 5 53 5 48
36 79 41 79 41 81 36 81 36 79
56 54 62 54 62 58 56 58 56 54
89 88 95 88 95 93 89 93 89 88
53 5 56 5 56 8 53 8 53 5
78 74 80 74 80 78 78 78 78 74
53 72 57 72 57 78 53 78 53 72
62 40 66 40 66 44 62 44 62 40
48 41 50 41 50 44 48 44 48 41
72 59 75 59 75 64 72 64 72 59
65 11 70 11 70 15 65 15 65 11
54 93 56 93 56 95 54 95 54 93
66 4 69 4 69 8 66 8 66 4
50 5 52 5 52 11 50 11 50 5
22 63 28 63 28 69 22 69 22 63
68 39 70 39 70 41 68 41 68 39
45 92 51 92 51 94 45 94 45 92
2 4 8 4 8 7 2 7 2 4
71 51 77 51 77 56 71 56 71 51
92 55 94 55 94 58 92 58 92 55
84 74 86 74 86 80 84 80 84 74
38 71 40 71 40 77 38 77 38 71
5 25 7 25 7 29 5 29 5 25
14 31 16 31 16 33 14 33 14 31
87 42 92 42 92 45 87 45 87 42
17 7 20 7 20 10 17 10 17 7
33 53 35 53 35 58 33 58 33 53
55 38 58 38 58 42 55 42 55 38
72 18 75 18 75 20 72 20 72 18
66 30 69 30 69 36 66 36 66 30
29 70 32 70 32 75 29 75 29 70
85 7 87 7 87 10 85 10 85 7
42 41 45 41 45 47 42 47 42 41
42 19 47 19 47 24 42 24 42 19
72 78 74 78 74 80 72 80 72 78
35 47 37 47 37 52 35 52 35 47
38 50 41 50 41 52 38 52 38 50
40 83 42 83 42 88 40 88 40 83
11 44 14 44 14 48 11 48 11 44
44 34 48 34 48 36 44 36 44 34
11 23 15 23 15 26 11 26 11 23
89 69 91 69 91 71 89 71 89 69
14 56 18 56 18 59 14 59 14 56
58 89 60 89 60 92 58 92 58 89
7 20 13 20 13 22 7 22 7 20
61 34 65 34 65 39 61 39 61 34
80 2 85 2 85 6 80 6 80 2
24 56 26 56 26 59 24 59 24 56
62 21 65 21 65 24 62 24 62 21
3 54 9 54 9 58 3 58 3 54
58 6 61 6 61 10 58 10 58 6
4 59 7 59 7 63 4 63 4 59
16 82 21 82 21 86 16 86 16 82
48 80 50 80 50 82 48 82 48 80
19 72 22 72 22 75 19 75 19 72
50 45 54 45 54 48 50 48 50 45
81 58 83 58 83 62 81 62 81 58
27 10 30 10 30 12 27 12 27 10
20 24 24 24 24 26 20 26 20 24
39 55 45 55 45 57 39 57 39 55
63 26 65 26 65 32 63 32 63 26
91 63 97 63 97 65 91 65 91 63
54 24 56 24 56 29 54 29 54 24
72 29 74 29 74 35 72 35 72 29
85 82 89 82 89 84 85 84 85 82
82 23 85 23 85 25 82 25 82 23
39 90 42 90 42 95 39 95 39 90
85 33 88 33 88 36 85 36 85 33
79 24 81 24 81 28 79 28 79 24
79 80 83 80 83 82 79 82 79 80
77 13 80 13 80 19 77 19 77 13
53 30 57 30 57 34 53 34 53 30
33 63 38 63 38 68 33 68 33 63
85 88 88 88 88 90 85 90 85 88
28 43 34 43 34 45 28 45 28 43
