4 47 6 47 6 53 4 53 4 47
21 54 27 54 27 58 21 58 21 54
51 32 53 32 53 34 51 34 51 32
48 4 53 4 53 7 48 7 48 4
70 14 75 14 75 20 70 20 70 14
66 54 72 54 72 58 66 58 66 54
25 10 28 10 28 13 25 13 25 10
58 15 64 15 64 19 58 19 58 15
69 7 72 7 72 12 69 12 69 7
40 63 46 63 46 66 40 66 40 63
70 33 72 33 72 35 70 35 70 33
55 24 61 24 61 29 55 29 55 24
34 4 40 4 40 6 34 6 34 4
19 60 25 60 25 65 19 65 19 60
89 50 93 50 93 52 89 52 89 50
83 5 85 5 85 10 83 10 83 5
7 29 12 29 12 31 7 31 7 29
53 89 59 89 59 93 53 93 53 89
93 57 95 57 95 63 93 63 93 57
89 13 95 13 95 19 89 19 89 13
46 92 49 92 49 96 46 96 46 92
38 79 41 79 41 82 38 82 38 79
36 10 40 10 40 14 36 14 36 10
65 49 69 49 69 53 65 53 65 49
63 35 65 35 65 39 63 39 63 35
56 41 59 41 59 47 56 47 56 41
84 27 87 27 87 30 84 30 84 27
6 55 10 55 10 59 6 59 6 55
51 38 53 38 53 44 51 44 51 38
73 29 75 29 75 32 73 32 73 29
27 70 33 70 33 75 27 75 27 70
12 66 14 66 14 68 12 68 12 66
24 23 27 23 27 25 24 25 24 23
79 63 83 63 83 68 79 68 79 63
65 71 67 71 67 76 65 76 65 71
21 8 24 8 24 12 21 12 21 8
79 33 83 33 83 39 79 39 79 33
4 73 6 73 6 78 4 78 4 73
37 92 40 92 40 98 37 98 37 92
48 81 53 81 53 85 48 85 48 81
36 54 40 54 40 56 36 56 36 54
62 61 67 61 67 67 62 67 62 61
8 88 13 88 13 94 8 94 8 88
89 25 95 25 95 28 89 28 89 25
60 46 64 46 64 51 60 51 60 46
43 85 45 85 45 90 43 90 43 85
8 48 12 48 12 53 8 53 8 48
45 49 51 49 51 51 45 51 45 49
48 52 53 52 53 56 48 56 48 52
20 78 26 78 26 84 20 84 20 78
89 83 95 83 95 87 89 87 89 83
30 89 33 89 33 95 30 95 30 89
11 10 16 10 16 16 11 16 11 10
62 21 68 21 68 24 62 24 62 21
89 90 94 90 94 92 89 92 89 90
33 62 38 62 38 67 33 67 33 62
56 31 60 31 60 34 56 34 56 31
83 83 88 83 88 86 83 86 83 83
74 40 76 40 76 44 74 44 74 40
3 18 6 18 6 23 3 23 3 18
90 33 95 33 95 38 90 38 90 33
46 40 50 40 50 42 46 42 46 40
70 63 74 63 74 68 70 68 70 63
3 6 5 6 5 10 3 10 3 6
25 32 27 32 27 35 25 35 25 32
65 2 68 2 68 8 65 8 65 2
76 17 80 17 80 23 76 23 76 17
76 28 80 28 80 30 76 30 76 28
3 33 7 33 7 38 3 38 3 33
71 83 76 83 76 87 71 87 71 83
82 19 87 19 87 23 82 23 82 19
78 40 82 40 82 44 78 44 78 40
48 73 52 73 52 79 48 79 48 73
42 57 47 57 47 61 42 61 42 57
23 71 25 71 25 75 23 75 23 71
34 18 36 18 36 20 34 20 34 18
39 26 43 26 43 28 39 28 39 26
79 74 81 74 81 80 79 80 79 74
89 64 91 64 91 70 89 70 89 64
39 73 42 73 42 75 39 75 39 73
15 43 20 43 20 48 15 48 15 43
35 15 38 15 38 17 35 17 35 15
79 2 81 2 81 5 79 5 79 2
15 85 19 85 19 91 15 91 15 85
39 33 43 33 43 36 39 36 39 33
10 82 14 82 14 84 10 84 10 82
15 31 21 31 21 33 15 33 15 31
79 52 85 52 85 56 79 56 79 52
73 47 75 47 75 51 73 51 73 47
11 17 13 17 13 22 11 22 11 17
4 79 7 79 7 82 4 82 4 79
33 51 35 51 35 57 33 57 33 51
71 93 75 93 75 97 71 97 71 93
7 10 9 10 9 12 7 12 7 10
9 96 14 96 14 98 9 98 9 96
13 23 16 23 16 29 13 29 13 23
82 80 84 80 84 82 82 82 82 80
13 51 19 51 19 54 13 54 13 51
12 58 17 58 17 62 12 62 12 58
87 39 92 39 92 44 87 44 87 39
