43 70 48 70 48 73 43 73 43 70
12 9 14 9 14 13 12 13 12 9
88 31 90 31 90 34 88 34 88 31
17 63 20 63 20 65 17 65 17 63
65 78 70 78 70 80 65 80 65 78
3 95 9 95 9 98 3 98 3 95
89 93 95 93 95 95 89 95 89 93
3 28 9 28 9 32 3 32 3 28
59 85 64 85 64 91 59 91 59 85
48 4 50 4 50 10 48 10 48 4
83 7 89 7 89 13 83 13 83 7
2 5 4 5 4 11 2 11 2 5
24 52 26 52 26 56 24 56 24 52
46 50 51 50 51 56 46 56 46 50
44 81 48 81 48 84 44 84 44 81
9 80 14 80 14 83 9 83 9 80
66 31 68 31 68 35 66 35 66 31
36 44 38 44 38 47 36 47 36 44
51 9 55 9 55 11 51 11 51 9
15 93 19 93 19 97 15 97 15 93
33 93 37 93 37 96 33 96 33 93
74 76 78 76 78 78 74 78 74 76
7 58 11 58 11 62 7 62 7 58
2 84 6 84 6 89 2 89 2 84
93 71 95 71 95 73 93 73 93 71
64 62 66 62 66 66 64 66 64 62
58 3 60 3 60 5 58 5 58 3
56 73 62 73 62 79 56 79 56 73
6 45 8 45 8 51 6 51 6 45
3 35 5 35 5 39 3 39 3 35
19 23 21 23 21 28 19 28 19 23
32 72 38 72 38 77 32 77 32 72
46 87 48 87 48 90 46 90 46 87
18 55 21 55 21 59 18 59 18 55
22 71 24 71 24 73 22 73 22 71
41 26 46 26 46 31 41 31 41 26
72 29 74 29 74 34 72 34 72 29
56 43 60 43 60 49 56 49 56 43
90 52 92 52 92 55 90 55 90 52
11 42 15 42 15 47 11 47 11 42
73 53 78 53 78 56 73 56 73 53
41 38 46 38 46 44 41 44 41 38
39 12 41 12 41 14 39 14 39 12
31 14 34 14 34 18 31 18 31 14
67 89 72 89 72 92 67 92 67 89
31 5 33 5 33 8 31 8 31 5
58 58 62 58 62 63 58 63 58 58
70 11 72 11 72 17 70 17 70 11
49 80 55 80 55 86 49 86 49 80
42 91 44 91 44 95 42 95 42 91
80 70 82 70 82 76 80 76 80 70
75 24 78 24 78 26 75 26 75 24
83 80 87 80 87 85 83 85 83 80
51 46 55 46 55 49 51 49 51 46
47 33 50 33 50 39 47 39 47 33
62 15 64 15 64 19 62 19 62 15
64 3 68 3 68 9 64 9 64 3
28 15 30 15 30 20 28 20 28 15
22 32 27 32 27 35 22 35 22 32
79 63 82 63 82 65 79 65 79 63
13 16 16 16 16 21 13 21 13 16
21 90 23 90 23 93 21 93 21 90
22 37 24 37 24 40 22 40 22 37
53 91 58 91 58 95 53 95 53 91
7 19 9 19 9 25 7 25 7 19
84 43 90 43 90 46 84 46 84 43
76 28 81 28 81 31 76 31 76 28
43 65 47 65 47 67 43 67 43 65
12 22 18 22 18 27 12 27 12 22
87 66 90 66 90 71 87 71 87 66
31 79 35 79 35 84 31 84 31 79
58 25 61 25 61 28 58 28 58 25
91 46 97 46 97 49 91 49 91 46
39 3 42 3 42 6 39 6 39 3
79 35 85 35 85 39 79 39 79 35
89 88 93 88 93 92 89 92 89 88
93 31 98 31 98 33 93 33 93 31
31 66 33 66 33 71 31 71 31 66
17 7 21 7 21 10 17 10 17 7
86 75 89 75 89 79 86 79 86 75
64 40 68 40 68 42 64 42 64 40
71 22 73 22 73 25 71 25 71 22
46 22 51 22 51 24 46 24 46 22
29 38 32 38 32 40 29 40 29 38
62 53 66 53 66 57 62 57 62 53
30 93 32 93 32 97 30 97 30 93
16 73 18 73 18 75 16 75 16 73
17 43 23 43 23 48 17 48 17 43
8 35 10 35 10 40 8 40 8 35
15 88 20 88 20 90 15 90 15 88
7 68 9 68 9 73 7 73 7 68
19 15 22 15 22 20 19 20 19 15
84 27 90 27 90 30 84 30 84 27
80 21 82 21 82 25 80 25 80 21
42 17 44 17 44 21 42 21 42 17
54 31 59 31 59 36 54 36 54 31
76 3 80 3 80 9 76 9 76 3
29 28 32 28 32 31 29 31 29 28
11 89 14 89 14 95 11 95 11 89
11 28 16 28 16 34 11 34 11 28
