81 5 84 5 84 7 81 7 81 5
74 3 79 3 79 7 74 7 74 3
39 85 42 85 42 88 39 88 39 85
75 26 79 26 79 29 75 29 75 26
84 8 88 8 88 14 84 14 84 8
24 7 28 7 28 9 24 9 24 7
3 15 8 15 8 18 3 18 3 15
18 77 22 77 22 81 18 81 18 77
63 67 66 67 66 73 63 73 63 67
93 17 98 17 98 23 93 23 93 17
26 81 28 81 28 84 26 84 26 81
91 45 93 45 93 50 91 50 91 45
53 76 58 76 58 80 53 80 53 76
74 58 79 58 79 62 74 62 74 58
74 83 80 83 80 87 74 87 74 83
68 48 73 48 73 53 68 53 68 48
35 64 38 64 38 70 35 70 35 64
10 68 15 68 15 72 10 72 10 68
44 2 46 2 46 5 44 5 44 2
61 79 64 79 64 85 61 85 61 79
62 52 65 52 65 55 62 55 62 52
27 11 33 11 33 17 27 17 27 11
64 25 66 25 66 31 64 31 64 25
90 82 92 82 92 85 90 85 90 82
50 70 56 70 56 75 50 75 50 70
72 91 75 91 75 93 72 93 72 91
70 11 73 11 73 16 70 16 70 11
15 27 21 27 21 33 15 33 15 27
62 7 64 7 64 11 62 11 62 7
77 9 81 9 81 11 77 11 77 9
35 53 37 53 37 55 35 55 35 53
50 60 53 60 53 62 50 62 50 60
64 61 69 61 69 64 64 64 64 61
88 25 92 25 92 29 88 29 88 25
5 40 10 40 10 46 5 46 5 40
47 30 50 30 50 36 47 36 47 30
39 90 43 90 43 95 39 95 39 90
14 59 18 59 18 61 14 61 14 59
12 14 17 14 17 18 12 18 12 14
75 70 78 70 78 76 75 76 75 70
32 19 35 19 35 21 32 21 32 19
44 79 48 79 48 84 44 84 44 79
19 48 24 48 24 50 19 50 19 48
91 67 93 67 93 71 91 71 91 67
27 69 31 69 31 73 27 73 27 69
43 25 46 25 46 31 43 31 43 25
26 75 28 75 28 78 26 78 26 75
66 81 70 81 70 83 66 83 66 81
89 14 94 14 94 16 89 16 89 14
7 8 10 8 10 13 7 13 7 8
7 83 11 83 11 87 7 87 7 83
9 23 12 23 12 28 9 28 9 23
9 77 14 77 14 79 9 79 9 77
58 24 62 24 62 27 58 27 58 24
39 36 43 36 43 38 39 38 39 36
28 35 31 35 31 40 28 40 28 35
59 38 63 38 63 43 59 43 59 38
50 26 55 26 55 28 50 28 50 26
39 63 44 63 44 65 39 65 39 63
22 92 25 92 25 94 22 94 22 92
37 13 42 13 42 17 37 17 37 13
49 12 51 12 51 14 49 14 49 12
50 77 52 77 52 82 50 82 50 77
4 68 6 68 6 73 4 73 4 68
5 26 8 26 8 28 5 28 5 26
31 28 33 28 33 30 31 30 31 28
25 87 31 87 31 90 25 90 25 87
66 38 71 38 71 42 66 42 66 38
80 57 82 57 82 61 80 61 80 57
39 22 44 22 44 24 39 24 39 22
10 49 15 49 15 53 10 53 10 49
56 48 59 48 59 51 56 51 56 48
62 88 65 88 65 91 62 91 62 88
56 35 61 35 61 37 56 37 56 35
84 57 89 57 89 61 84 61 84 57
58 92 60 92 60 95 58 95 58 92
65 58 68 58 68 60 65 60 65 58
46 41 50 41 50 45 46 45 46 41
13 90 19 90 19 96 13 96 13 90
76 36 80 36 80 41 76 41 76 36
81 85 83 85 83 87 81 87 81 85
81 40 84 40 84 46 81 46 81 40
52 86 54 86 54 89 52 89 52 86
26 51 28 51 28 54 26 54 26 51
90 17 92 17 92 21 90 21 90 17
15 20 18 20 18 24 15 24 15 20
51 29 56 29 56 34 51 34 51 29
23 55 25 55 25 61 23 61 23 55
49 48 55 48 55 50 49 50 49 48
82 76 86 76 86 79 82 79 82 76
34 73 40 73 40 76 34 76 34 73
3 19 7 19 7 23 3 23 3 19
35 87 37 87 37 92 35 92 35 87
64 93 70 93 70 98 64 98 64 93
67 3 72 3 72 9 67 9 67 3
22 30 26 30 26 33 22 33 22 30
45 6 47 6 47 11 45 11 45 6
62 74 68 74 68 78 62 78 62 74
41 50 43 50 43 53 41 53 41 50
4 74 8 74 8 80 4 80 4 74
