44 52 47 52 47 55 44 55 44 52
67 20 71 20 71 24 67 24 67 20
57 45 63 45 63 50 57 50 57 45
56 69 61 69 61 74 56 74 56 69
80 32 86 32 86 37 80 37 80 32
21 89 24 89 24 91 21 91 21 89
77 94 80 94 80 97 77 97 77 94
47 71 49 71 49 75 47 75 47 71
20 16 22 16 22 22 20 22 20 16
48 59 53 59 53 65 48 65 48 59
93 67 98 67 98 70 93 70 93 67
61 58 63 58 63 64 61 64 61 58
29 50 32 50 32 53 29 53 29 50
46 10 51 10 51 12 46 12 46 10
27 83 32 83 32 88 27 88 27 83
53 39 57 39 57 43 53 43 53 39
6 81 11 81 11 83 6 83 6 81
39 8 44 8 44 13 39 13 39 8
69 14 75 14 75 16 69 16 69 14
37 21 43 21 43 24 37 24 37 21
60 89 65 89 65 92 60 92 60 89
71 54 73 54 73 57 71 57 71 54
63 14 66 14 66 20 63 20 63 14
14 69 16 69 16 72 14 72 14 69
28 45 34 45 34 49 28 49 28 45
41 69 46 69 46 71 41 71 41 69
91 35 95 35 95 40 91 40 91 35
25 7 31 7 31 9 25 9 25 7
61 55 64 55 64 57 61 57 61 55
69 87 75 87 75 91 69 91 69 87
56 81 62 81 62 87 56 87 56 81
49 47 53 47 53 50 49 50 49 47
82 2 84 2 84 8 82 8 82 2
10 12 15 12 15 14 10 14 10 12
25 17 29 17 29 21 25 21 25 17
4 86 8 86 8 89 4 89 4 86
33 64 35 64 35 70 33 70 33 64
37 46 40 46 40 48 37 48 37 46
47 31 49 31 49 36 47 36 47 31
56 10 61 10 61 16 56 16 56 10
88 12 92 12 92 16 88 16 88 12
95 83 98 83 98 88 95 88 95 83
8 59 12 59 12 62 8 62 8 59
18 62 20 62 20 64 18 64 18 62
86 24 91 24 91 28 86 28 86 24
36 92 39 92 39 95 36 95 36 92
90 59 96 59 96 65 90 65 90 59
18 36 20 36 20 40 18 40 18 36
44 24 49 24 49 28 44 28 44 24
18 79 24 79 24 84 18 84 18 79
13 30 15 30 15 35 13 35 13 30
2 57 6 57 6 59 2 59 2 57
82 74 87 74 87 76 82 76 82 74
15 91 18 91 18 95 15 95 15 91
15 54 18 54 18 56 15 56 15 54
38 36 42 36 42 42 38 42 38 36
87 89 89 89 89 93 87 93 87 89
81 95 85 95 85 98 81 98 81 95
9 51 12 51 12 56 9 56 9 51
5 70 11 70 11 74 5 74 5 70
42 88 48 88 48 93 42 93 42 88
24 47 26 47 26 50 24 50 24 47
5 42 11 42 11 46 5 46 5 42
87 45 90 45 90 47 87 47 87 45
39 3 44 3 44 7 39 7 39 3
78 50 83 50 83 54 78 54 78 50
12 76 18 76 18 78 12 78 12 76
26 70 28 70 28 74 26 74 26 70
74 68 79 68 79 72 74 72 74 68
51 29 54 29 54 32 51 32 51 29
80 40 83 40 83 44 80 44 80 40
19 92 23 92 23 94 19 94 19 92
68 80 72 80 72 85 68 85 68 80
49 13 51 13 51 15 49 15 49 13
43 44 46 44 46 47 43 47 43 44
85 84 91 84 91 88 85 88 85 84
27 38 31 38 31 40 27 40 27 38
30 20 36 20 36 26 30 26 30 20
82 47 86 47 86 49 82 49 82 47
15 23 19 23 19 26 15 26 15 23
75 8 79 8 79 10 75 10 75 8
55 5 59 5 59 7 55 7 55 5
81 88 84 88 84 93 81 93 81 88
63 7 66 7 66 10 63 10 63 7
29 34 34 34 34 36 29 36 29 34
80 24 84 24 84 28 80 28 80 24
90 79 93 79 93 81 90 81 90 79
77 40 79 40 79 44 77 44 77 40
74 56 77 56 77 61 74 61 74 56
5 30 11 30 11 33 5 33 5 30
90 54 95 54 95 58 90 58 90 54
66 44 69 44 69 50 66 50 66 44
23 25 25 25 25 27 23 27 23 25
34 78 40 78 40 84 34 84 34 78
89 21 94 21 94 23 89 23 89 21
76 76 81 76 81 80 76 80 76 76
66 96 69 96 69 98 66 98 66 96
57 75 61 75 61 80 57 80 57 75
65 59 68 59 68 63 65 63 65 59
68 72 71 72 71 76 68 76 68 72
