91 17 96 17 96 19 91 19 91 17
59 19 63 19 63 22 59 22 59 19
67 27 73 27 73 32 67 32 67 27
29 38 31 38 31 43 29 43 29 38
21 16 26 16 26 20 21 20 21 16
21 48 25 48 25 52 21 52 21 48
82 81 87 81 87 86 82 86 82 81
85 61 89 61 89 63 85 63 85 61
89 90 95 90 95 94 89 94 89 90
47 26 52 26 52 32 47 32 47 26
64 76 70 76 70 82 64 82 64 76
93 40 95 40 95 45 93 45 93 40
89 83 94 83 94 87 89 87 89 83
45 69 48 69 48 72 45 72 45 69
59 72 61 72 61 75 59 75 59 72
16 15 18 15 18 17 16 17 16 15
34 67 37 67 37 72 34 72 34 67
91 24 97 24 97 27 91 27 91 24
8 92 12 92 12 96 8 96 8 92
61 84 64 84 64 90 61 90 61 84
56 12 60 12 60 15 56 15 56 12
35 12 38 12 38 14 35 14 35 12
88 67 90 67 90 70 88 70 88 67
82 37 84 37 84 39 82 39 82 37
14 85 17 85 17 90 14 90 14 85
18 67 23 67 23 72 18 72 18 67
79 89 81 89 81 92 79 92 79 89
18 6 21 6 21 8 18 8 18 6
96 64 98 64 98 67 96 67 96 64
78 30 82 30 82 33 78 33 78 30
19 53 22 53 22 58 19 58 19 53
6 5 9 5 9 7 6 7 6 5
12 24 14 24 14 28 12 28 12 24
66 53 72 53 72 58 66 58 66 53
65 36 69 36 69 40 65 40 65 36
66 71 72 71 72 73 66 73 66 71
24 78 27 78 27 80 24 80 24 78
4 16 6 16 6 19 4 19 4 16
53 63 55 63 55 65 53 65 53 63
6 65 11 65 11 68 6 68 6 65
37 30 42 30 42 34 37 34 37 30
82 25 84 25 84 28 82 28 82 25
75 60 79 60 79 64 75 64 75 60
45 83 51 83 51 85 45 85 45 83
47 14 52 14 52 16 47 16 47 14
2 74 5 74 5 79 2 79 2 74
4 23 6 23 6 25 4 25 4 23
10 16 14 16 14 19 10 19 10 16
11 59 13 59 13 63 11 63 11 59
33 6 36 6 36 10 33 10 33 6
30 55 32 55 32 59 30 59 30 55
43 76 47 76 47 82 43 82 43 76
26 66 29 66 29 70 26 70 26 66
37 47 39 47 39 50 37 50 37 47
21 43 24 43 24 47 21 47 21 43
56 23 62 23 62 27 56 27 56 23
10 3 16 3 16 8 10 8 10 3
89 55 92 55 92 60 89 60 89 55
2 8 5 8 5 11 2 11 2 8
51 87 55 87 55 91 51 91 51 87
85 5 91 5 91 11 85 11 85 5
12 71 17 71 17 75 12 75 12 71
59 16 63 16 63 18 59 18 59 16
40 52 45 52 45 56 40 56 40 52
36 25 41 25 41 27 36 27 36 25
29 46 33 46 33 48 29 48 29 46
18 59 23 59 23 61 18 61 18 59
75 25 81 25 81 28 75 28 75 25
33 57 35 57 35 60 33 60 33 57
66 11 69 11 69 14 66 14 66 11
71 20 73 20 73 23 71 23 71 20
45 39 50 39 50 44 45 44 45 39
86 75 88 75 88 77 86 77 86 75
48 5 54 5 54 7 48 7 48 5
64 63 67 63 67 67 64 67 64 63
95 20 98 20 98 22 95 22 95 20
43 94 49 94 49 98 43 98 43 94
80 68 85 68 85 74 80 74 80 68
88 2 91 2 91 4 88 4 88 2
12 42 14 42 14 48 12 48 12 42
38 57 41 57 41 60 38 60 38 57
18 21 22 21 22 27 18 27 18 21
79 51 82 51 82 56 79 56 79 51
70 2 73 2 73 4 70 4 70 2
80 45 86 45 86 48 80 48 80 45
22 3 25 3 25 9 22 9 22 3
15 41 17 41 17 44 15 44 15 41
70 5 73 5 73 10 70 10 70 5
18 88 24 88 24 92 18 92 18 88
78 4 84 4 84 10 78 10 78 4
23 82 27 82 27 86 23 86 23 82
85 51 87 51 87 56 85 56 85 51
86 29 88 29 88 35 86 35 86 29
62 28 66 28 66 30 62 30 62 28
48 75 51 75 51 81 48 81 48 75
23 29 28 29 28 31 23 31 23 29
38 19 42 19 42 23 38 23 38 19
53 49 57 49 57 54 53 54 53 49
28 11 32 11 32 17 28 17 28 11
55 69 57 69 57 73 55 73 55 69
