87 60 92 60 92 64 87 64 87 60
95 55 97 55 97 57 95 57 95 55
25 42 28 42 28 45 25 45 25 42
51 53 57 53 57 59 51 59 51 53
69 54 73 54 73 59 69 59 69 54
79 83 82 83 82 88 79 88 79 83
34 27 37 27 37 31 34 31 34 27
55 7 61 7 61 13 55 13 55 7
2 73 5 73 5 76 2 76 2 73
15 59 20 59 20 64 15 64 15 59
14 26 20 26 20 29 14 29 14 26
9 8 13 8 13 11 9 11 9 8
35 82 38 82 38 87 35 87 35 82
82 66 85 66 85 68 82 68 82 66
74 3 79 3 79 6 74 6 74 3
76 56 82 56 82 58 76 58 76 56
24 15 27 15 27 17 24 17 24 15
42 46 46 46 46 49 42 49 42 46
54 61 60 61 60 67 54 67 54 61
44 63 47 63 47 65 44 65 44 63
29 19 31 19 31 24 29 24 29 19
57 84 62 84 62 90 57 90 57 84
69 14 71 14 71 16 69 16 69 14
60 43 62 43 62 48 60 48 60 43
4 61 8 61 8 63 4 63 4 61
24 19 28 19 28 24 24 24 24 19
39 40 44 40 44 44 39 44 39 40
22 55 27 55 27 60 22 60 22 55
8 75 13 75 13 79 8 79 8 75
15 71 19 71 19 75 15 75 15 71
91 26 94 26 94 32 91 32 91 26
91 55 93 55 93 57 91 57 91 55
54 28 58 28 58 34 54 34 54 28
83 87 89 87 89 93 83 93 83 87
31 35 34 35 34 41 31 41 31 35
62 93 65 93 65 97 62 97 62 93
63 28 67 28 67 31 63 31 63 28
16 20 20 20 20 23 16 23 16 20
80 12 82 12 82 14 80 14 80 12
47 14 49 14 49 17 47 17 47 14
7 89 11 89 11 93 7 93 7 89
9 63 12 63 12 69 9 69 9 63
83 13 88 13 88 19 83 19 83 13
15 12 18 12 18 18 15 18 15 12
5 24 7 24 7 27 5 27 5 24
25 7 28 7 28 12 25 12 25 7
32 42 35 42 35 47 32 47 32 42
10 39 12 39 12 44 10 44 10 39
63 58 68 58 68 60 63 60 63 58
83 29 88 29 88 35 83 35 83 29
40 23 45 23 45 27 40 27 40 23
48 78 53 78 53 80 48 80 48 78
91 38 93 38 93 40 91 40 91 38
47 86 49 86 49 90 47 90 47 86
45 56 48 56 48 62 45 62 45 56
88 42 91 42 91 48 88 48 88 42
21 5 23 5 23 7 21 7 21 5
69 20 73 20 73 24 69 24 69 20
88 71 90 71 90 73 88 73 88 71
76 21 78 21 78 24 76 24 76 21
48 50 52 50 52 52 48 52 48 50
22 77 24 77 24 83 22 83 22 77
56 71 59 71 59 75 56 75 56 71
32 62 34 62 34 66 32 66 32 62
58 78 60 78 60 80 58 80 58 78
25 71 27 71 27 77 25 77 25 71
34 10 38 10 38 14 34 14 34 10
48 28 53 28 53 34 48 34 48 28
13 83 18 83 18 88 13 88 13 83
62 76 64 76 64 81 62 81 62 76
39 3 44 3 44 8 39 8 39 3
60 20 64 20 64 24 60 24 60 20
72 43 78 43 78 49 72 49 72 43
27 49 33 49 33 53 27 53 27 49
33 67 35 67 35 70 33 70 33 67
24 4 30 4 30 6 24 6 24 4
85 78 87 78 87 84 85 84 85 78
33 91 35 91 35 94 33 94 33 91
70 26 74 26 74 29 70 29 70 26
40 30 43 30 43 34 40 34 40 30
91 77 96 77 96 82 91 82 91 77
92 7 95 7 95 9 92 9 92 7
67 72 69 72 69 75 67 75 67 72
3 79 7 79 7 82 3 82 3 79
2 66 4 66 4 72 2 72 2 66
69 30 74 30 74 33 69 33 69 30
91 15 94 15 94 18 91 18 91 15
52 93 57 93 57 98 52 98 52 93
41 9 45 9 45 15 41 15 41 9
69 88 73 88 73 90 69 90 69 88
76 31 81 31 81 36 76 36 76 31
46 11 52 11 52 13 46 13 46 11
67 36 70 36 70 39 67 39 67 36
21 92 25 92 25 96 21 96 21 92
47 94 49 94 49 96 47 96 47 94
29 55 32 55 32 59 29 59 29 55
12 96 16 96 16 98 12 98 12 96
3 3 6 3 6 5 3 5 3 3
22 85 27 85 27 88 22 88 22 85
74 93 78 93 78 97 74 97 74 93
