76 48 79 48 79 53 76 53 76 48
92 6 97 6 97 11 92 11 92 6
90 12 96 12 96 17 90 17 90 12
19 59 25 59 25 62 19 62 19 59
88 75 94 75 94 79 88 79 88 75
83 71 85 71 85 73 83 73 83 71
96 57 98 57 98 60 96 60 96 57
89 95 94 95 94 98 89 98 89 95
43 4 46 4 46 10 43 10 43 4
11 63 13 63 13 65 11 65 11 63
75 69 81 69 81 75 75 75 75 69
29 18 31 18 31 24 29 24 29 18
8 2 10 2 10 8 8 8 8 2
60 24 64 24 64 26 60 26 60 24
20 38 25 38 25 40 20 40 20 38
71 7 75 7 75 11 71 11 71 7
25 25 31 25 31 30 25 30 25 25
50 87 55 87 55 90 50 90 50 87
26 50 31 50 31 53 26 53 26 50
58 31 61 31 61 34 58 34 58 31
39 80 41 80 41 85 39 85 39 80
44 47 46 47 46 51 44 51 44 47
70 85 76 85 76 90 70 90 70 85
10 56 15 56 15 62 10 62 10 56
43 16 48 16 48 19 43 19 43 16
67 65 70 65 70 68 67 68 67 65
43 32 48 32 48 36 43 36 43 32
51 76 57 76 57 80 51 80 51 76
23 6 29 6 29 8 23 8 23 6
92 83 94 83 94 89 92 89 92 83
40 70 46 70 46 75 40 75 40 70
62 92 66 92 66 98 62 98 62 92
55 36 61 36 61 42 55 42 55 36
69 50 72 50 72 55 69 55 69 50
33 21 36 21 36 25 33 25 33 21
5 33 9 33 9 36 5 36 5 33
4 93 10 93 10 96 4 96 4 93
75 28 78 28 78 30 75 30 75 28
65 7 68 7 68 10 65 10 65 7
23 71 27 71 27 74 23 74 23 71
14 10 16 10 16 14 14 14 14 10
3 73 9 73 9 75 3 75 3 73
56 58 59 58 59 62 56 62 56 58
87 56 91 56 91 61 87 61 87 56
89 41 91 41 91 43 89 43 89 41
13 43 15 43 15 48 13 48 13 43
62 49 67 49 67 53 62 53 62 49
28 3 30 3 30 5 28 5 28 3
60 72 63 72 63 77 60 77 60 72
63 54 67 54 67 58 63 58 63 54
87 21 91 21 91 26 87 26 87 21
70 18 76 18 76 20 70 20 70 18
79 82 82 82 82 85 79 85 79 82
54 10 58 10 58 15 54 15 54 10
65 36 70 36 70 40 65 40 65 36
72 76 77 76 77 82 72 82 72 76
63 27 67 27 67 32 63 32 63 27
38 11 41 11 41 14 38 14 38 11
2 38 4 38 4 42 2 42 2 38
66 78 71 78 71 84 66 84 66 78
37 89 40 89 40 92 37 92 37 89
52 54 58 54 58 56 52 56 52 54
74 34 78 34 78 38 74 38 74 34
2 13 4 13 4 15 2 15 2 13
51 71 57 71 57 74 51 74 51 71
50 13 52 13 52 16 50 16 50 13
62 67 65 67 65 71 62 71 62 67
7 37 11 37 11 41 7 41 7 37
80 55 86 55 86 60 80 60 80 55
3 78 5 78 5 82 3 82 3 78
51 4 55 4 55 9 51 9 51 4
34 81 38 81 38 86 34 86 34 81
81 9 86 9 86 14 81 14 81 9
62 13 68 13 68 19 62 19 62 13
36 29 40 29 40 32 36 32 36 29
70 22 72 22 72 27 70 27 70 22
9 78 14 78 14 82 9 82 9 78
43 57 46 57 46 59 43 59 43 57
70 41 75 41 75 45 70 45 70 41
72 60 76 60 76 64 72 64 72 60
15 20 19 20 19 22 15 22 15 20
10 66 12 66 12 69 10 69 10 66
15 26 21 26 21 28 15 28 15 26
79 88 82 88 82 93 79 93 79 88
39 41 42 41 42 43 39 43 39 41
86 81 91 81 91 83 86 83 86 81
18 50 21 50 21 56 18 56 18 50
26 45 32 45 32 49 26 49 26 45
19 70 22 70 22 75 19 75 19 70
33 67 37 67 37 73 33 73 33 67
8 84 12 84 12 89 8 89 8 84
35 56 40 56 40 62 35 62 35 56
92 26 94 26 94 29 92 29 92 26
94 21 96 21 96 25 94 25 94 21
76 65 78 65 78 68 76 68 76 65
21 12 26 12 26 17 21 17 21 12
20 78 22 78 22 82 20 82 20 78
2 8 5 8 5 10 2 10 2 8
20 88 24 88 24 90 20 90 20 88
49 59 54 59 54 63 49 63 49 59
