50 10 56 10 56 15 50 15 50 10
88 36 90 36 90 39 88 39 88 36
74 16 76 16 76 18 74 18 74 16
72 43 76 43 76 49 72 49 72 43
34 7 37 7 37 11 34 11 34 7
42 70 48 70 48 76 42 76 42 70
81 54 86 54 86 60 81 60 81 54
90 21 95 21 95 27 90 27 90 21
74 32 79 32 79 35 74 35 74 32
23 64 29 64 29 66 23 66 23 64
8 12 12 12 12 15 8 15 8 12
20 82 25 82 25 87 20 87 20 82
53 59 56 59 56 63 53 63 53 59
13 50 15 50 15 52 13 52 13 50
71 92 73 92 73 97 71 97 71 92
88 40 93 40 93 44 88 44 88 40
72 72 78 72 78 75 72 75 72 72
37 51 41 51 41 57 37 57 37 51
64 28 70 28 70 34 64 34 64 28
10 65 15 65 15 69 10 69 10 65
25 4 28 4 28 10 25 10 25 4
54 4 57 4 57 8 54 8 54 4
53 84 56 84 56 88 53 88 53 84
57 86 63 86 63 89 57 89 57 86
37 12 39 12 39 16 37 16 37 12
41 28 45 28 45 34 41 34 41 28
94 33 96 33 96 35 94 35 94 33
18 3 20 3 20 5 18 5 18 3
15 54 20 54 20 56 15 56 15 54
29 30 34 30 34 35 29 35 29 30
59 61 63 61 63 64 59 64 59 61
95 38 98 38 98 43 95 43 95 38
52 32 57 32 57 35 52 35 52 32
56 17 58 17 58 20 56 20 56 17
89 84 92 84 92 86 89 86 89 84
78 38 81 38 81 44 78 44 78 38
56 24 59 24 59 28 56 28 56 24
77 20 82 20 82 22 77 22 77 20
63 17 66 17 66 19 63 19 63 17
29 15 31 15 31 17 29 17 29 15
77 24 80 24 80 30 77 30 77 24
48 44 51 44 51 49 48 49 48 44
65 78 68 78 68 84 65 84 65 78
35 20 40 20 40 25 35 25 35 20
35 88 38 88 38 94 35 94 35 88
14 28 20 28 20 31 14 31 14 28
67 66 71 66 71 70 67 70 67 66
88 46 92 46 92 51 88 51 88 46
69 50 71 50 71 55 69 55 69 50
84 76 88 76 88 80 84 80 84 76
21 41 25 41 25 47 21 47 21 41
3 65 8 65 8 70 3 70 3 65
5 35 11 35 11 40 5 40 5 35
7 75 9 75 9 81 7 81 7 75
92 61 98 61 98 65 92 65 92 61
73 88 79 88 79 90 73 90 73 88
67 22 69 22 69 24 67 24 67 22
63 10 68 10 68 14 63 14 63 10
48 59 51 59 51 65 48 65 48 59
47 50 50 50 50 56 47 56 47 50
2 4 7 4 7 9 2 9 2 4
5 28 10 28 10 32 5 32 5 28
68 59 72 59 72 61 68 61 68 59
23 59 26 59 26 61 23 61 23 59
88 60 91 60 91 66 88 66 88 60
56 40 58 40 58 42 56 42 56 40
74 24 76 24 76 26 74 26 74 24
7 19 13 19 13 24 7 24 7 19
44 87 50 87 50 93 44 93 44 87
62 73 68 73 68 75 62 75 62 73
74 64 77 64 77 70 74 70 74 64
3 84 5 84 5 86 3 86 3 84
51 19 55 19 55 24 51 24 51 19
37 28 39 28 39 33 37 33 37 28
34 85 40 85 40 87 34 87 34 85
70 6 73 6 73 8 70 8 70 6
26 82 31 82 31 88 26 88 26 82
88 68 91 68 91 71 88 71 88 68
74 5 78 5 78 10 74 10 74 5
25 36 28 36 28 38 25 38 25 36
13 76 15 76 15 80 13 80 13 76
75 38 77 38 77 42 75 42 75 38
36 60 39 60 39 63 36 63 36 60
25 94 30 94 30 98 25 98 25 94
54 73 57 73 57 79 54 79 54 73
66 85 69 85 69 89 66 89 66 85
4 46 6 46 6 49 4 49 4 46
24 27 26 27 26 32 24 32 24 27
91 94 95 94 95 98 91 98 91 94
67 43 70 43 70 46 67 46 67 43
86 12 92 12 92 17 86 17 86 12
71 77 77 77 77 81 71 81 71 77
9 59 15 59 15 61 9 61 9 59
19 61 21 61 21 66 19 66 19 61
42 10 46 10 46 14 42 14 42 10
41 3 46 3 46 6 41 6 41 3
30 56 32 56 32 59 30 59 30 56
19 71 25 71 25 77 19 77 19 71
7 44 9 44 9 46 7 46 7 44
88 57 93 57 93 59 88 59 88 57
