26 26 28 26 28 29 26 29 26 26
87 73 92 73 92 78 87 78 87 73
27 85 32 85 32 89 27 89 27 85
62 62 68 62 68 66 62 66 62 62
2 4 5 4 5 6 2 6 2 4
46 60 48 60 48 63 46 63 46 60
57 53 61 53 61 59 57 59 57 53
11 88 17 88 17 92 11 92 11 88
61 2 67 2 67 7 61 7 61 2
88 24 92 24 92 28 88 28 88 24
86 2 92 2 92 5 86 5 86 2
7 37 11 37 11 40 7 40 7 37
3 55 5 55 5 57 3 57 3 55
39 71 43 71 43 74 39 74 39 71
59 72 62 72 62 76 59 76 59 72
75 26 80 26 80 28 75 28 75 26
51 59 54 59 54 61 51 61 51 59
62 49 67 49 67 52 62 52 62 49
87 53 93 53 93 56 87 56 87 53
3 83 5 83 5 86 3 86 3 83
39 52 44 52 44 54 39 54 39 52
23 39 29 39 29 42 23 42 23 39
12 81 18 81 18 83 12 83 12 81
8 14 13 14 13 18 8 18 8 14
73 68 76 68 76 74 73 74 73 68
18 25 20 25 20 27 18 27 18 25
78 29 84 29 84 35 78 35 78 29
13 29 17 29 17 35 13 35 13 29
37 62 41 62 41 68 37 68 37 62
44 94 48 94 48 97 44 97 44 94
60 11 65 11 65 13 60 13 60 11
36 24 38 24 38 30 36 30 36 24
53 75 58 75 58 81 53 81 53 75
81 51 83 51 83 57 81 57 81 51
78 8 84 8 84 10 78 10 78 8
34 87 39 87 39 91 34 91 34 87
66 53 70 53 70 59 66 59 66 53
4 91 6 91 6 96 4 96 4 91
75 37 79 37 79 42 75 42 75 37
46 85 50 85 50 89 46 89 46 85
9 11 13 11 13 13 9 13 9 11
83 11 87 11 87 17 83 17 83 11
64 84 69 84 69 90 64 90 64 84
5 61 9 61 9 63 5 63 5 61
47 48 51 48 51 54 47 54 47 48
57 16 60 16 60 21 57 21 57 16
17 48 19 48 19 50 17 50 17 48
20 80 23 80 23 82 20 82 20 80
42 21 48 21 48 26 42 26 42 21
70 75 73 75 73 79 70 79 70 75
92 36 97 36 97 42 92 42 92 36
88 85 90 85 90 89 88 89 88 85
86 43 91 43 91 49 86 49 86 43
91 69 95 69 95 71 91 71 91 69
74 20 79 20 79 22 74 22 74 20
82 90 86 90 86 94 82 94 82 90
28 66 32 66 32 70 28 70 28 66
30 58 35 58 35 61 30 61 30 58
40 85 43 85 43 88 40 88 40 85
54 26 58 26 58 29 54 29 54 26
70 6 72 6 72 8 70 8 70 6
29 29 35 29 35 35 29 35 29 29
48 4 51 4 51 10 48 10 48 4
41 77 46 77 46 81 41 81 41 77
62 19 65 19 65 22 62 22 62 19
62 34 67 34 67 40 62 40 62 34
53 46 59 46 59 49 53 49 53 46
75 75 77 75 77 79 75 79 75 75
39 93 41 93 41 98 39 98 39 93
27 44 33 44 33 49 27 49 27 44
21 90 27 90 27 93 21 93 21 90
66 80 68 80 68 82 66 82 66 80
74 94 80 94 80 97 74 97 74 94
2 79 6 79 6 82 2 82 2 79
35 15 38 15 38 21 35 21 35 15
12 61 16 61 16 66 12 66 12 61
66 71 69 71 69 77 66 77 66 71
62 30 68 30 68 33 62 33 62 30
81 63 86 63 86 68 81 68 81 63
8 25 12 25 12 28 8 28 8 25
8 73 11 73 11 75 8 75 8 73
86 59 92 59 92 61 86 61 86 59
10 94 16 94 16 98 10 98 10 94
17 11 22 11 22 14 17 14 17 11
92 16 96 16 96 22 92 22 92 16
19 20 25 20 25 22 19 22 19 20
13 39 16 39 16 43 13 43 13 39
92 84 94 84 94 89 92 89 92 84
18 64 23 64 23 68 18 68 18 64
94 75 97 75 97 78 94 78 94 75
70 37 74 37 74 40 70 40 70 37
34 78 38 78 38 82 34 82 34 78
50 90 54 90 54 95 50 95 50 90
63 41 65 41 65 43 63 43 63 41
74 13 77 13 77 19 74 19 74 13
3 71 7 71 7 74 3 74 3 71
5 19 11 19 11 24 5 24 5 19
25 15 31 15 31 19 25 19 25 15
71 86 76 86 76 89 71 89 71 86
42 40 47 40 47 46 42 46 42 40
