94 42 97 42 97 44 94 44 94 42
12 11 18 11 18 15 12 15 12 11
20 11 25 11 25 17 20 17 20 11
41 46 43 46 43 51 41 51 41 46
86 12 91 12 91 15 86 15 86 12
60 79 64 79 64 82 60 82 60 79
22 48 25 48 25 53 22 53 22 48
60 21 66 21 66 24 60 24 60 21
33 10 37 10 37 14 33 14 33 10
27 40 30 40 30 44 27 44 27 40
15 65 19 65 19 69 15 69 15 65
12 34 18 34 18 39 12 39 12 34
79 91 81 91 81 96 79 96 79 91
39 41 45 41 45 44 39 44 39 41
63 65 69 65 69 70 63 70 63 65
76 27 78 27 78 31 76 31 76 27
67 88 73 88 73 91 67 91 67 88
53 89 58 89 58 92 53 92 53 89
6 26 12 26 12 31 6 31 6 26
83 25 87 25 87 29 83 29 83 25
91 36 96 36 96 40 91 40 91 36
63 88 66 88 66 93 63 93 63 88
77 5 80 5 80 7 77 7 77 5
94 53 96 53 96 59 94 59 94 53
89 68 91 68 91 72 89 72 89 68
10 41 16 41 16 46 10 46 10 41
67 21 71 21 71 25 67 25 67 21
57 84 60 84 60 87 57 87 57 84
2 65 8 65 8 71 2 71 2 65
18 79 23 79 23 81 18 81 18 79
41 5 44 5 44 9 41 9 41 5
25 19 31 19 31 24 25 24 25 19
4 91 9 91 9 93 4 93 4 91
89 5 92 5 92 7 89 7 89 5
5 49 8 49 8 51 5 51 5 49
69 76 74 76 74 78 69 78 69 76
68 15 72 15 72 19 68 19 68 15
69 79 75 79 75 83 69 83 69 79
4 72 9 72 9 76 4 76 4 72
73 12 78 12 78 17 73 17 73 12
55 21 58 21 58 23 55 23 55 21
37 56 39 56 39 62 37 62 37 56
36 30 39 30 39 36 36 36 36 30
26 3 32 3 32 7 26 7 26 3
82 50 85 50 85 52 82 52 82 50
72 24 74 24 74 29 72 29 72 24
81 41 83 41 83 43 81 43 81 41
34 50 40 50 40 54 34 54 34 50
66 27 70 27 70 32 66 32 66 27
7 58 13 58 13 62 7 62 7 58
26 34 29 34 29 37 26 37 26 34
92 92 94 92 94 95 92 95 92 92
68 52 73 52 73 58 68 58 68 52
42 75 47 75 47 79 42 79 42 75
35 72 40 72 40 74 35 74 35 72
45 21 47 21 47 23 45 23 45 21
74 84 76 84 76 90 74 90 74 84
59 33 63 33 63 39 59 39 59 33
84 4 86 4 86 9 84 9 84 4
94 60 98 60 98 63 94 63 94 60
93 12 98 12 98 18 93 18 93 12
47 35 52 35 52 40 47 40 47 35
84 30 86 30 86 35 84 35 84 30
41 86 46 86 46 91 41 91 41 86
8 2 10 2 10 6 8 6 8 2
75 20 79 20 79 26 75 26 75 20
72 94 77 94 77 98 72 98 72 94
42 35 46 35 46 39 42 39 42 35
87 46 90 46 90 51 87 51 87 46
88 79 93 79 93 82 88 82 88 79
68 59 72 59 72 62 68 62 68 59
44 26 47 26 47 31 44 31 44 26
73 34 77 34 77 39 73 39 73 34
38 4 40 4 40 6 38 6 38 4
17 84 23 84 23 87 17 87 17 84
18 88 23 88 23 92 18 92 18 88
10 47 14 47 14 50 10 50 10 47
52 46 56 46 56 50 52 50 52 46
52 95 55 95 55 98 52 98 52 95
74 69 77 69 77 73 74 73 74 69
53 40 58 40 58 45 53 45 53 40
29 10 32 10 32 14 29 14 29 10
10 86 15 86 15 89 10 89 10 86
25 80 31 80 31 86 25 86 25 80
12 17 15 17 15 21 12 21 12 17
93 23 95 23 95 29 93 29 93 23
2 80 7 80 7 85 2 85 2 80
83 58 89 58 89 62 83 62 83 58
83 70 88 70 88 73 83 73 83 70
37 20 41 20 41 25 37 25 37 20
24 26 29 26 29 30 24 30 24 26
63 73 66 73 66 75 63 75 63 73
64 2 70 2 70 5 64 5 64 2
49 4 53 4 53 6 49 6 49 4
16 4 22 4 22 7 16 7 16 4
44 81 50 81 50 85 44 85 44 81
86 21 89 21 89 24 86 24 86 21
21 95 25 95 25 97 21 97 21 95
33 15 36 15 36 21 33 21 33 15
35 40 38 40 38 42 35 42 35 40
