30 49 35 49 35 55 30 55 30 49
51 22 55 22 55 25 51 25 51 22
90 47 93 47 93 52 90 52 90 47
8 28 11 28 11 33 8 33 8 28
5 71 10 71 10 75 5 75 5 71
16 36 20 36 20 38 16 38 16 36
86 5 89 5 89 7 86 7 86 5
27 41 29 41 29 47 27 47 27 41
88 60 94 60 94 64 88 64 88 60
61 46 66 46 66 52 61 52 61 46
75 58 81 58 81 60 75 60 75 58
52 11 57 11 57 14 52 14 52 11
48 36 51 36 51 38 48 38 48 36
41 34 46 34 46 39 41 39 41 34
19 27 25 27 25 31 19 31 19 27
74 37 78 37 78 41 74 41 74 37
85 28 88 28 88 31 85 31 85 28
81 40 85 40 85 45 81 45 81 40
90 65 95 65 95 67 90 67 90 65
3 53 5 53 5 55 3 55 3 53
9 47 12 47 12 50 9 50 9 47
52 15 54 15 54 19 52 19 52 15
63 8 67 8 67 11 63 11 63 8
64 22 68 22 68 27 64 27 64 22
88 72 94 72 94 75 88 75 88 72
83 19 85 19 85 23 83 23 83 19
54 51 56 51 56 53 54 53 54 51
60 39 62 39 62 44 60 44 60 39
40 65 42 65 42 70 40 70 40 65
4 80 7 80 7 85 4 85 4 80
16 61 18 61 18 66 16 66 16 61
61 17 63 17 63 20 61 20 61 17
69 37 72 37 72 40 69 40 69 37
32 81 35 81 35 84 32 84 32 81
56 32 59 32 59 37 56 37 56 32
54 84 56 84 56 89 54 89 54 84
21 66 27 66 27 68 21 68 21 66
64 41 67 41 67 43 64 43 64 41
20 5 26 5 26 7 20 7 20 5
10 40 15 40 15 46 10 46 10 40
24 57 27 57 27 63 24 63 24 57
42 13 47 13 47 19 42 19 42 13
41 78 47 78 47 83 41 83 41 78
16 50 19 50 19 54 16 54 16 50
56 69 60 69 60 71 56 71 56 69
20 10 24 10 24 13 20 13 20 10
68 5 70 5 70 10 68 10 68 5
18 71 24 71 24 76 18 76 18 71
14 17 17 17 17 23 14 23 14 17
68 55 71 55 71 60 68 60 68 55
25 87 30 87 30 93 25 93 25 87
6 54 11 54 11 57 6 57 6 54
94 22 96 22 96 27 94 27 94 22
39 60 41 60 41 64 39 64 39 60
35 13 38 13 38 16 35 16 35 13
36 84 41 84 41 87 36 87 36 84
88 15 94 15 94 17 88 17 88 15
28 16 31 16 31 20 28 20 28 16
61 3 66 3 66 7 61 7 61 3
68 81 70 81 70 87 68 87 68 81
66 28 68 28 68 34 66 34 66 28
8 63 14 63 14 68 8 68 8 63
79 74 81 74 81 80 79 80 79 74
91 32 95 32 95 36 91 36 91 32
45 30 50 30 50 32 45 32 45 30
57 15 60 15 60 19 57 19 57 15
2 7 8 7 8 11 2 11 2 7
82 32 87 32 87 38 82 38 82 32
64 35 66 35 66 38 64 38 64 35
69 44 73 44 73 48 69 48 69 44
6 35 8 35 8 41 6 41 6 35
71 80 74 80 74 86 71 86 71 80
63 66 66 66 66 69 63 69 63 66
11 81 14 81 14 87 11 87 11 81
57 96 61 96 61 98 57 98 57 96
37 57 39 57 39 59 37 59 37 57
23 49 26 49 26 52 23 52 23 49
30 21 36 21 36 26 30 26 30 21
82 11 84 11 84 14 82 14 82 11
27 73 32 73 32 78 27 78 27 73
92 79 97 79 97 83 92 83 92 79
12 24 18 24 18 29 12 29 12 24
48 51 50 51 50 54 48 54 48 51
26 24 28 24 28 26 26 26 26 24
3 56 5 56 5 62 3 62 3 56
80 53 82 53 82 55 80 55 80 53
27 5 32 5 32 8 27 8 27 5
77 64 83 64 83 68 77 68 77 64
38 34 40 34 40 38 38 38 38 34
15 93 18 93 18 97 15 97 15 93
41 51 43 51 43 55 41 55 41 51
47 55 50 55 50 61 47 61 47 55
53 43 56 43 56 48 53 48 53 43
35 76 39 76 39 80 35 80 35 76
83 56 85 56 85 61 83 61 83 56
83 48 86 48 86 52 83 52 83 48
77 87 79 87 79 92 77 92 77 87
33 39 36 39 36 44 33 44 33 39
24 82 30 82 30 85 24 85 24 82
79 6 83 6 83 10 79 10 79 6
