39 84 42 84 42 87 39 87 39 84
78 48 80 48 80 51 78 51 78 48
51 92 53 92 53 97 51 97 51 92
94 25 96 25 96 28 94 28 94 25
16 53 19 53 19 57 16 57 16 53
24 56 29 56 29 58 24 58 24 56
41 27 43 27 43 33 41 33 41 27
76 13 79 13 79 16 76 16 76 13
34 20 38 20 38 25 34 25 34 20
73 27 79 27 79 33 73 33 73 27
84 83 87 83 87 88 84 88 84 83
66 73 71 73 71 75 66 75 66 73
4 77 10 77 10 82 4 82 4 77
85 60 87 60 87 64 85 64 85 60
80 34 84 34 84 39 80 39 80 34
62 53 66 53 66 57 62 57 62 53
36 14 40 14 40 19 36 19 36 14
67 18 70 18 70 21 67 21 67 18
91 53 96 53 96 55 91 55 91 53
3 26 5 26 5 29 3 29 3 26
3 8 9 8 9 14 3 14 3 8
69 49 73 49 73 51 69 51 69 49
84 77 88 77 88 79 84 79 84 77
31 56 36 56 36 62 31 62 31 56
71 66 74 66 74 68 71 68 71 66
84 53 89 53 89 58 84 58 84 53
86 9 90 9 90 15 86 15 86 9
59 6 63 6 63 8 59 8 59 6
66 84 69 84 69 90 66 90 66 84
53 51 57 51 57 53 53 53 53 51
28 86 30 86 30 90 28 90 28 86
54 75 57 75 57 81 54 81 54 75
85 89 89 89 89 93 85 93 85 89
74 39 77 39 77 45 74 45 74 39
39 69 45 69 45 74 39 74 39 69
21 72 25 72 25 76 21 76 21 72
24 22 28 22 28 28 24 28 24 22
8 39 10 39 10 44 8 44 8 39
86 38 90 38 90 42 86 42 86 38
14 58 16 58 16 64 14 64 14 58
48 35 51 35 51 39 48 39 48 35
14 10 17 10 17 12 14 12 14 10
20 29 22 29 22 35 20 35 20 29
67 55 73 55 73 59 67 59 67 55
14 28 19 28 19 34 14 34 14 28
64 34 67 34 67 40 64 40 64 34
46 60 49 60 49 63 46 63 46 60
21 18 23 18 23 21 21 21 21 18
27 92 33 92 33 95 27 95 27 92
48 74 53 74 53 79 48 79 48 74
3 58 8 58 8 61 3 61 3 58
93 12 98 12 98 14 93 14 93 12
60 43 66 43 66 46 60 46 60 43
18 73 20 73 20 75 18 75 18 73
46 50 51 50 51 53 46 53 46 50
12 79 17 79 17 84 12 84 12 79
22 8 26 8 26 12 22 12 22 8
68 42 70 42 70 46 68 46 68 42
2 90 5 90 5 93 2 93 2 90
52 16 55 16 55 22 52 22 52 16
67 11 69 11 69 13 67 13 67 11
12 5 17 5 17 9 12 9 12 5
22 42 28 42 28 48 22 48 22 42
47 80 52 80 52 86 47 86 47 80
32 39 38 39 38 42 32 42 32 39
47 30 53 30 53 33 47 33 47 30
90 45 93 45 93 47 90 47 90 45
31 34 36 34 36 38 31 38 31 34
77 72 82 72 82 78 77 78 77 72
91 18 94 18 94 20 91 20 91 18
53 56 55 56 55 58 53 58 53 56
31 78 36 78 36 83 31 83 31 78
5 34 9 34 9 36 5 36 5 34
87 66 92 66 92 69 87 69 87 66
38 35 42 35 42 38 38 38 38 35
56 6 58 6 58 10 56 10 56 6
27 66 32 66 32 72 27 72 27 66
66 24 70 24 70 30 66 30 66 24
78 66 82 66 82 71 78 71 78 66
60 15 62 15 62 17 60 17 60 15
33 6 35 6 35 9 33 9 33 6
15 38 20 38 20 42 15 42 15 38
57 85 61 85 61 90 57 90 57 85
21 87 25 87 25 91 21 91 21 87
94 74 96 74 96 79 94 79 94 74
43 47 47 47 47 49 43 49 43 47
85 48 88 48 88 51 85 51 85 48
5 21 10 21 10 25 5 25 5 21
7 31 9 31 9 33 7 33 7 31
12 49 16 49 16 51 12 51 12 49
70 81 75 81 75 84 70 84 70 81
36 51 40 51 40 54 36 54 36 51
91 37 95 37 95 41 91 41 91 37
65 91 70 91 70 96 65 96 65 91
71 19 76 19 76 22 71 22 71 19
57 71 61 71 61 73 57 73 57 71
39 3 43 3 43 5 39 5 39 3
28 30 33 30 33 32 28 32 28 30
56 21 60 21 60 24 56 24 56 21
29 43 33 43 33 48 29 48 29 43
