72 64 76 64 76 66 72 66 72 64
86 60 92 60 92 62 86 62 86 60
56 35 61 35 61 39 56 39 56 35
58 20 62 20 62 23 58 23 58 20
42 11 48 11 48 15 42 15 42 11
48 91 52 91 52 96 48 96 48 91
93 26 95 26 95 29 93 29 93 26
8 33 14 33 14 36 8 36 8 33
8 40 13 40 13 45 8 45 8 40
75 28 78 28 78 31 75 31 75 28
48 65 54 65 54 70 48 70 48 65
21 61 23 61 23 66 21 66 21 61
88 7 94 7 94 10 88 10 88 7
41 63 45 63 45 68 41 68 41 63
11 11 14 11 14 14 11 14 11 11
26 15 31 15 31 20 26 20 26 15
80 40 84 40 84 45 80 45 80 40
70 55 76 55 76 61 70 61 70 55
17 57 19 57 19 59 17 59 17 57
65 36 67 36 67 38 65 38 65 36
91 72 95 72 95 75 91 75 91 72
71 18 77 18 77 23 71 23 71 18
33 32 35 32 35 37 33 37 33 32
73 39 77 39 77 44 73 44 73 39
95 52 97 52 97 55 95 55 95 52
80 21 86 21 86 27 80 27 80 21
3 25 8 25 8 28 3 28 3 25
39 46 41 46 41 52 39 52 39 46
13 92 16 92 16 98 13 98 13 92
37 13 39 13 39 19 37 19 37 13
34 82 37 82 37 88 34 88 34 82
9 27 15 27 15 30 9 30 9 27
87 82 89 82 89 87 87 87 87 82
75 70 77 70 77 73 75 73 75 70
20 85 23 85 23 88 20 88 20 85
51 29 54 29 54 35 51 35 51 29
92 34 94 34 94 37 92 37 92 34
61 64 65 64 65 70 61 70 61 64
46 74 49 74 49 78 46 78 46 74
70 89 72 89 72 95 70 95 70 89
64 47 66 47 66 50 64 50 64 47
23 72 26 72 26 75 23 75 23 72
21 24 25 24 25 29 21 29 21 24
3 3 9 3 9 8 3 8 3 3
67 10 73 10 73 16 67 16 67 10
13 73 15 73 15 75 13 75 13 73
77 75 81 75 81 77 77 77 77 75
85 93 91 93 91 97 85 97 85 93
19 30 24 30 24 36 19 36 19 30
93 64 96 64 96 67 93 67 93 64
58 92 63 92 63 97 58 97 58 92
66 80 70 80 70 86 66 86 66 80
5 77 8 77 8 83 5 83 5 77
8 92 10 92 10 94 8 94 8 92
19 11 21 11 21 13 19 13 19 11
44 49 48 49 48 51 44 51 44 49
27 5 30 5 30 10 27 10 27 5
19 69 21 69 21 72 19 72 19 69
6 67 9 67 9 69 6 69 6 67
63 6 69 6 69 9 63 9 63 6
57 79 63 79 63 84 57 84 57 79
85 47 87 47 87 52 85 52 85 47
50 2 55 2 55 6 50 6 50 2
77 32 81 32 81 38 77 38 77 32
74 46 78 46 78 51 74 51 74 46
45 81 48 81 48 85 45 85 45 81
28 21 33 21 33 25 28 25 28 21
23 92 29 92 29 96 23 96 23 92
13 50 19 50 19 56 13 56 13 50
29 52 34 52 34 56 29 56 29 52
39 87 43 87 43 91 39 91 39 87
38 78 43 78 43 84 38 84 38 78
55 22 57 22 57 28 55 28 55 22
15 2 19 2 19 7 15 7 15 2
54 44 58 44 58 46 54 46 54 44
21 48 23 48 23 54 21 54 21 48
16 76 21 76 21 80 16 80 16 76
59 2 64 2 64 4 59 4 59 2
81 53 87 53 87 55 81 55 81 53
30 72 33 72 33 77 30 77 30 72
5 14 7 14 7 18 5 18 5 14
18 43 21 43 21 45 18 45 18 43
57 59 61 59 61 62 57 62 57 59
57 47 62 47 62 52 57 52 57 47
42 40 46 40 46 43 42 43 42 40
24 56 28 56 28 58 24 58 24 56
2 49 5 49 5 54 2 54 2 49
93 86 97 86 97 90 93 90 93 86
8 89 11 89 11 91 8 91 8 89
92 14 96 14 96 19 92 19 92 14
69 33 74 33 74 38 69 38 69 33
19 21 24 21 24 23 19 23 19 21
24 80 29 80 29 83 24 83 24 80
32 92 36 92 36 97 32 97 32 92
33 4 36 4 36 6 33 6 33 4
5 87 7 87 7 92 5 92 5 87
64 42 69 42 69 44 64 44 64 42
81 80 86 80 86 85 81 85 81 80
24 47 27 47 27 50 24 50 24 47
13 37 15 37 15 39 13 39 13 37
