40 14 45 14 45 18 40 18 40 14
14 70 19 70 19 72 14 72 14 70
39 41 44 41 44 43 39 43 39 41
75 17 80 17 80 22 75 22 75 17
44 76 47 76 47 82 44 82 44 76
41 60 43 60 43 62 41 62 41 60
92 8 97 8 97 11 92 11 92 8
12 60 16 60 16 64 12 64 12 60
74 8 80 8 80 10 74 10 74 8
79 28 81 28 81 33 79 33 79 28
69 72 73 72 73 78 69 78 69 72
90 59 93 59 93 61 90 61 90 59
72 84 77 84 77 90 72 90 72 84
93 23 95 23 95 26 93 26 93 23
83 87 87 87 87 91 83 91 83 87
2 14 7 14 7 20 2 20 2 14
46 31 52 31 52 33 46 33 46 31
65 56 69 56 69 62 65 62 65 56
5 21 7 21 7 24 5 24 5 21
84 69 89 69 89 74 84 74 84 69
56 87 58 87 58 91 56 91 56 87
19 62 24 62 24 68 19 68 19 62
42 45 44 45 44 51 42 51 42 45
2 62 8 62 8 67 2 67 2 62
50 67 54 67 54 73 50 73 50 67
37 63 40 63 40 67 37 67 37 63
33 13 39 13 39 19 33 19 33 13
5 78 9 78 9 84 5 84 5 78
27 22 29 22 29 24 27 24 27 22
52 54 54 54 54 60 52 60 52 54
21 83 25 83 25 87 21 87 21 83
46 92 51 92 51 98 46 98 46 92
53 9 58 9 58 11 53 11 53 9
92 54 95 54 95 57 92 57 92 54
46 15 50 15 50 17 46 17 46 15
89 88 91 88 91 93 89 93 89 88
29 47 35 47 35 53 29 53 29 47
7 89 9 89 9 94 7 94 7 89
26 58 28 58 28 62 26 62 26 58
47 3 53 3 53 6 47 6 47 3
53 46 59 46 59 51 53 51 53 46
28 5 32 5 32 10 28 10 28 5
63 13 65 13 65 18 63 18 63 13
17 92 19 92 19 94 17 94 17 92
39 24 44 24 44 26 39 26 39 24
29 81 35 81 35 84 29 84 29 81
94 94 96 94 96 96 94 96 94 94
87 13 90 13 90 16 87 16 87 13
12 26 16 26 16 29 12 29 12 26
58 78 62 78 62 81 58 81 58 78
26 43 28 43 28 49 26 49 26 43
57 4 62 4 62 8 57 8 57 4
30 76 33 76 33 79 30 79 30 76
88 27 92 27 92 32 88 32 88 27
76 54 80 54 80 59 76 59 76 54
86 9 88 9 88 12 86 12 86 9
7 71 10 71 10 77 7 77 7 71
47 9 50 9 50 14 47 14 47 9
36 49 40 49 40 55 36 55 36 49
60 83 65 83 65 87 60 87 60 83
48 57 51 57 51 63 48 63 48 57
67 16 70 16 70 20 67 20 67 16
20 73 23 73 23 76 20 76 20 73
20 39 24 39 24 42 20 42 20 39
40 3 46 3 46 5 40 5 40 3
72 11 77 11 77 16 72 16 72 11
25 67 28 67 28 69 25 69 25 67
29 93 35 93 35 97 29 97 29 93
96 67 98 67 98 69 96 69 96 67
46 21 49 21 49 26 46 26 46 21
73 47 77 47 77 52 73 52 73 47
16 34 19 34 19 37 16 37 16 34
92 90 97 90 97 92 92 92 92 90
38 77 40 77 40 81 38 81 38 77
33 32 37 32 37 37 33 37 33 32
89 35 91 35 91 37 89 37 89 35
95 32 97 32 97 34 95 34 95 32
67 30 71 30 71 33 67 33 67 30
2 48 6 48 6 52 2 52 2 48
26 93 28 93 28 97 26 97 26 93
91 46 93 46 93 49 91 49 91 46
84 48 90 48 90 53 84 53 84 48
45 66 48 66 48 70 45 70 45 66
37 45 41 45 41 48 37 48 37 45
94 16 98 16 98 19 94 19 94 16
16 88 20 88 20 90 16 90 16 88
15 7 18 7 18 9 15 9 15 7
74 28 76 28 76 34 74 34 74 28
23 53 25 53 25 55 23 55 23 53
39 28 43 28 43 32 39 32 39 28
7 4 10 4 10 6 7 6 7 4
12 18 14 18 14 22 12 22 12 18
41 71 43 71 43 77 41 77 41 71
74 41 79 41 79 46 74 46 74 41
4 38 10 38 10 41 4 41 4 38
59 59 62 59 62 65 59 65 59 59
34 85 36 85 36 91 34 91 34 85
33 73 39 73 39 75 33 75 33 73
89 79 95 79 95 84 89 84 89 79
48 84 54 84 54 90 48 90 48 84
