79 76 81 76 81 82 79 82 79 76
22 21 28 21 28 25 22 25 22 21
25 86 30 86 30 92 25 92 25 86
7 42 12 42 12 45 7 45 7 42
92 85 98 85 98 89 92 89 92 85
51 8 54 8 54 12 51 12 51 8
49 84 54 84 54 87 49 87 49 84
63 27 67 27 67 30 63 30 63 27
3 7 6 7 6 11 3 11 3 7
29 95 33 95 33 97 29 97 29 95
82 3 88 3 88 6 82 6 82 3
46 64 49 64 49 68 46 68 46 64
49 4 51 4 51 7 49 7 49 4
12 63 17 63 17 66 12 66 12 63
48 58 50 58 50 61 48 61 48 58
85 60 91 60 91 64 85 64 85 60
92 31 97 31 97 35 92 35 92 31
34 85 40 85 40 90 34 90 34 85
49 23 55 23 55 25 49 25 49 23
27 41 30 41 30 43 27 43 27 41
5 30 9 30 9 32 5 32 5 30
89 38 94 38 94 43 89 43 89 38
18 80 20 80 20 85 18 85 18 80
11 15 15 15 15 21 11 21 11 15
74 47 76 47 76 51 74 51 74 47
89 52 95 52 95 56 89 56 89 52
83 42 88 42 88 46 83 46 83 42
80 14 85 14 85 18 80 18 80 14
35 12 39 12 39 16 35 16 35 12
93 9 95 9 95 14 93 14 93 9
24 51 27 51 27 55 24 55 24 51
2 79 7 79 7 84 2 84 2 79
26 27 28 27 28 32 26 32 26 27
79 19 84 19 84 21 79 21 79 19
61 59 65 59 65 62 61 62 61 59
74 84 76 84 76 87 74 87 74 84
75 28 77 28 77 34 75 34 75 28
25 3 29 3 29 7 25 7 25 3
31 37 33 37 33 42 31 42 31 37
56 79 58 79 58 84 56 84 56 79
15 75 21 75 21 78 15 78 15 75
53 37 59 37 59 39 53 39 53 37
74 68 77 68 77 74 74 74 74 68
48 70 54 70 54 74 48 74 48 70
80 8 85 8 85 10 80 10 80 8
88 23 91 23 91 28 88 28 88 23
9 46 12 46 12 50 9 50 9 46
22 81 26 81 26 84 22 84 22 81
36 92 38 92 38 97 36 97 36 92
61 65 63 65 63 69 61 69 61 65
19 56 22 56 22 59 19 59 19 56
65 75 71 75 71 80 65 80 65 75
56 52 58 52 58 55 56 55 56 52
18 66 22 66 22 69 18 69 18 66
58 23 62 23 62 28 58 28 58 23
20 61 24 61 24 65 20 65 20 61
55 10 60 10 60 14 55 14 55 10
59 44 64 44 64 49 59 49 59 44
19 37 24 37 24 39 19 39 19 37
68 23 72 23 72 26 68 26 68 23
37 47 39 47 39 51 37 51 37 47
89 32 91 32 91 35 89 35 89 32
70 88 73 88 73 94 70 94 70 88
12 35 15 35 15 41 12 41 12 35
27 78 31 78 31 80 27 80 27 78
79 93 85 93 85 97 79 97 79 93
29 32 35 32 35 35 29 35 29 32
13 52 17 52 17 58 13 58 13 52
31 4 37 4 37 10 31 10 31 4
44 75 49 75 49 77 44 77 44 75
66 12 70 12 70 18 66 18 66 12
6 24 9 24 9 27 6 27 6 24
21 18 25 18 25 20 21 20 21 18
22 11 28 11 28 15 22 15 22 11
7 91 12 91 12 96 7 96 7 91
11 30 16 30 16 34 11 34 11 30
43 27 47 27 47 30 43 30 43 27
52 62 54 62 54 68 52 68 52 62
3 55 5 55 5 59 3 59 3 55
46 91 50 91 50 95 46 95 46 91
14 60 19 60 19 62 14 62 14 60
48 15 52 15 52 17 48 17 48 15
71 58 73 58 73 63 71 63 71 58
69 38 71 38 71 44 69 44 69 38
18 10 21 10 21 12 18 12 18 10
38 76 42 76 42 80 38 80 38 76
32 59 38 59 38 61 32 61 32 59
75 22 79 22 79 25 75 25 75 22
30 46 35 46 35 51 30 51 30 46
19 50 22 50 22 55 19 55 19 50
72 81 75 81 75 83 72 83 72 81
27 58 31 58 31 63 27 63 27 58
10 70 13 70 13 74 10 74 10 70
3 41 6 41 6 44 3 44 3 41
17 86 21 86 21 92 17 92 17 86
27 44 29 44 29 49 27 49 27 44
81 56 84 56 84 60 81 60 81 56
43 6 46 6 46 11 43 11 43 6
39 58 43 58 43 60 39 60 39 58
38 2 43 2 43 4 38 4 38 2
