29 59 34 59 34 63 29 63 29 59
59 72 65 72 65 78 59 78 59 72
36 30 39 30 39 36 36 36 36 30
3 52 5 52 5 56 3 56 3 52
21 16 26 16 26 20 21 20 21 16
34 55 40 55 40 57 34 57 34 55
39 47 42 47 42 49 39 49 39 47
59 51 65 51 65 56 59 56 59 51
10 16 15 16 15 20 10 20 10 16
88 32 91 32 91 36 88 36 88 32
86 17 89 17 89 22 86 22 86 17
65 80 68 80 68 84 65 84 65 80
32 19 36 19 36 21 32 21 32 19
35 63 38 63 38 65 35 65 35 63
25 9 28 9 28 12 25 12 25 9
25 2 29 2 29 7 25 7 25 2
83 90 87 90 87 94 83 94 83 90
71 93 73 93 73 98 71 98 71 93
13 85 17 85 17 89 13 89 13 85
49 58 53 58 53 63 49 63 49 58
30 28 34 28 34 34 30 34 30 28
31 50 36 50 36 52 31 52 31 50
16 40 22 40 22 46 16 46 16 40
26 22 30 22 30 24 26 24 26 22
7 52 11 52 11 58 7 58 7 52
11 61 15 61 15 63 11 63 11 61
83 6 85 6 85 12 83 12 83 6
34 82 39 82 39 87 34 87 34 82
20 66 23 66 23 68 20 68 20 66
19 6 22 6 22 12 19 12 19 6
94 66 97 66 97 71 94 71 94 66
48 35 54 35 54 41 48 41 48 35
19 26 23 26 23 29 19 29 19 26
44 81 50 81 50 83 44 83 44 81
80 61 82 61 82 66 80 66 80 61
27 91 31 91 31 94 27 94 27 91
3 48 9 48 9 50 3 50 3 48
59 83 63 83 63 89 59 89 59 83
53 70 57 70 57 72 53 72 53 70
86 96 92 96 92 98 86 98 86 96
16 15 19 15 19 18 16 18 16 15
37 70 43 70 43 75 37 75 37 70
32 90 38 90 38 94 32 94 32 90
68 55 70 55 70 58 68 58 68 55
89 26 91 26 91 31 89 31 89 26
69 12 71 12 71 17 69 17 69 12
66 45 68 45 68 48 66 48 66 45
15 77 19 77 19 83 15 83 15 77
67 36 70 36 70 39 67 39 67 36
7 71 12 71 12 76 7 76 7 71
27 15 29 15 29 21 27 21 27 15
41 63 47 63 47 66 41 66 41 63
62 65 65 65 65 70 62 70 62 65
77 27 81 27 81 31 77 31 77 27
72 78 78 78 78 82 72 82 72 78
55 29 58 29 58 32 55 32 55 29
41 30 46 30 46 34 41 34 41 30
2 9 7 9 7 14 2 14 2 9
74 33 78 33 78 39 74 39 74 33
25 42 31 42 31 45 25 45 25 42
72 57 75 57 75 59 72 59 72 57
88 61 91 61 91 64 88 64 88 61
18 55 22 55 22 61 18 61 18 55
55 48 57 48 57 54 55 54 55 48
73 71 79 71 79 77 73 77 73 71
13 40 15 40 15 43 13 43 13 40
79 37 82 37 82 41 79 41 79 37
60 40 66 40 66 43 60 43 60 40
31 39 33 39 33 41 31 41 31 39
95 28 98 28 98 34 95 34 95 28
95 79 97 79 97 84 95 84 95 79
42 93 46 93 46 95 42 95 42 93
71 22 75 22 75 25 71 25 71 22
50 91 53 91 53 97 50 97 50 91
92 2 96 2 96 8 92 8 92 2
10 7 15 7 15 11 10 11 10 7
24 84 26 84 26 87 24 87 24 84
5 21 7 21 7 25 5 25 5 21
84 43 86 43 86 45 84 45 84 43
21 49 27 49 27 54 21 54 21 49
8 24 12 24 12 29 8 29 8 24
88 74 91 74 91 76 88 76 88 74
7 94 10 94 10 97 7 97 7 94
3 63 5 63 5 69 3 69 3 63
82 52 85 52 85 54 82 54 82 52
42 35 44 35 44 40 42 40 42 35
2 72 4 72 4 75 2 75 2 72
73 15 77 15 77 19 73 19 73 15
74 90 76 90 76 96 74 96 74 90
27 81 32 81 32 87 27 87 27 81
64 6 66 6 66 12 64 12 64 6
50 51 52 51 52 56 50 56 50 51
30 69 33 69 33 73 30 73 30 69
93 44 95 44 95 47 93 47 93 44
83 33 86 33 86 39 83 39 83 33
83 76 85 76 85 80 83 80 83 76
46 10 50 10 50 13 46 13 46 10
9 87 11 87 11 90 9 90 9 87
36 27 38 27 38 29 36 29 36 27
80 71 83 71 83 73 80 73 80 71
