89 89 94 89 94 94 89 94 89 89
33 14 36 14 36 16 33 16 33 14
64 24 69 24 69 27 64 27 64 24
12 81 17 81 17 84 12 84 12 81
93 37 96 37 96 39 93 39 93 37
5 37 10 37 10 41 5 41 5 37
50 20 55 20 55 26 50 26 50 20
20 2 22 2 22 6 20 6 20 2
92 7 95 7 95 13 92 13 92 7
29 77 33 77 33 81 29 81 29 77
59 86 63 86 63 88 59 88 59 86
23 25 26 25 26 31 23 31 23 25
63 32 65 32 65 38 63 38 63 32
53 79 58 79 58 85 53 85 53 79
81 37 86 37 86 43 81 43 81 37
44 72 49 72 49 78 44 78 44 72
78 48 80 48 80 52 78 52 78 48
25 6 31 6 31 10 25 10 25 6
92 59 94 59 94 62 92 62 92 59
85 19 89 19 89 23 85 23 85 19
51 34 53 34 53 39 51 39 51 34
14 53 20 53 20 58 14 58 14 53
90 63 93 63 93 68 90 68 90 63
36 69 38 69 38 71 36 71 36 69
62 72 66 72 66 75 62 75 62 72
32 67 34 67 34 72 32 72 32 67
85 28 88 28 88 30 85 30 85 28
69 59 72 59 72 63 69 63 69 59
31 88 36 88 36 94 31 94 31 88
55 57 59 57 59 63 55 63 55 57
71 48 74 48 74 54 71 54 71 48
79 23 84 23 84 29 79 29 79 23
45 42 48 42 48 45 45 45 45 42
62 89 65 89 65 95 62 95 62 89
49 43 55 43 55 48 49 48 49 43
32 50 38 50 38 54 32 54 32 50
7 26 12 26 12 29 7 29 7 26
74 10 78 10 78 16 74 16 74 10
34 82 39 82 39 84 34 84 34 82
24 56 30 56 30 58 24 58 24 56
6 64 11 64 11 69 6 69 6 64
54 49 56 49 56 51 54 51 54 49
14 28 17 28 17 30 14 30 14 28
43 68 49 68 49 71 43 71 43 68
17 34 19 34 19 36 17 36 17 34
13 49 18 49 18 52 13 52 13 49
79 33 82 33 82 35 79 35 79 33
2 39 4 39 4 42 2 42 2 39
87 50 92 50 92 56 87 56 87 50
34 9 36 9 36 11 34 11 34 9
30 35 33 35 33 41 30 41 30 35
90 40 94 40 94 43 90 43 90 40
20 21 22 21 22 23 20 23 20 21
16 8 20 8 20 14 16 14 16 8
78 73 80 73 80 77 78 77 78 73
71 22 77 22 77 27 71 27 71 22
44 84 49 84 49 90 44 90 44 84
92 86 94 86 94 88 92 88 92 86
81 69 83 69 83 73 81 73 81 69
9 43 11 43 11 47 9 47 9 43
82 94 87 94 87 96 82 96 82 94
67 65 69 65 69 70 67 70 67 65
66 51 69 51 69 54 66 54 66 51
11 91 17 91 17 97 11 97 11 91
61 45 66 45 66 47 61 47 61 45
44 4 46 4 46 7 44 7 44 4
70 95 73 95 73 98 70 98 70 95
64 3 68 3 68 7 64 7 64 3
28 22 32 22 32 25 28 25 28 22
55 38 59 38 59 42 55 42 55 38
88 36 91 36 91 38 88 38 88 36
41 48 43 48 43 52 41 52 41 48
39 24 41 24 41 26 39 26 39 24
54 3 60 3 60 9 54 9 54 3
81 63 86 63 86 66 81 66 81 63
58 90 61 90 61 93 58 93 58 90
58 18 63 18 63 20 58 20 58 18
60 25 62 25 62 28 60 28 60 25
38 31 44 31 44 36 38 36 38 31
2 46 4 46 4 49 2 49 2 46
69 6 73 6 73 12 69 12 69 6
19 25 21 25 21 29 19 29 19 25
2 80 5 80 5 84 2 84 2 80
50 31 53 31 53 33 50 33 50 31
36 75 40 75 40 78 36 78 36 75
82 50 85 50 85 53 82 53 82 50
10 87 14 87 14 90 10 90 10 87
71 35 74 35 74 39 71 39 71 35
21 14 25 14 25 18 21 18 21 14
87 83 90 83 90 88 87 88 87 83
57 13 59 13 59 16 57 16 57 13
5 49 10 49 10 54 5 54 5 49
27 38 29 38 29 40 27 40 27 38
21 77 26 77 26 81 21 81 21 77
47 4 50 4 50 6 47 6 47 4
61 39 67 39 67 43 61 43 61 39
41 57 43 57 43 60 41 60 41 57
82 79 86 79 86 83 82 83 82 79
52 16 56 16 56 19 52 19 52 16
21 40 23 40 23 44 21 44 21 40
