53 28 56 28 56 32 53 32 53 28
64 34 68 34 68 39 64 39 64 34
80 43 85 43 85 46 80 46 80 43
57 44 63 44 63 49 57 49 57 44
26 81 32 81 32 87 26 87 26 81
60 51 64 51 64 54 60 54 60 51
58 85 62 85 62 91 58 91 58 85
86 37 90 37 90 42 86 42 86 37
72 48 76 48 76 50 72 50 72 48
92 38 96 38 96 41 92 41 92 38
82 88 84 88 84 91 82 91 82 88
70 12 73 12 73 14 70 14 70 12
17 68 19 68 19 73 17 73 17 68
25 55 27 55 27 60 25 60 25 55
92 46 97 46 97 51 92 51 92 46
8 45 14 45 14 48 8 48 8 45
34 69 36 69 36 71 34 71 34 69
33 5 37 5 37 10 33 10 33 5
85 74 90 74 90 78 85 78 85 74
43 75 47 75 47 80 43 80 43 75
21 4 25 4 25 8 21 8 21 4
44 94 49 94 49 96 44 96 44 94
36 84 39 84 39 86 36 86 36 84
58 66 60 66 60 68 58 68 58 66
42 68 47 68 47 72 42 72 42 68
72 3 77 3 77 8 72 8 72 3
74 93 80 93 80 97 74 97 74 93
90 18 93 18 93 20 90 20 90 18
2 15 7 15 7 19 2 19 2 15
82 49 85 49 85 54 82 54 82 49
18 17 24 17 24 23 18 23 18 17
15 6 19 6 19 9 15 9 15 6
42 9 44 9 44 12 42 12 42 9
3 76 9 76 9 78 3 78 3 76
30 69 32 69 32 73 30 73 30 69
39 25 43 25 43 28 39 28 39 25
31 65 33 65 33 67 31 67 31 65
4 56 8 56 8 61 4 61 4 56
66 5 71 5 71 10 66 10 66 5
86 84 88 84 88 89 86 89 86 84
86 24 89 24 89 27 86 27 86 24
84 80 90 80 90 82 84 82 84 80
40 45 44 45 44 47 40 47 40 45
61 62 67 62 67 66 61 66 61 62
11 67 13 67 13 71 11 71 11 67
21 51 23 51 23 56 21 56 21 51
59 55 61 55 61 58 59 58 59 55
94 33 96 33 96 37 94 37 94 33
54 51 56 51 56 56 54 56 54 51
6 82 8 82 8 84 6 84 6 82
71 17 76 17 76 22 71 22 71 17
50 14 54 14 54 19 50 19 50 14
19 91 24 91 24 96 19 96 19 91
75 10 78 10 78 12 75 12 75 10
45 56 49 56 49 61 45 61 45 56
28 47 34 47 34 51 28 51 28 47
65 13 67 13 67 18 65 18 65 13
28 39 32 39 32 44 28 44 28 39
40 33 42 33 42 39 40 39 40 33
43 83 45 83 45 87 43 87 43 83
46 88 52 88 52 93 46 93 46 88
45 48 50 48 50 52 45 52 45 48
5 39 8 39 8 44 5 44 5 39
86 7 89 7 89 10 86 10 86 7
40 2 46 2 46 6 40 6 40 2
77 61 80 61 80 64 77 64 77 61
61 70 66 70 66 75 61 75 61 70
68 65 73 65 73 68 68 68 68 65
4 64 10 64 10 66 4 66 4 64
49 3 53 3 53 8 49 8 49 3
36 91 41 91 41 95 36 95 36 91
89 54 95 54 95 60 89 60 89 54
75 25 80 25 80 30 75 30 75 25
22 62 28 62 28 66 22 66 22 62
27 25 31 25 31 27 27 27 27 25
66 23 69 23 69 27 66 27 66 23
82 26 84 26 84 28 82 28 82 26
8 86 13 86 13 88 8 88 8 86
10 54 12 54 12 56 10 56 10 54
67 20 69 20 69 22 67 22 67 20
11 57 16 57 16 62 11 62 11 57
68 49 71 49 71 54 68 54 68 49
23 44 26 44 26 48 23 48 23 44
10 39 15 39 15 43 10 43 10 39
51 58 57 58 57 60 51 60 51 58
81 38 85 38 85 41 81 41 81 38
88 91 92 91 92 97 88 97 88 91
28 21 32 21 32 24 28 24 28 21
17 38 23 38 23 41 17 41 17 38
91 4 93 4 93 9 91 9 91 4
3 88 6 88 6 92 3 92 3 88
79 7 82 7 82 9 79 9 79 7
13 34 15 34 15 37 13 37 13 34
47 34 53 34 53 36 47 36 47 34
95 11 97 11 97 14 95 14 95 11
78 48 80 48 80 54 78 54 78 48
70 81 76 81 76 87 70 87 70 81
59 32 61 32 61 35 59 35 59 32
66 40 71 40 71 46 66 46 66 40
26 91 29 91 29 94 26 94 26 91
