93 52 96 52 96 54 93 54 93 52
24 89 30 89 30 93 24 93 24 89
90 81 95 81 95 85 90 85 90 81
47 69 52 69 52 74 47 74 47 69
19 59 24 59 24 65 19 65 19 59
70 30 75 30 75 35 70 35 70 30
83 87 85 87 85 93 83 93 83 87
76 33 81 33 81 39 76 39 76 33
15 44 20 44 20 48 15 48 15 44
13 10 16 10 16 13 13 13 13 10
70 19 75 19 75 21 70 21 70 19
49 86 55 86 55 88 49 88 49 86
85 71 89 71 89 76 85 76 85 71
38 12 40 12 40 18 38 18 38 12
45 89 50 89 50 95 45 95 45 89
33 24 37 24 37 27 33 27 33 24
35 51 37 51 37 57 35 57 35 51
70 81 73 81 73 86 70 86 70 81
53 90 57 90 57 92 53 92 53 90
41 32 47 32 47 36 41 36 41 32
22 78 26 78 26 82 22 82 22 78
3 73 6 73 6 75 3 75 3 73
24 84 30 84 30 88 24 88 24 84
65 17 68 17 68 19 65 19 65 17
16 14 18 14 18 18 16 18 16 14
88 62 90 62 90 66 88 66 88 62
46 2 48 2 48 4 46 4 46 2
20 23 22 23 22 27 20 27 20 23
52 33 57 33 57 38 52 38 52 33
32 80 37 80 37 83 32 83 32 80
28 76 30 76 30 79 28 79 28 76
16 71 18 71 18 75 16 75 16 71
34 9 40 9 40 11 34 11 34 9
12 25 15 25 15 31 12 31 12 25
48 39 50 39 50 43 48 43 48 39
72 24 74 24 74 29 72 29 72 24
5 8 8 8 8 13 5 13 5 8
85 4 91 4 91 8 85 8 85 4
6 56 9 56 9 59 6 59 6 56
90 45 92 45 92 49 90 49 90 45
74 86 78 86 78 89 74 89 74 86
11 94 13 94 13 98 11 98 11 94
3 20 9 20 9 24 3 24 3 20
52 17 58 17 58 21 52 21 52 17
11 39 14 39 14 43 11 43 11 39
17 92 21 92 21 95 17 95 17 92
88 12 92 12 92 17 88 17 88 12
29 32 32 32 32 35 29 35 29 32
50 7 55 7 55 11 50 11 50 7
32 64 36 64 36 69 32 69 32 64
9 9 12 9 12 14 9 14 9 9
79 55 85 55 85 60 79 60 79 55
94 86 97 86 97 90 94 90 94 86
24 40 27 40 27 46 24 46 24 40
64 33 69 33 69 37 64 37 64 33
84 64 87 64 87 70 84 70 84 64
76 67 78 67 78 73 76 73 76 67
7 79 11 79 11 82 7 82 7 79
45 96 47 96 47 98 45 98 45 96
29 51 31 51 31 57 29 57 29 51
26 2 30 2 30 7 26 7 26 2
88 27 93 27 93 29 88 29 88 27
25 28 27 28 27 31 25 31 25 28
91 33 97 33 97 38 91 38 91 33
13 3 17 3 17 7 13 7 13 3
17 53 21 53 21 56 17 56 17 53
36 35 39 35 39 40 36 40 36 35
60 18 64 18 64 24 60 24 60 18
72 7 77 7 77 10 72 10 72 7
73 90 79 90 79 92 73 92 73 90
43 49 48 49 48 53 43 53 43 49
77 47 81 47 81 52 77 52 77 47
78 23 81 23 81 25 78 25 78 23
64 53 66 53 66 56 64 56 64 53
91 20 94 20 94 24 91 24 91 20
29 39 31 39 31 42 29 42 29 39
43 10 46 10 46 16 43 16 43 10
52 75 56 75 56 81 52 81 52 75
67 70 72 70 72 76 67 76 67 70
60 69 62 69 62 72 60 72 60 69
80 17 84 17 84 20 80 20 80 17
63 87 66 87 66 93 63 93 63 87
8 32 11 32 11 38 8 38 8 32
9 62 11 62 11 65 9 65 9 62
64 77 68 77 68 82 64 82 64 77
70 15 75 15 75 17 70 17 70 15
88 55 92 55 92 59 88 59 88 55
58 83 61 83 61 86 58 86 58 83
51 55 54 55 54 57 51 57 51 55
77 80 82 80 82 82 77 82 77 80
93 13 98 13 98 16 93 16 93 13
58 33 62 33 62 38 58 38 58 33
46 81 48 81 48 84 46 84 46 81
79 83 81 83 81 89 79 89 79 83
56 59 59 59 59 65 56 65 56 59
31 84 37 84 37 86 31 86 31 84
40 37 42 37 42 43 40 43 40 37
70 37 72 37 72 43 70 43 70 37
3 88 8 88 8 90 3 90 3 88
64 2 67 2 67 8 64 8 64 2
