59 57 63 57 63 62 59 62 59 57
73 69 78 69 78 71 73 71 73 69
36 15 41 15 41 17 36 17 36 15
4 37 6 37 6 39 4 39 4 37
37 52 39 52 39 55 37 55 37 52
45 25 47 25 47 27 45 27 45 25
22 80 28 80 28 82 22 82 22 80
38 72 40 72 40 75 38 75 38 72
69 41 73 41 73 46 69 46 69 41
11 85 15 85 15 87 11 87 11 85
59 23 65 23 65 26 59 26 59 23
76 51 79 51 79 57 76 57 76 51
77 4 79 4 79 8 77 8 77 4
84 50 87 50 87 56 84 56 84 50
22 14 28 14 28 17 22 17 22 14
56 9 61 9 61 12 56 12 56 9
70 29 73 29 73 31 70 31 70 29
53 26 56 26 56 29 53 29 53 26
78 26 82 26 82 30 78 30 78 26
30 91 32 91 32 95 30 95 30 91
41 38 46 38 46 41 41 41 41 38
52 72 54 72 54 76 52 76 52 72
81 92 86 92 86 97 81 97 81 92
40 91 42 91 42 96 40 96 40 91
21 74 26 74 26 78 21 78 21 74
47 90 53 90 53 94 47 94 47 90
29 81 35 81 35 85 29 85 29 81
3 67 7 67 7 69 3 69 3 67
59 85 65 85 65 89 59 89 59 85
69 61 74 61 74 65 69 65 69 61
19 8 24 8 24 13 19 13 19 8
19 67 22 67 22 69 19 69 19 67
35 20 41 20 41 25 35 25 35 20
5 23 10 23 10 28 5 28 5 23
22 32 28 32 28 35 22 35 22 32
93 66 95 66 95 70 93 70 93 66
41 54 43 54 43 59 41 59 41 54
92 29 94 29 94 31 92 31 92 29
37 77 41 77 41 83 37 83 37 77
14 48 16 48 16 53 14 53 14 48
82 11 87 11 87 17 82 17 82 11
6 89 10 89 10 95 6 95 6 89
83 67 89 67 89 70 83 70 83 67
13 2 15 2 15 4 13 4 13 2
64 41 68 41 68 43 64 43 64 41
70 8 75 8 75 14 70 14 70 8
38 60 42 60 42 65 38 65 38 60
90 82 92 82 92 84 90 84 90 82
84 23 88 23 88 25 84 25 84 23
65 20 68 20 68 22 65 22 65 20
14 63 16 63 16 65 14 65 14 63
45 10 48 10 48 12 45 12 45 10
45 84 50 84 50 87 45 87 45 84
29 66 34 66 34 72 29 72 29 66
89 56 94 56 94 59 89 59 89 56
22 3 26 3 26 7 22 7 22 3
70 49 74 49 74 52 70 52 70 49
53 32 59 32 59 36 53 36 53 32
53 2 55 2 55 4 53 4 53 2
44 4 49 4 49 9 44 9 44 4
8 16 13 16 13 18 8 18 8 16
78 83 84 83 84 85 78 85 78 83
51 58 56 58 56 64 51 64 51 58
63 8 65 8 65 13 63 13 63 8
10 78 12 78 12 81 10 81 10 78
2 79 4 79 4 84 2 84 2 79
42 14 45 14 45 20 42 20 42 14
45 96 47 96 47 98 45 98 45 96
72 54 75 54 75 57 72 57 72 54
51 51 55 51 55 55 51 55 51 51
30 28 33 28 33 33 30 33 30 28
25 52 30 52 30 58 25 58 25 52
67 73 72 73 72 79 67 79 67 73
60 5 62 5 62 7 60 7 60 5
2 31 4 31 4 33 2 33 2 31
25 39 31 39 31 42 25 42 25 39
16 57 22 57 22 59 16 59 16 57
95 10 98 10 98 12 95 12 95 10
50 39 54 39 54 41 50 41 50 39
53 15 58 15 58 17 53 17 53 15
72 18 74 18 74 22 72 22 72 18
66 91 71 91 71 94 66 94 66 91
61 75 64 75 64 77 61 77 61 75
79 73 84 73 84 77 79 77 79 73
65 53 68 53 68 58 65 58 65 53
88 3 92 3 92 6 88 6 88 3
19 50 23 50 23 56 19 56 19 50
60 66 64 66 64 70 60 70 60 66
21 25 27 25 27 28 21 28 21 25
66 3 68 3 68 5 66 5 66 3
18 20 20 20 20 23 18 23 18 20
50 81 55 81 55 83 50 83 50 81
91 20 96 20 96 26 91 26 91 20
5 53 9 53 9 55 5 55 5 53
43 70 45 70 45 72 43 72 43 70
49 13 52 13 52 19 49 19 49 13
6 60 10 60 10 64 6 64 6 60
79 41 82 41 82 44 79 44 79 41
13 76 17 76 17 80 13 80 13 76
32 57 36 57 36 63 32 63 32 57
