51 34 55 34 55 36 51 36 51 34
82 3 87 3 87 9 82 9 82 3
17 40 19 40 19 42 17 42 17 40
94 46 98 46 98 49 94 49 94 46
46 47 49 47 49 52 46 52 46 47
12 21 18 21 18 24 12 24 12 21
24 11 30 11 30 15 24 15 24 11
5 54 9 54 9 60 5 60 5 54
41 54 44 54 44 57 41 57 41 54
15 52 18 52 18 57 15 57 15 52
73 5 79 5 79 8 73 8 73 5
16 80 19 80 19 86 16 86 16 80
88 38 91 38 91 40 88 40 88 38
92 53 98 53 98 58 92 58 92 53
21 46 24 46 24 50 21 50 21 46
17 89 20 89 20 94 17 94 17 89
70 68 72 68 72 72 70 72 70 68
62 35 66 35 66 38 62 38 62 35
22 23 24 23 24 27 22 27 22 23
62 73 66 73 66 77 62 77 62 73
56 89 60 89 60 95 56 95 56 89
2 50 4 50 4 53 2 53 2 50
70 10 73 10 73 12 70 12 70 10
68 44 71 44 71 50 68 50 68 44
32 34 38 34 38 40 32 40 32 34
24 80 27 80 27 84 24 84 24 80
31 73 36 73 36 77 31 77 31 73
43 68 45 68 45 71 43 71 43 68
13 7 16 7 16 11 13 11 13 7
30 27 35 27 35 32 30 32 30 27
51 96 57 96 57 98 51 98 51 96
70 58 74 58 74 62 70 62 70 58
36 69 41 69 41 72 36 72 36 69
61 60 64 60 64 64 61 64 61 60
31 5 37 5 37 7 31 7 31 5
2 21 7 21 7 26 2 26 2 21
80 21 83 21 83 23 80 23 80 21
58 9 64 9 64 11 58 11 58 9
78 34 80 34 80 39 78 39 78 34
86 66 90 66 90 71 86 71 86 66
12 91 16 91 16 97 12 97 12 91
75 42 80 42 80 48 75 48 75 42
8 64 10 64 10 66 8 66 8 64
91 8 93 8 93 12 91 12 91 8
28 45 30 45 30 50 28 50 28 45
24 73 29 73 29 78 24 78 24 73
49 37 53 37 53 40 49 40 49 37
46 82 50 82 50 86 46 86 46 82
69 23 75 23 75 27 69 27 69 23
68 17 72 17 72 19 68 19 68 17
47 58 52 58 52 63 47 63 47 58
32 53 36 53 36 56 32 56 32 53
4 37 8 37 8 40 4 40 4 37
73 14 75 14 75 19 73 19 73 14
40 23 45 23 45 27 40 27 40 23
89 49 93 49 93 51 89 51 89 49
45 3 50 3 50 9 45 9 45 3
21 34 23 34 23 36 21 36 21 34
84 13 89 13 89 17 84 17 84 13
34 10 40 10 40 16 34 16 34 10
62 56 64 56 64 59 62 59 62 56
56 19 60 19 60 22 56 22 56 19
65 81 71 81 71 86 65 86 65 81
48 18 50 18 50 23 48 23 48 18
44 10 48 10 48 14 44 14 44 10
83 24 86 24 86 29 83 29 83 24
45 72 51 72 51 74 45 74 45 72
55 73 61 73 61 75 55 75 55 73
76 82 80 82 80 86 76 86 76 82
7 13 11 13 11 19 7 19 7 13
84 48 87 48 87 54 84 54 84 48
21 6 26 6 26 9 21 9 21 6
79 25 82 25 82 30 79 30 79 25
11 42 13 42 13 44 11 44 11 42
74 90 76 90 76 92 74 92 74 90
28 94 30 94 30 96 28 96 28 94
11 66 17 66 17 70 11 70 11 66
92 13 94 13 94 15 92 15 92 13
56 31 59 31 59 33 56 33 56 31
79 62 83 62 83 68 79 68 79 62
93 80 96 80 96 86 93 86 93 80
2 42 8 42 8 48 2 48 2 42
89 18 92 18 92 20 89 20 89 18
42 35 44 35 44 40 42 40 42 35
38 46 44 46 44 49 38 49 38 46
29 56 31 56 31 62 29 62 29 56
75 93 77 93 77 97 75 97 75 93
44 95 50 95 50 98 44 98 44 95
88 89 94 89 94 95 88 95 88 89
27 35 30 35 30 38 27 38 27 35
92 32 94 32 94 37 92 37 92 32
41 82 45 82 45 85 41 85 41 82
25 20 31 20 31 23 25 23 25 20
47 26 50 26 50 31 47 31 47 26
70 39 74 39 74 41 70 41 70 39
35 59 40 59 40 61 35 61 35 59
86 76 92 76 92 78 86 78 86 76
76 75 78 75 78 79 76 79 76 75
27 67 29 67 29 70 27 70 27 67
13 14 19 14 19 19 13 19 13 14
