85 3 87 3 87 5 85 5 85 3
52 48 57 48 57 53 52 53 52 48
5 38 11 38 11 44 5 44 5 38
92 51 96 51 96 53 92 53 92 51
53 84 55 84 55 86 53 86 53 84
55 5 61 5 61 9 55 9 55 5
49 66 52 66 52 71 49 71 49 66
70 72 73 72 73 76 70 76 70 72
20 15 23 15 23 21 20 21 20 15
35 25 41 25 41 27 35 27 35 25
9 12 14 12 14 18 9 18 9 12
18 51 20 51 20 55 18 55 18 51
25 42 30 42 30 46 25 46 25 42
86 56 88 56 88 58 86 58 86 56
72 94 75 94 75 97 72 97 72 94
79 42 81 42 81 47 79 47 79 42
67 79 72 79 72 81 67 81 67 79
92 3 94 3 94 7 92 7 92 3
40 75 44 75 44 79 40 79 40 75
89 65 94 65 94 68 89 68 89 65
21 30 27 30 27 36 21 36 21 30
25 18 27 18 27 21 25 21 25 18
60 95 63 95 63 97 60 97 60 95
74 22 79 22 79 24 74 24 74 22
44 4 50 4 50 9 44 9 44 4
80 17 85 17 85 20 80 20 80 17
82 63 84 63 84 67 82 67 82 63
94 31 96 31 96 37 94 37 94 31
49 19 51 19 51 22 49 22 49 19
15 42 21 42 21 45 15 45 15 42
64 42 70 42 70 46 64 46 64 42
88 33 91 33 91 38 88 38 88 33
38 33 40 33 40 35 38 35 38 33
17 36 19 36 19 39 17 39 17 36
68 35 70 35 70 38 68 38 68 35
55 54 60 54 60 57 55 57 55 54
50 24 56 24 56 27 50 27 50 24
34 78 36 78 36 81 34 81 34 78
13 61 18 61 18 64 13 64 13 61
16 47 18 47 18 50 16 50 16 47
60 59 66 59 66 61 60 61 60 59
37 44 41 44 41 50 37 50 37 44
5 17 8 17 8 20 5 20 5 17
60 10 65 10 65 16 60 16 60 10
38 15 44 15 44 19 38 19 38 15
61 19 64 19 64 23 61 23 61 19
79 65 81 65 81 67 79 67 79 65
32 89 38 89 38 92 32 92 32 89
50 72 52 72 52 77 50 77 50 72
83 74 86 74 86 80 83 80 83 74
28 14 34 14 34 16 28 16 28 14
34 60 36 60 36 62 34 62 34 60
89 88 93 88 93 93 89 93 89 88
93 79 96 79 96 85 93 85 93 79
29 72 34 72 34 74 29 74 29 72
72 52 77 52 77 56 72 56 72 52
92 11 97 11 97 14 92 14 92 11
46 53 51 53 51 58 46 58 46 53
25 75 31 75 31 79 25 79 25 75
26 63 28 63 28 68 26 68 26 63
17 15 19 15 19 17 17 17 17 15
26 85 30 85 30 89 26 89 26 85
45 74 48 74 48 76 45 76 45 74
5 95 9 95 9 98 5 98 5 95
79 36 82 36 82 39 79 39 79 36
68 18 73 18 73 21 68 21 68 18
74 80 78 80 78 85 74 85 74 80
77 72 81 72 81 77 77 77 77 72
48 35 53 35 53 41 48 41 48 35
72 64 77 64 77 70 72 70 72 64
92 38 98 38 98 43 92 43 92 38
3 49 9 49 9 52 3 52 3 49
86 23 88 23 88 28 86 28 86 23
47 14 50 14 50 18 47 18 47 14
7 4 13 4 13 7 7 7 7 4
71 44 73 44 73 46 71 46 71 44
81 90 85 90 85 95 81 95 81 90
54 21 58 21 58 23 54 23 54 21
81 22 85 22 85 24 81 24 81 22
67 28 70 28 70 33 67 33 67 28
19 7 24 7 24 10 19 10 19 7
29 36 34 36 34 38 29 38 29 36
14 31 20 31 20 33 14 33 14 31
63 53 67 53 67 57 63 57 63 53
16 82 20 82 20 88 16 88 16 82
71 87 76 87 76 91 71 91 71 87
11 74 13 74 13 77 11 77 11 74
90 19 96 19 96 22 90 22 90 19
30 6 33 6 33 8 30 8 30 6
53 12 58 12 58 16 53 16 53 12
8 70 14 70 14 72 8 72 8 70
4 65 7 65 7 69 4 69 4 65
13 90 17 90 17 92 13 92 13 90
68 4 71 4 71 6 68 6 68 4
87 94 89 94 89 97 87 97 87 94
84 45 88 45 88 49 84 49 84 45
58 70 60 70 60 73 58 73 58 70
32 82 37 82 37 86 32 86 32 82
90 44 96 44 96 50 90 50 90 44
62 83 64 83 64 86 62 86 62 83
