74 20 80 20 80 22 74 22 74 20
95 26 98 26 98 28 95 28 95 26
65 14 68 14 68 20 65 20 65 14
26 17 30 17 30 20 26 20 26 17
61 8 66 8 66 10 61 10 61 8
12 28 18 28 18 32 12 32 12 28
36 55 39 55 39 59 36 59 36 55
82 63 86 63 86 68 82 68 82 63
78 50 80 50 80 56 78 56 78 50
67 21 70 21 70 26 67 26 67 21
30 69 36 69 36 75 30 75 30 69
42 72 45 72 45 77 42 77 42 72
89 20 92 20 92 25 89 25 89 20
76 23 80 23 80 27 76 27 76 23
69 90 72 90 72 95 69 95 69 90
73 65 75 65 75 69 73 69 73 65
37 25 40 25 40 28 37 28 37 25
46 17 49 17 49 21 46 21 46 17
40 10 43 10 43 16 40 16 40 10
29 88 35 88 35 94 29 94 29 88
92 2 98 2 98 5 92 5 92 2
61 66 64 66 64 71 61 71 61 66
31 10 36 10 36 14 31 14 31 10
10 48 14 48 14 50 10 50 10 48
59 86 65 86 65 91 59 91 59 86
74 71 78 71 78 77 74 77 74 71
33 23 36 23 36 27 33 27 33 23
40 78 45 78 45 81 40 81 40 78
88 75 91 75 91 79 88 79 88 75
67 36 72 36 72 38 67 38 67 36
85 11 89 11 89 14 85 14 85 11
44 68 49 68 49 71 44 71 44 68
43 55 49 55 49 59 43 59 43 55
33 80 36 80 36 84 33 84 33 80
34 52 37 52 37 54 34 54 34 52
63 29 68 29 68 34 63 34 63 29
18 59 23 59 23 62 18 62 18 59
28 62 33 62 33 65 28 65 28 62
17 90 21 90 21 94 17 94 17 90
70 13 73 13 73 18 70 18 70 13
11 18 15 18 15 22 11 22 11 18
70 49 73 49 73 54 70 54 70 49
79 31 81 31 81 37 79 37 79 31
29 29 33 29 33 32 29 32 29 29
89 54 91 54 91 56 89 56 89 54
17 43 20 43 20 49 17 49 17 43
61 59 66 59 66 62 61 62 61 59
77 79 81 79 81 81 77 81 77 79
18 78 22 78 22 81 18 81 18 78
7 53 13 53 13 59 7 59 7 53
8 7 11 7 11 9 8 9 8 7
51 4 57 4 57 9 51 9 51 4
51 48 53 48 53 54 51 54 51 48
93 15 95 15 95 18 93 18 93 15
93 61 95 61 95 66 93 66 93 61
16 11 21 11 21 13 16 13 16 11
11 67 13 67 13 71 11 71 11 67
73 85 78 85 78 89 73 89 73 85
40 39 44 39 44 45 40 45 40 39
6 29 9 29 9 34 6 34 6 29
40 82 42 82 42 88 40 88 40 82
41 20 43 20 43 26 41 26 41 20
5 36 7 36 7 42 5 42 5 36
18 39 22 39 22 42 18 42 18 39
89 26 92 26 92 32 89 32 89 26
47 76 51 76 51 80 47 80 47 76
80 44 86 44 86 48 80 48 80 44
83 78 85 78 85 82 83 82 83 78
66 76 69 76 69 81 66 81 66 76
17 2 19 2 19 8 17 8 17 2
19 83 24 83 24 89 19 89 19 83
52 79 56 79 56 84 52 84 52 79
18 22 21 22 21 25 18 25 18 22
25 6 29 6 29 10 25 10 25 6
89 42 93 42 93 44 89 44 89 42
53 59 56 59 56 64 53 64 53 59
47 22 49 22 49 25 47 25 47 22
2 45 6 45 6 47 2 47 2 45
58 3 61 3 61 7 58 7 58 3
12 87 16 87 16 89 12 89 12 87
66 73 71 73 71 75 66 75 66 73
22 71 28 71 28 73 22 73 22 71
53 39 58 39 58 45 53 45 53 39
51 68 54 68 54 71 51 71 51 68
76 64 79 64 79 68 76 68 76 64
85 92 88 92 88 96 85 96 85 92
50 19 52 19 52 24 50 24 50 19
88 4 90 4 90 7 88 7 88 4
88 33 90 33 90 37 88 37 88 33
50 28 55 28 55 33 50 33 50 28
80 5 85 5 85 7 80 7 80 5
52 87 56 87 56 93 52 93 52 87
69 40 74 40 74 42 69 42 69 40
24 45 26 45 26 48 24 48 24 45
93 31 97 31 97 35 93 35 93 31
27 51 30 51 30 54 27 54 27 51
14 63 20 63 20 69 14 69 14 63
60 48 62 48 62 51 60 51 60 48
21 67 26 67 26 70 21 70 21 67
9 89 11 89 11 91 9 91 9 89
