42 10 48 10 48 14 42 14 42 10
25 34 27 34 27 36 25 36 25 34
71 36 73 36 73 40 71 40 71 36
23 87 25 87 25 90 23 90 23 87
45 31 47 31 47 37 45 37 45 31
84 80 86 80 86 82 84 82 84 80
62 87 68 87 68 89 62 89 62 87
7 79 10 79 10 81 7 81 7 79
14 26 20 26 20 29 14 29 14 26
70 18 72 18 72 24 70 24 70 18
49 83 52 83 52 86 49 86 49 83
64 46 67 46 67 50 64 50 64 46
33 46 35 46 35 49 33 49 33 46
43 56 47 56 47 60 43 60 43 56
36 64 40 64 40 70 36 70 36 64
90 17 94 17 94 20 90 20 90 17
52 41 54 41 54 47 52 47 52 41
25 21 31 21 31 24 25 24 25 21
67 80 69 80 69 82 67 82 67 80
27 37 32 37 32 39 27 39 27 37
94 65 97 65 97 68 94 68 94 65
29 3 32 3 32 9 29 9 29 3
21 19 24 19 24 24 21 24 21 19
53 15 55 15 55 21 53 21 53 15
56 77 62 77 62 79 56 79 56 77
26 85 29 85 29 88 26 88 26 85
89 81 93 81 93 83 89 83 89 81
58 22 62 22 62 25 58 25 58 22
89 87 91 87 91 91 89 91 89 87
73 68 76 68 76 71 73 71 73 68
13 89 18 89 18 91 13 91 13 89
77 21 82 21 82 27 77 27 77 21
2 2 7 2 7 4 2 4 2 2
25 43 31 43 31 45 25 45 25 43
43 38 46 38 46 44 43 44 43 38
26 29 32 29 32 33 26 33 26 29
24 68 27 68 27 73 24 73 24 68
71 88 77 88 77 94 71 94 71 88
41 72 46 72 46 74 41 74 41 72
42 89 44 89 44 91 42 91 42 89
15 82 19 82 19 84 15 84 15 82
65 26 68 26 68 29 65 29 65 26
15 22 19 22 19 25 15 25 15 22
90 2 92 2 92 6 90 6 90 2
85 67 90 67 90 71 85 71 85 67
64 3 67 3 67 9 64 9 64 3
21 15 23 15 23 18 21 18 21 15
47 67 50 67 50 69 47 69 47 67
69 2 74 2 74 7 69 7 69 2
5 17 11 17 11 22 5 22 5 17
84 17 88 17 88 22 84 22 84 17
20 40 24 40 24 45 20 45 20 40
57 45 63 45 63 51 57 51 57 45
45 88 50 88 50 93 45 93 45 88
60 90 63 90 63 96 60 96 60 90
92 55 98 55 98 61 92 61 92 55
73 56 77 56 77 62 73 62 73 56
74 48 80 48 80 50 74 50 74 48
14 72 16 72 16 78 14 78 14 72
28 78 30 78 30 80 28 80 28 78
34 92 36 92 36 96 34 96 34 92
41 66 44 66 44 68 41 68 41 66
24 4 27 4 27 8 24 8 24 4
47 2 53 2 53 8 47 8 47 2
42 96 45 96 45 98 42 98 42 96
17 67 21 67 21 71 17 71 17 67
71 8 73 8 73 13 71 13 71 8
13 95 18 95 18 97 13 97 13 95
50 31 52 31 52 37 50 37 50 31
15 55 21 55 21 60 15 60 15 55
64 39 69 39 69 41 64 41 64 39
68 45 71 45 71 51 68 51 68 45
71 77 75 77 75 81 71 81 71 77
50 63 52 63 52 66 50 66 50 63
27 62 33 62 33 66 27 66 27 62
52 56 54 56 54 61 52 61 52 56
59 71 64 71 64 73 59 73 59 71
47 73 52 73 52 75 47 75 47 73
25 51 29 51 29 57 25 57 25 51
14 32 19 32 19 36 14 36 14 32
88 11 92 11 92 16 88 16 88 11
6 85 9 85 9 89 6 89 6 85
81 93 85 93 85 96 81 96 81 93
12 69 15 69 15 71 12 71 12 69
63 61 68 61 68 64 63 64 63 61
47 95 50 95 50 97 47 97 47 95
88 30 92 30 92 35 88 35 88 30
52 77 55 77 55 79 52 79 52 77
55 82 61 82 61 86 55 86 55 82
77 7 83 7 83 12 77 12 77 7
7 24 12 24 12 30 7 30 7 24
33 21 38 21 38 25 33 25 33 21
80 44 86 44 86 46 80 46 80 44
18 16 20 16 20 21 18 21 18 16
33 13 35 13 35 18 33 18 33 13
32 87 34 87 34 89 32 89 32 87
74 16 78 16 78 18 74 18 74 16
18 8 22 8 22 12 18 12 18 8
65 73 69 73 69 79 65 79 65 73
40 16 44 16 44 22 40 22 40 16
