36 35 40 35 40 37 36 37 36 35
9 68 11 68 11 74 9 74 9 68
61 2 66 2 66 8 61 8 61 2
32 70 36 70 36 73 32 73 32 70
6 33 8 33 8 39 6 39 6 33
20 23 26 23 26 26 20 26 20 23
37 23 42 23 42 28 37 28 37 23
58 91 63 91 63 93 58 93 58 91
59 11 62 11 62 17 59 17 59 11
13 79 17 79 17 85 13 85 13 79
49 30 53 30 53 36 49 36 49 30
64 89 70 89 70 94 64 94 64 89
12 4 16 4 16 9 12 9 12 4
76 94 78 94 78 96 76 96 76 94
18 90 23 90 23 96 18 96 18 90
81 7 85 7 85 11 81 11 81 7
5 53 9 53 9 58 5 58 5 53
83 77 87 77 87 79 83 79 83 77
66 78 71 78 71 81 66 81 66 78
27 61 29 61 29 67 27 67 27 61
69 39 75 39 75 43 69 43 69 39
65 12 70 12 70 15 65 15 65 12
78 36 82 36 82 42 78 42 78 36
15 29 21 29 21 32 15 32 15 29
35 46 38 46 38 50 35 50 35 46
83 32 85 32 85 36 83 36 83 32
88 71 92 71 92 75 88 75 88 71
75 51 79 51 79 57 75 57 75 51
68 60 72 60 72 66 68 66 68 60
54 5 57 5 57 9 54 9 54 5
80 66 84 66 84 72 80 72 80 66
18 85 20 85 20 87 18 87 18 85
30 10 36 10 36 15 30 15 30 10
11 14 13 14 13 18 11 18 11 14
11 39 17 39 17 45 11 45 11 39
6 78 9 78 9 82 6 82 6 78
63 57 67 57 67 60 63 60 63 57
49 16 52 16 52 22 49 22 49 16
62 39 67 39 67 41 62 41 62 39
37 5 41 5 41 9 37 9 37 5
37 42 43 42 43 44 37 44 37 42
62 95 65 95 65 98 62 98 62 95
5 86 11 86 11 88 5 88 5 86
78 29 80 29 80 33 78 33 78 29
72 76 75 76 75 78 72 78 72 76
91 12 95 12 95 17 91 17 91 12
32 64 37 64 37 67 32 67 32 64
47 41 50 41 50 45 47 45 47 41
3 18 9 18 9 21 3 21 3 18
2 27 5 27 5 33 2 33 2 27
91 4 95 4 95 10 91 10 91 4
65 26 67 26 67 29 65 29 65 26
67 84 73 84 73 88 67 88 67 84
21 36 25 36 25 39 21 39 21 36
38 84 42 84 42 90 38 90 38 84
12 71 14 71 14 76 12 76 12 71
6 43 10 43 10 47 6 47 6 43
46 61 51 61 51 67 46 67 46 61
5 11 7 11 7 16 5 16 5 11
83 53 87 53 87 56 83 56 83 53
26 81 29 81 29 83 26 83 26 81
51 46 55 46 55 52 51 52 51 46
90 40 93 40 93 42 90 42 90 40
2 85 4 85 4 87 2 87 2 85
6 26 8 26 8 29 6 29 6 26
38 13 41 13 41 16 38 16 38 13
57 48 62 48 62 54 57 54 57 48
33 89 36 89 36 94 33 94 33 89
44 87 50 87 50 92 44 92 44 87
14 20 19 20 19 22 14 22 14 20
89 93 95 93 95 97 89 97 89 93
74 24 76 24 76 29 74 29 74 24
85 46 88 46 88 51 85 51 85 46
58 64 64 64 64 67 58 67 58 64
22 11 25 11 25 17 22 17 22 11
58 77 60 77 60 79 58 79 58 77
94 57 96 57 96 61 94 61 94 57
43 78 47 78 47 84 43 84 43 78
90 83 94 83 94 87 90 87 90 83
48 74 52 74 52 78 48 78 48 74
41 68 44 68 44 71 41 71 41 68
56 32 60 32 60 35 56 35 56 32
16 71 21 71 21 77 16 77 16 71
45 38 49 38 49 40 45 40 45 38
25 68 28 68 28 73 25 73 25 68
20 79 23 79 23 84 20 84 20 79
92 48 97 48 97 50 92 50 92 48
35 55 37 55 37 61 35 61 35 55
53 75 56 75 56 81 53 81 53 75
12 47 15 47 15 49 12 49 12 47
46 54 52 54 52 57 46 57 46 54
91 18 94 18 94 24 91 24 91 18
21 59 23 59 23 61 21 61 21 59
78 15 82 15 82 18 78 18 78 15
15 57 18 57 18 62 15 62 15 57
50 8 52 8 52 13 50 13 50 8
36 75 42 75 42 79 36 79 36 75
89 28 95 28 95 32 89 32 89 28
81 24 86 24 86 27 81 27 81 24
25 53 28 53 28 58 25 58 25 53
