78 30 81 30 81 36 78 36 78 30
43 60 46 60 46 65 43 65 43 60
9 75 15 75 15 79 9 79 9 75
94 65 97 65 97 68 94 68 94 65
38 4 42 4 42 7 38 7 38 4
44 52 48 52 48 57 44 57 44 52
39 81 45 81 45 87 39 87 39 81
41 71 45 71 45 73 41 73 41 71
46 67 50 67 50 70 46 70 46 67
33 75 35 75 35 80 33 80 33 75
74 63 76 63 76 68 74 68 74 63
53 34 57 34 57 38 53 38 53 34
43 43 49 43 49 46 43 46 43 43
25 21 30 21 30 26 25 26 25 21
93 77 96 77 96 79 93 79 93 77
31 51 33 51 33 57 31 57 31 51
15 57 21 57 21 59 15 59 15 57
57 76 59 76 59 82 57 82 57 76
10 55 14 55 14 60 10 60 10 55
5 3 11 3 11 9 5 9 5 3
80 9 83 9 83 12 80 12 80 9
64 18 70 18 70 20 64 20 64 18
70 84 76 84 76 86 70 86 70 84
41 19 47 19 47 24 41 24 41 19
22 70 25 70 25 75 22 75 22 70
2 36 8 36 8 40 2 40 2 36
45 94 47 94 47 96 45 96 45 94
13 13 19 13 19 15 13 15 13 13
27 39 30 39 30 42 27 42 27 39
6 47 9 47 9 50 6 50 6 47
17 92 22 92 22 96 17 96 17 92
91 94 97 94 97 97 91 97 91 94
30 86 35 86 35 91 30 91 30 86
80 86 86 86 86 92 80 92 80 86
86 72 92 72 92 76 86 76 86 72
19 81 22 81 22 84 19 84 19 81
74 70 79 70 79 72 74 72 74 70
65 36 71 36 71 40 65 40 65 36
22 36 24 36 24 41 22 41 22 36
22 58 25 58 25 64 22 64 22 58
50 75 54 75 54 77 50 77 50 75
22 52 24 52 24 57 22 57 22 52
25 30 29 30 29 32 25 32 25 30
12 22 18 22 18 28 12 28 12 22
92 87 96 87 96 91 92 91 92 87
23 10 27 10 27 14 23 14 23 10
46 25 51 25 51 29 46 29 46 25
83 47 86 47 86 53 83 53 83 47
61 64 67 64 67 68 61 68 61 64
94 55 96 55 96 58 94 58 94 55
55 83 57 83 57 88 55 88 55 83
66 60 72 60 72 63 66 63 66 60
69 13 72 13 72 16 69 16 69 13
69 46 72 46 72 48 69 48 69 46
48 60 51 60 51 62 48 62 48 60
70 78 73 78 73 80 70 80 70 78
51 11 56 11 56 17 51 17 51 11
35 67 39 67 39 71 35 71 35 67
80 73 84 73 84 77 80 77 80 73
82 67 84 67 84 72 82 72 82 67
35 17 39 17 39 21 35 21 35 17
82 60 88 60 88 65 82 65 82 60
9 26 11 26 11 29 9 29 9 26
62 11 68 11 68 13 62 13 62 11
29 61 34 61 34 65 29 65 29 61
82 31 88 31 88 37 82 37 82 31
29 34 31 34 31 38 29 38 29 34
89 4 94 4 94 10 89 10 89 4
56 6 59 6 59 9 56 9 56 6
37 38 42 38 42 41 37 41 37 38
75 89 78 89 78 93 75 93 75 89
10 65 16 65 16 69 10 69 10 65
52 96 54 96 54 98 52 98 52 96
15 40 18 40 18 46 15 46 15 40
42 9 48 9 48 15 42 15 42 9
73 96 75 96 75 98 73 98 73 96
41 88 44 88 44 92 41 92 41 88
46 73 48 73 48 78 46 78 46 73
22 43 24 43 24 46 22 46 22 43
17 48 19 48 19 50 17 50 17 48
61 74 63 74 63 80 61 80 61 74
94 29 97 29 97 35 94 35 94 29
32 13 36 13 36 15 32 15 32 13
91 39 97 39 97 41 91 41 91 39
71 49 74 49 74 51 71 51 71 49
8 17 10 17 10 20 8 20 8 17
76 5 81 5 81 7 76 7 76 5
44 2 46 2 46 6 44 6 44 2
86 94 90 94 90 98 86 98 86 94
2 76 5 76 5 81 2 81 2 76
54 69 58 69 58 71 54 71 54 69
70 54 73 54 73 59 70 59 70 54
24 77 30 77 30 79 24 79 24 77
16 29 20 29 20 35 16 35 16 29
86 56 88 56 88 59 86 59 86 56
40 53 43 53 43 58 40 58 40 53
77 42 83 42 83 44 77 44 77 42
79 78 81 78 81 82 79 82 79 78
89 13 92 13 92 17 89 17 89 13
77 64 79 64 79 68 77 68 77 64
