12 72 17 72 17 74 12 74 12 72
57 15 63 15 63 21 57 21 57 15
21 30 27 30 27 36 21 36 21 30
58 52 64 52 64 54 58 54 58 52
71 93 77 93 77 97 71 97 71 93
42 24 44 24 44 26 42 26 42 24
38 45 42 45 42 48 38 48 38 45
18 44 23 44 23 46 18 46 18 44
43 55 45 55 45 60 43 60 43 55
8 79 11 79 11 85 8 85 8 79
63 30 65 30 65 35 63 35 63 30
55 84 61 84 61 86 55 86 55 84
29 51 33 51 33 55 29 55 29 51
71 85 73 85 73 88 71 88 71 85
40 12 44 12 44 14 40 14 40 12
70 57 73 57 73 63 70 63 70 57
88 53 92 53 92 57 88 57 88 53
37 57 42 57 42 60 37 60 37 57
9 42 11 42 11 44 9 44 9 42
42 91 44 91 44 93 42 93 42 91
49 92 52 92 52 96 49 96 49 92
45 17 49 17 49 21 45 21 45 17
7 20 10 20 10 24 7 24 7 20
17 76 20 76 20 82 17 82 17 76
19 14 24 14 24 17 19 17 19 14
6 34 10 34 10 39 6 39 6 34
26 23 31 23 31 29 26 29 26 23
89 7 95 7 95 9 89 9 89 7
74 71 80 71 80 74 74 74 74 71
92 77 94 77 94 79 92 79 92 77
28 65 31 65 31 68 28 68 28 65
34 81 38 81 38 87 34 87 34 81
84 59 89 59 89 61 84 61 84 59
37 31 43 31 43 37 37 37 37 31
11 96 15 96 15 98 11 98 11 96
77 12 80 12 80 18 77 18 77 12
67 92 70 92 70 97 67 97 67 92
6 8 12 8 12 13 6 13 6 8
68 81 70 81 70 86 68 86 68 81
12 54 16 54 16 60 12 60 12 54
77 62 82 62 82 65 77 65 77 62
63 36 68 36 68 40 63 40 63 36
32 68 34 68 34 71 32 71 32 68
81 11 85 11 85 15 81 15 81 11
4 17 6 17 6 22 4 22 4 17
26 42 32 42 32 44 26 44 26 42
24 68 27 68 27 70 24 70 24 68
61 23 64 23 64 28 61 28 61 23
89 20 94 20 94 22 89 22 89 20
16 84 19 84 19 86 16 86 16 84
82 94 86 94 86 98 82 98 82 94
17 6 22 6 22 11 17 11 17 6
89 70 92 70 92 76 89 76 89 70
52 46 57 46 57 48 52 48 52 46
30 10 32 10 32 12 30 12 30 10
4 49 7 49 7 53 4 53 4 49
95 64 97 64 97 67 95 67 95 64
48 36 50 36 50 42 48 42 48 36
74 50 79 50 79 54 74 54 74 50
94 42 98 42 98 44 94 44 94 42
86 32 90 32 90 34 86 34 86 32
95 84 97 84 97 89 95 89 95 84
56 31 58 31 58 37 56 37 56 31
19 55 25 55 25 58 19 58 19 55
51 75 54 75 54 79 51 79 51 75
70 28 76 28 76 33 70 33 70 28
10 28 13 28 13 32 10 32 10 28
14 21 20 21 20 27 14 27 14 21
15 66 21 66 21 71 15 71 15 66
44 78 47 78 47 80 44 80 44 78
5 54 7 54 7 56 5 56 5 54
83 44 89 44 89 48 83 48 83 44
8 89 10 89 10 92 8 92 8 89
86 81 92 81 92 85 86 85 86 81
90 49 94 49 94 51 90 51 90 49
81 5 87 5 87 10 81 10 81 5
26 87 30 87 30 91 26 91 26 87
34 14 37 14 37 19 34 19 34 14
84 17 88 17 88 19 84 19 84 17
59 2 63 2 63 6 59 6 59 2
78 35 83 35 83 38 78 38 78 35
18 2 22 2 22 4 18 4 18 2
25 12 27 12 27 17 25 17 25 12
48 5 51 5 51 10 48 10 48 5
22 71 28 71 28 73 22 73 22 71
54 93 58 93 58 95 54 95 54 93
54 65 59 65 59 68 54 68 54 65
13 88 18 88 18 91 13 91 13 88
71 8 74 8 74 14 71 14 71 8
2 71 6 71 6 77 2 77 2 71
28 16 31 16 31 20 28 20 28 16
16 49 22 49 22 52 16 52 16 49
2 30 7 30 7 33 2 33 2 30
66 51 72 51 72 53 66 53 66 51
31 93 35 93 35 95 31 95 31 93
5 41 8 41 8 45 5 45 5 41
17 38 21 38 21 43 17 43 17 38
42 18 44 18 44 22 42 22 42 18
93 16 96 16 96 18 93 18 93 16
35 69 41 69 41 73 35 73 35 69
