12 34 17 34 17 39 12 39 12 34
89 8 91 8 91 13 89 13 89 8
62 29 65 29 65 31 62 31 62 29
18 29 20 29 20 32 18 32 18 29
59 16 62 16 62 21 59 21 59 16
82 91 85 91 85 95 82 95 82 91
25 59 28 59 28 64 25 64 25 59
87 77 92 77 92 82 87 82 87 77
85 38 89 38 89 44 85 44 85 38
68 93 74 93 74 98 68 98 68 93
22 16 28 16 28 22 22 22 22 16
32 73 34 73 34 76 32 76 32 73
65 78 71 78 71 82 65 82 65 78
37 23 40 23 40 26 37 26 37 23
65 43 69 43 69 46 65 46 65 43
20 94 22 94 22 97 20 97 20 94
32 18 34 18 34 22 32 22 32 18
50 83 56 83 56 85 50 85 50 83
56 39 59 39 59 45 56 45 56 39
17 43 21 43 21 45 17 45 17 43
83 8 85 8 85 14 83 14 83 8
2 13 5 13 5 15 2 15 2 13
32 64 36 64 36 67 32 67 32 64
36 29 40 29 40 35 36 35 36 29
3 58 5 58 5 61 3 61 3 58
72 38 74 38 74 42 72 42 72 38
3 77 5 77 5 81 3 81 3 77
3 29 5 29 5 33 3 33 3 29
27 81 32 81 32 86 27 86 27 81
10 65 16 65 16 67 10 67 10 65
57 59 60 59 60 62 57 62 57 59
14 52 18 52 18 57 14 57 14 52
33 41 37 41 37 43 33 43 33 41
6 22 11 22 11 25 6 25 6 22
49 52 54 52 54 57 49 57 49 52
51 8 53 8 53 14 51 14 51 8
67 24 72 24 72 27 67 27 67 24
94 73 98 73 98 78 94 78 94 73
58 68 63 68 63 74 58 74 58 68
20 58 24 58 24 60 20 60 20 58
42 27 48 27 48 32 42 32 42 27
80 54 83 54 83 59 80 59 80 54
62 56 65 56 65 60 62 60 62 56
81 78 86 78 86 84 81 84 81 78
51 61 53 61 53 63 51 63 51 61
17 4 22 4 22 9 17 9 17 4
32 53 34 53 34 57 32 57 32 53
8 14 13 14 13 18 8 18 8 14
71 84 75 84 75 86 71 86 71 84
57 47 63 47 63 50 57 50 57 47
60 8 63 8 63 11 60 11 60 8
6 43 9 43 9 45 6 45 6 43
51 37 54 37 54 39 51 39 51 37
9 5 14 5 14 7 9 7 9 5
52 25 54 25 54 29 52 29 52 25
33 93 37 93 37 97 33 97 33 93
37 48 43 48 43 53 37 53 37 48
85 60 88 60 88 62 85 62 85 60
27 37 30 37 30 39 27 39 27 37
43 6 49 6 49 8 43 8 43 6
31 60 36 60 36 62 31 62 31 60
3 70 6 70 6 75 3 75 3 70
37 78 42 78 42 84 37 84 37 78
38 90 44 90 44 93 38 93 38 90
45 40 49 40 49 46 45 46 45 40
81 38 84 38 84 40 81 40 81 38
69 87 71 87 71 89 69 89 69 87
65 88 67 88 67 93 65 93 65 88
78 9 81 9 81 15 78 15 78 9
27 24 33 24 33 28 27 28 27 24
10 89 16 89 16 91 10 91 10 89
19 87 25 87 25 90 19 90 19 87
93 3 96 3 96 6 93 6 93 3
33 6 37 6 37 12 33 12 33 6
29 90 31 90 31 96 29 96 29 90
77 79 79 79 79 83 77 83 77 79
65 32 68 32 68 37 65 37 65 32
70 66 72 66 72 69 70 69 70 66
23 7 27 7 27 12 23 12 23 7
73 7 77 7 77 12 73 12 73 7
55 16 57 16 57 21 55 21 55 16
2 88 4 88 4 91 2 91 2 88
37 62 41 62 41 66 37 66 37 62
95 14 98 14 98 20 95 20 95 14
60 93 62 93 62 96 60 96 60 93
51 17 53 17 53 22 51 22 51 17
90 26 96 26 96 31 90 31 90 26
51 46 53 46 53 50 51 50 51 46
64 18 67 18 67 20 64 20 64 18
83 47 86 47 86 49 83 49 83 47
89 60 93 60 93 62 89 62 89 60
78 27 83 27 83 33 78 33 78 27
30 31 32 31 32 35 30 35 30 31
85 3 90 3 90 7 85 7 85 3
69 54 74 54 74 57 69 57 69 54
76 46 82 46 82 52 76 52 76 46
57 88 60 88 60 91 57 91 57 88
17 73 21 73 21 78 17 78 17 73
20 80 24 80 24 84 20 84 20 80
93 48 95 48 95 53 93 53 93 48
