46 13 52 13 52 18 46 18 46 13
20 38 23 38 23 41 20 41 20 38
69 75 73 75 73 77 69 77 69 75
81 13 84 13 84 18 81 18 81 13
21 52 26 52 26 54 21 54 21 52
11 24 15 24 15 26 11 26 11 24
27 16 33 16 33 18 27 18 27 16
78 50 81 50 81 55 78 55 78 50
64 46 70 46 70 48 64 48 64 46
84 39 88 39 88 41 84 41 84 39
15 9 21 9 21 11 15 11 15 9
22 73 26 73 26 76 22 76 22 73
26 40 29 40 29 42 26 42 26 40
64 19 70 19 70 25 64 25 64 19
51 56 53 56 53 59 51 59 51 56
2 52 8 52 8 54 2 54 2 52
92 6 94 6 94 10 92 10 92 6
15 52 18 52 18 54 15 54 15 52
77 84 81 84 81 90 77 90 77 84
4 78 8 78 8 81 4 81 4 78
47 48 51 48 51 52 47 52 47 48
88 88 93 88 93 91 88 91 88 88
73 17 78 17 78 19 73 19 73 17
54 76 57 76 57 78 54 78 54 76
72 54 75 54 75 60 72 60 72 54
45 7 51 7 51 10 45 10 45 7
59 34 63 34 63 39 59 39 59 34
23 96 29 96 29 98 23 98 23 96
72 92 76 92 76 96 72 96 72 92
47 36 51 36 51 41 47 41 47 36
85 24 88 24 88 26 85 26 85 24
32 34 38 34 38 37 32 37 32 34
90 53 92 53 92 59 90 59 90 53
77 64 81 64 81 66 77 66 77 64
32 90 34 90 34 96 32 96 32 90
84 29 89 29 89 35 84 35 84 29
83 82 88 82 88 87 83 87 83 82
47 94 49 94 49 96 47 96 47 94
59 20 62 20 62 25 59 25 59 20
18 26 22 26 22 29 18 29 18 26
16 15 18 15 18 19 16 19 16 15
27 56 32 56 32 62 27 62 27 56
42 65 44 65 44 70 42 70 42 65
64 53 70 53 70 57 64 57 64 53
68 5 70 5 70 11 68 11 68 5
24 36 30 36 30 38 24 38 24 36
60 47 62 47 62 50 60 50 60 47
51 33 53 33 53 35 51 35 51 33
61 78 63 78 63 83 61 83 61 78
36 9 40 9 40 15 36 15 36 9
39 42 44 42 44 44 39 44 39 42
78 27 81 27 81 31 78 31 78 27
2 3 6 3 6 6 2 6 2 3
52 19 55 19 55 21 52 21 52 19
5 82 9 82 9 84 5 84 5 82
50 25 56 25 56 29 50 29 50 25
18 63 21 63 21 68 18 68 18 63
59 69 62 69 62 72 59 72 59 69
5 19 9 19 9 22 5 22 5 19
38 45 42 45 42 51 38 51 38 45
90 18 92 18 92 22 90 22 90 18
79 72 81 72 81 76 79 76 79 72
64 33 70 33 70 39 64 39 64 33
11 76 16 76 16 80 11 80 11 76
45 54 50 54 50 56 45 56 45 54
39 68 41 68 41 72 39 72 39 68
40 95 42 95 42 98 40 98 40 95
4 63 7 63 7 68 4 68 4 63
73 50 77 50 77 53 73 53 73 50
58 15 62 15 62 18 58 18 58 15
41 80 47 80 47 83 41 83 41 80
87 12 90 12 90 15 87 15 87 12
96 79 98 79 98 85 96 85 96 79
31 65 34 65 34 69 31 69 31 65
72 33 77 33 77 38 72 38 72 33
13 39 19 39 19 42 13 42 13 39
39 36 42 36 42 41 39 41 39 36
15 59 21 59 21 62 15 62 15 59
29 46 32 46 32 50 29 50 29 46
10 4 13 4 13 6 10 6 10 4
35 57 40 57 40 62 35 62 35 57
17 90 20 90 20 92 17 92 17 90
9 27 11 27 11 33 9 33 9 27
30 82 35 82 35 87 30 87 30 82
40 52 44 52 44 55 40 55 40 52
86 9 88 9 88 11 86 11 86 9
64 74 67 74 67 78 64 78 64 74
65 63 70 63 70 65 65 65 65 63
56 59 58 59 58 62 56 62 56 59
94 33 96 33 96 39 94 39 94 33
94 24 97 24 97 29 94 29 94 24
2 73 4 73 4 75 2 75 2 73
21 77 27 77 27 82 21 82 21 77
8 12 10 12 10 14 8 14 8 12
15 44 19 44 19 48 15 48 15 44
11 67 17 67 17 73 11 73 11 67
52 47 57 47 57 49 52 49 52 47
95 45 97 45 97 47 95 47 95 45
91 62 93 62 93 66 91 66 91 62
74 7 78 7 78 12 74 12 74 7
