26 47 28 47 28 52 26 52 26 47
89 67 95 67 95 70 89 70 89 67
65 25 70 25 70 27 65 27 65 25
79 53 83 53 83 55 79 55 79 53
33 38 39 38 39 41 33 41 33 38
48 63 52 63 52 66 48 66 48 63
62 37 68 37 68 40 62 40 62 37
46 72 50 72 50 74 46 74 46 72
30 58 32 58 32 64 30 64 30 58
35 5 41 5 41 8 35 8 35 5
68 51 71 51 71 54 68 54 68 51
89 73 94 73 94 76 89 76 89 73
71 20 74 20 74 24 71 24 71 20
41 11 47 11 47 16 41 16 41 11
84 72 86 72 86 75 84 75 84 72
31 18 35 18 35 21 31 21 31 18
15 91 19 91 19 97 15 97 15 91
72 72 77 72 77 78 72 78 72 72
46 17 48 17 48 20 46 20 46 17
37 86 42 86 42 90 37 90 37 86
20 21 23 21 23 26 20 26 20 21
13 60 15 60 15 66 13 66 13 60
81 23 85 23 85 28 81 28 81 23
89 52 92 52 92 57 89 57 89 52
38 17 41 17 41 19 38 19 38 17
40 73 43 73 43 75 40 75 40 73
75 14 81 14 81 19 75 19 75 14
42 35 45 35 45 38 42 38 42 35
7 49 13 49 13 55 7 55 7 49
2 44 6 44 6 47 2 47 2 44
61 29 63 29 63 34 61 34 61 29
2 95 7 95 7 98 2 98 2 95
10 5 14 5 14 10 10 10 10 5
42 4 46 4 46 10 42 10 42 4
24 56 29 56 29 59 24 59 24 56
48 25 52 25 52 31 48 31 48 25
21 37 24 37 24 40 21 40 21 37
7 75 10 75 10 78 7 78 7 75
32 45 35 45 35 51 32 51 32 45
94 18 97 18 97 20 94 20 94 18
37 57 43 57 43 60 37 60 37 57
58 65 60 65 60 68 58 68 58 65
68 13 73 13 73 19 68 19 68 13
89 10 92 10 92 12 89 12 89 10
56 6 60 6 60 10 56 10 56 6
11 68 13 68 13 73 11 73 11 68
78 46 81 46 81 48 78 48 78 46
34 64 40 64 40 69 34 69 34 64
80 10 84 10 84 12 80 12 80 10
79 34 83 34 83 38 79 38 79 34
88 32 93 32 93 35 88 35 88 32
36 52 38 52 38 55 36 55 36 52
62 44 64 44 64 49 62 49 62 44
6 37 11 37 11 43 6 43 6 37
44 92 46 92 46 96 44 96 44 92
74 83 76 83 76 86 74 86 74 83
7 26 13 26 13 28 7 28 7 26
28 28 34 28 34 34 28 34 28 28
70 55 74 55 74 58 70 58 70 55
58 21 63 21 63 26 58 26 58 21
70 88 72 88 72 92 70 92 70 88
51 84 54 84 54 88 51 88 51 84
40 78 46 78 46 83 40 83 40 78
40 26 46 26 46 28 40 28 40 26
22 89 28 89 28 93 22 93 22 89
10 11 14 11 14 15 10 15 10 11
86 58 88 58 88 63 86 63 86 58
62 53 67 53 67 57 62 57 62 53
62 67 66 67 66 70 62 70 62 67
89 79 92 79 92 84 89 84 89 79
52 69 54 69 54 71 52 71 52 69
23 61 29 61 29 67 23 67 23 61
12 89 14 89 14 91 12 91 12 89
44 48 49 48 49 51 44 51 44 48
32 83 35 83 35 87 32 87 32 83
76 90 79 90 79 92 76 92 76 90
59 45 61 45 61 48 59 48 59 45
53 59 59 59 59 61 53 61 53 59
79 94 85 94 85 98 79 98 79 94
6 83 11 83 11 88 6 88 6 83
56 74 58 74 58 77 56 77 56 74
36 42 42 42 42 47 36 47 36 42
12 41 18 41 18 44 12 44 12 41
11 29 13 29 13 31 11 31 11 29
86 14 92 14 92 18 86 18 86 14
54 42 59 42 59 44 54 44 54 42
79 77 85 77 85 79 79 79 79 77
48 40 53 40 53 46 48 46 48 40
49 91 52 91 52 96 49 96 49 91
73 3 77 3 77 7 73 7 73 3
62 59 64 59 64 61 62 61 62 59
15 17 19 17 19 19 15 19 15 17
47 7 50 7 50 10 47 10 47 7
76 31 81 31 81 33 76 33 76 31
61 80 65 80 65 86 61 86 61 80
86 91 88 91 88 96 86 96 86 91
71 25 75 25 75 31 71 31 71 25
23 9 27 9 27 14 23 14 23 9
27 95 33 95 33 97 27 97 27 95
22 94 26 94 26 96 22 96 22 94
