26 53 30 53 30 57 26 57 26 53
39 58 41 58 41 63 39 63 39 58
83 39 86 39 86 41 83 41 83 39
56 82 59 82 59 88 56 88 56 82
61 60 66 60 66 64 61 64 61 60
92 39 97 39 97 44 92 44 92 39
69 10 75 10 75 12 69 12 69 10
21 26 23 26 23 28 21 28 21 26
66 34 69 34 69 37 66 37 66 34
28 90 34 90 34 94 28 94 28 90
33 44 37 44 37 49 33 49 33 44
70 87 73 87 73 91 70 91 70 87
22 88 25 88 25 92 22 92 22 88
11 10 17 10 17 12 11 12 11 10
11 67 13 67 13 69 11 69 11 67
56 32 62 32 62 34 56 34 56 32
22 55 25 55 25 61 22 61 22 55
25 76 29 76 29 82 25 82 25 76
46 74 51 74 51 77 46 77 46 74
62 87 67 87 67 89 62 89 62 87
91 77 95 77 95 80 91 80 91 77
9 23 12 23 12 26 9 26 9 23
78 17 80 17 80 21 78 21 78 17
94 46 96 46 96 51 94 51 94 46
4 77 8 77 8 79 4 79 4 77
52 34 54 34 54 36 52 36 52 34
50 58 54 58 54 61 50 61 50 58
72 24 76 24 76 29 72 29 72 24
41 34 44 34 44 38 41 38 41 34
92 56 94 56 94 61 92 61 92 56
83 53 86 53 86 56 83 56 83 53
91 69 94 69 94 72 91 72 91 69
4 92 10 92 10 97 4 97 4 92
77 8 82 8 82 12 77 12 77 8
64 21 68 21 68 27 64 27 64 21
83 59 89 59 89 62 83 62 83 59
26 25 28 25 28 31 26 31 26 25
39 54 41 54 41 57 39 57 39 54
62 91 65 91 65 97 62 97 62 91
12 71 18 71 18 76 12 76 12 71
18 9 22 9 22 14 18 14 18 9
34 52 37 52 37 57 34 57 34 52
31 13 36 13 36 15 31 15 31 13
67 43 70 43 70 49 67 49 67 43
34 73 38 73 38 77 34 77 34 73
45 35 48 35 48 38 45 38 45 35
94 10 96 10 96 12 94 12 94 10
19 80 23 80 23 84 19 84 19 80
33 19 35 19 35 25 33 25 33 19
45 19 50 19 50 22 45 22 45 19
93 84 96 84 96 87 93 87 93 84
19 62 21 62 21 67 19 67 19 62
3 32 6 32 6 34 3 34 3 32
49 91 53 91 53 94 49 94 49 91
75 51 81 51 81 57 75 57 75 51
14 56 20 56 20 58 14 58 14 56
19 29 22 29 22 31 19 31 19 29
62 11 64 11 64 15 62 15 62 11
8 54 10 54 10 59 8 59 8 54
85 46 88 46 88 50 85 50 85 46
29 60 33 60 33 62 29 62 29 60
16 17 20 17 20 20 16 20 16 17
52 13 57 13 57 18 52 18 52 13
43 71 45 71 45 77 43 77 43 71
31 5 36 5 36 11 31 11 31 5
17 36 22 36 22 40 17 40 17 36
50 5 56 5 56 9 50 9 50 5
76 37 80 37 80 43 76 43 76 37
5 16 8 16 8 19 5 19 5 16
37 9 43 9 43 11 37 11 37 9
14 45 20 45 20 51 14 51 14 45
83 80 88 80 88 84 83 84 83 80
75 68 81 68 81 74 75 74 75 68
82 92 88 92 88 98 82 98 82 92
63 16 66 16 66 19 63 19 63 16
84 31 89 31 89 34 84 34 84 31
73 94 76 94 76 98 73 98 73 94
26 66 28 66 28 68 26 68 26 66
65 80 69 80 69 85 65 85 65 80
11 47 13 47 13 53 11 53 11 47
36 81 40 81 40 87 36 87 36 81
13 90 18 90 18 93 13 93 13 90
23 2 27 2 27 7 23 7 23 2
86 11 90 11 90 14 86 14 86 11
24 18 28 18 28 23 24 23 24 18
6 35 8 35 8 39 6 39 6 35
5 83 8 83 8 86 5 86 5 83
85 5 90 5 90 10 85 10 85 5
17 2 21 2 21 5 17 5 17 2
36 26 38 26 38 28 36 28 36 26
61 5 67 5 67 7 61 7 61 5
78 85 83 85 83 89 78 89 78 85
91 23 93 23 93 26 91 26 91 23
52 80 54 80 54 84 52 84 52 80
41 42 45 42 45 45 41 45 41 42
70 31 75 31 75 37 70 37 70 31
52 51 58 51 58 53 52 53 52 51
37 96 39 96 39 98 37 98 37 96
2 40 7 40 7 45 2 45 2 40
61 38 63 38 63 42 61 42 61 38
