66 26 71 26 71 28 66 28 66 26
41 15 47 15 47 17 41 17 41 15
56 9 58 9 58 12 56 12 56 9
69 73 74 73 74 78 69 78 69 73
2 44 6 44 6 49 2 49 2 44
22 88 28 88 28 94 22 94 22 88
14 14 16 14 16 18 14 18 14 14
19 68 23 68 23 70 19 70 19 68
11 78 16 78 16 80 11 80 11 78
87 36 91 36 91 41 87 41 87 36
10 50 12 50 12 53 10 53 10 50
95 87 97 87 97 91 95 91 95 87
75 52 81 52 81 54 75 54 75 52
67 66 73 66 73 68 67 68 67 66
34 10 36 10 36 13 34 13 34 10
6 90 8 90 8 92 6 92 6 90
68 14 72 14 72 20 68 20 68 14
51 60 56 60 56 62 51 62 51 60
11 35 13 35 13 40 11 40 11 35
22 28 28 28 28 31 22 31 22 28
80 33 84 33 84 39 80 39 80 33
6 62 8 62 8 65 6 65 6 62
53 43 56 43 56 46 53 46 53 43
57 18 59 18 59 23 57 23 57 18
78 91 84 91 84 96 78 96 78 91
26 45 30 45 30 51 26 51 26 45
73 23 77 23 77 27 73 27 73 23
56 37 60 37 60 39 56 39 56 37
33 36 37 36 37 42 33 42 33 36
70 86 73 86 73 91 70 91 70 86
4 54 10 54 10 57 4 57 4 54
45 6 50 6 50 11 45 11 45 6
51 71 54 71 54 74 51 74 51 71
94 68 98 68 98 73 94 73 94 68
5 81 8 81 8 83 5 83 5 81
26 33 32 33 32 38 26 38 26 33
20 46 23 46 23 49 20 49 20 46
67 81 69 81 69 83 67 83 67 81
5 24 7 24 7 30 5 30 5 24
6 6 9 6 9 10 6 10 6 6
59 53 63 53 63 55 59 55 59 53
59 44 64 44 64 50 59 50 59 44
26 9 30 9 30 14 26 14 26 9
25 77 28 77 28 80 25 80 25 77
50 25 52 25 52 31 50 31 50 25
11 90 14 90 14 95 11 95 11 90
91 43 95 43 95 45 91 45 91 43
30 70 33 70 33 73 30 73 30 70
45 37 50 37 50 40 45 40 45 37
39 57 42 57 42 63 39 63 39 57
74 84 80 84 80 90 74 90 74 84
10 82 14 82 14 86 10 86 10 82
20 82 26 82 26 85 20 85 20 82
81 85 85 85 85 87 81 87 81 85
60 85 63 85 63 91 60 91 60 85
4 51 9 51 9 53 4 53 4 51
91 2 93 2 93 4 91 4 91 2
19 13 23 13 23 15 19 15 19 13
5 70 9 70 9 72 5 72 5 70
27 2 33 2 33 4 27 4 27 2
88 87 94 87 94 90 88 90 88 87
39 37 44 37 44 42 39 42 39 37
46 30 49 30 49 33 46 33 46 30
33 24 35 24 35 28 33 28 33 24
64 92 69 92 69 95 64 95 64 92
63 30 69 30 69 33 63 33 63 30
38 85 44 85 44 88 38 88 38 85
16 57 20 57 20 60 16 60 16 57
82 73 86 73 86 78 82 78 82 73
24 52 30 52 30 54 24 54 24 52
45 42 47 42 47 46 45 46 45 42
78 41 80 41 80 47 78 47 78 41
86 25 91 25 91 31 86 31 86 25
13 30 17 30 17 32 13 32 13 30
45 77 48 77 48 79 45 79 45 77
42 92 46 92 46 98 42 98 42 92
49 89 55 89 55 95 49 95 49 89
92 61 94 61 94 64 92 64 92 61
4 12 8 12 8 16 4 16 4 12
4 31 7 31 7 33 4 33 4 31
33 16 35 16 35 19 33 19 33 16
18 64 20 64 20 66 18 66 18 64
26 39 29 39 29 42 26 42 26 39
62 61 67 61 67 63 62 63 62 61
76 16 78 16 78 18 76 18 76 16
90 67 92 67 92 73 90 73 90 67
90 53 95 53 95 56 90 56 90 53
67 49 69 49 69 55 67 55 67 49
40 71 43 71 43 73 40 73 40 71
39 3 43 3 43 7 39 7 39 3
32 96 35 96 35 98 32 98 32 96
78 9 82 9 82 14 78 14 78 9
11 8 15 8 15 11 11 11 11 8
83 41 85 41 85 47 83 47 83 41
38 9 44 9 44 12 38 12 38 9
59 11 61 11 61 14 59 14 59 11
95 36 98 36 98 38 95 38 95 36
33 44 36 44 36 47 33 47 33 44
62 4 67 4 67 8 62 8 62 4
83 7 88 7 88 13 83 13 83 7
