31 73 34 73 34 76 31 76 31 73
51 90 56 90 56 95 51 95 51 90
78 3 83 3 83 9 78 9 78 3
11 91 15 91 15 94 11 94 11 91
29 65 33 65 33 69 29 69 29 65
20 79 23 79 23 81 20 81 20 79
67 17 69 17 69 23 67 23 67 17
7 64 13 64 13 70 7 70 7 64
68 88 73 88 73 92 68 92 68 88
80 75 82 75 82 78 80 78 80 75
40 86 45 86 45 91 40 91 40 86
81 56 83 56 83 60 81 60 81 56
50 33 52 33 52 37 50 37 50 33
50 42 54 42 54 45 50 45 50 42
7 29 12 29 12 33 7 33 7 29
18 92 24 92 24 96 18 96 18 92
68 82 70 82 70 84 68 84 68 82
64 52 68 52 68 56 64 56 64 52
8 81 12 81 12 85 8 85 8 81
14 2 19 2 19 7 14 7 14 2
45 12 49 12 49 15 45 15 45 12
42 66 47 66 47 69 42 69 42 66
59 83 62 83 62 87 59 87 59 83
65 69 68 69 68 72 65 72 65 69
47 6 49 6 49 11 47 11 47 6
59 12 64 12 64 16 59 16 59 12
93 6 95 6 95 9 93 9 93 6
62 34 65 34 65 36 62 36 62 34
46 86 52 86 52 88 46 88 46 86
93 90 97 90 97 92 93 92 93 90
69 46 74 46 74 48 69 48 69 46
48 77 53 77 53 80 48 80 48 77
73 39 76 39 76 41 73 41 73 39
86 60 92 60 92 63 86 63 86 60
5 88 9 88 9 93 5 93 5 88
66 3 69 3 69 5 66 5 66 3
42 36 44 36 44 41 42 41 42 36
73 31 79 31 79 33 73 33 73 31
62 57 68 57 68 61 62 61 62 57
16 39 19 39 19 44 16 44 16 39
28 49 34 49 34 54 28 54 28 49
30 9 32 9 32 11 30 11 30 9
41 21 46 21 46 27 41 27 41 21
6 38 12 38 12 40 6 40 6 38
40 28 42 28 42 32 40 32 40 28
85 10 87 10 87 16 85 16 85 10
50 67 55 67 55 70 50 70 50 67
57 50 63 50 63 56 57 56 57 50
79 50 84 50 84 52 79 52 79 50
60 90 62 90 62 95 60 95 60 90
73 12 79 12 79 14 73 14 73 12
91 45 97 45 97 49 91 49 91 45
64 91 67 91 67 97 64 97 64 91
41 95 44 95 44 98 41 98 41 95
12 54 17 54 17 56 12 56 12 54
2 48 8 48 8 51 2 51 2 48
81 87 84 87 84 93 81 93 81 87
25 31 28 31 28 34 25 34 25 31
86 50 89 50 89 52 86 52 86 50
95 52 98 52 98 55 95 55 95 52
91 72 95 72 95 74 91 74 91 72
35 8 37 8 37 11 35 11 35 8
10 35 16 35 16 37 10 37 10 35
82 17 86 17 86 23 82 23 82 17
39 61 41 61 41 67 39 67 39 61
21 37 23 37 23 42 21 42 21 37
25 60 27 60 27 64 25 64 25 60
22 71 27 71 27 74 22 74 22 71
23 86 26 86 26 91 23 91 23 86
93 82 96 82 96 88 93 88 93 82
55 75 60 75 60 77 55 77 55 75
26 16 28 16 28 18 26 18 26 16
37 54 39 54 39 56 37 56 37 54
10 16 12 16 12 18 10 18 10 16
86 85 90 85 90 91 86 91 86 85
85 44 88 44 88 47 85 47 85 44
32 77 38 77 38 83 32 83 32 77
88 7 91 7 91 9 88 9 88 7
47 25 49 25 49 30 47 30 47 25
72 49 74 49 74 53 72 53 72 49
26 41 28 41 28 47 26 47 26 41
75 69 78 69 78 71 75 71 75 69
81 65 84 65 84 71 81 71 81 65
3 64 6 64 6 70 3 70 3 64
53 82 55 82 55 88 53 88 53 82
39 4 43 4 43 9 39 9 39 4
69 68 74 68 74 73 69 73 69 68
57 19 61 19 61 22 57 22 57 19
19 16 25 16 25 18 19 18 19 16
4 10 8 10 8 14 4 14 4 10
93 30 96 30 96 35 93 35 93 30
13 72 19 72 19 74 13 74 13 72
18 52 24 52 24 56 18 56 18 52
34 95 38 95 38 98 34 98 34 95
15 45 18 45 18 50 15 50 15 45
23 10 26 10 26 15 23 15 23 10
6 72 10 72 10 78 6 78 6 72
78 26 83 26 83 29 78 29 78 26
76 80 82 80 82 83 76 83 76 80
52 9 55 9 55 12 52 12 52 9
