94 72 96 72 96 77 94 77 94 72
34 92 38 92 38 98 34 98 34 92
18 57 24 57 24 63 18 63 18 57
17 28 23 28 23 30 17 30 17 28
59 74 62 74 62 79 59 79 59 74
47 15 52 15 52 19 47 19 47 15
81 61 87 61 87 67 81 67 81 61
20 14 24 14 24 17 20 17 20 14
7 36 10 36 10 38 7 38 7 36
93 89 95 89 95 91 93 91 93 89
17 20 22 20 22 22 17 22 17 20
86 71 92 71 92 74 86 74 86 71
8 41 10 41 10 43 8 43 8 41
31 29 35 29 35 31 31 31 31 29
89 32 94 32 94 38 89 38 89 32
11 49 17 49 17 53 11 53 11 49
21 77 24 77 24 83 21 83 21 77
18 10 22 10 22 13 18 13 18 10
40 45 46 45 46 51 40 51 40 45
64 25 68 25 68 28 64 28 64 25
58 22 62 22 62 25 58 25 58 22
23 92 26 92 26 94 23 94 23 92
81 25 83 25 83 29 81 29 81 25
3 32 6 32 6 35 3 35 3 32
43 65 49 65 49 70 43 70 43 65
11 71 16 71 16 76 11 76 11 71
31 60 35 60 35 62 31 62 31 60
55 62 58 62 58 65 55 65 55 62
38 85 42 85 42 88 38 88 38 85
8 54 12 54 12 56 8 56 8 54
40 72 46 72 46 76 40 76 40 72
35 78 38 78 38 81 35 81 35 78
45 27 51 27 51 33 45 33 45 27
12 35 15 35 15 40 12 40 12 35
34 46 39 46 39 52 34 52 34 46
25 21 30 21 30 27 25 27 25 21
94 6 97 6 97 8 94 8 94 6
34 8 38 8 38 11 34 11 34 8
25 55 29 55 29 57 25 57 25 55
80 35 83 35 83 39 80 39 80 35
95 16 98 16 98 18 95 18 95 16
45 57 48 57 48 63 45 63 45 57
3 21 7 21 7 23 3 23 3 21
19 44 21 44 21 50 19 50 19 44
88 59 94 59 94 61 88 61 88 59
11 19 15 19 15 21 11 21 11 19
47 91 52 91 52 95 47 95 47 91
9 88 13 88 13 90 9 90 9 88
12 79 16 79 16 81 12 81 12 79
62 92 67 92 67 95 62 95 62 92
28 67 34 67 34 70 28 70 28 67
63 85 65 85 65 89 63 89 63 85
34 41 38 41 38 44 34 44 34 41
23 4 28 4 28 6 23 6 23 4
69 64 75 64 75 70 69 70 69 64
31 19 37 19 37 25 31 25 31 19
78 82 80 82 80 86 78 86 78 82
87 52 93 52 93 58 87 58 87 52
73 94 79 94 79 98 73 98 73 94
2 81 7 81 7 87 2 87 2 81
75 52 77 52 77 57 75 57 75 52
69 75 75 75 75 81 69 81 69 75
60 56 65 56 65 61 60 61 60 56
77 62 80 62 80 65 77 65 77 62
92 83 96 83 96 88 92 88 92 83
6 65 12 65 12 70 6 70 6 65
29 32 33 32 33 37 29 37 29 32
49 51 53 51 53 55 49 55 49 51
74 26 80 26 80 28 74 28 74 26
64 14 70 14 70 17 64 17 64 14
52 66 56 66 56 72 52 72 52 66
73 31 79 31 79 37 73 37 73 31
25 30 27 30 27 35 25 35 25 30
29 85 35 85 35 87 29 87 29 85
13 4 16 4 16 6 13 6 13 4
84 10 86 10 86 16 84 16 84 10
81 12 83 12 83 15 81 15 81 12
68 92 72 92 72 98 68 98 68 92
43 34 46 34 46 39 43 39 43 34
47 86 51 86 51 89 47 89 47 86
30 91 33 91 33 96 30 96 30 91
87 93 90 93 90 96 87 96 87 93
2 11 5 11 5 14 2 14 2 11
90 10 95 10 95 12 90 12 90 10
40 3 45 3 45 5 40 5 40 3
75 7 79 7 79 13 75 13 75 7
47 21 50 21 50 24 47 24 47 21
79 20 83 20 83 24 79 24 79 20
60 4 64 4 64 8 60 8 60 4
53 39 58 39 58 42 53 42 53 39
26 13 29 13 29 18 26 18 26 13
87 26 90 26 90 30 87 30 87 26
8 9 13 9 13 13 8 13 8 9
84 48 86 48 86 51 84 51 84 48
91 24 95 24 95 26 91 26 91 24
51 83 57 83 57 85 51 85 51 83
36 65 39 65 39 69 36 69 36 65
54 93 58 93 58 98 54 98 54 93
65 43 68 43 68 48 65 48 65 43
80 2 83 2 83 8 80 8 80 2
