2 71 8 71 8 76 2 76 2 71
24 62 29 62 29 68 24 68 24 62
62 68 64 68 64 73 62 73 62 68
8 49 13 49 13 54 8 54 8 49
86 35 92 35 92 41 86 41 86 35
33 77 39 77 39 79 33 79 33 77
70 16 75 16 75 20 70 20 70 16
87 16 89 16 89 21 87 21 87 16
79 47 83 47 83 52 79 52 79 47
16 40 19 40 19 44 16 44 16 40
55 74 60 74 60 79 55 79 55 74
75 71 79 71 79 76 75 76 75 71
88 7 93 7 93 9 88 9 88 7
23 84 25 84 25 90 23 90 23 84
32 66 36 66 36 70 32 70 32 66
6 91 12 91 12 96 6 96 6 91
11 61 16 61 16 66 11 66 11 61
36 48 41 48 41 52 36 52 36 48
47 8 50 8 50 12 47 12 47 8
80 14 85 14 85 19 80 19 80 14
72 34 74 34 74 38 72 38 72 34
85 27 91 27 91 29 85 29 85 27
88 78 91 78 91 83 88 83 88 78
27 12 32 12 32 14 27 14 27 12
20 56 22 56 22 62 20 62 20 56
55 15 58 15 58 18 55 18 55 15
50 88 54 88 54 91 50 91 50 88
82 87 87 87 87 92 82 92 82 87
43 29 48 29 48 32 43 32 43 29
88 42 92 42 92 47 88 47 88 42
9 33 14 33 14 37 9 37 9 33
49 92 55 92 55 98 49 98 49 92
13 11 16 11 16 14 13 14 13 11
76 95 78 95 78 98 76 98 76 95
27 91 32 91 32 95 27 95 27 91
72 27 78 27 78 30 72 30 72 27
38 58 40 58 40 60 38 60 38 58
53 45 58 45 58 48 53 48 53 45
4 23 10 23 10 27 4 27 4 23
70 12 76 12 76 15 70 15 70 12
19 50 25 50 25 54 19 54 19 50
77 79 79 79 79 84 77 84 77 79
37 92 43 92 43 95 37 95 37 92
37 64 41 64 41 69 37 69 37 64
23 3 26 3 26 8 23 8 23 3
77 39 83 39 83 41 77 41 77 39
89 67 94 67 94 73 89 73 89 67
46 67 52 67 52 73 46 73 46 67
59 14 65 14 65 19 59 19 59 14
66 75 71 75 71 77 66 77 66 75
86 95 88 95 88 98 86 98 86 95
32 52 35 52 35 57 32 57 32 52
24 36 28 36 28 39 24 39 24 36
81 68 85 68 85 71 81 71 81 68
26 16 32 16 32 18 26 18 26 16
39 83 41 83 41 89 39 89 39 83
60 6 66 6 66 12 60 12 60 6
51 20 57 20 57 22 51 22 51 20
64 83 68 83 68 86 64 86 64 83
24 20 30 20 30 24 24 24 24 20
93 91 97 91 97 95 93 95 93 91
92 77 94 77 94 81 92 81 92 77
70 41 74 41 74 45 70 45 70 41
27 29 29 29 29 32 27 32 27 29
77 6 81 6 81 8 77 8 77 6
60 47 66 47 66 49 60 49 60 47
80 35 83 35 83 38 80 38 80 35
2 80 5 80 5 84 2 84 2 80
81 73 87 73 87 75 81 75 81 73
54 63 57 63 57 65 54 65 54 63
61 41 66 41 66 46 61 46 61 41
39 24 42 24 42 28 39 28 39 24
85 52 90 52 90 54 85 54 85 52
65 21 68 21 68 23 65 23 65 21
62 95 64 95 64 97 62 97 62 95
19 45 21 45 21 48 19 48 19 45
57 24 63 24 63 29 57 29 57 24
79 61 81 61 81 63 79 63 79 61
44 8 46 8 46 12 44 12 44 8
3 60 6 60 6 62 3 62 3 60
5 47 7 47 7 50 5 50 5 47
28 82 34 82 34 86 28 86 28 82
94 84 96 84 96 87 94 87 94 84
49 30 52 30 52 36 49 36 49 30
54 66 59 66 59 69 54 69 54 66
33 91 36 91 36 94 33 94 33 91
65 65 68 65 68 67 65 67 65 65
2 91 5 91 5 97 2 97 2 91
13 20 15 20 15 26 13 26 13 20
54 9 57 9 57 12 54 12 54 9
43 51 45 51 45 55 43 55 43 51
83 7 85 7 85 13 83 13 83 7
78 31 82 31 82 34 78 34 78 31
13 56 19 56 19 58 13 58 13 56
90 18 95 18 95 22 90 22 90 18
45 26 51 26 51 28 45 28 45 26
31 41 36 41 36 44 31 44 31 41
67 51 71 51 71 56 67 56 67 51
25 74 30 74 30 78 25 78 25 74
39 33 41 33 41 37 39 37 39 33
