2 15 7 15 7 21 2 21 2 15
9 15 15 15 15 19 9 19 9 15
79 36 83 36 83 41 79 41 79 36
46 17 52 17 52 23 46 23 46 17
62 17 66 17 66 19 62 19 62 17
75 45 80 45 80 50 75 50 75 45
60 70 65 70 65 74 60 74 60 70
86 92 91 92 91 96 86 96 86 92
91 3 96 3 96 8 91 8 91 3
86 12 89 12 89 15 86 15 86 12
30 19 36 19 36 21 30 21 30 19
36 34 38 34 38 38 36 38 36 34
79 19 82 19 82 25 79 25 79 19
90 30 95 30 95 32 90 32 90 30
22 64 24 64 24 68 22 68 22 64
67 26 72 26 72 32 67 32 67 26
44 70 49 70 49 76 44 76 44 70
33 27 36 27 36 32 33 32 33 27
57 75 63 75 63 77 57 77 57 75
39 55 41 55 41 61 39 61 39 55
81 82 85 82 85 87 81 87 81 82
15 24 20 24 20 27 15 27 15 24
29 3 34 3 34 5 29 5 29 3
17 49 21 49 21 51 17 51 17 49
77 68 80 68 80 73 77 73 77 68
31 9 33 9 33 15 31 15 31 9
92 67 94 67 94 72 92 72 92 67
9 4 12 4 12 9 9 9 9 4
7 83 10 83 10 85 7 85 7 83
85 53 88 53 88 57 85 57 85 53
29 60 34 60 34 62 29 62 29 60
70 4 75 4 75 9 70 9 70 4
37 40 41 40 41 44 37 44 37 40
18 54 20 54 20 58 18 58 18 54
7 94 10 94 10 97 7 97 7 94
54 46 57 46 57 52 54 52 54 46
50 70 53 70 53 76 50 76 50 70
15 60 19 60 19 66 15 66 15 60
54 86 58 86 58 92 54 92 54 86
87 73 89 73 89 79 87 79 87 73
27 45 30 45 30 47 27 47 27 45
88 68 91 68 91 70 88 70 88 68
39 9 43 9 43 13 39 13 39 9
69 43 74 43 74 45 69 45 69 43
77 8 80 8 80 10 77 10 77 8
37 20 40 20 40 25 37 25 37 20
67 92 71 92 71 95 67 95 67 92
66 70 70 70 70 75 66 75 66 70
59 63 65 63 65 68 59 68 59 63
25 86 28 86 28 90 25 90 25 86
10 39 15 39 15 45 10 45 10 39
82 2 86 2 86 5 82 5 82 2
31 45 35 45 35 49 31 49 31 45
46 42 48 42 48 45 46 45 46 42
46 34 48 34 48 38 46 38 46 34
6 77 12 77 12 80 6 80 6 77
72 62 74 62 74 65 72 65 72 62
83 42 86 42 86 48 83 48 83 42
13 2 15 2 15 4 13 4 13 2
40 70 42 70 42 75 40 75 40 70
32 83 36 83 36 85 32 85 32 83
57 78 61 78 61 84 57 84 57 78
19 43 25 43 25 45 19 45 19 43
70 18 73 18 73 20 70 20 70 18
46 53 48 53 48 59 46 59 46 53
31 65 35 65 35 69 31 69 31 65
10 35 13 35 13 37 10 37 10 35
29 30 31 30 31 36 29 36 29 30
71 81 77 81 77 84 71 84 71 81
22 11 26 11 26 17 22 17 22 11
76 40 78 40 78 42 76 42 76 40
53 40 56 40 56 44 53 44 53 40
56 33 61 33 61 37 56 37 56 33
93 42 97 42 97 45 93 45 93 42
22 27 25 27 25 33 22 33 22 27
50 39 52 39 52 44 50 44 50 39
80 27 82 27 82 30 80 30 80 27
14 33 19 33 19 38 14 38 14 33
79 55 81 55 81 58 79 58 79 55
83 16 86 16 86 19 83 19 83 16
56 10 59 10 59 13 56 13 56 10
38 64 42 64 42 67 38 67 38 64
36 74 38 74 38 79 36 79 36 74
76 89 80 89 80 93 76 93 76 89
83 32 87 32 87 34 83 34 83 32
17 84 23 84 23 88 17 88 17 84
51 28 57 28 57 31 51 31 51 28
24 60 28 60 28 62 24 62 24 60
89 21 94 21 94 27 89 27 89 21
14 46 16 46 16 48 14 48 14 46
65 35 67 35 67 37 65 37 65 35
94 10 97 10 97 13 94 13 94 10
55 58 61 58 61 62 55 62 55 58
3 70 9 70 9 72 3 72 3 70
60 27 64 27 64 32 60 32 60 27
64 52 67 52 67 55 64 55 64 52
15 7 21 7 21 10 15 10 15 7
60 49 65 49 65 51 60 51 60 49
30 93 33 93 33 96 30 96 30 93
41 19 44 19 44 25 41 25 41 19
