39 48 43 48 43 54 39 54 39 48
53 80 57 80 57 86 53 86 53 80
88 65 93 65 93 71 88 71 88 65
31 71 37 71 37 76 31 76 31 71
90 13 95 13 95 19 90 19 90 13
37 24 42 24 42 30 37 30 37 24
73 72 76 72 76 74 73 74 73 72
52 8 56 8 56 13 52 13 52 8
73 50 75 50 75 52 73 52 73 50
22 87 24 87 24 93 22 93 22 87
47 77 51 77 51 82 47 82 47 77
61 54 65 54 65 59 61 59 61 54
67 57 69 57 69 60 67 60 67 57
82 15 86 15 86 21 82 21 82 15
7 52 13 52 13 58 7 58 7 52
82 72 85 72 85 75 82 75 82 72
50 17 52 17 52 22 50 22 50 17
71 39 74 39 74 44 71 44 71 39
2 25 8 25 8 28 2 28 2 25
24 19 27 19 27 22 24 22 24 19
71 11 76 11 76 13 71 13 71 11
83 12 89 12 89 14 83 14 83 12
16 8 19 8 19 10 16 10 16 8
8 15 14 15 14 17 8 17 8 15
54 32 56 32 56 34 54 34 54 32
29 36 34 36 34 40 29 40 29 36
33 8 35 8 35 14 33 14 33 8
20 13 24 13 24 15 20 15 20 13
63 79 66 79 66 82 63 82 63 79
4 37 8 37 8 39 4 39 4 37
70 15 76 15 76 20 70 20 70 15
18 64 21 64 21 66 18 66 18 64
77 6 81 6 81 12 77 12 77 6
31 46 35 46 35 51 31 51 31 46
13 68 18 68 18 70 13 70 13 68
32 55 34 55 34 58 32 58 32 55
61 31 65 31 65 35 61 35 61 31
48 24 54 24 54 26 48 26 48 24
71 89 73 89 73 92 71 92 71 89
20 45 23 45 23 48 20 48 20 45
13 26 19 26 19 28 13 28 13 26
94 52 97 52 97 58 94 58 94 52
53 89 55 89 55 91 53 91 53 89
14 34 20 34 20 40 14 40 14 34
39 40 43 40 43 43 39 43 39 40
85 51 91 51 91 57 85 57 85 51
56 20 62 20 62 22 56 22 56 20
77 61 79 61 79 66 77 66 77 61
10 77 16 77 16 79 10 79 10 77
40 94 42 94 42 97 40 97 40 94
49 45 52 45 52 48 49 48 49 45
71 65 74 65 74 67 71 67 71 65
79 51 82 51 82 55 79 55 79 51
45 8 47 8 47 11 45 11 45 8
73 33 76 33 76 37 73 37 73 33
61 27 65 27 65 30 61 30 61 27
40 17 44 17 44 19 40 19 40 17
34 85 36 85 36 88 34 88 34 85
65 4 69 4 69 10 65 10 65 4
56 42 60 42 60 47 56 47 56 42
46 85 52 85 52 90 46 90 46 85
3 80 6 80 6 83 3 83 3 80
65 73 68 73 68 76 65 76 65 73
78 34 81 34 81 39 78 39 78 34
91 81 95 81 95 85 91 85 91 81
7 63 9 63 9 68 7 68 7 63
83 88 88 88 88 92 83 92 83 88
55 65 61 65 61 68 55 68 55 65
87 20 93 20 93 26 87 26 87 20
90 27 94 27 94 30 90 30 90 27
73 80 76 80 76 86 73 86 73 80
36 31 42 31 42 37 36 37 36 31
9 94 11 94 11 98 9 98 9 94
22 69 24 69 24 71 22 71 22 69
58 14 62 14 62 17 58 17 58 14
28 90 34 90 34 94 28 94 28 90
62 89 65 89 65 95 62 95 62 89
3 5 6 5 6 10 3 10 3 5
29 81 31 81 31 85 29 85 29 81
22 61 27 61 27 65 22 65 22 61
12 89 18 89 18 92 12 92 12 89
54 73 56 73 56 75 54 75 54 73
47 17 49 17 49 21 47 21 47 17
4 87 10 87 10 92 4 92 4 87
12 80 17 80 17 86 12 86 12 80
20 95 26 95 26 97 20 97 20 95
93 38 97 38 97 40 93 40 93 38
55 60 60 60 60 64 55 64 55 60
48 33 53 33 53 37 48 37 48 33
14 45 17 45 17 48 14 48 14 45
30 20 35 20 35 23 30 23 30 20
58 31 60 31 60 33 58 33 58 31
65 63 70 63 70 68 65 68 65 63
40 60 45 60 45 62 40 62 40 60
66 30 69 30 69 36 66 36 66 30
84 42 89 42 89 45 84 45 84 42
10 65 12 65 12 67 10 67 10 65
61 39 65 39 65 41 61 41 61 39
82 22 86 22 86 25 82 25 82 22
87 6 89 6 89 11 87 11 87 6
