90 34 93 34 93 36 90 36 90 34
36 63 38 63 38 67 36 67 36 63
10 36 13 36 13 39 10 39 10 36
36 15 38 15 38 17 36 17 36 15
33 80 39 80 39 82 33 82 33 80
2 22 6 22 6 24 2 24 2 22
34 21 38 21 38 25 34 25 34 21
19 49 21 49 21 52 19 52 19 49
83 52 86 52 86 55 83 55 83 52
16 77 19 77 19 80 16 80 16 77
92 70 95 70 95 75 92 75 92 70
50 68 54 68 54 70 50 70 50 68
90 24 93 24 93 30 90 30 90 24
46 55 51 55 51 60 46 60 46 55
5 3 11 3 11 8 5 8 5 3
56 8 61 8 61 10 56 10 56 8
23 56 25 56 25 60 23 60 23 56
26 17 31 17 31 21 26 21 26 17
77 29 80 29 80 31 77 31 77 29
85 71 91 71 91 77 85 77 85 71
74 66 77 66 77 71 74 71 74 66
75 89 80 89 80 91 75 91 75 89
36 2 41 2 41 6 36 6 36 2
22 89 24 89 24 94 22 94 22 89
60 64 63 64 63 70 60 70 60 64
30 79 32 79 32 84 30 84 30 79
68 69 70 69 70 74 68 74 68 69
72 26 75 26 75 31 72 31 72 26
35 40 40 40 40 42 35 42 35 40
58 79 61 79 61 84 58 84 58 79
52 51 54 51 54 53 52 53 52 51
16 4 20 4 20 8 16 8 16 4
83 14 87 14 87 18 83 18 83 14
84 19 88 19 88 23 84 23 84 19
46 20 52 20 52 26 46 26 46 20
82 27 85 27 85 31 82 31 82 27
79 58 85 58 85 62 79 62 79 58
62 94 66 94 66 98 62 98 62 94
16 53 21 53 21 57 16 57 16 53
74 39 77 39 77 43 74 43 74 39
45 89 48 89 48 93 45 93 45 89
67 52 72 52 72 54 67 54 67 52
49 7 54 7 54 12 49 12 49 7
61 22 64 22 64 25 61 25 61 22
62 73 64 73 64 78 62 78 62 73
63 29 68 29 68 32 63 32 63 29
67 89 72 89 72 95 67 95 67 89
44 42 50 42 50 44 44 44 44 42
50 78 52 78 52 82 50 82 50 78
44 49 50 49 50 54 44 54 44 49
27 28 30 28 30 30 27 30 27 28
8 67 11 67 11 70 8 70 8 67
69 65 71 65 71 67 69 67 69 65
14 84 18 84 18 86 14 86 14 84
13 14 16 14 16 19 13 19 13 14
69 60 73 60 73 62 69 62 69 60
20 9 26 9 26 14 20 14 20 9
8 87 13 87 13 93 8 93 8 87
57 85 62 85 62 90 57 90 57 85
66 19 72 19 72 22 66 22 66 19
4 43 6 43 6 46 4 46 4 43
57 93 60 93 60 97 57 97 57 93
63 46 68 46 68 51 63 51 63 46
34 46 40 46 40 49 34 49 34 46
19 61 25 61 25 63 19 63 19 61
81 41 87 41 87 46 81 46 81 41
85 91 89 91 89 93 85 93 85 91
61 4 65 4 65 6 61 6 61 4
39 52 42 52 42 55 39 55 39 52
25 67 29 67 29 71 25 71 25 67
7 53 13 53 13 58 7 58 7 53
23 77 29 77 29 81 23 81 23 77
82 64 85 64 85 67 82 67 82 64
80 17 82 17 82 22 80 22 80 17
12 23 15 23 15 29 12 29 12 23
41 68 44 68 44 74 41 74 41 68
86 58 90 58 90 62 86 62 86 58
10 72 13 72 13 76 10 76 10 72
95 36 98 36 98 40 95 40 95 36
87 5 90 5 90 7 87 7 87 5
42 6 46 6 46 10 42 10 42 6
5 94 7 94 7 96 5 96 5 94
17 66 22 66 22 69 17 69 17 66
59 52 63 52 63 58 59 58 59 52
93 17 95 17 95 23 93 23 93 17
62 8 65 8 65 13 62 13 62 8
62 39 64 39 64 42 62 42 62 39
55 36 59 36 59 38 55 38 55 36
30 37 33 37 33 43 30 43 30 37
52 2 54 2 54 4 52 4 52 2
89 84 93 84 93 87 89 87 89 84
21 37 26 37 26 43 21 43 21 37
45 30 51 30 51 33 45 33 45 30
15 90 17 90 17 94 15 94 15 90
91 61 94 61 94 64 91 64 91 61
2 47 6 47 6 50 2 50 2 47
92 76 95 76 95 80 92 80 92 76
37 29 41 29 41 31 37 31 37 29
30 76 36 76 36 78 30 78 30 76
53 23 56 23 56 28 53 28 53 23
