6 68 11 68 11 70 6 70 6 68
48 92 54 92 54 96 48 96 48 92
52 48 57 48 57 51 52 51 52 48
13 20 17 20 17 26 13 26 13 20
53 12 59 12 59 18 53 18 53 12
35 15 39 15 39 21 35 21 35 15
89 6 92 6 92 8 89 8 89 6
6 71 9 71 9 73 6 73 6 71
92 9 96 9 96 14 92 14 92 9
22 70 28 70 28 73 22 73 22 70
11 45 15 45 15 49 11 49 11 45
66 47 70 47 70 53 66 53 66 47
57 29 62 29 62 31 57 31 57 29
29 55 33 55 33 59 29 59 29 55
64 86 69 86 69 88 64 88 64 86
32 60 38 60 38 63 32 63 32 60
8 13 13 13 13 17 8 17 8 13
76 22 81 22 81 25 76 25 76 22
41 19 46 19 46 24 41 24 41 19
75 12 77 12 77 15 75 15 75 12
81 60 85 60 85 66 81 66 81 60
60 46 65 46 65 51 60 51 60 46
78 48 82 48 82 52 78 52 78 48
70 79 72 79 72 82 70 82 70 79
17 4 23 4 23 9 17 9 17 4
65 72 67 72 67 76 65 76 65 72
71 67 74 67 74 73 71 73 71 67
14 70 19 70 19 72 14 72 14 70
2 32 8 32 8 36 2 36 2 32
80 91 84 91 84 94 80 94 80 91
50 19 52 19 52 25 50 25 50 19
92 37 97 37 97 40 92 40 92 37
5 22 7 22 7 28 5 28 5 22
30 41 32 41 32 46 30 46 30 41
84 25 89 25 89 30 84 30 84 25
71 19 74 19 74 23 71 23 71 19
39 46 42 46 42 49 39 49 39 46
84 67 90 67 90 73 84 73 84 67
89 91 95 91 95 93 89 93 89 91
44 55 49 55 49 58 44 58 44 55
69 92 73 92 73 98 69 98 69 92
17 56 23 56 23 58 17 58 17 56
76 68 78 68 78 70 76 70 76 68
16 43 18 43 18 49 16 49 16 43
64 5 70 5 70 9 64 9 64 5
61 62 64 62 64 67 61 67 61 62
30 83 34 83 34 87 30 87 30 83
44 32 49 32 49 36 44 36 44 32
5 78 10 78 10 83 5 83 5 78
40 38 45 38 45 40 40 40 40 38
21 59 25 59 25 61 21 61 21 59
60 59 62 59 62 61 60 61 60 59
91 58 94 58 94 64 91 64 91 58
3 88 5 88 5 92 3 92 3 88
34 30 38 30 38 34 34 34 34 30
63 2 65 2 65 4 63 4 63 2
40 7 45 7 45 12 40 12 40 7
34 27 40 27 40 29 34 29 34 27
29 15 34 15 34 17 29 17 29 15
23 76 29 76 29 79 23 79 23 76
66 25 71 25 71 28 66 28 66 25
11 27 16 27 16 32 11 32 11 27
51 44 57 44 57 46 51 46 51 44
55 23 57 23 57 25 55 25 55 23
68 31 71 31 71 33 68 33 68 31
56 90 62 90 62 95 56 95 56 90
47 2 53 2 53 6 47 6 47 2
40 63 45 63 45 66 40 66 40 63
13 87 16 87 16 93 13 93 13 87
93 53 97 53 97 56 93 56 93 53
46 69 52 69 52 75 46 75 46 69
28 23 31 23 31 25 28 25 28 23
90 77 94 77 94 80 90 80 90 77
24 27 28 27 28 31 24 31 24 27
87 76 89 76 89 78 87 78 87 76
6 91 9 91 9 96 6 96 6 91
75 33 80 33 80 36 75 36 75 33
45 49 49 49 49 51 45 51 45 49
40 78 46 78 46 84 40 84 40 78
20 36 23 36 23 41 20 41 20 36
47 79 53 79 53 83 47 83 47 79
33 9 39 9 39 14 33 14 33 9
60 11 63 11 63 17 60 17 60 11
2 6 6 6 6 11 2 11 2 6
85 11 89 11 89 14 85 14 85 11
71 7 73 7 73 9 71 9 71 7
17 82 22 82 22 88 17 88 17 82
95 84 98 84 98 89 95 89 95 84
39 33 41 33 41 35 39 35 39 33
41 26 45 26 45 28 41 28 41 26
3 43 9 43 9 46 3 46 3 43
83 49 86 49 86 55 83 55 83 49
33 40 36 40 36 45 33 45 33 40
24 33 27 33 27 37 24 37 24 33
15 11 19 11 19 16 15 16 15 11
56 33 58 33 58 39 56 39 56 33
18 33 21 33 21 35 18 35 18 33
73 61 79 61 79 66 73 66 73 61
88 48 90 48 90 51 88 51 88 48
70 54 73 54 73 60 70 60 70 54
