76 13 79 13 79 15 76 15 76 13
92 9 97 9 97 14 92 14 92 9
51 49 56 49 56 54 51 54 51 49
58 48 62 48 62 51 58 51 58 48
34 32 39 32 39 35 34 35 34 32
72 77 76 77 76 83 72 83 72 77
91 88 97 88 97 94 91 94 91 88
16 25 18 25 18 28 16 28 16 25
64 63 67 63 67 67 64 67 64 63
12 85 16 85 16 90 12 90 12 85
17 93 19 93 19 96 17 96 17 93
82 92 86 92 86 97 82 97 82 92
70 50 75 50 75 52 70 52 70 50
39 93 42 93 42 97 39 97 39 93
60 6 65 6 65 12 60 12 60 6
32 10 38 10 38 16 32 16 32 10
33 83 37 83 37 86 33 86 33 83
77 57 81 57 81 62 77 62 77 57
49 32 51 32 51 34 49 34 49 32
83 19 86 19 86 25 83 25 83 19
33 45 38 45 38 49 33 49 33 45
56 42 59 42 59 47 56 47 56 42
90 82 93 82 93 84 90 84 90 82
10 42 14 42 14 44 10 44 10 42
74 18 78 18 78 23 74 23 74 18
37 60 41 60 41 65 37 65 37 60
87 39 90 39 90 42 87 42 87 39
84 75 88 75 88 81 84 81 84 75
18 49 20 49 20 54 18 54 18 49
31 90 37 90 37 93 31 93 31 90
43 10 47 10 47 14 43 14 43 10
52 44 55 44 55 46 52 46 52 44
62 92 64 92 64 98 62 98 62 92
53 64 57 64 57 68 53 68 53 64
3 74 9 74 9 79 3 79 3 74
21 68 26 68 26 74 21 74 21 68
48 25 52 25 52 31 48 31 48 25
8 54 11 54 11 60 8 60 8 54
22 79 25 79 25 81 22 81 22 79
79 3 84 3 84 5 79 5 79 3
9 7 11 7 11 13 9 13 9 7
58 27 62 27 62 32 58 32 58 27
93 17 98 17 98 23 93 23 93 17
20 6 22 6 22 10 20 10 20 6
90 65 96 65 96 69 90 69 90 65
73 32 76 32 76 34 73 34 73 32
59 68 63 68 63 74 59 74 59 68
48 44 51 44 51 46 48 46 48 44
28 38 33 38 33 40 28 40 28 38
40 24 45 24 45 26 40 26 40 24
30 64 33 64 33 69 30 69 30 64
44 28 46 28 46 31 44 31 44 28
14 78 19 78 19 83 14 83 14 78
2 92 6 92 6 94 2 94 2 92
16 29 20 29 20 31 16 31 16 29
93 71 96 71 96 76 93 76 93 71
84 87 87 87 87 90 84 90 84 87
15 63 17 63 17 66 15 66 15 63
7 20 9 20 9 24 7 24 7 20
88 54 94 54 94 59 88 59 88 54
25 43 27 43 27 45 25 45 25 43
64 17 67 17 67 21 64 21 64 17
21 12 23 12 23 16 21 16 21 12
66 35 72 35 72 41 66 41 66 35
12 13 17 13 17 15 12 15 12 13
30 55 35 55 35 57 30 57 30 55
53 22 58 22 58 25 53 25 53 22
2 60 7 60 7 62 2 62 2 60
7 63 11 63 11 69 7 69 7 63
4 38 6 38 6 43 4 43 4 38
51 82 57 82 57 88 51 88 51 82
37 2 43 2 43 6 37 6 37 2
25 86 27 86 27 91 25 91 25 86
75 63 80 63 80 65 75 65 75 63
24 32 27 32 27 36 24 36 24 32
39 86 44 86 44 90 39 90 39 86
89 9 91 9 91 14 89 14 89 9
95 40 98 40 98 44 95 44 95 40
8 47 12 47 12 49 8 49 8 47
26 62 29 62 29 65 26 65 26 62
2 83 7 83 7 87 2 87 2 83
21 50 24 50 24 55 21 55 21 50
67 73 69 73 69 77 67 77 67 73
56 90 61 90 61 93 56 93 56 90
78 30 80 30 80 36 78 36 78 30
85 33 89 33 89 36 85 36 85 33
20 61 25 61 25 67 20 67 20 61
73 85 78 85 78 90 73 90 73 85
41 15 44 15 44 20 41 20 41 15
48 12 53 12 53 17 48 17 48 12
26 10 31 10 31 12 26 12 26 10
31 7 35 7 35 9 31 9 31 7
28 73 33 73 33 77 28 77 28 73
59 58 63 58 63 64 59 64 59 58
84 60 88 60 88 66 84 66 84 60
22 26 24 26 24 28 22 28 22 26
55 73 58 73 58 78 55 78 55 73
46 76 50 76 50 80 46 80 46 76
34 51 36 51 36 54 34 54 34 51
46 84 48 84 48 88 46 88 46 84
