95 42 97 42 97 45 95 45 95 42
50 52 54 52 54 54 50 54 50 52
36 76 42 76 42 82 36 82 36 76
82 26 86 26 86 31 82 31 82 26
67 55 72 55 72 60 67 60 67 55
49 6 55 6 55 9 49 9 49 6
82 19 87 19 87 25 82 25 82 19
46 45 50 45 50 47 46 47 46 45
64 7 68 7 68 13 64 13 64 7
3 64 8 64 8 70 3 70 3 64
19 55 21 55 21 58 19 58 19 55
54 13 59 13 59 15 54 15 54 13
10 9 15 9 15 13 10 13 10 9
16 67 22 67 22 71 16 71 16 67
87 31 90 31 90 36 87 36 87 31
77 73 81 73 81 79 77 79 77 73
81 61 87 61 87 67 81 67 81 61
25 63 29 63 29 67 25 67 25 63
19 88 24 88 24 93 19 93 19 88
84 88 86 88 86 93 84 93 84 88
56 18 60 18 60 24 56 24 56 18
49 63 52 63 52 68 49 68 49 63
37 56 39 56 39 61 37 61 37 56
17 51 21 51 21 53 17 53 17 51
14 58 17 58 17 64 14 64 14 58
46 48 50 48 50 50 46 50 46 48
23 54 25 54 25 58 23 58 23 54
42 31 48 31 48 33 42 33 42 31
73 18 75 18 75 21 73 21 73 18
90 23 93 23 93 29 90 29 90 23
71 3 77 3 77 9 71 9 71 3
57 45 63 45 63 47 57 47 57 45
77 14 80 14 80 20 77 20 77 14
24 39 30 39 30 42 24 42 24 39
57 53 60 53 60 55 57 55 57 53
50 37 56 37 56 40 50 40 50 37
70 61 75 61 75 65 70 65 70 61
58 84 60 84 60 88 58 88 58 84
29 56 31 56 31 58 29 58 29 56
53 60 55 60 55 66 53 66 53 60
39 68 41 68 41 73 39 73 39 68
30 21 32 21 32 26 30 26 30 21
85 40 87 40 87 44 85 44 85 40
41 88 47 88 47 93 41 93 41 88
57 27 63 27 63 33 57 33 57 27
88 73 93 73 93 79 88 79 88 73
13 42 17 42 17 47 13 47 13 42
31 39 37 39 37 42 31 42 31 39
67 27 69 27 69 32 67 32 67 27
21 82 23 82 23 85 21 85 21 82
7 82 10 82 10 88 7 88 7 82
22 30 28 30 28 33 22 33 22 30
58 4 62 4 62 6 58 6 58 4
83 50 86 50 86 55 83 55 83 50
56 48 61 48 61 52 56 52 56 48
13 50 16 50 16 52 13 52 13 50
33 10 37 10 37 14 33 14 33 10
92 52 97 52 97 56 92 56 92 52
3 19 8 19 8 21 3 21 3 19
65 63 67 63 67 67 65 67 65 63
72 30 77 30 77 32 72 32 72 30
74 34 78 34 78 40 74 40 74 34
47 52 49 52 49 58 47 58 47 52
35 88 37 88 37 94 35 94 35 88
27 7 30 7 30 9 27 9 27 7
10 67 12 67 12 69 10 69 10 67
48 73 53 73 53 76 48 76 48 73
81 41 84 41 84 43 81 43 81 41
66 37 68 37 68 40 66 40 66 37
21 20 27 20 27 23 21 23 21 20
75 91 78 91 78 94 75 94 75 91
64 69 68 69 68 75 64 75 64 69
78 22 81 22 81 25 78 25 78 22
65 46 70 46 70 50 65 50 65 46
34 49 38 49 38 52 34 52 34 49
70 68 74 68 74 71 70 71 70 68
59 78 62 78 62 83 59 83 59 78
34 22 36 22 36 24 34 24 34 22
19 36 23 36 23 39 19 39 19 36
39 49 45 49 45 51 39 51 39 49
27 72 32 72 32 75 27 75 27 72
41 95 43 95 43 98 41 98 41 95
19 62 21 62 21 65 19 65 19 62
91 65 93 65 93 70 91 70 91 65
88 40 92 40 92 44 88 44 88 40
27 87 31 87 31 91 27 91 27 87
40 22 43 22 43 27 40 27 40 22
63 18 69 18 69 23 63 23 63 18
52 82 56 82 56 88 52 88 52 82
41 41 45 41 45 47 41 47 41 41
71 12 73 12 73 15 71 15 71 12
35 2 41 2 41 6 35 6 35 2
13 19 18 19 18 22 13 22 13 19
91 57 94 57 94 60 91 60 91 57
13 30 17 30 17 33 13 33 13 30
32 64 36 64 36 68 32 68 32 64
55 91 59 91 59 95 55 95 55 91
6 74 10 74 10 78 6 78 6 74
75 53 81 53 81 56 75 56 75 53
83 57 85 57 85 60 83 60 83 57
