20 25 23 25 23 28 20 28 20 25
27 80 29 80 29 84 27 84 27 80
84 84 87 84 87 90 84 90 84 84
68 74 72 74 72 79 68 79 68 74
46 72 50 72 50 78 46 78 46 72
65 6 69 6 69 11 65 11 65 6
59 75 65 75 65 79 59 79 59 75
67 58 71 58 71 62 67 62 67 58
43 26 47 26 47 31 43 31 43 26
25 14 31 14 31 19 25 19 25 14
89 39 92 39 92 43 89 43 89 39
11 29 16 29 16 35 11 35 11 29
36 46 42 46 42 49 36 49 36 46
22 81 25 81 25 86 22 86 22 81
37 92 43 92 43 98 37 98 37 92
19 62 23 62 23 65 19 65 19 62
77 8 82 8 82 12 77 12 77 8
47 83 51 83 51 85 47 85 47 83
13 88 17 88 17 91 13 91 13 88
35 59 39 59 39 63 35 63 35 59
26 33 30 33 30 35 26 35 26 33
62 31 64 31 64 34 62 34 62 31
14 42 17 42 17 47 14 47 14 42
30 7 35 7 35 12 30 12 30 7
67 23 69 23 69 26 67 26 67 23
44 4 48 4 48 6 44 6 44 4
7 52 12 52 12 56 7 56 7 52
76 66 79 66 79 72 76 72 76 66
63 49 68 49 68 54 63 54 63 49
83 17 85 17 85 20 83 20 83 17
57 36 62 36 62 40 57 40 57 36
88 90 93 90 93 94 88 94 88 90
57 23 60 23 60 29 57 29 57 23
23 51 29 51 29 54 23 54 23 51
43 53 45 53 45 55 43 55 43 53
89 58 94 58 94 63 89 63 89 58
30 29 34 29 34 32 30 32 30 29
80 73 86 73 86 77 80 77 80 73
79 47 82 47 82 51 79 51 79 47
20 90 25 90 25 95 20 95 20 90
41 10 44 10 44 16 41 16 41 10
83 23 88 23 88 25 83 25 83 23
13 37 15 37 15 41 13 41 13 37
48 65 52 65 52 68 48 68 48 65
27 56 31 56 31 59 27 59 27 56
47 7 51 7 51 9 47 9 47 7
54 44 57 44 57 48 54 48 54 44
43 47 49 47 49 50 43 50 43 47
83 91 86 91 86 93 83 93 83 91
71 16 75 16 75 22 71 22 71 16
24 37 27 37 27 39 24 39 24 37
2 9 7 9 7 13 2 13 2 9
59 43 62 43 62 49 59 49 59 43
13 78 17 78 17 80 13 80 13 78
66 40 69 40 69 44 66 44 66 40
35 27 40 27 40 30 35 30 35 27
39 43 43 43 43 45 39 45 39 43
52 54 54 54 54 56 52 56 52 54
92 31 96 31 96 34 92 34 92 31
72 89 74 89 74 95 72 95 72 89
51 27 56 27 56 33 51 33 51 27
54 82 57 82 57 85 54 85 54 82
70 25 72 25 72 29 70 29 70 25
30 82 33 82 33 86 30 86 30 82
28 90 32 90 32 94 28 94 28 90
53 95 55 95 55 98 53 98 53 95
44 33 49 33 49 38 44 38 44 33
82 65 84 65 84 68 82 68 82 65
20 14 23 14 23 16 20 16 20 14
40 69 45 69 45 73 40 73 40 69
2 21 7 21 7 24 2 24 2 21
64 58 66 58 66 62 64 62 64 58
92 13 97 13 97 19 92 19 92 13
58 10 64 10 64 13 58 13 58 10
6 16 10 16 10 18 6 18 6 16
54 12 57 12 57 15 54 15 54 12
86 96 92 96 92 98 86 98 86 96
93 67 97 67 97 71 93 71 93 67
35 55 39 55 39 57 35 57 35 55
71 9 75 9 75 11 71 11 71 9
4 94 10 94 10 98 4 98 4 94
89 5 94 5 94 8 89 8 89 5
28 70 31 70 31 75 28 75 28 70
64 16 68 16 68 19 64 19 64 16
7 75 10 75 10 81 7 81 7 75
9 59 14 59 14 61 9 61 9 59
75 90 81 90 81 96 75 96 75 90
86 31 88 31 88 37 86 37 86 31
94 44 98 44 98 47 94 47 94 44
31 45 33 45 33 47 31 47 31 45
7 25 9 25 9 27 7 27 7 25
40 78 43 78 43 80 40 80 40 78
32 69 34 69 34 74 32 74 32 69
22 2 28 2 28 5 22 5 22 2
64 66 68 66 68 72 64 72 64 66
32 61 34 61 34 63 32 63 32 61
56 72 61 72 61 74 56 74 56 72
74 41 79 41 79 46 74 46 74 41
42 60 45 60 45 62 42 62 42 60
41 20 47 20 47 25 41 25 41 20
