63 70 67 70 67 76 63 76 63 70
18 13 21 13 21 19 18 19 18 13
92 16 97 16 97 18 92 18 92 16
14 87 19 87 19 90 14 90 14 87
55 74 58 74 58 79 55 79 55 74
25 65 27 65 27 69 25 69 25 65
51 69 54 69 54 72 51 72 51 69
50 23 52 23 52 29 50 29 50 23
93 77 95 77 95 82 93 82 93 77
90 46 96 46 96 50 90 50 90 46
52 5 57 5 57 8 52 8 52 5
71 89 74 89 74 95 71 95 71 89
59 11 61 11 61 15 59 15 59 11
34 43 37 43 37 46 34 46 34 43
21 90 23 90 23 94 21 94 21 90
37 90 39 90 39 96 37 96 37 90
57 51 59 51 59 56 57 56 57 51
30 19 36 19 36 22 30 22 30 19
24 59 30 59 30 64 24 64 24 59
48 48 50 48 50 50 48 50 48 48
15 42 18 42 18 45 15 45 15 42
32 62 37 62 37 66 32 66 32 62
52 41 54 41 54 46 52 46 52 41
67 48 73 48 73 50 67 50 67 48
8 67 12 67 12 73 8 73 8 67
16 6 21 6 21 11 16 11 16 6
77 83 83 83 83 88 77 88 77 83
25 92 29 92 29 95 25 95 25 92
47 43 49 43 49 46 47 46 47 43
92 43 94 43 94 45 92 45 92 43
11 94 14 94 14 98 11 98 11 94
6 74 9 74 9 79 6 79 6 74
78 18 84 18 84 21 78 21 78 18
17 49 22 49 22 51 17 51 17 49
91 86 93 86 93 92 91 92 91 86
80 43 86 43 86 46 80 46 80 43
66 33 71 33 71 38 66 38 66 33
7 32 12 32 12 34 7 34 7 32
12 27 15 27 15 29 12 29 12 27
61 40 65 40 65 45 61 45 61 40
84 90 88 90 88 93 84 93 84 90
23 84 26 84 26 87 23 87 23 84
17 26 21 26 21 28 17 28 17 26
28 73 30 73 30 78 28 78 28 73
93 58 98 58 98 63 93 63 93 58
33 29 39 29 39 32 33 32 33 29
70 80 74 80 74 83 70 83 70 80
71 60 77 60 77 62 71 62 71 60
53 29 58 29 58 31 53 31 53 29
28 38 33 38 33 40 28 40 28 38
67 27 70 27 70 31 67 31 67 27
53 58 55 58 55 60 53 60 53 58
27 81 31 81 31 85 27 85 27 81
85 73 91 73 91 76 85 76 85 73
66 17 68 17 68 22 66 22 66 17
14 46 17 46 17 48 14 48 14 46
45 79 50 79 50 81 45 81 45 79
26 51 30 51 30 53 26 53 26 51
23 28 25 28 25 32 23 32 23 28
2 66 7 66 7 68 2 68 2 66
23 6 28 6 28 9 23 9 23 6
85 54 88 54 88 58 85 58 85 54
26 15 30 15 30 17 26 17 26 15
44 57 48 57 48 62 44 62 44 57
40 4 45 4 45 6 40 6 40 4
54 84 60 84 60 89 54 89 54 84
5 60 7 60 7 64 5 64 5 60
4 86 6 86 6 88 4 88 4 86
63 49 65 49 65 52 63 52 63 49
11 76 14 76 14 78 11 78 11 76
85 33 91 33 91 39 85 39 85 33
68 24 70 24 70 26 68 26 68 24
11 56 16 56 16 58 11 58 11 56
41 92 44 92 44 98 41 98 41 92
25 77 27 77 27 79 25 79 25 77
27 24 32 24 32 26 27 26 27 24
43 17 45 17 45 22 43 22 43 17
41 82 46 82 46 84 41 84 41 82
30 8 34 8 34 12 30 12 30 8
64 64 66 64 66 66 64 66 64 64
56 93 62 93 62 96 56 96 56 93
71 51 77 51 77 53 71 53 71 51
75 18 77 18 77 23 75 23 75 18
9 45 11 45 11 48 9 48 9 45
55 37 58 37 58 43 55 43 55 37
80 30 82 30 82 35 80 35 80 30
34 71 36 71 36 77 34 77 34 71
60 4 64 4 64 8 60 8 60 4
86 94 88 94 88 98 86 98 86 94
48 16 51 16 51 18 48 18 48 16
46 73 52 73 52 76 46 76 46 73
72 20 74 20 74 25 72 25 72 20
64 85 66 85 66 89 64 89 64 85
39 54 41 54 41 56 39 56 39 54
23 12 29 12 29 14 23 14 23 12
89 65 95 65 95 68 89 68 89 65
40 65 42 65 42 68 40 68 40 65
64 61 69 61 69 63 64 63 64 61
42 49 47 49 47 52 42 52 42 49
87 77 90 77 90 81 87 81 87 77
