64 11 70 11 70 17 64 17 64 11
18 16 23 16 23 21 18 21 18 16
66 60 72 60 72 64 66 64 66 60
73 36 75 36 75 41 73 41 73 36
37 18 39 18 39 22 37 22 37 18
64 45 67 45 67 51 64 51 64 45
56 70 61 70 61 72 56 72 56 70
86 69 90 69 90 73 86 73 86 69
30 4 32 4 32 8 30 8 30 4
40 24 45 24 45 26 40 26 40 24
20 47 26 47 26 52 20 52 20 47
64 92 66 92 66 98 64 98 64 92
11 41 16 41 16 43 11 43 11 41
83 72 85 72 85 74 83 74 83 72
76 57 78 57 78 59 76 59 76 57
81 24 83 24 83 30 81 30 81 24
50 84 55 84 55 87 50 87 50 84
25 56 27 56 27 59 25 59 25 56
55 44 58 44 58 48 55 48 55 44
58 74 62 74 62 80 58 80 58 74
47 89 50 89 50 93 47 93 47 89
46 74 49 74 49 78 46 78 46 74
86 20 89 20 89 22 86 22 86 20
4 47 7 47 7 53 4 53 4 47
4 37 8 37 8 41 4 41 4 37
73 65 76 65 76 71 73 71 73 65
54 39 56 39 56 43 54 43 54 39
13 85 15 85 15 88 13 88 13 85
15 60 17 60 17 66 15 66 15 60
81 92 87 92 87 95 81 95 81 92
39 38 43 38 43 40 39 40 39 38
56 88 59 88 59 94 56 94 56 88
54 79 56 79 56 83 54 83 54 79
19 95 22 95 22 97 19 97 19 95
81 40 87 40 87 44 81 44 81 40
23 37 28 37 28 42 23 42 23 37
76 83 80 83 80 85 76 85 76 83
42 10 48 10 48 12 42 12 42 10
85 79 87 79 87 84 85 84 85 79
74 72 78 72 78 75 74 75 74 72
14 50 17 50 17 56 14 56 14 50
88 64 93 64 93 66 88 66 88 64
48 7 54 7 54 9 48 9 48 7
18 25 20 25 20 31 18 31 18 25
31 18 33 18 33 23 31 23 31 18
3 60 5 60 5 63 3 63 3 60
44 80 48 80 48 83 44 83 44 80
31 27 34 27 34 33 31 33 31 27
7 2 10 2 10 5 7 5 7 2
59 40 61 40 61 45 59 45 59 40
21 61 23 61 23 66 21 66 21 61
60 60 65 60 65 64 60 64 60 60
46 27 52 27 52 33 46 33 46 27
94 52 96 52 96 54 94 54 94 52
70 52 72 52 72 55 70 55 70 52
79 14 81 14 81 16 79 16 79 14
27 46 29 46 29 52 27 52 27 46
38 2 44 2 44 5 38 5 38 2
66 77 72 77 72 82 66 82 66 77
62 81 65 81 65 85 62 85 62 81
45 18 49 18 49 23 45 23 45 18
94 91 97 91 97 93 94 93 94 91
95 41 98 41 98 46 95 46 95 41
76 86 78 86 78 91 76 91 76 86
36 86 41 86 41 88 36 88 36 86
86 33 89 33 89 35 86 35 86 33
73 44 79 44 79 47 73 47 73 44
67 25 71 25 71 28 67 28 67 25
11 4 17 4 17 8 11 8 11 4
91 6 95 6 95 9 91 9 91 6
67 65 70 65 70 69 67 69 67 65
9 77 13 77 13 81 9 81 9 77
53 28 57 28 57 34 53 34 53 28
35 23 39 23 39 29 35 29 35 23
70 90 73 90 73 96 70 96 70 90
90 44 94 44 94 47 90 47 90 44
45 39 51 39 51 42 45 42 45 39
68 19 70 19 70 23 68 23 68 19
52 23 55 23 55 25 52 25 52 23
36 6 39 6 39 12 36 12 36 6
78 31 81 31 81 34 78 34 78 31
2 87 6 87 6 92 2 92 2 87
9 58 13 58 13 61 9 61 9 58
77 61 80 61 80 65 77 65 77 61
88 3 93 3 93 5 88 5 88 3
34 45 36 45 36 49 34 49 34 45
26 11 32 11 32 14 26 14 26 11
77 48 83 48 83 54 77 54 77 48
85 10 89 10 89 14 85 14 85 10
87 36 92 36 92 38 87 38 87 36
33 34 35 34 35 37 33 37 33 34
63 29 67 29 67 34 63 34 63 29
36 51 39 51 39 55 36 55 36 51
79 17 84 17 84 20 79 20 79 17
27 67 29 67 29 69 27 69 27 67
4 20 7 20 7 26 4 26 4 20
55 10 58 10 58 14 55 14 55 10
84 54 88 54 88 56 84 56 84 54
65 2 69 2 69 7 65 7 65 2
37 91 43 91 43 94 37 94 37 91
