44 71 46 71 46 73 44 73 44 71
45 53 49 53 49 57 45 57 45 53
26 26 28 26 28 31 26 31 26 26
42 78 47 78 47 84 42 84 42 78
28 36 33 36 33 38 28 38 28 36
19 62 25 62 25 64 19 64 19 62
16 47 21 47 21 53 16 53 16 47
19 7 24 7 24 12 19 12 19 7
60 11 66 11 66 13 60 13 60 11
4 33 8 33 8 35 4 35 4 33
12 6 16 6 16 8 12 8 12 6
42 29 47 29 47 31 42 31 42 29
92 18 94 18 94 22 92 22 92 18
66 56 72 56 72 61 66 61 66 56
63 38 66 38 66 42 63 42 63 38
50 63 56 63 56 65 50 65 50 63
40 11 44 11 44 15 40 15 40 11
44 61 48 61 48 67 44 67 44 61
67 9 69 9 69 15 67 15 67 9
30 31 36 31 36 34 30 34 30 31
87 10 91 10 91 16 87 16 87 10
48 31 54 31 54 36 48 36 48 31
95 88 98 88 98 94 95 94 95 88
2 74 7 74 7 76 2 76 2 74
10 52 14 52 14 56 10 56 10 52
83 93 88 93 88 96 83 96 83 93
3 18 7 18 7 21 3 21 3 18
88 38 94 38 94 44 88 44 88 38
79 62 85 62 85 65 79 65 79 62
37 34 40 34 40 38 37 38 37 34
34 17 36 17 36 21 34 21 34 17
80 74 82 74 82 80 80 80 80 74
9 48 13 48 13 51 9 51 9 48
81 82 86 82 86 88 81 88 81 82
95 78 98 78 98 83 95 83 95 78
6 64 10 64 10 69 6 69 6 64
82 3 87 3 87 7 82 7 82 3
78 51 84 51 84 57 78 57 78 51
66 17 68 17 68 20 66 20 66 17
27 53 30 53 30 55 27 55 27 53
18 81 20 81 20 86 18 86 18 81
85 31 90 31 90 36 85 36 85 31
64 83 69 83 69 88 64 88 64 83
2 3 7 3 7 9 2 9 2 3
90 45 95 45 95 48 90 48 90 45
90 79 94 79 94 83 90 83 90 79
63 21 68 21 68 24 63 24 63 21
36 71 39 71 39 76 36 76 36 71
75 45 81 45 81 47 75 47 75 45
54 86 56 86 56 90 54 90 54 86
25 56 27 56 27 60 25 60 25 56
31 92 36 92 36 97 31 97 31 92
64 26 68 26 68 28 64 28 64 26
71 14 74 14 74 17 71 17 71 14
11 42 13 42 13 46 11 46 11 42
22 76 26 76 26 81 22 81 22 76
59 50 62 50 62 53 59 53 59 50
64 69 69 69 69 73 64 73 64 69
76 78 78 78 78 83 76 83 76 78
78 37 81 37 81 40 78 40 78 37
87 68 91 68 91 73 87 73 87 68
38 26 44 26 44 28 38 28 38 26
26 68 31 68 31 72 26 72 26 68
71 49 75 49 75 55 71 55 71 49
87 57 90 57 90 60 87 60 87 57
83 45 85 45 85 47 83 47 83 45
14 70 20 70 20 75 14 75 14 70
62 74 68 74 68 80 62 80 62 74
32 11 34 11 34 15 32 15 32 11
34 42 37 42 37 45 34 45 34 42
57 44 59 44 59 49 57 49 57 44
18 54 20 54 20 56 18 56 18 54
52 14 58 14 58 19 52 19 52 14
25 12 31 12 31 14 25 14 25 12
91 51 93 51 93 55 91 55 91 51
14 9 18 9 18 13 14 13 14 9
52 75 54 75 54 80 52 80 52 75
20 41 23 41 23 44 20 44 20 41
65 33 71 33 71 35 65 35 65 33
45 18 48 18 48 24 45 24 45 18
41 6 47 6 47 9 41 9 41 6
51 3 53 3 53 8 51 8 51 3
10 94 16 94 16 96 10 96 10 94
23 91 27 91 27 96 23 96 23 91
75 60 77 60 77 65 75 65 75 60
34 78 37 78 37 83 34 83 34 78
49 23 52 23 52 27 49 27 49 23
84 15 86 15 86 18 84 18 84 15
53 95 59 95 59 98 53 98 53 95
22 19 26 19 26 21 22 21 22 19
54 92 57 92 57 94 54 94 54 92
20 27 22 27 22 30 20 30 20 27
10 35 15 35 15 41 10 41 10 35
36 50 41 50 41 56 36 56 36 50
44 37 50 37 50 39 44 39 44 37
52 68 56 68 56 73 52 73 52 68
28 3 33 3 33 8 28 8 28 3
53 50 55 50 55 53 53 53 53 50
94 70 97 70 97 75 94 75 94 70
8 90 12 90 12 93 8 93 8 90
