68 82 70 82 70 86 68 86 68 82
43 93 48 93 48 95 43 95 43 93
9 32 11 32 11 34 9 34 9 32
34 46 38 46 38 50 34 50 34 46
31 30 33 30 33 32 31 32 31 30
62 71 65 71 65 74 62 74 62 71
53 85 59 85 59 89 53 89 53 85
79 64 82 64 82 69 79 69 79 64
65 66 70 66 70 70 65 70 65 66
50 46 54 46 54 48 50 48 50 46
79 22 81 22 81 27 79 27 79 22
68 13 70 13 70 18 68 18 68 13
44 78 46 78 46 80 44 80 44 78
34 84 36 84 36 86 34 86 34 84
49 77 51 77 51 81 49 81 49 77
17 23 23 23 23 27 17 27 17 23
48 27 54 27 54 30 48 30 48 27
12 32 17 32 17 38 12 38 12 32
9 45 13 45 13 50 9 50 9 45
45 55 51 55 51 59 45 59 45 55
23 59 28 59 28 63 23 63 23 59
59 40 62 40 62 44 59 44 59 40
39 31 45 31 45 36 39 36 39 31
30 67 33 67 33 70 30 70 30 67
12 9 16 9 16 15 12 15 12 9
64 39 66 39 66 43 64 43 64 39
40 70 45 70 45 76 40 76 40 70
30 36 36 36 36 39 30 39 30 36
93 76 96 76 96 79 93 79 93 76
43 61 47 61 47 66 43 66 43 61
70 56 73 56 73 58 70 58 70 56
95 67 98 67 98 71 95 71 95 67
70 25 74 25 74 29 70 29 70 25
81 70 86 70 86 74 81 74 81 70
18 61 20 61 20 65 18 65 18 61
76 92 81 92 81 96 76 96 76 92
79 16 84 16 84 21 79 21 79 16
86 15 89 15 89 18 86 18 86 15
95 34 98 34 98 37 95 37 95 34
29 61 31 61 31 64 29 64 29 61
2 40 8 40 8 46 2 46 2 40
55 30 59 30 59 33 55 33 55 30
65 44 70 44 70 50 65 50 65 44
39 5 42 5 42 7 39 7 39 5
84 30 86 30 86 35 84 35 84 30
91 4 95 4 95 7 91 7 91 4
3 4 8 4 8 8 3 8 3 4
49 33 54 33 54 36 49 36 49 33
73 8 75 8 75 10 73 10 73 8
41 20 44 20 44 22 41 22 41 20
24 33 26 33 26 38 24 38 24 33
30 56 35 56 35 58 30 58 30 56
29 92 32 92 32 97 29 97 29 92
29 76 34 76 34 80 29 80 29 76
39 60 42 60 42 62 39 62 39 60
65 2 67 2 67 8 65 8 65 2
36 93 41 93 41 95 36 95 36 93
20 90 22 90 22 92 20 92 20 90
58 14 63 14 63 17 58 17 58 14
52 2 54 2 54 8 52 8 52 2
5 82 9 82 9 85 5 85 5 82
75 39 81 39 81 42 75 42 75 39
82 56 84 56 84 59 82 59 82 56
46 38 48 38 48 41 46 41 46 38
52 59 56 59 56 64 52 64 52 59
50 84 52 84 52 86 50 86 50 84
10 90 14 90 14 95 10 95 10 90
4 10 10 10 10 14 4 14 4 10
65 20 70 20 70 24 65 24 65 20
10 24 13 24 13 27 10 27 10 24
26 49 28 49 28 53 26 53 26 49
62 89 67 89 67 93 62 93 62 89
50 21 54 21 54 23 50 23 50 21
21 9 24 9 24 13 21 13 21 9
7 62 10 62 10 68 7 68 7 62
85 79 88 79 88 81 85 81 85 79
30 7 34 7 34 13 30 13 30 7
16 39 19 39 19 45 16 45 16 39
3 71 5 71 5 74 3 74 3 71
38 14 42 14 42 16 38 16 38 14
23 83 26 83 26 88 23 88 23 83
94 13 97 13 97 16 94 16 94 13
84 36 89 36 89 38 84 38 84 36
53 77 57 77 57 79 53 79 53 77
54 68 57 68 57 74 54 74 54 68
10 85 15 85 15 87 10 87 10 85
60 20 64 20 64 26 60 26 60 20
34 23 36 23 36 29 34 29 34 23
17 85 22 85 22 89 17 89 17 85
83 63 85 63 85 67 83 67 83 63
49 8 51 8 51 13 49 13 49 8
51 91 53 91 53 95 51 95 51 91
91 73 97 73 97 75 91 75 91 73
3 33 8 33 8 39 3 39 3 33
58 64 60 64 60 68 58 68 58 64
88 29 92 29 92 34 88 34 88 29
69 60 73 60 73 63 69 63 69 60
9 75 11 75 11 80 9 80 9 75
12 18 14 18 14 20 12 20 12 18
78 34 83 34 83 38 78 38 78 34
