27 16 31 16 31 18 27 18 27 16
82 26 87 26 87 29 82 29 82 26
69 22 73 22 73 27 69 27 69 22
10 78 14 78 14 81 10 81 10 78
72 80 75 80 75 82 72 82 72 80
33 10 35 10 35 16 33 16 33 10
19 10 21 10 21 16 19 16 19 10
7 43 10 43 10 48 7 48 7 43
60 88 64 88 64 94 60 94 60 88
15 19 21 19 21 22 15 22 15 19
75 58 79 58 79 60 75 60 75 58
38 21 43 21 43 27 38 27 38 21
31 75 35 75 35 81 31 81 31 75
86 69 92 69 92 73 86 73 86 69
12 29 17 29 17 32 12 32 12 29
29 38 34 38 34 40 29 40 29 38
35 56 37 56 37 59 35 59 35 56
54 39 60 39 60 42 54 42 54 39
14 9 16 9 16 12 14 12 14 9
23 22 27 22 27 27 23 27 23 22
20 94 24 94 24 97 20 97 20 94
51 58 56 58 56 63 51 63 51 58
90 26 94 26 94 29 90 29 90 26
65 46 71 46 71 49 65 49 65 46
56 70 59 70 59 76 56 76 56 70
63 74 69 74 69 77 63 77 63 74
75 5 81 5 81 11 75 11 75 5
83 20 88 20 88 22 83 22 83 20
46 37 48 37 48 39 46 39 46 37
84 52 88 52 88 58 84 58 84 52
22 73 28 73 28 78 22 78 22 73
47 4 51 4 51 9 47 9 47 4
7 64 9 64 9 69 7 69 7 64
42 77 48 77 48 81 42 81 42 77
14 66 20 66 20 68 14 68 14 66
67 15 69 15 69 18 67 18 67 15
84 76 87 76 87 80 84 80 84 76
53 4 58 4 58 6 53 6 53 4
22 55 26 55 26 61 22 61 22 55
54 51 58 51 58 56 54 56 54 51
16 81 18 81 18 86 16 86 16 81
57 25 59 25 59 28 57 28 57 25
30 43 32 43 32 48 30 48 30 43
52 20 57 20 57 24 52 24 52 20
76 43 79 43 79 45 76 45 76 43
51 77 57 77 57 79 51 79 51 77
20 82 26 82 26 88 20 88 20 82
46 73 50 73 50 75 46 75 46 73
52 90 58 90 58 93 52 93 52 90
7 86 11 86 11 91 7 91 7 86
93 67 97 67 97 69 93 69 93 67
58 31 60 31 60 34 58 34 58 31
46 67 50 67 50 72 46 72 46 67
72 87 75 87 75 93 72 93 72 87
85 12 88 12 88 16 85 16 85 12
61 31 67 31 67 35 61 35 61 31
26 28 28 28 28 32 26 32 26 28
56 84 58 84 58 87 56 87 56 84
87 31 89 31 89 37 87 37 87 31
35 90 41 90 41 95 35 95 35 90
90 47 92 47 92 52 90 52 90 47
75 19 78 19 78 22 75 22 75 19
3 51 9 51 9 54 3 54 3 51
51 81 54 81 54 85 51 85 51 81
12 43 17 43 17 47 12 47 12 43
66 83 68 83 68 89 66 89 66 83
73 73 79 73 79 79 73 79 73 73
65 41 70 41 70 44 65 44 65 41
93 72 97 72 97 77 93 77 93 72
42 85 46 85 46 88 42 88 42 85
36 30 40 30 40 34 36 34 36 30
6 9 8 9 8 11 6 11 6 9
40 66 45 66 45 71 40 71 40 66
96 9 98 9 98 12 96 12 96 9
19 41 22 41 22 43 19 43 19 41
50 43 55 43 55 47 50 47 50 43
72 48 78 48 78 50 72 50 72 48
48 32 54 32 54 34 48 34 48 32
94 89 96 89 96 95 94 95 94 89
79 80 83 80 83 83 79 83 79 80
60 67 65 67 65 72 60 72 60 67
87 93 92 93 92 98 87 98 87 93
47 93 50 93 50 96 47 96 47 93
44 62 46 62 46 65 44 65 44 62
89 56 95 56 95 58 89 58 89 56
62 43 64 43 64 48 62 48 62 43
37 5 39 5 39 8 37 8 37 5
38 13 43 13 43 17 38 17 38 13
61 7 67 7 67 12 61 12 61 7
43 53 47 53 47 55 43 55 43 53
18 70 21 70 21 72 18 72 18 70
9 26 13 26 13 28 9 28 9 26
28 56 33 56 33 61 28 61 28 56
21 2 26 2 26 5 21 5 21 2
3 78 5 78 5 83 3 83 3 78
68 9 72 9 72 14 68 14 68 9
66 50 70 50 70 56 66 56 66 50
93 3 98 3 98 5 93 5 93 3
34 47 37 47 37 52 34 52 34 47
15 74 17 74 17 79 15 79 15 74
