30 90 32 90 32 95 30 95 30 90
30 52 33 52 33 54 30 54 30 52
4 29 10 29 10 34 4 34 4 29
69 5 73 5 73 7 69 7 69 5
65 28 70 28 70 33 65 33 65 28
75 3 80 3 80 7 75 7 75 3
34 3 37 3 37 6 34 6 34 3
27 62 31 62 31 64 27 64 27 62
53 80 59 80 59 85 53 85 53 80
32 86 35 86 35 88 32 88 32 86
15 74 21 74 21 77 15 77 15 74
80 27 84 27 84 30 80 30 80 27
55 6 58 6 58 9 55 9 55 6
9 74 13 74 13 76 9 76 9 74
77 46 79 46 79 51 77 51 77 46
8 91 13 91 13 96 8 96 8 91
71 39 73 39 73 43 71 43 71 39
25 55 29 55 29 59 25 59 25 55
91 62 95 62 95 66 91 66 91 62
68 79 73 79 73 84 68 84 68 79
40 47 45 47 45 52 40 52 40 47
3 2 6 2 6 4 3 4 3 2
81 82 84 82 84 86 81 86 81 82
68 63 74 63 74 68 68 68 68 63
59 4 63 4 63 7 59 7 59 4
5 41 9 41 9 43 5 43 5 41
67 19 70 19 70 22 67 22 67 19
53 71 57 71 57 77 53 77 53 71
81 55 85 55 85 61 81 61 81 55
19 57 24 57 24 61 19 61 19 57
61 89 66 89 66 92 61 92 61 89
31 28 34 28 34 30 31 30 31 28
44 39 50 39 50 45 44 45 44 39
16 30 19 30 19 33 16 33 16 30
87 71 91 71 91 73 87 73 87 71
61 39 67 39 67 41 61 41 61 39
54 25 60 25 60 28 54 28 54 25
11 44 13 44 13 49 11 49 11 44
65 73 68 73 68 78 65 78 65 73
12 83 18 83 18 85 12 85 12 83
58 68 61 68 61 73 58 73 58 68
6 58 8 58 8 60 6 60 6 58
58 74 64 74 64 77 58 77 58 74
68 91 71 91 71 93 68 93 68 91
12 2 17 2 17 5 12 5 12 2
51 62 53 62 53 68 51 68 51 62
36 15 38 15 38 21 36 21 36 15
78 8 84 8 84 10 78 10 78 8
41 54 43 54 43 58 41 58 41 54
47 2 53 2 53 7 47 7 47 2
64 57 66 57 66 59 64 59 64 57
76 70 78 70 78 72 76 72 76 70
25 45 30 45 30 48 25 48 25 45
87 18 89 18 89 20 87 20 87 18
62 60 64 60 64 66 62 66 62 60
61 22 66 22 66 25 61 25 61 22
57 33 60 33 60 39 57 39 57 33
42 74 48 74 48 76 42 76 42 74
73 73 76 73 76 75 73 75 73 73
53 17 57 17 57 21 53 21 53 17
36 66 42 66 42 70 36 70 36 66
26 33 32 33 32 35 26 35 26 33
58 54 63 54 63 58 58 58 58 54
36 44 42 44 42 46 36 46 36 44
76 64 80 64 80 69 76 69 76 64
54 48 59 48 59 53 54 53 54 48
92 26 97 26 97 30 92 30 92 26
3 63 6 63 6 69 3 69 3 63
16 78 21 78 21 80 16 80 16 78
72 85 74 85 74 90 72 90 72 85
88 75 90 75 90 79 88 79 88 75
75 28 79 28 79 31 75 31 75 28
13 14 17 14 17 18 13 18 13 14
2 17 4 17 4 22 2 22 2 17
72 50 74 50 74 54 72 54 72 50
36 79 40 79 40 81 36 81 36 79
87 48 92 48 92 51 87 51 87 48
88 5 91 5 91 8 88 8 88 5
85 34 90 34 90 39 85 39 85 34
41 88 46 88 46 93 41 93 41 88
36 11 41 11 41 14 36 14 36 11
91 76 96 76 96 81 91 81 91 76
24 84 27 84 27 87 24 87 24 84
64 2 68 2 68 4 64 4 64 2
68 55 72 55 72 60 68 60 68 55
28 49 33 49 33 51 28 51 28 49
92 67 98 67 98 71 92 71 92 67
43 8 48 8 48 13 43 13 43 8
93 2 97 2 97 8 93 8 93 2
4 93 6 93 6 95 4 95 4 93
47 80 52 80 52 84 47 84 47 80
51 88 57 88 57 91 51 91 51 88
87 55 93 55 93 59 87 59 87 55
22 93 24 93 24 97 22 97 22 93
78 15 83 15 83 17 78 17 78 15
16 63 21 63 21 69 16 69 16 63
15 90 18 90 18 93 15 93 15 90
83 66 85 66 85 72 83 72 83 66
48 21 50 21 50 27 48 27 48 21
18 7 23 7 23 10 18 10 18 7
