34 84 39 84 39 88 34 88 34 84
91 8 97 8 97 10 91 10 91 8
24 49 28 49 28 53 24 53 24 49
71 52 73 52 73 55 71 55 71 52
34 35 37 35 37 39 34 39 34 35
52 95 58 95 58 98 52 98 52 95
80 77 85 77 85 81 80 81 80 77
85 53 90 53 90 57 85 57 85 53
52 79 57 79 57 82 52 82 52 79
28 72 34 72 34 75 28 75 28 72
25 57 29 57 29 59 25 59 25 57
59 57 61 57 61 59 59 59 59 57
53 53 56 53 56 59 53 59 53 53
31 48 33 48 33 50 31 50 31 48
40 2 45 2 45 5 40 5 40 2
74 67 76 67 76 72 74 72 74 67
24 75 26 75 26 79 24 79 24 75
23 46 29 46 29 48 23 48 23 46
4 27 8 27 8 33 4 33 4 27
41 95 45 95 45 98 41 98 41 95
57 9 63 9 63 15 57 15 57 9
11 30 17 30 17 35 11 35 11 30
13 46 16 46 16 49 13 49 13 46
77 14 81 14 81 18 77 18 77 14
7 46 11 46 11 51 7 51 7 46
10 91 13 91 13 97 10 97 10 91
21 65 23 65 23 67 21 67 21 65
42 81 45 81 45 85 42 85 42 81
86 89 92 89 92 94 86 94 86 89
40 36 44 36 44 41 40 41 40 36
91 11 94 11 94 15 91 15 91 11
37 7 42 7 42 13 37 13 37 7
43 67 48 67 48 70 43 70 43 67
43 12 49 12 49 14 43 14 43 12
69 87 71 87 71 90 69 90 69 87
44 22 48 22 48 25 44 25 44 22
7 9 9 9 9 12 7 12 7 9
42 49 47 49 47 55 42 55 42 49
94 33 97 33 97 38 94 38 94 33
45 73 50 73 50 75 45 75 45 73
75 77 79 77 79 80 75 80 75 77
65 62 69 62 69 66 65 66 65 62
17 53 22 53 22 56 17 56 17 53
76 56 82 56 82 58 76 58 76 56
65 42 67 42 67 48 65 48 65 42
92 72 98 72 98 77 92 77 92 72
5 34 9 34 9 37 5 37 5 34
7 85 10 85 10 89 7 89 7 85
39 66 41 66 41 72 39 72 39 66
23 93 29 93 29 95 23 95 23 93
36 89 39 89 39 95 36 95 36 89
61 69 66 69 66 71 61 71 61 69
3 41 5 41 5 43 3 43 3 41
85 35 87 35 87 41 85 41 85 35
80 22 86 22 86 28 80 28 80 22
7 38 11 38 11 40 7 40 7 38
93 63 96 63 96 65 93 65 93 63
52 15 54 15 54 19 52 19 52 15
16 5 19 5 19 7 16 7 16 5
50 83 56 83 56 89 50 89 50 83
2 10 6 10 6 12 2 12 2 10
93 51 97 51 97 55 93 55 93 51
34 47 36 47 36 50 34 50 34 47
49 26 54 26 54 32 49 32 49 26
17 87 21 87 21 90 17 90 17 87
58 81 61 81 61 86 58 86 58 81
18 9 22 9 22 12 18 12 18 9
56 64 58 64 58 69 56 69 56 64
3 73 7 73 7 77 3 77 3 73
34 32 36 32 36 34 34 34 34 32
78 44 84 44 84 49 78 49 78 44
57 16 62 16 62 18 57 18 57 16
90 60 96 60 96 62 90 62 90 60
95 69 98 69 98 71 95 71 95 69
82 18 85 18 85 20 82 20 82 18
11 68 16 68 16 72 11 72 11 68
3 55 7 55 7 58 3 58 3 55
3 84 5 84 5 86 3 86 3 84
20 13 24 13 24 15 20 15 20 13
55 4 59 4 59 8 55 8 55 4
33 59 37 59 37 65 33 65 33 59
72 92 77 92 77 95 72 95 72 92
24 70 26 70 26 74 24 74 24 70
23 31 27 31 27 34 23 34 23 31
60 65 63 65 63 67 60 67 60 65
57 40 63 40 63 46 57 46 57 40
55 27 60 27 60 33 55 33 55 27
50 56 52 56 52 59 50 59 50 56
65 83 67 83 67 88 65 88 65 83
69 8 71 8 71 11 69 11 69 8
53 62 55 62 55 65 53 65 53 62
18 58 20 58 20 60 18 60 18 58
77 2 81 2 81 5 77 5 77 2
85 84 89 84 89 88 85 88 85 84
92 82 94 82 94 87 92 87 92 82
38 27 42 27 42 31 38 31 38 27
57 70 60 70 60 72 57 72 57 70
72 40 76 40 76 45 72 45 72 40
24 23 26 23 26 25 24 25 24 23
11 85 13 85 13 88 11 88 11 85
