41 63 43 63 43 68 41 68 41 63
60 24 62 24 62 26 60 26 60 24
77 70 83 70 83 74 77 74 77 70
19 90 24 90 24 95 19 95 19 90
49 22 54 22 54 27 49 27 49 22
30 44 33 44 33 49 30 49 30 44
6 4 10 4 10 9 6 9 6 4
67 23 70 23 70 27 67 27 67 23
48 56 51 56 51 59 48 59 48 56
26 84 29 84 29 87 26 87 26 84
25 16 29 16 29 19 25 19 25 16
7 13 11 13 11 15 7 15 7 13
40 93 44 93 44 95 40 95 40 93
87 44 90 44 90 50 87 50 87 44
12 82 15 82 15 86 12 86 12 82
85 6 91 6 91 12 85 12 85 6
70 79 74 79 74 83 70 83 70 79
23 41 26 41 26 47 23 47 23 41
68 54 74 54 74 58 68 58 68 54
37 5 40 5 40 7 37 7 37 5
45 19 47 19 47 24 45 24 45 19
58 66 61 66 61 70 58 70 58 66
3 27 9 27 9 33 3 33 3 27
29 37 32 37 32 43 29 43 29 37
67 67 69 67 69 70 67 70 67 67
18 2 23 2 23 4 18 4 18 2
52 11 56 11 56 15 52 15 52 11
39 41 44 41 44 45 39 45 39 41
79 46 82 46 82 48 79 48 79 46
74 33 78 33 78 38 74 38 74 33
4 83 7 83 7 88 4 88 4 83
85 83 89 83 89 89 85 89 85 83
14 90 18 90 18 94 14 94 14 90
11 17 13 17 13 21 11 21 11 17
3 36 7 36 7 40 3 40 3 36
38 84 42 84 42 87 38 87 38 84
75 79 77 79 77 81 75 81 75 79
79 27 82 27 82 29 79 29 79 27
65 11 70 11 70 16 65 16 65 11
32 29 35 29 35 31 32 31 32 29
41 9 43 9 43 13 41 13 41 9
88 62 93 62 93 65 88 65 88 62
54 17 60 17 60 21 54 21 54 17
29 33 34 33 34 35 29 35 29 33
63 30 66 30 66 36 63 36 63 30
87 75 90 75 90 78 87 78 87 75
84 91 89 91 89 95 84 95 84 91
12 35 14 35 14 41 12 41 12 35
54 30 56 30 56 34 54 34 54 30
61 45 65 45 65 49 61 49 61 45
20 81 22 81 22 86 20 86 20 81
72 22 75 22 75 27 72 27 72 22
91 18 93 18 93 23 91 23 91 18
54 58 57 58 57 60 54 60 54 58
22 36 24 36 24 38 22 38 22 36
55 85 57 85 57 87 55 87 55 85
44 33 48 33 48 37 44 37 44 33
28 9 32 9 32 15 28 15 28 9
92 33 94 33 94 35 92 35 92 33
4 65 7 65 7 68 4 68 4 65
2 54 6 54 6 58 2 58 2 54
20 20 22 20 22 25 20 25 20 20
53 79 58 79 58 81 53 81 53 79
63 77 65 77 65 81 63 81 63 77
92 91 97 91 97 96 92 96 92 91
20 59 22 59 22 61 20 61 20 59
69 42 72 42 72 45 69 45 69 42
36 30 41 30 41 32 36 32 36 30
43 75 46 75 46 79 43 79 43 75
59 60 62 60 62 64 59 64 59 60
78 50 81 50 81 53 78 53 78 50
11 67 13 67 13 72 11 72 11 67
73 17 78 17 78 19 73 19 73 17
13 25 19 25 19 31 13 31 13 25
92 26 95 26 95 32 92 32 92 26
40 21 44 21 44 27 40 27 40 21
47 77 51 77 51 80 47 80 47 77
44 61 50 61 50 65 44 65 44 61
80 57 84 57 84 59 80 59 80 57
21 51 26 51 26 53 21 53 21 51
3 43 8 43 8 47 3 47 3 43
27 80 29 80 29 83 27 83 27 80
79 39 83 39 83 42 79 42 79 39
9 48 11 48 11 54 9 54 9 48
26 25 29 25 29 31 26 31 26 25
12 45 18 45 18 49 12 49 12 45
94 69 97 69 97 74 94 74 94 69
27 53 30 53 30 56 27 56 27 53
3 76 6 76 6 80 3 80 3 76
30 70 35 70 35 74 30 74 30 70
45 92 50 92 50 95 45 95 45 92
81 60 83 60 83 65 81 65 81 60
79 33 85 33 85 37 79 37 79 33
46 39 52 39 52 43 46 43 46 39
31 84 33 84 33 88 31 88 31 84
36 60 38 60 38 63 36 63 36 60
20 7 25 7 25 12 20 12 20 7
95 4 97 4 97 8 95 8 95 4
6 89 9 89 9 94 6 94 6 89
67 31 72 31 72 34 67 34 67 31
