45 43 48 43 48 48 45 48 45 43
45 93 50 93 50 96 45 96 45 93
16 70 19 70 19 76 16 76 16 70
72 57 78 57 78 60 72 60 72 57
15 43 18 43 18 45 15 45 15 43
53 8 58 8 58 12 53 12 53 8
67 92 69 92 69 94 67 94 67 92
36 87 42 87 42 91 36 91 36 87
80 82 83 82 83 86 80 86 80 82
82 5 88 5 88 8 82 8 82 5
75 23 79 23 79 26 75 26 75 23
81 59 87 59 87 63 81 63 81 59
3 42 7 42 7 45 3 45 3 42
51 75 53 75 53 78 51 78 51 75
68 43 70 43 70 46 68 46 68 43
31 78 33 78 33 84 31 84 31 78
60 32 64 32 64 36 60 36 60 32
7 65 13 65 13 70 7 70 7 65
25 2 28 2 28 8 25 8 25 2
45 10 51 10 51 16 45 16 45 10
86 18 90 18 90 20 86 20 86 18
62 47 68 47 68 51 62 51 62 47
25 46 31 46 31 48 25 48 25 46
78 53 80 53 80 56 78 56 78 53
36 69 40 69 40 72 36 72 36 69
93 18 96 18 96 24 93 24 93 18
28 74 30 74 30 77 28 77 28 74
93 51 97 51 97 56 93 56 93 51
9 40 13 40 13 45 9 45 9 40
11 55 13 55 13 58 11 58 11 55
84 70 88 70 88 73 84 73 84 70
88 82 94 82 94 88 88 88 88 82
81 74 86 74 86 78 81 78 81 74
45 80 47 80 47 82 45 82 45 80
92 76 98 76 98 80 92 80 92 76
84 42 87 42 87 48 84 48 84 42
67 37 70 37 70 40 67 40 67 37
36 29 42 29 42 32 36 32 36 29
27 54 31 54 31 59 27 59 27 54
57 3 61 3 61 6 57 6 57 3
79 41 83 41 83 47 79 47 79 41
79 12 81 12 81 18 79 18 79 12
42 22 48 22 48 28 42 28 42 22
76 34 79 34 79 38 76 38 76 34
37 75 43 75 43 80 37 80 37 75
88 41 93 41 93 46 88 46 88 41
82 51 87 51 87 53 82 53 82 51
24 77 26 77 26 83 24 83 24 77
25 62 27 62 27 67 25 67 25 62
90 11 95 11 95 13 90 13 90 11
52 88 55 88 55 92 52 92 52 88
39 61 41 61 41 67 39 67 39 61
63 74 69 74 69 76 63 76 63 74
2 5 5 5 5 7 2 7 2 5
68 77 73 77 73 80 68 80 68 77
91 65 97 65 97 67 91 67 91 65
6 5 10 5 10 10 6 10 6 5
67 60 70 60 70 64 67 64 67 60
35 58 41 58 41 60 35 60 35 58
57 24 61 24 61 27 57 27 57 24
28 18 30 18 30 23 28 23 28 18
84 65 89 65 89 67 84 67 84 65
66 54 69 54 69 57 66 57 66 54
15 83 19 83 19 88 15 88 15 83
7 75 10 75 10 79 7 79 7 75
36 2 38 2 38 5 36 5 36 2
56 74 61 74 61 77 56 77 56 74
47 87 50 87 50 92 47 92 47 87
49 61 55 61 55 64 49 64 49 61
21 55 24 55 24 59 21 59 21 55
59 15 65 15 65 18 59 18 59 15
83 54 86 54 86 56 83 56 83 54
42 64 48 64 48 69 42 69 42 64
26 87 30 87 30 92 26 92 26 87
3 87 8 87 8 92 3 92 3 87
9 14 13 14 13 17 9 17 9 14
41 8 44 8 44 10 41 10 41 8
64 66 69 66 69 70 64 70 64 66
74 13 77 13 77 15 74 15 74 13
62 2 67 2 67 6 62 6 62 2
89 27 93 27 93 31 89 31 89 27
20 35 26 35 26 41 20 41 20 35
38 39 41 39 41 43 38 43 38 39
8 21 13 21 13 24 8 24 8 21
26 13 28 13 28 16 26 16 26 13
83 91 85 91 85 93 83 93 83 91
71 89 76 89 76 93 71 93 71 89
2 54 4 54 4 59 2 59 2 54
6 28 11 28 11 31 6 31 6 28
86 89 90 89 90 95 86 95 86 89
31 91 35 91 35 94 31 94 31 91
54 17 57 17 57 19 54 19 54 17
40 14 42 14 42 20 40 20 40 14
54 37 56 37 56 39 54 39 54 37
40 50 46 50 46 56 40 56 40 50
53 52 59 52 59 57 53 57 53 52
24 93 26 93 26 98 24 98 24 93
16 17 21 17 21 23 16 23 16 17
58 78 63 78 63 82 58 82 58 78
64 84 70 84 70 89 64 89 64 84
