16 12 18 12 18 14 16 14 16 12
89 51 93 51 93 54 89 54 89 51
73 27 78 27 78 29 73 29 73 27
33 86 38 86 38 91 33 91 33 86
67 52 72 52 72 55 67 55 67 52
46 60 48 60 48 64 46 64 46 60
54 36 59 36 59 41 54 41 54 36
49 79 52 79 52 85 49 85 49 79
31 20 33 20 33 26 31 26 31 20
86 35 90 35 90 39 86 39 86 35
88 70 90 70 90 73 88 73 88 70
84 96 87 96 87 98 84 98 84 96
56 54 58 54 58 58 56 58 56 54
91 24 95 24 95 30 91 30 91 24
4 68 7 68 7 73 4 73 4 68
89 65 92 65 92 69 89 69 89 65
65 6 69 6 69 8 65 8 65 6
42 61 45 61 45 63 42 63 42 61
32 36 34 36 34 39 32 39 32 36
32 45 38 45 38 49 32 49 32 45
23 80 26 80 26 83 23 83 23 80
49 11 52 11 52 16 49 16 49 11
76 4 80 4 80 9 76 9 76 4
56 2 62 2 62 8 56 8 56 2
39 22 44 22 44 24 39 24 39 22
53 60 58 60 58 64 53 64 53 60
41 91 47 91 47 93 41 93 41 91
20 24 25 24 25 28 20 28 20 24
47 49 49 49 49 52 47 52 47 49
54 44 60 44 60 47 54 47 54 44
36 38 39 38 39 44 36 44 36 38
7 15 13 15 13 17 7 17 7 15
19 42 21 42 21 47 19 47 19 42
69 73 74 73 74 79 69 79 69 73
21 63 25 63 25 65 21 65 21 63
19 17 22 17 22 23 19 23 19 17
59 55 62 55 62 59 59 59 59 55
61 33 67 33 67 35 61 35 61 33
36 25 40 25 40 27 36 27 36 25
45 44 47 44 47 46 45 46 45 44
77 12 80 12 80 18 77 18 77 12
23 49 28 49 28 53 23 53 23 49
74 61 79 61 79 63 74 63 74 61
90 84 95 84 95 90 90 90 90 84
2 79 7 79 7 82 2 82 2 79
40 57 43 57 43 60 40 60 40 57
93 93 97 93 97 96 93 96 93 93
37 32 42 32 42 35 37 35 37 32
90 76 96 76 96 78 90 78 90 76
69 44 71 44 71 47 69 47 69 44
44 53 50 53 50 55 44 55 44 53
49 33 51 33 51 35 49 35 49 33
7 19 11 19 11 23 7 23 7 19
52 92 56 92 56 95 52 95 52 92
68 27 71 27 71 30 68 30 68 27
9 58 14 58 14 60 9 60 9 58
68 13 70 13 70 19 68 19 68 13
63 24 68 24 68 26 63 26 63 24
50 39 52 39 52 42 50 42 50 39
66 67 69 67 69 71 66 71 66 67
23 12 26 12 26 16 23 16 23 12
71 61 73 61 73 67 71 67 71 61
22 74 27 74 27 78 22 78 22 74
33 57 39 57 39 62 33 62 33 57
74 54 78 54 78 57 74 57 74 54
15 19 17 19 17 23 15 23 15 19
84 4 90 4 90 8 84 8 84 4
6 44 11 44 11 48 6 48 6 44
12 82 15 82 15 85 12 85 12 82
38 5 44 5 44 8 38 8 38 5
54 26 59 26 59 31 54 31 54 26
12 76 14 76 14 78 12 78 12 76
9 62 11 62 11 64 9 64 9 62
17 55 21 55 21 61 17 61 17 55
56 13 58 13 58 19 56 19 56 13
21 29 24 29 24 33 21 33 21 29
96 79 98 79 98 82 96 82 96 79
30 4 34 4 34 6 30 6 30 4
34 68 38 68 38 74 34 74 34 68
86 21 92 21 92 23 86 23 86 21
12 63 17 63 17 68 12 68 12 63
80 88 82 88 82 93 80 93 80 88
63 49 65 49 65 54 63 54 63 49
55 85 58 85 58 90 55 90 55 85
45 73 48 73 48 78 45 78 45 73
68 32 71 32 71 37 68 37 68 32
71 2 74 2 74 7 71 7 71 2
34 29 36 29 36 34 34 34 34 29
9 34 15 34 15 38 9 38 9 34
82 45 85 45 85 49 82 49 82 45
40 71 44 71 44 75 40 75 40 71
43 28 45 28 45 30 43 30 43 28
64 73 66 73 66 76 64 76 64 73
15 6 19 6 19 11 15 11 15 6
47 23 49 23 49 29 47 29 47 23
13 55 15 55 15 57 13 57 13 55
55 76 57 76 57 81 55 81 55 76
25 42 31 42 31 44 25 44 25 42
62 39 64 39 64 44 62 44 62 39
81 19 84 19 84 22 81 22 81 19
