34 55 38 55 38 59 34 59 34 55
50 73 54 73 54 76 50 76 50 73
90 13 94 13 94 19 90 19 90 13
80 8 85 8 85 14 80 14 80 8
77 15 80 15 80 18 77 18 77 15
50 46 55 46 55 50 50 50 50 46
87 96 90 96 90 98 87 98 87 96
22 83 24 83 24 87 22 87 22 83
47 93 50 93 50 97 47 97 47 93
2 32 7 32 7 38 2 38 2 32
48 24 54 24 54 26 48 26 48 24
70 73 74 73 74 78 70 78 70 73
23 41 27 41 27 44 23 44 23 41
25 80 28 80 28 84 25 84 25 80
29 13 34 13 34 16 29 16 29 13
7 72 9 72 9 74 7 74 7 72
22 7 28 7 28 11 22 11 22 7
80 21 84 21 84 25 80 25 80 21
95 30 97 30 97 35 95 35 95 30
37 41 41 41 41 47 37 47 37 41
14 90 16 90 16 94 14 94 14 90
88 43 90 43 90 48 88 48 88 43
44 53 48 53 48 59 44 59 44 53
83 55 87 55 87 59 83 59 83 55
14 27 17 27 17 30 14 30 14 27
18 85 20 85 20 89 18 89 18 85
28 19 33 19 33 21 28 21 28 19
43 19 49 19 49 21 43 21 43 19
73 93 77 93 77 96 73 96 73 93
48 86 50 86 50 88 48 88 48 86
9 65 13 65 13 68 9 68 9 65
38 77 42 77 42 81 38 81 38 77
57 29 63 29 63 32 57 32 57 29
66 77 69 77 69 83 66 83 66 77
70 8 72 8 72 14 70 14 70 8
95 9 97 9 97 12 95 12 95 9
75 57 77 57 77 62 75 62 75 57
35 4 39 4 39 9 35 9 35 4
77 49 80 49 80 54 77 54 77 49
78 94 81 94 81 97 78 97 78 94
41 87 43 87 43 89 41 89 41 87
7 43 9 43 9 47 7 47 7 43
33 70 38 70 38 74 33 74 33 70
75 10 79 10 79 12 75 12 75 10
59 74 62 74 62 80 59 80 59 74
94 84 98 84 98 86 94 86 94 84
83 65 89 65 89 71 83 71 83 65
72 33 76 33 76 36 72 36 72 33
44 36 46 36 46 42 44 42 44 36
74 41 80 41 80 46 74 46 74 41
89 59 91 59 91 63 89 63 89 59
61 36 64 36 64 41 61 41 61 36
33 81 37 81 37 83 33 83 33 81
67 60 72 60 72 63 67 63 67 60
68 17 72 17 72 21 68 21 68 17
10 37 14 37 14 41 10 41 10 37
18 69 24 69 24 75 18 75 18 69
93 46 97 46 97 51 93 51 93 46
30 31 34 31 34 37 30 37 30 31
86 24 88 24 88 27 86 27 86 24
24 89 27 89 27 94 24 94 24 89
82 38 87 38 87 43 82 43 82 38
53 5 59 5 59 7 53 7 53 5
37 88 39 88 39 91 37 91 37 88
73 63 77 63 77 67 73 67 73 63
2 8 8 8 8 11 2 11 2 8
45 61 51 61 51 65 45 65 45 61
47 5 52 5 52 7 47 7 47 5
13 7 19 7 19 13 13 13 13 7
28 47 30 47 30 53 28 53 28 47
50 54 52 54 52 60 50 60 50 54
61 42 67 42 67 48 61 48 61 42
90 83 92 83 92 89 90 89 90 83
19 49 24 49 24 51 19 51 19 49
90 52 94 52 94 55 90 55 90 52
22 34 28 34 28 36 22 36 22 34
48 27 50 27 50 32 48 32 48 27
59 83 63 83 63 88 59 88 59 83
16 56 22 56 22 61 16 61 16 56
60 61 66 61 66 63 60 63 60 61
71 24 74 24 74 27 71 27 71 24
56 68 58 68 58 71 56 71 56 68
29 40 32 40 32 42 29 42 29 40
40 49 43 49 43 51 40 51 40 49
14 78 18 78 18 83 14 83 14 78
15 20 21 20 21 23 15 23 15 20
39 82 44 82 44 84 39 84 39 82
83 75 89 75 89 81 83 81 83 75
14 43 17 43 17 46 14 46 14 43
63 52 65 52 65 54 63 54 63 52
91 27 94 27 94 29 91 29 91 27
53 9 59 9 59 15 53 15 53 9
25 22 28 22 28 28 25 28 25 22
7 51 12 51 12 53 7 53 7 51
31 84 34 84 34 88 31 88 31 84
63 9 69 9 69 12 63 12 63 9
37 19 40 19 40 22 37 22 37 19
5 83 10 83 10 89 5 89 5 83
48 34 51 34 51 39 48 39 48 34
26 71 29 71 29 76 26 76 26 71
