75 83 77 83 77 89 75 89 75 83
69 69 74 69 74 72 69 72 69 69
75 25 78 25 78 31 75 31 75 25
88 30 90 30 90 34 88 34 88 30
23 57 29 57 29 62 23 62 23 57
93 20 96 20 96 22 93 22 93 20
50 85 53 85 53 90 50 90 50 85
68 58 71 58 71 61 68 61 68 58
7 35 13 35 13 39 7 39 7 35
65 88 71 88 71 94 65 94 65 88
46 69 50 69 50 75 46 75 46 69
90 92 94 92 94 97 90 97 90 92
56 85 58 85 58 87 56 87 56 85
5 84 10 84 10 89 5 89 5 84
38 46 41 46 41 50 38 50 38 46
38 20 40 20 40 25 38 25 38 20
45 36 48 36 48 41 45 41 45 36
30 57 36 57 36 63 30 63 30 57
27 34 30 34 30 39 27 39 27 34
18 42 24 42 24 44 18 44 18 42
11 66 15 66 15 68 11 68 11 66
13 69 17 69 17 74 13 74 13 69
89 49 92 49 92 54 89 54 89 49
76 5 78 5 78 7 76 7 76 5
62 9 68 9 68 11 62 11 62 9
43 77 48 77 48 80 43 80 43 77
20 29 23 29 23 33 20 33 20 29
96 63 98 63 98 69 96 69 96 63
11 29 17 29 17 33 11 33 11 29
60 22 63 22 63 24 60 24 60 22
27 28 33 28 33 32 27 32 27 28
26 5 30 5 30 9 26 9 26 5
61 61 67 61 67 65 61 65 61 61
33 76 39 76 39 79 33 79 33 76
77 74 79 74 79 76 77 76 77 74
3 39 6 39 6 45 3 45 3 39
39 11 44 11 44 17 39 17 39 11
14 10 18 10 18 16 14 16 14 10
79 71 83 71 83 73 79 73 79 71
45 28 50 28 50 33 45 33 45 28
27 68 30 68 30 71 27 71 27 68
8 17 12 17 12 22 8 22 8 17
94 39 97 39 97 43 94 43 94 39
51 36 56 36 56 42 51 42 51 36
47 95 50 95 50 97 47 97 47 95
26 54 28 54 28 56 26 56 26 54
59 35 65 35 65 39 59 39 59 35
3 61 5 61 5 63 3 63 3 61
79 87 84 87 84 91 79 91 79 87
37 5 43 5 43 9 37 9 37 5
67 96 70 96 70 98 67 98 67 96
32 52 35 52 35 54 32 54 32 52
6 77 10 77 10 80 6 80 6 77
83 67 89 67 89 70 83 70 83 67
24 45 27 45 27 47 24 47 24 45
83 45 87 45 87 50 83 50 83 45
41 86 46 86 46 91 41 91 41 86
93 8 98 8 98 10 93 10 93 8
75 40 77 40 77 45 75 45 75 40
85 72 90 72 90 75 85 75 85 72
47 45 50 45 50 48 47 48 47 45
85 86 90 86 90 89 85 89 85 86
73 60 78 60 78 63 73 63 73 60
58 71 62 71 62 73 58 73 58 71
51 14 57 14 57 18 51 18 51 14
60 66 64 66 64 69 60 69 60 66
53 45 55 45 55 47 53 47 53 45
61 84 63 84 63 87 61 87 61 84
2 70 6 70 6 73 2 73 2 70
15 48 18 48 18 53 15 53 15 48
6 58 9 58 9 64 6 64 6 58
36 66 41 66 41 70 36 70 36 66
2 7 4 7 4 11 2 11 2 7
87 15 92 15 92 19 87 19 87 15
78 22 80 22 80 24 78 24 78 22
86 61 91 61 91 65 86 65 86 61
76 12 80 12 80 16 76 16 76 12
70 4 74 4 74 6 70 6 70 4
23 93 25 93 25 98 23 98 23 93
54 27 57 27 57 33 54 33 54 27
40 32 42 32 42 37 40 37 40 32
36 93 42 93 42 98 36 98 36 93
63 18 67 18 67 21 63 21 63 18
77 78 79 78 79 81 77 81 77 78
39 73 45 73 45 75 39 75 39 73
36 83 38 83 38 85 36 85 36 83
62 47 67 47 67 49 62 49 62 47
25 16 29 16 29 19 25 19 25 16
15 88 17 88 17 90 15 90 15 88
51 76 53 76 53 80 51 80 51 76
23 72 28 72 28 78 23 78 23 72
61 30 67 30 67 32 61 32 61 30
47 49 52 49 52 52 47 52 47 49
19 64 21 64 21 66 19 66 19 64
17 17 22 17 22 23 17 23 17 17
66 36 68 36 68 39 66 39 66 36
34 39 38 39 38 44 34 44 34 39
51 20 57 20 57 22 51 22 51 20
22 63 26 63 26 67 22 67 22 63
21 25 26 25 26 27 21 27 21 25
