42 13 48 13 48 17 42 17 42 13
74 18 80 18 80 22 74 22 74 18
36 40 38 40 38 46 36 46 36 40
87 52 90 52 90 54 87 54 87 52
91 14 96 14 96 20 91 20 91 14
36 56 40 56 40 58 36 58 36 56
31 31 33 31 33 33 31 33 31 31
50 51 56 51 56 57 50 57 50 51
92 78 97 78 97 80 92 80 92 78
45 28 48 28 48 30 45 30 45 28
42 3 47 3 47 5 42 5 42 3
59 18 63 18 63 21 59 21 59 18
36 25 41 25 41 30 36 30 36 25
56 70 58 70 58 75 56 75 56 70
22 71 24 71 24 77 22 77 22 71
88 92 91 92 91 95 88 95 88 92
20 52 25 52 25 57 20 57 20 52
56 78 58 78 58 82 56 82 56 78
4 20 9 20 9 22 4 22 4 20
44 61 50 61 50 64 44 64 44 61
57 12 61 12 61 16 57 16 57 12
4 81 7 81 7 87 4 87 4 81
9 62 11 62 11 66 9 66 9 62
82 59 87 59 87 64 82 64 82 59
29 15 32 15 32 17 29 17 29 15
40 47 45 47 45 50 40 50 40 47
78 27 84 27 84 33 78 33 78 27
90 58 95 58 95 60 90 60 90 58
17 35 20 35 20 38 17 38 17 35
15 90 17 90 17 92 15 92 15 90
78 76 80 76 80 80 78 80 78 76
24 64 26 64 26 70 24 70 24 64
47 91 52 91 52 95 47 95 47 91
81 90 86 90 86 95 81 95 81 90
67 16 73 16 73 22 67 22 67 16
61 85 63 85 63 89 61 89 61 85
77 9 81 9 81 14 77 14 77 9
33 52 35 52 35 57 33 57 33 52
50 69 55 69 55 74 50 74 50 69
60 96 66 96 66 98 60 98 60 96
62 24 67 24 67 29 62 29 62 24
16 3 21 3 21 5 16 5 16 3
72 78 75 78 75 81 72 81 72 78
75 41 77 41 77 44 75 44 75 41
48 42 50 42 50 44 48 44 48 42
17 28 20 28 20 34 17 34 17 28
32 7 34 7 34 9 32 9 32 7
86 31 91 31 91 34 86 34 86 31
73 70 78 70 78 75 73 75 73 70
82 44 85 44 85 46 82 46 82 44
95 3 97 3 97 7 95 7 95 3
32 34 37 34 37 38 32 38 32 34
4 37 10 37 10 43 4 43 4 37
76 82 81 82 81 88 76 88 76 82
35 71 38 71 38 73 35 73 35 71
75 51 77 51 77 55 75 55 75 51
24 78 26 78 26 80 24 80 24 78
68 5 71 5 71 7 68 7 68 5
51 82 55 82 55 86 51 86 51 82
30 80 36 80 36 86 30 86 30 80
49 13 55 13 55 19 49 19 49 13
82 39 86 39 86 41 82 41 82 39
64 52 67 52 67 55 64 55 64 52
57 50 59 50 59 54 57 54 57 50
33 10 35 10 35 15 33 15 33 10
61 38 67 38 67 44 61 44 61 38
64 70 66 70 66 74 64 74 64 70
53 44 55 44 55 49 53 49 53 44
30 88 36 88 36 91 30 91 30 88
26 31 30 31 30 37 26 37 26 31
27 66 33 66 33 70 27 70 27 66
4 93 8 93 8 95 4 95 4 93
38 79 41 79 41 84 38 84 38 79
76 95 78 95 78 98 76 98 76 95
27 6 31 6 31 10 27 10 27 6
73 90 75 90 75 94 73 94 73 90
10 81 14 81 14 83 10 83 10 81
22 2 28 2 28 5 22 5 22 2
93 70 98 70 98 72 93 72 93 70
41 93 43 93 43 96 41 96 41 93
31 18 35 18 35 22 31 22 31 18
92 33 96 33 96 37 92 37 92 33
38 19 44 19 44 21 38 21 38 19
13 39 17 39 17 45 13 45 13 39
55 60 61 60 61 63 55 63 55 60
11 55 14 55 14 57 11 57 11 55
12 85 14 85 14 87 12 87 12 85
21 14 26 14 26 20 21 20 21 14
54 87 59 87 59 89 54 89 54 87
5 46 8 46 8 51 5 51 5 46
88 6 93 6 93 9 88 9 88 6
84 14 90 14 90 18 84 18 84 14
11 19 17 19 17 23 11 23 11 19
88 28 94 28 94 30 88 30 88 28
71 56 77 56 77 60 71 60 71 56
38 91 40 91 40 97 38 97 38 91
55 28 58 28 58 31 55 31 55 28
96 89 98 89 98 91 96 91 96 89
40 66 46 66 46 68 40 68 40 66
18 63 22 63 22 66 18 66 18 63
