35 46 37 46 37 49 35 49 35 46
3 78 8 78 8 82 3 82 3 78
68 91 73 91 73 97 68 97 68 91
70 57 75 57 75 60 70 60 70 57
86 69 92 69 92 72 86 72 86 69
7 86 12 86 12 92 7 92 7 86
48 14 52 14 52 16 48 16 48 14
92 61 97 61 97 63 92 63 92 61
55 63 59 63 59 65 55 65 55 63
61 92 65 92 65 95 61 95 61 92
61 60 66 60 66 63 61 63 61 60
46 37 48 37 48 40 46 40 46 37
38 19 44 19 44 22 38 22 38 19
34 41 37 41 37 44 34 44 34 41
2 51 6 51 6 57 2 57 2 51
49 17 51 17 51 22 49 22 49 17
80 80 84 80 84 84 80 84 80 80
50 29 56 29 56 31 50 31 50 29
66 34 68 34 68 36 66 36 66 34
54 39 60 39 60 45 54 45 54 39
81 31 87 31 87 33 81 33 81 31
83 2 86 2 86 5 83 5 83 2
20 16 22 16 22 19 20 19 20 16
61 6 64 6 64 9 61 9 61 6
40 43 46 43 46 46 40 46 40 43
4 12 6 12 6 15 4 15 4 12
2 63 8 63 8 68 2 68 2 63
81 41 84 41 84 47 81 47 81 41
85 21 90 21 90 23 85 23 85 21
70 19 75 19 75 21 70 21 70 19
3 48 9 48 9 50 3 50 3 48
23 29 25 29 25 33 23 33 23 29
71 45 75 45 75 48 71 48 71 45
66 43 68 43 68 46 66 46 66 43
43 58 47 58 47 60 43 60 43 58
40 64 42 64 42 67 40 67 40 64
84 56 86 56 86 62 84 62 84 56
11 65 14 65 14 71 11 71 11 65
10 47 14 47 14 53 10 53 10 47
6 3 10 3 10 9 6 9 6 3
88 44 94 44 94 49 88 49 88 44
7 17 9 17 9 23 7 23 7 17
41 93 45 93 45 97 41 97 41 93
59 66 64 66 64 68 59 68 59 66
88 51 91 51 91 56 88 56 88 51
81 89 87 89 87 94 81 94 81 89
14 84 19 84 19 89 14 89 14 84
77 21 83 21 83 26 77 26 77 21
27 59 29 59 29 64 27 64 27 59
64 20 68 20 68 25 64 25 64 20
9 34 15 34 15 38 9 38 9 34
32 59 36 59 36 65 32 65 32 59
43 50 47 50 47 52 43 52 43 50
35 10 37 10 37 13 35 13 35 10
59 81 64 81 64 86 59 86 59 81
31 21 37 21 37 24 31 24 31 21
41 86 45 86 45 90 41 90 41 86
21 84 25 84 25 88 21 88 21 84
87 10 90 10 90 14 87 14 87 10
81 38 85 38 85 40 81 40 81 38
24 89 28 89 28 91 24 91 24 89
74 50 76 50 76 52 74 52 74 50
31 35 33 35 33 41 31 41 31 35
3 91 6 91 6 95 3 95 3 91
31 56 36 56 36 58 31 58 31 56
91 5 96 5 96 10 91 10 91 5
3 29 9 29 9 33 3 33 3 29
74 6 78 6 78 10 74 10 74 6
90 37 96 37 96 43 90 43 90 37
66 7 70 7 70 12 66 12 66 7
32 4 35 4 35 6 32 6 32 4
33 26 35 26 35 30 33 30 33 26
63 39 65 39 65 45 63 45 63 39
66 67 69 67 69 71 66 71 66 67
69 38 74 38 74 44 69 44 69 38
94 54 98 54 98 60 94 60 94 54
52 55 54 55 54 59 52 59 52 55
59 17 62 17 62 19 59 19 59 17
38 79 44 79 44 85 38 85 38 79
73 22 76 22 76 26 73 26 73 22
18 44 23 44 23 49 18 49 18 44
28 71 33 71 33 74 28 74 28 71
38 6 40 6 40 10 38 10 38 6
53 95 57 95 57 98 53 98 53 95
47 85 52 85 52 91 47 91 47 85
32 89 37 89 37 92 32 92 32 89
96 83 98 83 98 89 96 89 96 83
74 79 77 79 77 83 74 83 74 79
46 7 52 7 52 13 46 13 46 7
76 92 80 92 80 94 76 94 76 92
71 61 75 61 75 66 71 66 71 61
75 15 80 15 80 18 75 18 75 15
11 58 13 58 13 63 11 63 11 58
22 60 25 60 25 62 22 62 22 60
14 56 17 56 17 62 14 62 14 56
39 29 43 29 43 33 39 33 39 29
52 26 55 26 55 28 52 28 52 26
52 46 58 46 58 49 52 49 52 46
92 20 96 20 96 23 92 23 92 20
69 84 72 84 72 90 69 90 69 84
