58 27 60 27 60 29 58 29 58 27
58 8 63 8 63 10 58 10 58 8
43 68 46 68 46 72 43 72 43 68
52 38 57 38 57 43 52 43 52 38
30 13 36 13 36 17 30 17 30 13
15 28 19 28 19 31 15 31 15 28
93 22 97 22 97 27 93 27 93 22
31 83 34 83 34 85 31 85 31 83
14 54 18 54 18 58 14 58 14 54
22 84 27 84 27 90 22 90 22 84
22 66 26 66 26 70 22 70 22 66
79 94 85 94 85 98 79 98 79 94
23 77 26 77 26 81 23 81 23 77
93 47 96 47 96 53 93 53 93 47
30 6 34 6 34 10 30 10 30 6
60 95 66 95 66 97 60 97 60 95
64 7 68 7 68 11 64 11 64 7
80 89 83 89 83 93 80 93 80 89
69 54 71 54 71 59 69 59 69 54
60 31 63 31 63 35 60 35 60 31
27 48 29 48 29 50 27 50 27 48
45 61 47 61 47 63 45 63 45 61
69 65 74 65 74 69 69 69 69 65
68 92 72 92 72 98 68 98 68 92
82 39 86 39 86 44 82 44 82 39
62 38 65 38 65 44 62 44 62 38
92 74 96 74 96 77 92 77 92 74
6 77 9 77 9 82 6 82 6 77
39 50 41 50 41 56 39 56 39 50
15 35 21 35 21 40 15 40 15 35
27 73 29 73 29 76 27 76 27 73
13 7 18 7 18 11 13 11 13 7
45 49 48 49 48 51 45 51 45 49
24 40 27 40 27 46 24 46 24 40
42 5 48 5 48 7 42 7 42 5
34 70 39 70 39 74 34 74 34 70
44 89 48 89 48 94 44 94 44 89
74 42 80 42 80 48 74 48 74 42
83 72 85 72 85 75 83 75 83 72
62 54 68 54 68 57 62 57 62 54
75 31 80 31 80 34 75 34 75 31
56 62 59 62 59 64 56 64 56 62
4 43 7 43 7 47 4 47 4 43
48 27 50 27 50 32 48 32 48 27
89 94 95 94 95 97 89 97 89 94
8 55 10 55 10 59 8 59 8 55
45 40 51 40 51 43 45 43 45 40
67 15 71 15 71 21 67 21 67 15
10 37 12 37 12 41 10 41 10 37
5 33 8 33 8 38 5 38 5 33
87 65 93 65 93 68 87 68 87 65
95 60 97 60 97 63 95 63 95 60
17 59 19 59 19 61 17 61 17 59
25 33 29 33 29 39 25 39 25 33
26 93 29 93 29 97 26 97 26 93
53 79 57 79 57 82 53 82 53 79
65 60 71 60 71 64 65 64 65 60
94 84 96 84 96 90 94 90 94 84
86 69 89 69 89 74 86 74 86 69
3 11 8 11 8 15 3 15 3 11
21 91 24 91 24 97 21 97 21 91
32 44 38 44 38 49 32 49 32 44
83 4 85 4 85 7 83 7 83 4
36 94 39 94 39 96 36 96 36 94
21 61 24 61 24 65 21 65 21 61
70 72 73 72 73 76 70 76 70 72
53 25 57 25 57 27 53 27 53 25
6 61 9 61 9 66 6 66 6 61
22 19 28 19 28 23 22 23 22 19
92 7 97 7 97 10 92 10 92 7
77 69 81 69 81 75 77 75 77 69
78 11 81 11 81 15 78 15 78 11
10 24 12 24 12 29 10 29 10 24
52 18 56 18 56 24 52 24 52 18
24 2 29 2 29 8 24 8 24 2
80 16 85 16 85 20 80 20 80 16
68 24 74 24 74 27 68 27 68 24
55 47 61 47 61 53 55 53 55 47
49 87 53 87 53 90 49 90 49 87
34 39 40 39 40 43 34 43 34 39
87 40 90 40 90 45 87 45 87 40
50 11 56 11 56 16 50 16 50 11
50 66 52 66 52 68 50 68 50 66
55 69 59 69 59 73 55 73 55 69
14 12 18 12 18 16 14 16 14 12
66 29 72 29 72 32 66 32 66 29
3 20 9 20 9 26 3 26 3 20
74 84 80 84 80 86 74 86 74 84
38 27 43 27 43 31 38 31 38 27
81 27 87 27 87 32 81 32 81 27
94 14 97 14 97 16 94 16 94 14
10 87 16 87 16 89 10 89 10 87
14 64 19 64 19 69 14 69 14 64
10 49 12 49 12 54 10 54 10 49
47 17 51 17 51 19 47 19 47 17
12 91 17 91 17 97 12 97 12 91
2 84 8 84 8 90 2 90 2 84
13 81 16 81 16 86 13 86 13 81
45 52 49 52 49 57 45 57 45 52
51 58 53 58 53 62 51 62 51 58
