59 15 64 15 64 19 59 19 59 15
10 78 14 78 14 81 10 81 10 78
68 74 72 74 72 76 68 76 68 74
4 70 9 70 9 73 4 73 4 70
13 37 18 37 18 43 13 43 13 37
68 14 72 14 72 16 68 16 68 14
12 51 18 51 18 56 12 56 12 51
54 66 56 66 56 68 54 68 54 66
81 44 87 44 87 49 81 49 81 44
23 6 29 6 29 9 23 9 23 6
62 5 67 5 67 9 62 9 62 5
57 5 59 5 59 10 57 10 57 5
71 77 75 77 75 80 71 80 71 77
22 82 25 82 25 87 22 87 22 82
61 37 66 37 66 42 61 42 61 37
51 8 53 8 53 11 51 11 51 8
13 95 19 95 19 98 13 98 13 95
73 45 79 45 79 48 73 48 73 45
44 84 48 84 48 88 44 88 44 84
29 67 35 67 35 72 29 72 29 67
87 86 91 86 91 90 87 90 87 86
56 78 62 78 62 83 56 83 56 78
45 52 48 52 48 57 45 57 45 52
52 56 56 56 56 58 52 58 52 56
65 85 68 85 68 87 65 87 65 85
89 70 94 70 94 75 89 75 89 70
57 11 61 11 61 14 57 14 57 11
86 3 90 3 90 9 86 9 86 3
82 69 85 69 85 72 82 72 82 69
52 59 54 59 54 62 52 62 52 59
45 39 49 39 49 42 45 42 45 39
21 59 23 59 23 63 21 63 21 59
30 2 36 2 36 8 30 8 30 2
13 16 19 16 19 20 13 20 13 16
20 35 22 35 22 39 20 39 20 35
39 21 45 21 45 24 39 24 39 21
38 70 43 70 43 76 38 76 38 70
32 28 35 28 35 31 32 31 32 28
84 29 88 29 88 33 84 33 84 29
7 83 11 83 11 86 7 86 7 83
53 18 56 18 56 20 53 20 53 18
26 36 29 36 29 39 26 39 26 36
16 44 19 44 19 50 16 50 16 44
27 16 33 16 33 21 27 21 27 16
34 83 37 83 37 85 34 85 34 83
82 52 87 52 87 57 82 57 82 52
51 64 53 64 53 70 51 70 51 64
50 79 55 79 55 83 50 83 50 79
23 48 27 48 27 54 23 54 23 48
64 61 70 61 70 64 64 64 64 61
32 11 36 11 36 15 32 15 32 11
60 48 63 48 63 50 60 50 60 48
74 59 77 59 77 63 74 63 74 59
24 70 27 70 27 76 24 76 24 70
5 3 11 3 11 6 5 6 5 3
78 94 80 94 80 97 78 97 78 94
81 9 85 9 85 14 81 14 81 9
68 31 74 31 74 37 68 37 68 31
84 58 89 58 89 60 84 60 84 58
53 34 55 34 55 40 53 40 53 34
21 88 23 88 23 94 21 94 21 88
72 71 76 71 76 73 72 73 72 71
2 86 4 86 4 89 2 89 2 86
22 12 27 12 27 14 22 14 22 12
70 91 75 91 75 95 70 95 70 91
78 78 82 78 82 83 78 83 78 78
5 16 11 16 11 18 5 18 5 16
76 6 80 6 80 9 76 9 76 6
34 90 36 90 36 92 34 92 34 90
31 55 36 55 36 57 31 57 31 55
44 2 48 2 48 5 44 5 44 2
18 4 20 4 20 6 18 6 18 4
57 87 63 87 63 92 57 92 57 87
78 25 83 25 83 27 78 27 78 25
37 10 41 10 41 14 37 14 37 10
45 70 47 70 47 74 45 74 45 70
47 28 49 28 49 30 47 30 47 28
15 79 19 79 19 85 15 85 15 79
23 40 26 40 26 45 23 45 23 40
83 92 86 92 86 96 83 96 83 92
38 31 44 31 44 37 38 37 38 31
89 38 93 38 93 40 89 40 89 38
3 94 5 94 5 98 3 98 3 94
92 47 97 47 97 53 92 53 92 47
92 18 95 18 95 22 92 22 92 18
39 47 42 47 42 52 39 52 39 47
91 59 96 59 96 64 91 64 91 59
50 84 55 84 55 87 50 87 50 84
3 45 6 45 6 48 3 48 3 45
90 76 93 76 93 81 90 81 90 76
23 31 25 31 25 36 23 36 23 31
91 30 95 30 95 36 91 36 91 30
25 91 28 91 28 94 25 94 25 91
51 2 53 2 53 6 51 6 51 2
44 92 49 92 49 94 44 94 44 92
64 51 68 51 68 53 64 53 64 51
4 61 7 61 7 65 4 65 4 61
92 23 94 23 94 25 92 25 92 23
75 82 77 82 77 88 75 88 75 82
21 26 23 26 23 30 21 30 21 26
