2 46 6 46 6 51 2 51 2 46
7 6 11 6 11 8 7 8 7 6
81 71 84 71 84 75 81 75 81 71
84 89 89 89 89 91 84 91 84 89
80 32 82 32 82 38 80 38 80 32
50 6 53 6 53 12 50 12 50 6
69 55 74 55 74 61 69 61 69 55
47 30 50 30 50 34 47 34 47 30
75 23 80 23 80 28 75 28 75 23
12 94 18 94 18 97 12 97 12 94
27 35 32 35 32 37 27 37 27 35
42 92 44 92 44 94 42 94 42 92
27 17 30 17 30 19 27 19 27 17
28 73 30 73 30 76 28 76 28 73
38 11 44 11 44 13 38 13 38 11
4 18 8 18 8 24 4 24 4 18
12 75 16 75 16 77 12 77 12 75
77 42 79 42 79 45 77 45 77 42
15 56 17 56 17 58 15 58 15 56
62 74 67 74 67 77 62 77 62 74
15 86 18 86 18 92 15 92 15 86
57 5 60 5 60 8 57 8 57 5
47 64 52 64 52 68 47 68 47 64
20 51 26 51 26 56 20 56 20 51
31 12 35 12 35 14 31 14 31 12
55 32 57 32 57 38 55 38 55 32
96 38 98 38 98 43 96 43 96 38
89 43 91 43 91 49 89 49 89 43
44 44 49 44 49 46 44 46 44 44
46 51 50 51 50 55 46 55 46 51
58 34 63 34 63 36 58 36 58 34
84 4 88 4 88 7 84 7 84 4
37 24 40 24 40 28 37 28 37 24
63 10 67 10 67 14 63 14 63 10
54 50 60 50 60 55 54 55 54 50
19 10 24 10 24 16 19 16 19 10
61 46 64 46 64 48 61 48 61 46
36 48 38 48 38 54 36 54 36 48
6 84 9 84 9 89 6 89 6 84
23 62 27 62 27 66 23 66 23 62
74 52 76 52 76 54 74 54 74 52
73 5 78 5 78 7 73 7 73 5
13 4 16 4 16 8 13 8 13 4
67 91 71 91 71 97 67 97 67 91
94 65 98 65 98 67 94 67 94 65
29 80 31 80 31 86 29 86 29 80
69 25 73 25 73 27 69 27 69 25
33 37 37 37 37 41 33 41 33 37
90 67 93 67 93 71 90 71 90 67
65 85 68 85 68 87 65 87 65 85
11 22 15 22 15 27 11 27 11 22
46 89 52 89 52 92 46 92 46 89
27 89 32 89 32 92 27 92 27 89
87 11 92 11 92 16 87 16 87 11
36 92 38 92 38 98 36 98 36 92
77 90 81 90 81 92 77 92 77 90
45 57 51 57 51 60 45 60 45 57
27 23 29 23 29 29 27 29 27 23
74 36 77 36 77 38 74 38 74 36
27 69 31 69 31 71 27 71 27 69
92 5 94 5 94 9 92 9 92 5
35 73 37 73 37 75 35 75 35 73
6 55 10 55 10 61 6 61 6 55
29 4 32 4 32 6 29 6 29 4
51 72 53 72 53 75 51 75 51 72
3 30 5 30 5 35 3 35 3 30
91 17 96 17 96 20 91 20 91 17
96 54 98 54 98 59 96 59 96 54
85 45 88 45 88 47 85 47 85 45
86 63 92 63 92 66 86 66 86 63
2 78 4 78 4 84 2 84 2 78
74 69 78 69 78 71 74 71 74 69
68 13 73 13 73 18 68 18 68 13
13 65 18 65 18 69 13 69 13 65
10 31 12 31 12 37 10 37 10 31
40 6 43 6 43 8 40 8 40 6
46 78 49 78 49 83 46 83 46 78
81 64 84 64 84 66 81 66 81 64
62 19 64 19 64 25 62 25 62 19
40 50 44 50 44 55 40 55 40 50
24 27 26 27 26 33 24 33 24 27
92 38 95 38 95 44 92 44 92 38
89 55 91 55 91 61 89 61 89 55
83 48 86 48 86 51 83 51 83 48
38 68 43 68 43 74 38 74 38 68
10 80 16 80 16 85 10 85 10 80
47 86 53 86 53 88 47 88 47 86
13 42 17 42 17 44 13 44 13 42
46 17 52 17 52 23 46 23 46 17
89 80 95 80 95 83 89 83 89 80
28 48 33 48 33 51 28 51 28 48
70 82 76 82 76 88 70 88 70 82
31 22 36 22 36 27 31 27 31 22
36 83 40 83 40 88 36 88 36 83
58 26 64 26 64 28 58 28 58 26
36 31 39 31 39 34 36 34 36 31
91 35 94 35 94 37 91 37 91 35
83 31 85 31 85 36 83 36 83 31
7 9 12 9 12 11 7 11 7 9
35 16 41 16 41 20 35 20 35 16
