82 31 87 31 87 37 82 37 82 31
93 46 96 46 96 50 93 50 93 46
20 68 24 68 24 71 20 71 20 68
17 5 23 5 23 7 17 7 17 5
31 95 35 95 35 97 31 97 31 95
56 86 59 86 59 89 56 89 56 86
90 77 93 77 93 83 90 83 90 77
66 26 70 26 70 29 66 29 66 26
72 82 78 82 78 88 72 88 72 82
50 17 55 17 55 21 50 21 50 17
23 58 27 58 27 62 23 62 23 58
53 62 55 62 55 64 53 64 53 62
48 36 51 36 51 39 48 39 48 36
14 34 20 34 20 39 14 39 14 34
69 4 72 4 72 9 69 9 69 4
81 76 84 76 84 82 81 82 81 76
2 56 6 56 6 61 2 61 2 56
18 83 23 83 23 88 18 88 18 83
38 70 40 70 40 73 38 73 38 70
48 13 52 13 52 16 48 16 48 13
76 63 78 63 78 66 76 66 76 63
33 71 35 71 35 74 33 74 33 71
71 67 76 67 76 69 71 69 71 67
7 21 10 21 10 25 7 25 7 21
25 65 30 65 30 68 25 68 25 65
59 31 63 31 63 34 59 34 59 31
4 93 10 93 10 97 4 97 4 93
88 10 94 10 94 16 88 16 88 10
31 49 35 49 35 51 31 51 31 49
14 52 20 52 20 55 14 55 14 52
12 56 17 56 17 60 12 60 12 56
71 60 74 60 74 65 71 65 71 60
43 69 49 69 49 71 43 71 43 69
25 21 29 21 29 26 25 26 25 21
71 93 77 93 77 95 71 95 71 93
45 44 49 44 49 50 45 50 45 44
7 52 11 52 11 54 7 54 7 52
22 17 24 17 24 21 22 21 22 17
72 34 77 34 77 39 72 39 72 34
40 41 44 41 44 44 40 44 40 41
94 30 96 30 96 36 94 36 94 30
85 53 89 53 89 59 85 59 85 53
81 40 85 40 85 44 81 44 81 40
75 11 78 11 78 14 75 14 75 11
30 20 33 20 33 26 30 26 30 20
51 93 53 93 53 97 51 97 51 93
90 21 95 21 95 27 90 27 90 21
10 68 16 68 16 70 10 70 10 68
26 8 30 8 30 11 26 11 26 8
19 23 24 23 24 29 19 29 19 23
50 26 53 26 53 31 50 31 50 26
63 93 69 93 69 95 63 95 63 93
2 48 5 48 5 52 2 52 2 48
74 28 80 28 80 30 74 30 74 28
58 81 62 81 62 84 58 84 58 81
90 94 95 94 95 96 90 96 90 94
76 19 79 19 79 23 76 23 76 19
27 73 30 73 30 79 27 79 27 73
21 46 27 46 27 51 21 51 21 46
75 74 78 74 78 80 75 80 75 74
69 44 72 44 72 49 69 49 69 44
3 76 9 76 9 82 3 82 3 76
79 63 81 63 81 67 79 67 79 63
36 51 40 51 40 54 36 54 36 51
87 79 89 79 89 84 87 84 87 79
88 42 94 42 94 45 88 45 88 42
19 14 21 14 21 19 19 19 19 14
79 92 83 92 83 95 79 95 79 92
34 37 37 37 37 43 34 43 34 37
17 64 19 64 19 67 17 67 17 64
3 12 9 12 9 15 3 15 3 12
4 64 7 64 7 67 4 67 4 64
2 28 4 28 4 33 2 33 2 28
58 24 61 24 61 27 58 27 58 24
69 17 74 17 74 21 69 21 69 17
38 89 42 89 42 94 38 94 38 89
33 86 39 86 39 88 33 88 33 86
10 36 12 36 12 39 10 39 10 36
17 90 21 90 21 96 17 96 17 90
64 45 66 45 66 51 64 51 64 45
34 59 38 59 38 63 34 63 34 59
90 72 92 72 92 75 90 75 90 72
36 4 39 4 39 10 36 10 36 4
62 74 64 74 64 77 62 77 62 74
7 85 10 85 10 89 7 89 7 85
61 85 65 85 65 87 61 87 61 85
63 36 65 36 65 41 63 41 63 36
59 69 62 69 62 72 59 72 59 69
15 22 18 22 18 24 15 24 15 22
4 71 8 71 8 73 4 73 4 71
23 32 25 32 25 37 23 37 23 32
63 56 68 56 68 61 63 61 63 56
41 20 46 20 46 22 41 22 41 20
53 80 55 80 55 85 53 85 53 80
28 12 31 12 31 14 28 14 28 12
73 42 78 42 78 44 73 44 73 42
79 71 82 71 82 74 79 74 79 71
60 46 62 46 62 48 60 48 60 46
33 13 38 13 38 15 33 15 33 13
7 31 13 31 13 34 7 34 7 31
