11 42 14 42 14 45 11 45 11 42
93 62 96 62 96 67 93 67 93 62
36 78 39 78 39 82 36 82 36 78
83 64 85 64 85 70 83 70 83 64
28 16 32 16 32 21 28 21 28 16
38 14 40 14 40 20 38 20 38 14
92 86 94 86 94 92 92 92 92 86
39 48 44 48 44 53 39 53 39 48
26 10 28 10 28 12 26 12 26 10
75 96 77 96 77 98 75 98 75 96
13 72 17 72 17 77 13 77 13 72
87 44 93 44 93 48 87 48 87 44
30 49 34 49 34 55 30 55 30 49
65 23 69 23 69 29 65 29 65 23
23 27 28 27 28 30 23 30 23 27
36 25 40 25 40 31 36 31 36 25
91 55 94 55 94 60 91 60 91 55
4 50 9 50 9 56 4 56 4 50
74 62 80 62 80 64 74 64 74 62
40 81 45 81 45 84 40 84 40 81
6 13 8 13 8 16 6 16 6 13
60 28 64 28 64 34 60 34 60 28
83 55 89 55 89 60 83 60 83 55
18 72 20 72 20 77 18 77 18 72
18 38 23 38 23 43 18 43 18 38
38 42 43 42 43 44 38 44 38 42
50 83 52 83 52 86 50 86 50 83
12 23 18 23 18 28 12 28 12 23
78 39 84 39 84 45 78 45 78 39
96 42 98 42 98 47 96 47 96 42
38 54 44 54 44 60 38 60 38 54
49 66 52 66 52 70 49 70 49 66
5 30 7 30 7 32 5 32 5 30
72 76 78 76 78 78 72 78 72 76
16 13 20 13 20 16 16 16 16 13
68 31 70 31 70 35 68 35 68 31
57 47 59 47 59 51 57 51 57 47
13 3 15 3 15 6 13 6 13 3
78 14 80 14 80 17 78 17 78 14
63 47 66 47 66 51 63 51 63 47
10 49 13 49 13 53 10 53 10 49
87 36 92 36 92 41 87 41 87 36
50 11 56 11 56 17 50 17 50 11
63 73 66 73 66 76 63 76 63 73
76 4 81 4 81 10 76 10 76 4
2 20 4 20 4 25 2 25 2 20
83 8 89 8 89 11 83 11 83 8
57 81 61 81 61 84 57 84 57 81
17 2 22 2 22 4 17 4 17 2
14 92 19 92 19 96 14 96 14 92
4 72 10 72 10 76 4 76 4 72
77 32 82 32 82 36 77 36 77 32
52 31 55 31 55 37 52 37 52 31
4 59 7 59 7 63 4 63 4 59
62 55 67 55 67 61 62 61 62 55
48 40 50 40 50 44 48 44 48 40
16 62 19 62 19 68 16 68 16 62
85 75 88 75 88 79 85 79 85 75
39 67 41 67 41 70 39 70 39 67
22 16 27 16 27 21 22 21 22 16
95 72 98 72 98 78 95 78 95 72
8 23 10 23 10 28 8 28 8 23
3 85 7 85 7 87 3 87 3 85
51 24 53 24 53 28 51 28 51 24
73 24 76 24 76 29 73 29 73 24
57 39 62 39 62 44 57 44 57 39
7 81 11 81 11 83 7 83 7 81
16 55 21 55 21 58 16 58 16 55
79 80 82 80 82 85 79 85 79 80
12 57 14 57 14 63 12 63 12 57
34 72 36 72 36 75 34 75 34 72
26 92 32 92 32 94 26 94 26 92
72 65 78 65 78 71 72 71 72 65
90 26 93 26 93 29 90 29 90 26
56 67 61 67 61 71 56 71 56 67
59 7 62 7 62 13 59 13 59 7
10 30 12 30 12 36 10 36 10 30
74 57 76 57 76 61 74 61 74 57
33 44 35 44 35 48 33 48 33 44
44 29 49 29 49 33 44 33 44 29
42 73 47 73 47 76 42 76 42 73
84 81 87 81 87 87 84 87 84 81
66 3 70 3 70 5 66 5 66 3
33 34 38 34 38 39 33 39 33 34
63 83 65 83 65 87 63 87 63 83
53 87 57 87 57 89 53 89 53 87
20 9 23 9 23 12 20 12 20 9
30 87 34 87 34 91 30 91 30 87
51 90 56 90 56 94 51 94 51 90
87 61 92 61 92 65 87 65 87 61
6 91 8 91 8 97 6 97 6 91
32 65 37 65 37 70 32 70 32 65
20 61 26 61 26 67 20 67 20 61
3 78 6 78 6 82 3 82 3 78
44 21 50 21 50 23 44 23 44 21
48 78 51 78 51 80 48 80 48 78
66 90 70 90 70 94 66 94 66 90
54 78 56 78 56 80 54 80 54 78
57 19 60 19 60 22 57 22 57 19
16 5 19 5 19 8 16 8 16 5
