10 83 15 83 15 89 10 89 10 83
88 62 94 62 94 64 88 64 88 62
74 36 80 36 80 39 74 39 74 36
58 52 63 52 63 55 58 55 58 52
26 10 30 10 30 12 26 12 26 10
27 61 30 61 30 63 27 63 27 61
52 53 57 53 57 55 52 55 52 53
36 2 39 2 39 5 36 5 36 2
64 35 67 35 67 37 64 37 64 35
71 56 74 56 74 59 71 59 71 56
9 51 12 51 12 57 9 57 9 51
62 4 68 4 68 10 62 10 62 4
65 89 70 89 70 92 65 92 65 89
73 28 76 28 76 31 73 31 73 28
81 52 83 52 83 58 81 58 81 52
54 23 56 23 56 27 54 27 54 23
59 60 62 60 62 64 59 64 59 60
17 82 20 82 20 87 17 87 17 82
33 55 39 55 39 60 33 60 33 55
39 10 41 10 41 16 39 16 39 10
38 29 41 29 41 32 38 32 38 29
81 27 84 27 84 30 81 30 81 27
51 81 53 81 53 85 51 85 51 81
93 2 96 2 96 8 93 8 93 2
19 38 23 38 23 42 19 42 19 38
18 16 23 16 23 22 18 22 18 16
24 85 30 85 30 90 24 90 24 85
34 93 37 93 37 95 34 95 34 93
2 47 5 47 5 52 2 52 2 47
86 25 90 25 90 30 86 30 86 25
15 57 18 57 18 59 15 59 15 57
74 90 79 90 79 92 74 92 74 90
5 10 8 10 8 13 5 13 5 10
95 95 98 95 98 97 95 97 95 95
88 15 94 15 94 20 88 20 88 15
48 9 51 9 51 11 48 11 48 9
14 36 16 36 16 39 14 39 14 36
31 49 33 49 33 53 31 53 31 49
43 20 45 20 45 25 43 25 43 20
13 74 15 74 15 77 13 77 13 74
6 45 11 45 11 48 6 48 6 45
50 31 56 31 56 37 50 37 50 31
60 84 64 84 64 87 60 87 60 84
81 4 87 4 87 8 81 8 81 4
79 71 83 71 83 73 79 73 79 71
6 29 11 29 11 33 6 33 6 29
2 4 6 4 6 9 2 9 2 4
35 64 41 64 41 68 35 68 35 64
42 46 44 46 44 50 42 50 42 46
30 74 32 74 32 78 30 78 30 74
75 15 81 15 81 17 75 17 75 15
45 69 48 69 48 74 45 74 45 69
26 42 29 42 29 45 26 45 26 42
46 90 52 90 52 96 46 96 46 90
73 22 75 22 75 24 73 24 73 22
63 22 66 22 66 25 63 25 63 22
44 84 48 84 48 89 44 89 44 84
43 77 45 77 45 79 43 79 43 77
2 65 5 65 5 68 2 68 2 65
76 43 78 43 78 46 76 46 76 43
71 60 75 60 75 63 71 63 71 60
3 78 5 78 5 82 3 82 3 78
70 48 76 48 76 54 70 54 70 48
25 26 31 26 31 30 25 30 25 26
56 4 59 4 59 10 56 10 56 4
37 84 39 84 39 88 37 88 37 84
70 12 74 12 74 16 70 16 70 12
63 66 69 66 69 71 63 71 63 66
6 67 11 67 11 73 6 73 6 67
85 79 88 79 88 81 85 81 85 79
61 88 64 88 64 92 61 92 61 88
40 56 46 56 46 61 40 61 40 56
43 15 47 15 47 19 43 19 43 15
32 43 35 43 35 45 32 45 32 43
68 81 74 81 74 86 68 86 68 81
3 35 7 35 7 41 3 41 3 35
15 47 18 47 18 50 15 50 15 47
22 77 25 77 25 83 22 83 22 77
52 7 55 7 55 9 52 9 52 7
70 36 72 36 72 42 70 42 70 36
26 52 29 52 29 56 26 56 26 52
10 6 15 6 15 11 10 11 10 6
80 74 82 74 82 78 80 78 80 74
33 23 37 23 37 25 33 25 33 23
29 80 35 80 35 83 29 83 29 80
93 48 98 48 98 53 93 53 93 48
76 80 82 80 82 84 76 84 76 80
95 29 98 29 98 33 95 33 95 29
84 18 87 18 87 24 84 24 84 18
45 32 49 32 49 35 45 35 45 32
23 35 25 35 25 37 23 37 23 35
65 51 67 51 67 55 65 55 65 51
10 14 15 14 15 20 10 20 10 14
52 39 55 39 55 44 52 44 52 39
81 12 85 12 85 14 81 14 81 12
61 57 63 57 63 59 61 59 61 57
33 90 39 90 39 92 33 92 33 90
42 27 45 27 45 30 42 30 42 27
14 80 16 80 16 82 14 82 14 80
56 47 62 47 62 51 56 51 56 47
