66 31 72 31 72 33 66 33 66 31
33 57 36 57 36 60 33 60 33 57
63 17 68 17 68 21 63 21 63 17
35 88 41 88 41 92 35 92 35 88
95 25 97 25 97 31 95 31 95 25
77 91 81 91 81 95 77 95 77 91
22 62 26 62 26 65 22 65 22 62
20 49 26 49 26 55 20 55 20 49
67 48 72 48 72 52 67 52 67 48
6 63 10 63 10 69 6 69 6 63
51 31 55 31 55 34 51 34 51 31
76 31 81 31 81 34 76 34 76 31
57 18 60 18 60 24 57 24 57 18
10 34 13 34 13 39 10 39 10 34
55 81 58 81 58 83 55 83 55 81
30 47 33 47 33 53 30 53 30 47
10 73 15 73 15 78 10 78 10 73
4 3 10 3 10 5 4 5 4 3
35 36 41 36 41 40 35 40 35 36
55 39 60 39 60 42 55 42 55 39
74 5 79 5 79 7 74 7 74 5
11 90 16 90 16 96 11 96 11 90
72 90 74 90 74 96 72 96 72 90
37 76 41 76 41 79 37 79 37 76
49 19 53 19 53 21 49 21 49 19
22 17 26 17 26 20 22 20 22 17
54 88 56 88 56 92 54 92 54 88
27 78 29 78 29 83 27 83 27 78
83 77 89 77 89 82 83 82 83 77
67 63 71 63 71 68 67 68 67 63
53 52 59 52 59 56 53 56 53 52
12 11 18 11 18 17 12 17 12 11
88 58 92 58 92 64 88 64 88 58
21 7 24 7 24 9 21 9 21 7
15 29 20 29 20 33 15 33 15 29
63 82 68 82 68 86 63 86 63 82
96 66 98 66 98 69 96 69 96 66
21 35 24 35 24 41 21 41 21 35
74 61 80 61 80 66 74 66 74 61
69 83 72 83 72 85 69 85 69 83
31 64 35 64 35 68 31 68 31 64
94 2 98 2 98 4 94 4 94 2
84 70 89 70 89 73 84 73 84 70
8 8 10 8 10 13 8 13 8 8
36 18 38 18 38 21 36 21 36 18
75 25 77 25 77 30 75 30 75 25
31 70 33 70 33 74 31 74 31 70
72 12 76 12 76 15 72 15 72 12
37 4 40 4 40 8 37 8 37 4
34 9 39 9 39 11 34 11 34 9
80 54 83 54 83 60 80 60 80 54
31 77 33 77 33 82 31 82 31 77
34 26 40 26 40 31 34 31 34 26
6 32 8 32 8 38 6 38 6 32
3 11 7 11 7 14 3 14 3 11
75 71 77 71 77 77 75 77 75 71
95 86 97 86 97 88 95 88 95 86
4 28 7 28 7 31 4 31 4 28
17 92 19 92 19 97 17 97 17 92
25 70 28 70 28 75 25 75 25 70
73 22 78 22 78 24 73 24 73 22
56 71 62 71 62 73 56 73 56 71
91 19 94 19 94 24 91 24 91 19
44 46 47 46 47 52 44 52 44 46
61 89 63 89 63 95 61 95 61 89
76 84 80 84 80 86 76 86 76 84
86 9 91 9 91 15 86 15 86 9
28 56 30 56 30 58 28 58 28 56
40 60 42 60 42 62 40 62 40 60
83 5 85 5 85 10 83 10 83 5
69 53 75 53 75 55 69 55 69 53
43 78 46 78 46 84 43 84 43 78
37 65 43 65 43 70 37 70 37 65
64 75 68 75 68 77 64 77 64 75
81 85 84 85 84 89 81 89 81 85
46 21 48 21 48 25 46 25 46 21
79 80 81 80 81 82 79 82 79 80
25 5 27 5 27 10 25 10 25 5
51 61 57 61 57 67 51 67 51 61
17 63 20 63 20 66 17 66 17 63
86 39 90 39 90 45 86 45 86 39
21 78 24 78 24 83 21 83 21 78
68 43 70 43 70 46 68 46 68 43
4 53 10 53 10 58 4 58 4 53
93 61 95 61 95 64 93 64 93 61
40 14 42 14 42 18 40 18 40 14
2 62 4 62 4 64 2 64 2 62
16 70 18 70 18 76 16 76 16 70
50 72 55 72 55 78 50 78 50 72
8 42 14 42 14 46 8 46 8 42
27 33 31 33 31 35 27 35 27 33
56 4 58 4 58 9 56 9 56 4
77 47 81 47 81 53 77 53 77 47
13 24 16 24 16 26 13 26 13 24
14 85 19 85 19 89 14 89 14 85
71 35 75 35 75 41 71 41 71 35
46 88 51 88 51 91 46 91 46 88
12 7 15 7 15 10 12 10 12 7
80 14 83 14 83 19 80 19 80 14
33 93 35 93 35 97 33 97 33 93
