71 94 75 94 75 96 71 96 71 94
44 21 49 21 49 27 44 27 44 21
67 29 69 29 69 31 67 31 67 29
91 22 95 22 95 28 91 28 91 22
66 4 72 4 72 9 66 9 66 4
70 73 76 73 76 78 70 78 70 73
79 53 83 53 83 57 79 57 79 53
48 59 52 59 52 65 48 65 48 59
17 53 22 53 22 57 17 57 17 53
75 42 79 42 79 46 75 46 75 42
65 46 68 46 68 48 65 48 65 46
50 71 53 71 53 73 50 73 50 71
45 88 48 88 48 90 45 90 45 88
42 70 48 70 48 75 42 75 42 70
30 67 34 67 34 70 30 70 30 67
21 89 27 89 27 91 21 91 21 89
32 51 34 51 34 54 32 54 32 51
93 2 97 2 97 7 93 7 93 2
43 2 49 2 49 5 43 5 43 2
90 39 93 39 93 41 90 41 90 39
10 89 14 89 14 92 10 92 10 89
56 59 61 59 61 65 56 65 56 59
49 13 53 13 53 19 49 19 49 13
25 92 30 92 30 97 25 97 25 92
25 72 28 72 28 74 25 74 25 72
61 42 63 42 63 47 61 47 61 42
2 63 6 63 6 69 2 69 2 63
61 69 63 69 63 72 61 72 61 69
83 19 85 19 85 23 83 23 83 19
72 55 78 55 78 60 72 60 72 55
48 31 52 31 52 36 48 36 48 31
17 25 21 25 21 28 17 28 17 25
92 53 98 53 98 58 92 58 92 53
17 73 22 73 22 77 17 77 17 73
2 43 7 43 7 46 2 46 2 43
24 40 28 40 28 46 24 46 24 40
65 22 70 22 70 28 65 28 65 22
72 61 77 61 77 64 72 64 72 61
74 9 76 9 76 11 74 11 74 9
82 83 86 83 86 86 82 86 82 83
5 15 10 15 10 17 5 17 5 15
77 34 83 34 83 38 77 38 77 34
35 4 37 4 37 7 35 7 35 4
14 36 16 36 16 39 14 39 14 36
42 52 44 52 44 58 42 58 42 52
87 26 90 26 90 28 87 28 87 26
31 37 35 37 35 40 31 40 31 37
35 77 38 77 38 80 35 80 35 77
49 77 55 77 55 80 49 80 49 77
14 62 20 62 20 65 14 65 14 62
22 79 26 79 26 81 22 81 22 79
31 94 35 94 35 97 31 97 31 94
14 10 18 10 18 16 14 16 14 10
87 8 93 8 93 14 87 14 87 8
73 25 79 25 79 28 73 28 73 25
86 87 88 87 88 92 86 92 86 87
4 53 10 53 10 57 4 57 4 53
61 32 64 32 64 38 61 38 61 32
57 23 59 23 59 26 57 26 57 23
28 24 30 24 30 26 28 26 28 24
50 86 53 86 53 88 50 88 50 86
9 68 11 68 11 73 9 73 9 68
21 8 27 8 27 10 21 10 21 8
40 91 46 91 46 93 40 93 40 91
15 44 19 44 19 46 15 46 15 44
69 10 71 10 71 14 69 14 69 10
61 7 65 7 65 12 61 12 61 7
6 24 11 24 11 26 6 26 6 24
35 63 38 63 38 69 35 69 35 63
61 94 67 94 67 97 61 97 61 94
70 36 75 36 75 39 70 39 70 36
95 48 98 48 98 51 95 51 95 48
46 50 48 50 48 54 46 54 46 50
96 65 98 65 98 67 96 67 96 65
29 81 33 81 33 83 29 83 29 81
2 4 6 4 6 6 2 6 2 4
58 74 62 74 62 80 58 80 58 74
2 10 7 10 7 12 2 12 2 10
38 15 43 15 43 21 38 21 38 15
66 69 71 69 71 72 66 72 66 69
56 44 58 44 58 48 56 48 56 44
84 51 89 51 89 57 84 57 84 51
7 30 10 30 10 32 7 32 7 30
86 65 90 65 90 69 86 69 86 65
37 35 41 35 41 40 37 40 37 35
17 94 19 94 19 96 17 96 17 94
4 47 10 47 10 52 4 52 4 47
59 84 63 84 63 86 59 86 59 84
56 55 61 55 61 58 56 58 56 55
70 79 75 79 75 85 70 85 70 79
40 6 45 6 45 12 40 12 40 6
90 84 96 84 96 88 90 88 90 84
33 27 35 27 35 33 33 33 33 27
88 71 91 71 91 75 88 75 88 71
74 29 78 29 78 32 74 32 74 29
9 12 13 12 13 14 9 14 9 12
82 94 84 94 84 96 82 96 82 94
4 72 6 72 6 78 4 78 4 72
26 49 30 49 30 52 26 52 26 49
46 83 49 83 49 87 46 87 46 83
