26 59 29 59 29 64 26 64 26 59
29 3 32 3 32 6 29 6 29 3
65 58 67 58 67 62 65 62 65 58
54 6 56 6 56 10 54 10 54 6
79 64 81 64 81 68 79 68 79 64
50 54 55 54 55 59 50 59 50 54
10 17 14 17 14 21 10 21 10 17
32 59 36 59 36 61 32 61 32 59
19 74 23 74 23 80 19 80 19 74
77 15 81 15 81 21 77 21 77 15
73 32 76 32 76 36 73 36 73 32
39 8 41 8 41 12 39 12 39 8
10 37 14 37 14 39 10 39 10 37
96 21 98 21 98 23 96 23 96 21
76 45 80 45 80 49 76 49 76 45
44 71 50 71 50 76 44 76 44 71
64 68 69 68 69 73 64 73 64 68
5 79 7 79 7 81 5 81 5 79
31 87 33 87 33 92 31 92 31 87
55 68 58 68 58 71 55 71 55 68
14 75 18 75 18 81 14 81 14 75
46 55 48 55 48 59 46 59 46 55
23 18 26 18 26 24 23 24 23 18
21 48 24 48 24 54 21 54 21 48
31 66 36 66 36 69 31 69 31 66
53 92 55 92 55 97 53 97 53 92
60 10 65 10 65 14 60 14 60 10
85 23 88 23 88 26 85 26 85 23
78 89 80 89 80 93 78 93 78 89
8 26 10 26 10 29 8 29 8 26
90 80 94 80 94 83 90 83 90 80
90 69 95 69 95 72 90 72 90 69
92 59 97 59 97 61 92 61 92 59
66 32 69 32 69 34 66 34 66 32
29 15 31 15 31 19 29 19 29 15
19 84 25 84 25 89 19 89 19 84
92 29 95 29 95 35 92 35 92 29
44 44 48 44 48 48 44 48 44 44
9 88 14 88 14 90 9 90 9 88
58 28 63 28 63 33 58 33 58 28
59 76 63 76 63 80 59 80 59 76
93 4 96 4 96 8 93 8 93 4
5 4 7 4 7 8 5 8 5 4
95 51 97 51 97 54 95 54 95 51
85 2 89 2 89 4 85 4 85 2
79 53 81 53 81 59 79 59 79 53
17 9 19 9 19 13 17 13 17 9
14 94 19 94 19 98 14 98 14 94
7 67 13 67 13 72 7 72 7 67
20 67 23 67 23 69 20 69 20 67
28 94 33 94 33 97 28 97 28 94
83 29 86 29 86 35 83 35 83 29
68 50 73 50 73 56 68 56 68 50
27 47 31 47 31 53 27 53 27 47
5 91 8 91 8 93 5 93 5 91
46 78 51 78 51 83 46 83 46 78
68 61 74 61 74 63 68 63 68 61
96 76 98 76 98 82 96 82 96 76
68 2 70 2 70 5 68 5 68 2
81 88 84 88 84 94 81 94 81 88
26 29 32 29 32 35 26 35 26 29
32 20 34 20 34 22 32 22 32 20
51 17 56 17 56 20 51 20 51 17
75 73 81 73 81 76 75 76 75 73
68 28 74 28 74 30 68 30 68 28
60 17 65 17 65 19 60 19 60 17
46 12 49 12 49 16 46 16 46 12
85 78 87 78 87 80 85 80 85 78
53 81 57 81 57 84 53 84 53 81
36 17 42 17 42 21 36 21 36 17
66 18 71 18 71 21 66 21 66 18
38 64 40 64 40 66 38 66 38 64
83 41 85 41 85 46 83 46 83 41
90 87 93 87 93 89 90 89 90 87
66 87 68 87 68 93 66 93 66 87
51 3 54 3 54 5 51 5 51 3
78 8 82 8 82 10 78 10 78 8
90 36 96 36 96 38 90 38 90 36
16 39 22 39 22 44 16 44 16 39
65 39 71 39 71 41 65 41 65 39
5 46 7 46 7 51 5 51 5 46
10 78 12 78 12 83 10 83 10 78
16 59 22 59 22 61 16 61 16 59
68 47 70 47 70 49 68 49 68 47
14 50 17 50 17 55 14 55 14 50
29 42 33 42 33 45 29 45 29 42
6 96 11 96 11 98 6 98 6 96
44 19 50 19 50 25 44 25 44 19
48 85 53 85 53 90 48 90 48 85
2 58 7 58 7 61 2 61 2 58
15 21 18 21 18 23 15 23 15 21
21 94 23 94 23 97 21 97 21 94
38 78 40 78 40 83 38 83 38 78
96 47 98 47 98 50 96 50 96 47
63 22 65 22 65 26 63 26 63 22
46 92 50 92 50 95 46 95 46 92
11 51 13 51 13 53 11 53 11 51
43 60 49 60 49 65 43 65 43 60
16 3 21 3 21 5 16 5 16 3
71 9 75 9 75 12 71 12 71 9
