9 62 11 62 11 64 9 64 9 62
41 88 43 88 43 92 41 92 41 88
20 39 24 39 24 43 20 43 20 39
71 86 75 86 75 91 71 91 71 86
70 62 73 62 73 65 70 65 70 62
7 89 10 89 10 94 7 94 7 89
82 82 88 82 88 87 82 87 82 82
44 86 50 86 50 88 44 88 44 86
74 62 77 62 77 68 74 68 74 62
61 67 67 67 67 69 61 69 61 67
6 47 11 47 11 50 6 50 6 47
33 89 35 89 35 92 33 92 33 89
52 53 56 53 56 56 52 56 52 53
43 12 46 12 46 18 43 18 43 12
94 63 97 63 97 65 94 65 94 63
49 23 52 23 52 26 49 26 49 23
85 20 89 20 89 24 85 24 85 20
8 54 12 54 12 59 8 59 8 54
48 81 54 81 54 85 48 85 48 81
10 33 15 33 15 36 10 36 10 33
72 43 77 43 77 49 72 49 72 43
5 18 7 18 7 22 5 22 5 18
72 27 74 27 74 31 72 31 72 27
22 2 27 2 27 4 22 4 22 2
83 69 88 69 88 74 83 74 83 69
17 79 20 79 20 84 17 84 17 79
44 74 46 74 46 76 44 76 44 74
18 2 21 2 21 7 18 7 18 2
20 32 26 32 26 35 20 35 20 32
59 94 65 94 65 96 59 96 59 94
93 16 95 16 95 20 93 20 93 16
95 23 97 23 97 26 95 26 95 23
2 90 5 90 5 95 2 95 2 90
92 55 94 55 94 59 92 59 92 55
76 16 81 16 81 19 76 19 76 16
40 83 43 83 43 87 40 87 40 83
34 84 38 84 38 86 34 86 34 84
12 82 14 82 14 84 12 84 12 82
44 79 47 79 47 84 44 84 44 79
62 86 65 86 65 92 62 92 62 86
3 10 7 10 7 12 3 12 3 10
76 23 78 23 78 29 76 29 76 23
75 72 79 72 79 75 75 75 75 72
61 70 63 70 63 72 61 72 61 70
50 93 52 93 52 96 50 96 50 93
29 64 32 64 32 67 29 67 29 64
30 5 32 5 32 7 30 7 30 5
62 35 64 35 64 37 62 37 62 35
29 56 31 56 31 59 29 59 29 56
75 78 77 78 77 84 75 84 75 78
43 19 48 19 48 22 43 22 43 19
38 41 40 41 40 44 38 44 38 41
77 51 79 51 79 53 77 53 77 51
7 40 13 40 13 42 7 42 7 40
19 9 24 9 24 15 19 15 19 9
28 16 32 16 32 19 28 19 28 16
59 15 61 15 61 17 59 17 59 15
92 96 94 96 94 98 92 98 92 96
37 20 41 20 41 26 37 26 37 20
29 72 33 72 33 74 29 74 29 72
91 75 93 75 93 78 91 78 91 75
17 21 19 21 19 23 17 23 17 21
31 95 36 95 36 97 31 97 31 95
86 32 90 32 90 34 86 34 86 32
51 64 56 64 56 68 51 68 51 64
79 8 84 8 84 11 79 11 79 8
84 62 86 62 86 68 84 68 84 62
19 68 25 68 25 74 19 74 19 68
43 51 49 51 49 55 43 55 43 51
16 86 22 86 22 91 16 91 16 86
58 54 62 54 62 57 58 57 58 54
78 63 83 63 83 66 78 66 78 63
48 34 54 34 54 37 48 37 48 34
36 6 38 6 38 11 36 11 36 6
70 6 72 6 72 8 70 8 70 6
64 13 68 13 68 15 64 15 64 13
26 77 29 77 29 83 26 83 26 77
55 83 61 83 61 88 55 88 55 83
35 54 41 54 41 56 35 56 35 54
59 20 63 20 63 24 59 24 59 20
82 28 84 28 84 34 82 34 82 28
83 15 87 15 87 17 83 17 83 15
58 7 62 7 62 9 58 9 58 7
86 93 90 93 90 97 86 97 86 93
16 53 21 53 21 58 16 58 16 53
24 84 30 84 30 90 24 90 24 84
90 81 94 81 94 84 90 84 90 81
31 11 34 11 34 14 31 14 31 11
52 13 56 13 56 18 52 18 52 13
82 35 85 35 85 41 82 41 82 35
86 57 88 57 88 60 86 60 86 57
53 20 57 20 57 25 53 25 53 20
91 10 96 10 96 14 91 14 91 10
29 49 32 49 32 53 29 53 29 49
3 76 5 76 5 80 3 80 3 76
13 17 17 17 17 19 13 19 13 17
69 36 75 36 75 41 69 41 69 36
12 20 14 20 14 25 12 25 12 20
20 46 24 46 24 49 20 49 20 46
89 66 93 66 93 71 89 71 89 66
