52 39 56 39 56 44 52 44 52 39
29 25 32 25 32 31 29 31 29 25
62 79 65 79 65 84 62 84 62 79
32 95 34 95 34 98 32 98 32 95
10 77 14 77 14 80 10 80 10 77
26 54 32 54 32 58 26 58 26 54
86 87 89 87 89 91 86 91 86 87
77 27 80 27 80 29 77 29 77 27
67 71 73 71 73 77 67 77 67 71
90 17 92 17 92 23 90 23 90 17
94 23 97 23 97 27 94 27 94 23
78 96 83 96 83 98 78 98 78 96
84 73 89 73 89 79 84 79 84 73
52 89 54 89 54 92 52 92 52 89
33 80 36 80 36 85 33 85 33 80
3 21 9 21 9 25 3 25 3 21
17 65 19 65 19 69 17 69 17 65
38 32 41 32 41 37 38 37 38 32
34 73 40 73 40 77 34 77 34 73
93 82 96 82 96 85 93 85 93 82
22 4 26 4 26 8 22 8 22 4
28 5 32 5 32 9 28 9 28 5
60 55 66 55 66 59 60 59 60 55
57 64 60 64 60 66 57 66 57 64
62 36 65 36 65 39 62 39 62 36
75 88 78 88 78 90 75 90 75 88
44 65 49 65 49 68 44 68 44 65
71 13 75 13 75 18 71 18 71 13
88 5 92 5 92 8 88 8 88 5
69 33 72 33 72 38 69 38 69 33
91 55 95 55 95 58 91 58 91 55
22 27 28 27 28 33 22 33 22 27
66 66 69 66 69 69 66 69 66 66
56 83 60 83 60 85 56 85 56 83
17 38 20 38 20 40 17 40 17 38
39 40 41 40 41 46 39 46 39 40
6 29 12 29 12 33 6 33 6 29
28 37 31 37 31 41 28 41 28 37
60 70 62 70 62 72 60 72 60 70
53 18 59 18 59 23 53 23 53 18
51 68 54 68 54 71 51 71 51 68
15 50 19 50 19 52 15 52 15 50
33 6 38 6 38 12 33 12 33 6
44 38 46 38 46 44 44 44 44 38
9 4 14 4 14 7 9 7 9 4
23 88 28 88 28 92 23 92 23 88
56 78 58 78 58 80 56 80 56 78
54 56 59 56 59 62 54 62 54 56
5 87 8 87 8 93 5 93 5 87
94 77 97 77 97 79 94 79 94 77
3 66 6 66 6 72 3 72 3 66
21 12 26 12 26 15 21 15 21 12
19 73 22 73 22 78 19 78 19 73
34 23 40 23 40 28 34 28 34 23
90 25 93 25 93 29 90 29 90 25
91 46 95 46 95 52 91 52 91 46
9 26 11 26 11 28 9 28 9 26
26 18 30 18 30 24 26 24 26 18
79 43 81 43 81 49 79 49 79 43
67 43 71 43 71 45 67 45 67 43
63 85 69 85 69 90 63 90 63 85
13 15 19 15 19 21 13 21 13 15
59 6 62 6 62 9 59 9 59 6
39 49 45 49 45 55 39 55 39 49
68 60 70 60 70 65 68 65 68 60
9 66 15 66 15 68 9 68 9 66
51 58 53 58 53 64 51 64 51 58
19 56 22 56 22 59 19 59 19 56
62 61 65 61 65 65 62 65 62 61
43 87 48 87 48 91 43 91 43 87
43 72 48 72 48 78 43 78 43 72
2 17 8 17 8 20 2 20 2 17
77 60 80 60 80 64 77 64 77 60
49 72 52 72 52 75 49 75 49 72
57 33 59 33 59 37 57 37 57 33
73 65 78 65 78 69 73 69 73 65
80 10 84 10 84 12 80 12 80 10
52 77 54 77 54 80 52 80 52 77
56 87 62 87 62 90 56 90 56 87
84 57 88 57 88 63 84 63 84 57
7 77 9 77 9 83 7 83 7 77
52 9 54 9 54 13 52 13 52 9
84 47 86 47 86 51 84 51 84 47
74 39 79 39 79 42 74 42 74 39
86 92 90 92 90 96 86 96 86 92
62 20 66 20 66 22 62 22 62 20
67 49 71 49 71 54 67 54 67 49
77 51 81 51 81 53 77 53 77 51
21 43 25 43 25 46 21 46 21 43
55 28 61 28 61 30 55 30 55 28
7 39 10 39 10 41 7 41 7 39
82 40 85 40 85 45 82 45 82 40
68 95 72 95 72 98 68 98 68 95
76 6 79 6 79 9 76 9 76 6
37 63 40 63 40 68 37 68 37 63
3 55 8 55 8 59 3 59 3 55
51 93 53 93 53 96 51 96 51 93
75 92 80 92 80 94 75 94 75 92
24 47 29 47 29 52 24 52 24 47
46 19 52 19 52 21 46 21 46 19
