41 54 44 54 44 59 41 59 41 54
73 59 77 59 77 62 73 62 73 59
25 82 30 82 30 86 25 86 25 82
69 22 72 22 72 26 69 26 69 22
91 33 97 33 97 36 91 36 91 33
38 14 40 14 40 17 38 17 38 14
86 15 90 15 90 20 86 20 86 15
62 2 64 2 64 7 62 7 62 2
57 39 60 39 60 42 57 42 57 39
47 32 49 32 49 38 47 38 47 32
74 74 76 74 76 78 74 78 74 74
88 65 93 65 93 67 88 67 88 65
81 88 85 88 85 91 81 91 81 88
39 81 42 81 42 86 39 86 39 81
46 57 52 57 52 62 46 62 46 57
89 57 93 57 93 59 89 59 89 57
23 35 25 35 25 41 23 41 23 35
89 10 95 10 95 13 89 13 89 10
10 74 14 74 14 77 10 77 10 74
55 7 57 7 57 13 55 13 55 7
64 52 68 52 68 58 64 58 64 52
9 8 11 8 11 14 9 14 9 8
57 91 63 91 63 96 57 96 57 91
27 62 30 62 30 68 27 68 27 62
63 79 67 79 67 81 63 81 63 79
90 37 92 37 92 40 90 40 90 37
11 62 16 62 16 66 11 66 11 62
70 39 73 39 73 44 70 44 70 39
74 88 77 88 77 90 74 90 74 88
80 85 82 85 82 87 80 87 80 85
47 5 49 5 49 8 47 8 47 5
85 47 90 47 90 52 85 52 85 47
61 28 64 28 64 33 61 33 61 28
67 33 71 33 71 38 67 38 67 33
45 67 48 67 48 69 45 69 45 67
52 18 58 18 58 21 52 21 52 18
23 69 25 69 25 71 23 71 23 69
16 74 18 74 18 80 16 80 16 74
89 77 92 77 92 82 89 82 89 77
45 75 51 75 51 80 45 80 45 75
81 11 85 11 85 17 81 17 81 11
73 80 78 80 78 86 73 86 73 80
17 2 22 2 22 4 17 4 17 2
78 73 83 73 83 78 78 78 78 73
64 17 68 17 68 19 64 19 64 17
42 89 45 89 45 93 42 93 42 89
30 89 34 89 34 91 30 91 30 89
92 16 97 16 97 18 92 18 92 16
90 71 94 71 94 75 90 75 90 71
28 35 34 35 34 41 28 41 28 35
5 39 11 39 11 45 5 45 5 39
28 53 33 53 33 55 28 55 28 53
21 32 23 32 23 34 21 34 21 32
3 57 6 57 6 62 3 62 3 57
71 63 76 63 76 66 71 66 71 63
3 13 6 13 6 18 3 18 3 13
67 63 69 63 69 65 67 65 67 63
23 3 28 3 28 9 23 9 23 3
8 5 11 5 11 7 8 7 8 5
38 28 42 28 42 32 38 32 38 28
65 87 68 87 68 93 65 93 65 87
3 27 5 27 5 31 3 31 3 27
33 63 38 63 38 67 33 67 33 63
91 83 96 83 96 85 91 85 91 83
84 79 88 79 88 82 84 82 84 79
30 49 36 49 36 51 30 51 30 49
37 9 43 9 43 12 37 12 37 9
78 42 80 42 80 45 78 45 78 42
91 45 94 45 94 47 91 47 91 45
54 32 59 32 59 34 54 34 54 32
3 80 5 80 5 85 3 85 3 80
91 2 96 2 96 5 91 5 91 2
53 75 57 75 57 80 53 80 53 75
26 75 28 75 28 80 26 80 26 75
44 18 47 18 47 20 44 20 44 18
76 34 79 34 79 36 76 36 76 34
13 39 17 39 17 44 13 44 13 39
58 67 63 67 63 73 58 73 58 67
31 78 35 78 35 80 31 80 31 78
22 60 25 60 25 66 22 66 22 60
43 47 47 47 47 53 43 53 43 47
74 10 77 10 77 16 74 16 74 10
66 27 69 27 69 31 66 31 66 27
50 24 53 24 53 27 50 27 50 24
5 92 11 92 11 94 5 94 5 92
90 41 94 41 94 44 90 44 90 41
93 26 97 26 97 30 93 30 93 26
83 34 89 34 89 39 83 39 83 34
18 67 20 67 20 73 18 73 18 67
8 32 13 32 13 37 8 37 8 32
23 49 25 49 25 54 23 54 23 49
75 22 78 22 78 27 75 27 75 22
31 24 33 24 33 29 31 29 31 24
58 24 63 24 63 26 58 26 58 24
73 49 79 49 79 55 73 55 73 49
49 39 53 39 53 43 49 43 49 39
18 82 20 82 20 87 18 87 18 82
19 36 22 36 22 42 19 42 19 36
5 86 8 86 8 89 5 89 5 86
68 6 71 6 71 9 68 9 68 6
