66 78 69 78 69 83 66 83 66 78
27 83 30 83 30 87 27 87 27 83
78 78 84 78 84 84 78 84 78 78
38 25 40 25 40 28 38 28 38 25
80 73 82 73 82 77 80 77 80 73
10 22 16 22 16 28 10 28 10 22
48 15 50 15 50 17 48 17 48 15
93 86 96 86 96 89 93 89 93 86
74 30 76 30 76 34 74 34 74 30
55 65 58 65 58 68 55 68 55 65
39 73 43 73 43 77 39 77 39 73
96 38 98 38 98 41 96 41 96 38
40 57 46 57 46 62 40 62 40 57
66 40 69 40 69 46 66 46 66 40
35 36 37 36 37 42 35 42 35 36
67 27 70 27 70 30 67 30 67 27
93 54 96 54 96 58 93 58 93 54
28 6 31 6 31 12 28 12 28 6
45 19 51 19 51 22 45 22 45 19
15 4 19 4 19 9 15 9 15 4
41 65 43 65 43 70 41 70 41 65
39 89 44 89 44 91 39 91 39 89
21 26 27 26 27 29 21 29 21 26
75 67 81 67 81 71 75 71 75 67
71 21 73 21 73 25 71 25 71 21
87 5 93 5 93 8 87 8 87 5
88 89 90 89 90 95 88 95 88 89
7 59 13 59 13 62 7 62 7 59
23 33 25 33 25 38 23 38 23 33
85 36 88 36 88 40 85 40 85 36
23 41 25 41 25 46 23 46 23 41
30 46 34 46 34 49 30 49 30 46
54 31 59 31 59 37 54 37 54 31
91 23 93 23 93 27 91 27 91 23
2 20 4 20 4 22 2 22 2 20
61 61 65 61 65 66 61 66 61 61
87 54 91 54 91 57 87 57 87 54
47 49 51 49 51 55 47 55 47 49
69 11 71 11 71 15 69 15 69 11
39 46 41 46 41 51 39 51 39 46
7 49 9 49 9 53 7 53 7 49
13 64 19 64 19 70 13 70 13 64
35 92 38 92 38 98 35 98 35 92
86 71 89 71 89 75 86 75 86 71
43 45 46 45 46 49 43 49 43 45
85 66 90 66 90 70 85 70 85 66
60 71 62 71 62 76 60 76 60 71
32 56 37 56 37 62 32 62 32 56
2 40 8 40 8 42 2 42 2 40
57 83 63 83 63 87 57 87 57 83
72 64 74 64 74 66 72 66 72 64
20 15 23 15 23 20 20 20 20 15
56 80 61 80 61 82 56 82 56 80
31 71 35 71 35 74 31 74 31 71
78 41 84 41 84 47 78 47 78 41
57 73 59 73 59 76 57 76 57 73
6 7 8 7 8 10 6 10 6 7
71 47 76 47 76 51 71 51 71 47
53 5 58 5 58 9 53 9 53 5
20 63 26 63 26 68 20 68 20 63
28 22 34 22 34 27 28 27 28 22
57 52 62 52 62 57 57 57 57 52
59 7 64 7 64 12 59 12 59 7
63 53 66 53 66 58 63 58 63 53
9 86 11 86 11 91 9 91 9 86
22 10 25 10 25 13 22 13 22 10
45 31 51 31 51 36 45 36 45 31
76 2 82 2 82 6 76 6 76 2
28 51 31 51 31 57 28 57 28 51
52 89 55 89 55 94 52 94 52 89
91 19 96 19 96 21 91 21 91 19
27 13 33 13 33 15 27 15 27 13
60 41 63 41 63 45 60 45 60 41
77 30 79 30 79 36 77 36 77 30
95 46 98 46 98 51 95 51 95 46
41 32 44 32 44 35 41 35 41 32
52 58 57 58 57 60 52 60 52 58
10 46 15 46 15 49 10 49 10 46
11 38 15 38 15 40 11 40 11 38
35 80 41 80 41 85 35 85 35 80
27 42 30 42 30 44 27 44 27 42
88 43 90 43 90 49 88 49 88 43
48 44 54 44 54 46 48 46 48 44
73 87 75 87 75 90 73 90 73 87
71 70 74 70 74 73 71 73 71 70
51 96 54 96 54 98 51 98 51 96
3 69 7 69 7 75 3 75 3 69
14 87 16 87 16 91 14 91 14 87
81 49 85 49 85 53 81 53 81 49
37 64 39 64 39 69 37 69 37 64
58 27 60 27 60 30 58 30 58 27
70 78 72 78 72 82 70 82 70 78
15 77 20 77 20 79 15 79 15 77
5 23 8 23 8 29 5 29 5 23
42 53 46 53 46 56 42 56 42 53
76 91 79 91 79 97 76 97 76 91
40 5 46 5 46 11 40 11 40 5
84 92 87 92 87 94 84 94 84 92
34 68 36 68 36 70 34 70 34 68
17 33 19 33 19 38 17 38 17 33
