78 7 83 7 83 10 78 10 78 7
18 56 22 56 22 59 18 59 18 56
30 69 34 69 34 73 30 73 30 69
8 4 12 4 12 9 8 9 8 4
38 71 43 71 43 74 38 74 38 71
75 57 79 57 79 59 75 59 75 57
67 90 71 90 71 92 67 92 67 90
17 29 23 29 23 33 17 33 17 29
70 62 75 62 75 64 70 64 70 62
66 69 68 69 68 72 66 72 66 69
22 91 28 91 28 96 22 96 22 91
82 67 88 67 88 71 82 71 82 67
61 62 67 62 67 68 61 68 61 62
64 53 67 53 67 55 64 55 64 53
23 48 28 48 28 51 23 51 23 48
14 17 17 17 17 23 14 23 14 17
9 46 15 46 15 49 9 49 9 46
13 71 15 71 15 77 13 77 13 71
62 88 65 88 65 92 62 92 62 88
51 33 53 33 53 35 51 35 51 33
35 62 41 62 41 66 35 66 35 62
16 62 19 62 19 65 16 65 16 62
11 66 14 66 14 68 11 68 11 66
84 84 90 84 90 89 84 89 84 84
30 90 34 90 34 96 30 96 30 90
62 79 65 79 65 83 62 83 62 79
25 83 29 83 29 88 25 88 25 83
69 45 71 45 71 49 69 49 69 45
36 31 42 31 42 35 36 35 36 31
61 85 64 85 64 87 61 87 61 85
70 2 74 2 74 7 70 7 70 2
47 20 53 20 53 24 47 24 47 20
52 85 57 85 57 91 52 91 52 85
80 43 82 43 82 45 80 45 80 43
69 82 72 82 72 86 69 86 69 82
67 77 70 77 70 81 67 81 67 77
79 34 82 34 82 39 79 39 79 34
54 20 56 20 56 22 54 22 54 20
85 76 89 76 89 79 85 79 85 76
64 45 68 45 68 50 64 50 64 45
25 29 31 29 31 34 25 34 25 29
8 60 14 60 14 62 8 62 8 60
37 47 43 47 43 51 37 51 37 47
34 36 40 36 40 39 34 39 34 36
34 14 40 14 40 20 34 20 34 14
44 29 49 29 49 33 44 33 44 29
58 18 63 18 63 22 58 22 58 18
79 70 81 70 81 75 79 75 79 70
18 9 22 9 22 11 18 11 18 9
46 36 49 36 49 40 46 40 46 36
8 81 10 81 10 85 8 85 8 81
58 38 60 38 60 41 58 41 58 38
52 44 57 44 57 48 52 48 52 44
54 65 56 65 56 68 54 68 54 65
2 75 5 75 5 78 2 78 2 75
69 15 74 15 74 21 69 21 69 15
84 37 87 37 87 43 84 43 84 37
81 49 84 49 84 51 81 51 81 49
3 62 5 62 5 64 3 64 3 62
92 65 97 65 97 71 92 71 92 65
15 93 18 93 18 95 15 95 15 93
9 96 15 96 15 98 9 98 9 96
18 87 24 87 24 89 18 89 18 87
42 78 45 78 45 81 42 81 42 78
64 39 69 39 69 44 64 44 64 39
36 78 41 78 41 83 36 83 36 78
68 25 71 25 71 31 68 31 68 25
65 57 67 57 67 59 65 59 65 57
15 78 19 78 19 80 15 80 15 78
30 6 35 6 35 10 30 10 30 6
77 27 82 27 82 31 77 31 77 27
23 54 26 54 26 57 23 57 23 54
32 40 35 40 35 46 32 46 32 40
88 12 94 12 94 17 88 17 88 12
73 50 77 50 77 54 73 54 73 50
25 77 29 77 29 79 25 79 25 77
31 48 36 48 36 54 31 54 31 48
87 59 92 59 92 64 87 64 87 59
10 15 13 15 13 18 10 18 10 15
68 32 71 32 71 38 68 38 68 32
9 38 11 38 11 44 9 44 9 38
46 47 48 47 48 49 46 49 46 47
78 62 81 62 81 67 78 67 78 62
95 20 97 20 97 24 95 24 95 20
9 51 12 51 12 55 9 55 9 51
34 59 36 59 36 61 34 61 34 59
22 83 24 83 24 86 22 86 22 83
3 91 8 91 8 94 3 94 3 91
45 11 51 11 51 13 45 13 45 11
3 30 5 30 5 32 3 32 3 30
48 86 50 86 50 89 48 89 48 86
41 14 43 14 43 16 41 16 41 14
26 18 30 18 30 22 26 22 26 18
55 57 61 57 61 59 55 59 55 57
76 46 79 46 79 49 76 49 76 46
54 77 57 77 57 83 54 83 54 77
7 31 13 31 13 33 7 33 7 31
89 52 93 52 93 56 89 56 89 52
42 86 44 86 44 92 42 92 42 86
45 66 47 66 47 72 45 72 45 66
