73 93 75 93 75 95 73 95 73 93
20 64 23 64 23 68 20 68 20 64
43 39 48 39 48 41 43 41 43 39
81 25 84 25 84 28 81 28 81 25
31 72 37 72 37 77 31 77 31 72
84 57 86 57 86 60 84 60 84 57
57 72 60 72 60 78 57 78 57 72
63 81 65 81 65 83 63 83 63 81
21 31 26 31 26 36 21 36 21 31
25 60 29 60 29 63 25 63 25 60
33 2 35 2 35 6 33 6 33 2
47 21 49 21 49 25 47 25 47 21
21 86 27 86 27 92 21 92 21 86
67 13 73 13 73 19 67 19 67 13
44 62 49 62 49 66 44 66 44 62
59 16 61 16 61 18 59 18 59 16
38 50 42 50 42 53 38 53 38 50
36 20 38 20 38 24 36 24 36 20
33 35 38 35 38 41 33 41 33 35
53 90 58 90 58 94 53 94 53 90
75 34 78 34 78 39 75 39 75 34
51 63 57 63 57 67 51 67 51 63
13 63 17 63 17 67 13 67 13 63
83 93 85 93 85 97 83 97 83 93
28 46 31 46 31 52 28 52 28 46
90 45 92 45 92 51 90 51 90 45
23 23 29 23 29 25 23 25 23 23
82 82 87 82 87 84 82 84 82 82
15 86 18 86 18 92 15 92 15 86
10 2 15 2 15 5 10 5 10 2
74 72 76 72 76 77 74 77 74 72
48 79 54 79 54 83 48 83 48 79
28 56 33 56 33 58 28 58 28 56
8 53 10 53 10 57 8 57 8 53
90 38 95 38 95 44 90 44 90 38
87 27 93 27 93 32 87 32 87 27
30 14 32 14 32 19 30 19 30 14
86 46 89 46 89 48 86 48 86 46
26 72 30 72 30 75 26 75 26 72
28 35 31 35 31 38 28 38 28 35
89 66 94 66 94 70 89 70 89 66
5 41 8 41 8 45 5 45 5 41
43 87 46 87 46 92 43 92 43 87
15 40 19 40 19 43 15 43 15 40
15 46 18 46 18 48 15 48 15 46
88 58 91 58 91 62 88 62 88 58
46 13 51 13 51 18 46 18 46 13
22 26 26 26 26 28 22 28 22 26
73 24 79 24 79 30 73 30 73 24
73 55 76 55 76 59 73 59 73 55
47 67 50 67 50 70 47 70 47 67
11 68 14 68 14 70 11 70 11 68
79 67 82 67 82 73 79 73 79 67
27 77 29 77 29 80 27 80 27 77
32 88 38 88 38 91 32 91 32 88
49 85 54 85 54 88 49 88 49 85
54 36 58 36 58 42 54 42 54 36
8 25 12 25 12 30 8 30 8 25
13 93 18 93 18 96 13 96 13 93
67 39 71 39 71 41 67 41 67 39
80 17 86 17 86 19 80 19 80 17
43 79 47 79 47 82 43 82 43 79
92 80 94 80 94 83 92 83 92 80
62 5 68 5 68 11 62 11 62 5
61 71 66 71 66 77 61 77 61 71
21 16 23 16 23 18 21 18 21 16
76 63 81 63 81 65 76 65 76 63
43 51 45 51 45 57 43 57 43 51
57 82 60 82 60 88 57 88 57 82
26 68 30 68 30 71 26 71 26 68
80 35 86 35 86 39 80 39 80 35
90 13 92 13 92 17 90 17 90 13
40 15 43 15 43 21 40 21 40 15
18 16 20 16 20 21 18 21 18 16
16 79 21 79 21 83 16 83 16 79
78 3 82 3 82 8 78 8 78 3
33 92 35 92 35 96 33 96 33 92
77 13 79 13 79 19 77 19 77 13
59 43 62 43 62 48 59 48 59 43
79 41 81 41 81 43 79 43 79 41
33 65 35 65 35 68 33 68 33 65
78 75 81 75 81 81 78 81 78 75
53 8 57 8 57 10 53 10 53 8
87 90 91 90 91 94 87 94 87 90
53 15 56 15 56 20 53 20 53 15
30 29 35 29 35 34 30 34 30 29
65 63 70 63 70 67 65 67 65 63
2 15 4 15 4 19 2 19 2 15
15 59 21 59 21 61 15 61 15 59
73 79 76 79 76 82 73 82 73 79
81 20 85 20 85 24 81 24 81 20
10 34 12 34 12 39 10 39 10 34
10 45 12 45 12 51 10 51 10 45
34 50 37 50 37 52 34 52 34 50
37 3 40 3 40 8 37 8 37 3
92 91 95 91 95 94 92 94 92 91
87 21 93 21 93 23 87 23 87 21
15 71 18 71 18 77 15 77 15 71
38 75 41 75 41 78 38 78 38 75
8 6 14 6 14 11 8 11 8 6
