73 88 75 88 75 92 73 92 73 88
64 83 67 83 67 86 64 86 64 83
89 68 94 68 94 72 89 72 89 68
55 30 60 30 60 34 55 34 55 30
37 24 43 24 43 28 37 28 37 24
88 9 93 9 93 13 88 13 88 9
61 73 65 73 65 79 61 79 61 73
79 3 83 3 83 8 79 8 79 3
87 93 92 93 92 98 87 98 87 93
61 18 63 18 63 22 61 22 61 18
48 14 54 14 54 20 48 20 48 14
38 32 41 32 41 37 38 37 38 32
74 15 78 15 78 18 74 18 74 15
19 84 21 84 21 90 19 90 19 84
77 73 80 73 80 79 77 79 77 73
91 38 95 38 95 42 91 42 91 38
52 38 58 38 58 41 52 41 52 38
70 95 72 95 72 97 70 97 70 95
20 20 22 20 22 22 20 22 20 20
4 70 9 70 9 76 4 76 4 70
85 16 87 16 87 19 85 19 85 16
2 93 8 93 8 95 2 95 2 93
31 75 37 75 37 78 31 78 31 75
13 62 19 62 19 67 13 67 13 62
16 11 19 11 19 17 16 17 16 11
81 89 86 89 86 95 81 95 81 89
5 31 7 31 7 36 5 36 5 31
76 2 78 2 78 6 76 6 76 2
54 68 56 68 56 73 54 73 54 68
82 86 87 86 87 88 82 88 82 86
32 3 38 3 38 9 32 9 32 3
86 73 91 73 91 77 86 77 86 73
6 64 11 64 11 68 6 68 6 64
51 80 54 80 54 83 51 83 51 80
81 70 83 70 83 72 81 72 81 70
71 63 75 63 75 66 71 66 71 63
59 48 65 48 65 52 59 52 59 48
69 19 74 19 74 25 69 25 69 19
47 72 50 72 50 76 47 76 47 72
70 52 74 52 74 58 70 58 70 52
41 44 44 44 44 49 41 49 41 44
89 23 92 23 92 29 89 29 89 23
93 76 96 76 96 78 93 78 93 76
10 22 13 22 13 27 10 27 10 22
15 20 17 20 17 22 15 22 15 20
20 10 22 10 22 14 20 14 20 10
22 92 26 92 26 97 22 97 22 92
36 43 40 43 40 45 36 45 36 43
63 25 66 25 66 29 63 29 63 25
66 33 68 33 68 37 66 37 66 33
38 70 40 70 40 75 38 75 38 70
57 92 60 92 60 96 57 96 57 92
70 81 73 81 73 83 70 83 70 81
22 81 27 81 27 83 22 83 22 81
11 90 13 90 13 96 11 96 11 90
92 32 94 32 94 35 92 35 92 32
26 64 32 64 32 69 26 69 26 64
46 92 50 92 50 95 46 95 46 92
20 60 24 60 24 64 20 64 20 60
41 54 47 54 47 56 41 56 41 54
30 46 33 46 33 49 30 49 30 46
78 58 80 58 80 62 78 62 78 58
23 18 28 18 28 20 23 20 23 18
11 37 14 37 14 40 11 40 11 37
22 77 26 77 26 80 22 80 22 77
44 73 46 73 46 75 44 75 44 73
33 13 36 13 36 17 33 17 33 13
81 33 83 33 83 38 81 38 81 33
11 3 15 3 15 8 11 8 11 3
31 71 35 71 35 73 31 73 31 71
9 56 12 56 12 58 9 58 9 56
4 44 9 44 9 46 4 46 4 44
69 36 75 36 75 41 69 41 69 36
90 85 94 85 94 91 90 91 90 85
57 61 63 61 63 67 57 67 57 61
95 5 97 5 97 10 95 10 95 5
38 81 42 81 42 83 38 83 38 81
26 28 32 28 32 30 26 30 26 28
60 35 62 35 62 41 60 41 60 35
44 64 46 64 46 66 44 66 44 64
65 3 68 3 68 8 65 8 65 3
84 59 88 59 88 63 84 63 84 59
85 39 88 39 88 42 85 42 85 39
34 30 37 30 37 34 34 34 34 30
50 48 54 48 54 54 50 54 50 48
71 10 76 10 76 13 71 13 71 10
43 18 45 18 45 23 43 23 43 18
90 54 94 54 94 57 90 57 90 54
75 31 80 31 80 33 75 33 75 31
42 8 44 8 44 13 42 13 42 8
25 39 29 39 29 45 25 45 25 39
26 51 29 51 29 54 26 54 26 51
76 65 80 65 80 68 76 68 76 65
82 78 86 78 86 80 82 80 82 78
13 59 19 59 19 61 13 61 13 59
24 32 27 32 27 38 24 38 24 32
78 9 81 9 81 12 78 12 78 9
2 37 5 37 5 39 2 39 2 37
17 68 22 68 22 72 17 72 17 68
89 59 92 59 92 62 89 62 89 59
