50 86 54 86 54 89 50 89 50 86
60 22 65 22 65 27 60 27 60 22
96 60 98 60 98 66 96 66 96 60
33 85 35 85 35 88 33 88 33 85
93 13 96 13 96 18 93 18 93 13
31 15 37 15 37 19 31 19 31 15
27 89 32 89 32 95 27 95 27 89
75 21 80 21 80 26 75 26 75 21
35 31 40 31 40 37 35 37 35 31
46 52 50 52 50 56 46 56 46 52
36 76 40 76 40 78 36 78 36 76
75 40 80 40 80 44 75 44 75 40
67 55 71 55 71 58 67 58 67 55
77 93 79 93 79 95 77 95 77 93
25 5 30 5 30 10 25 10 25 5
57 28 63 28 63 31 57 31 57 28
5 30 11 30 11 33 5 33 5 30
70 89 74 89 74 93 70 93 70 89
90 29 93 29 93 32 90 32 90 29
7 10 12 10 12 16 7 16 7 10
65 13 69 13 69 15 65 15 65 13
14 5 16 5 16 11 14 11 14 5
28 20 34 20 34 22 28 22 28 20
66 93 68 93 68 98 66 98 66 93
5 83 10 83 10 88 5 88 5 83
15 67 19 67 19 70 15 70 15 67
86 60 88 60 88 66 86 66 86 60
80 9 82 9 82 11 80 11 80 9
42 32 47 32 47 34 42 34 42 32
34 67 38 67 38 70 34 70 34 67
35 52 38 52 38 54 35 54 35 52
12 92 18 92 18 95 12 95 12 92
79 71 84 71 84 74 79 74 79 71
48 80 53 80 53 83 48 83 48 80
73 73 78 73 78 77 73 77 73 73
20 62 22 62 22 65 20 65 20 62
28 79 31 79 31 83 28 83 28 79
51 62 54 62 54 65 51 65 51 62
33 91 38 91 38 95 33 95 33 91
59 57 62 57 62 63 59 63 59 57
33 59 35 59 35 65 33 65 33 59
70 9 74 9 74 12 70 12 70 9
46 91 50 91 50 95 46 95 46 91
18 35 23 35 23 39 18 39 18 35
92 39 95 39 95 41 92 41 92 39
73 60 77 60 77 63 73 63 73 60
69 46 71 46 71 52 69 52 69 46
38 46 41 46 41 51 38 51 38 46
7 70 9 70 9 72 7 72 7 70
79 46 83 46 83 48 79 48 79 46
80 91 82 91 82 97 80 97 80 91
87 19 91 19 91 21 87 21 87 19
78 35 83 35 83 38 78 38 78 35
52 72 55 72 55 74 52 74 52 72
19 25 22 25 22 31 19 31 19 25
59 81 62 81 62 83 59 83 59 81
72 94 74 94 74 98 72 98 72 94
17 71 23 71 23 77 17 77 17 71
66 59 69 59 69 63 66 63 66 59
44 24 50 24 50 27 44 27 44 24
59 10 64 10 64 13 59 13 59 10
19 5 21 5 21 10 19 10 19 5
24 67 28 67 28 73 24 73 24 67
55 16 57 16 57 22 55 22 55 16
26 26 30 26 30 32 26 32 26 26
55 44 57 44 57 48 55 48 55 44
65 89 68 89 68 91 65 91 65 89
86 53 90 53 90 55 86 55 86 53
61 51 64 51 64 53 61 53 61 51
39 84 44 84 44 90 39 90 39 84
2 59 8 59 8 62 2 62 2 59
3 64 9 64 9 67 3 67 3 64
8 34 12 34 12 37 8 37 8 34
34 24 37 24 37 30 34 30 34 24
89 22 91 22 91 25 89 25 89 22
31 72 35 72 35 74 31 74 31 72
4 74 7 74 7 80 4 80 4 74
27 35 31 35 31 39 27 39 27 35
53 10 57 10 57 14 53 14 53 10
60 2 65 2 65 4 60 4 60 2
21 86 24 86 24 88 21 88 21 86
39 15 43 15 43 17 39 17 39 15
40 54 45 54 45 58 40 58 40 54
39 65 44 65 44 68 39 68 39 65
80 13 86 13 86 17 80 17 80 13
39 61 44 61 44 64 39 64 39 61
15 78 17 78 17 82 15 82 15 78
76 81 79 81 79 84 76 84 76 81
17 55 22 55 22 61 17 61 17 55
93 66 95 66 95 72 93 72 93 66
44 46 49 46 49 48 44 48 44 46
57 76 60 76 60 78 57 78 57 76
94 50 98 50 98 54 94 54 94 50
87 69 91 69 91 74 87 74 87 69
87 6 89 6 89 9 87 9 87 6
90 7 94 7 94 10 90 10 90 7
75 50 81 50 81 54 75 54 75 50
40 91 45 91 45 97 40 97 40 91
15 45 19 45 19 47 15 47 15 45
71 35 73 35 73 39 71 39 71 35
