20 18 23 18 23 20 20 20 20 18
83 13 86 13 86 17 83 17 83 13
86 24 91 24 91 29 86 29 86 24
85 38 88 38 88 42 85 42 85 38
45 15 51 15 51 19 45 19 45 15
5 8 8 8 8 14 5 14 5 8
27 9 29 9 29 13 27 13 27 9
22 11 24 11 24 15 22 15 22 11
36 14 39 14 39 20 36 20 36 14
52 34 57 34 57 38 52 38 52 34
28 33 33 33 33 35 28 35 28 33
48 70 52 70 52 75 48 75 48 70
82 63 88 63 88 66 82 66 82 63
72 32 74 32 74 34 72 34 72 32
42 68 47 68 47 70 42 70 42 68
77 61 80 61 80 64 77 64 77 61
27 15 32 15 32 21 27 21 27 15
28 58 30 58 30 62 28 62 28 58
91 68 94 68 94 70 91 70 91 68
75 72 79 72 79 75 75 75 75 72
33 74 36 74 36 80 33 80 33 74
68 80 74 80 74 84 68 84 68 80
18 94 22 94 22 98 18 98 18 94
53 3 57 3 57 7 53 7 53 3
72 48 74 48 74 53 72 53 72 48
61 77 64 77 64 80 61 80 61 77
49 62 55 62 55 68 49 68 49 62
37 72 39 72 39 74 37 74 37 72
20 71 23 71 23 74 20 74 20 71
65 77 67 77 67 83 65 83 65 77
82 43 86 43 86 48 82 48 82 43
54 69 60 69 60 73 54 73 54 69
68 73 71 73 71 79 68 79 68 73
50 76 53 76 53 80 50 80 50 76
9 18 15 18 15 24 9 24 9 18
61 49 67 49 67 52 61 52 61 49
85 3 88 3 88 9 85 9 85 3
38 39 44 39 44 45 38 45 38 39
15 37 18 37 18 40 15 40 15 37
54 79 57 79 57 84 54 84 54 79
9 76 12 76 12 82 9 82 9 76
18 86 24 86 24 91 18 91 18 86
20 36 26 36 26 40 20 40 20 36
5 48 7 48 7 54 5 54 5 48
25 86 28 86 28 89 25 89 25 86
53 96 58 96 58 98 53 98 53 96
83 78 86 78 86 82 83 82 83 78
16 29 19 29 19 31 16 31 16 29
65 60 70 60 70 63 65 63 65 60
2 25 4 25 4 30 2 30 2 25
13 82 18 82 18 85 13 85 13 82
79 30 84 30 84 33 79 33 79 30
88 48 94 48 94 53 88 53 88 48
16 24 22 24 22 28 16 28 16 24
91 42 97 42 97 44 91 44 91 42
25 46 29 46 29 50 25 50 25 46
61 95 66 95 66 98 61 98 61 95
73 55 75 55 75 59 73 59 73 55
2 38 5 38 5 44 2 44 2 38
59 60 62 60 62 63 59 63 59 60
23 4 27 4 27 7 23 7 23 4
33 54 35 54 35 58 33 58 33 54
39 77 45 77 45 82 39 82 39 77
37 7 40 7 40 10 37 10 37 7
6 3 12 3 12 5 6 5 6 3
5 20 8 20 8 25 5 25 5 20
75 5 81 5 81 9 75 9 75 5
3 65 7 65 7 68 3 68 3 65
66 5 68 5 68 7 66 7 66 5
82 93 85 93 85 95 82 95 82 93
36 21 40 21 40 27 36 27 36 21
8 86 14 86 14 90 8 90 8 86
79 58 85 58 85 60 79 60 79 58
92 57 95 57 95 59 92 59 92 57
78 14 80 14 80 19 78 19 78 14
15 11 18 11 18 14 15 14 15 11
16 3 19 3 19 6 16 6 16 3
54 26 58 26 58 31 54 31 54 26
3 77 6 77 6 79 3 79 3 77
55 45 57 45 57 49 55 49 55 45
82 83 86 83 86 89 82 89 82 83
71 25 74 25 74 31 71 31 71 25
33 6 35 6 35 8 33 8 33 6
91 85 97 85 97 90 91 90 91 85
2 12 4 12 4 18 2 18 2 12
15 48 17 48 17 51 15 51 15 48
88 19 92 19 92 22 88 22 88 19
90 82 93 82 93 84 90 84 90 82
57 11 61 11 61 16 57 16 57 11
64 29 67 29 67 33 64 33 64 29
11 70 13 70 13 72 11 72 11 70
88 12 90 12 90 16 88 16 88 12
33 42 35 42 35 46 33 46 33 42
74 90 77 90 77 95 74 95 74 90
64 64 67 64 67 69 64 69 64 64
75 38 79 38 79 43 75 43 75 38
59 43 62 43 62 45 59 45 59 43
10 28 14 28 14 30 10 30 10 28
27 77 30 77 30 82 27 82 27 77
45 4 48 4 48 6 45 6 45 4
