88 49 90 49 90 51 88 51 88 49
14 28 19 28 19 31 14 31 14 28
6 85 11 85 11 88 6 88 6 85
12 59 15 59 15 62 12 62 12 59
60 65 63 65 63 67 60 67 60 65
49 87 53 87 53 89 49 89 49 87
50 48 53 48 53 53 50 53 50 48
50 26 53 26 53 30 50 30 50 26
76 69 82 69 82 72 76 72 76 69
60 2 65 2 65 7 60 7 60 2
69 23 71 23 71 27 69 27 69 23
11 53 16 53 16 58 11 58 11 53
68 40 72 40 72 46 68 46 68 40
9 28 11 28 11 31 9 31 9 28
3 3 8 3 8 5 3 5 3 3
5 78 10 78 10 81 5 81 5 78
81 47 85 47 85 53 81 53 81 47
90 40 96 40 96 44 90 44 90 40
82 34 86 34 86 38 82 38 82 34
74 33 80 33 80 39 74 39 74 33
61 34 66 34 66 40 61 40 61 34
37 2 41 2 41 5 37 5 37 2
80 64 85 64 85 66 80 66 80 64
39 82 42 82 42 87 39 87 39 82
22 10 24 10 24 13 22 13 22 10
44 65 46 65 46 69 44 69 44 65
88 94 91 94 91 97 88 97 88 94
18 81 21 81 21 84 18 84 18 81
34 79 38 79 38 83 34 83 34 79
90 74 93 74 93 79 90 79 90 74
40 18 43 18 43 22 40 22 40 18
72 57 77 57 77 59 72 59 72 57
79 56 85 56 85 59 79 59 79 56
38 64 41 64 41 67 38 67 38 64
16 42 20 42 20 46 16 46 16 42
72 70 74 70 74 74 72 74 72 70
58 52 60 52 60 55 58 55 58 52
78 9 82 9 82 13 78 13 78 9
66 84 68 84 68 88 66 88 66 84
27 71 31 71 31 73 27 73 27 71
12 6 17 6 17 10 12 10 12 6
59 70 62 70 62 76 59 76 59 70
80 40 84 40 84 46 80 46 80 40
24 51 29 51 29 55 24 55 24 51
50 58 52 58 52 60 50 60 50 58
83 75 89 75 89 79 83 79 83 75
85 12 91 12 91 17 85 17 85 12
18 14 23 14 23 19 18 19 18 14
49 74 52 74 52 78 49 78 49 74
86 19 88 19 88 22 86 22 86 19
33 2 35 2 35 8 33 8 33 2
65 49 67 49 67 54 65 54 65 49
5 23 9 23 9 27 5 27 5 23
71 52 77 52 77 55 71 55 71 52
51 82 53 82 53 86 51 86 51 82
31 23 33 23 33 26 31 26 31 23
55 36 60 36 60 42 55 42 55 36
59 22 63 22 63 24 59 24 59 22
30 31 34 31 34 37 30 37 30 31
3 47 8 47 8 50 3 50 3 47
42 9 47 9 47 14 42 14 42 9
90 67 92 67 92 71 90 71 90 67
74 93 76 93 76 97 74 97 74 93
24 20 27 20 27 25 24 25 24 20
59 60 61 60 61 63 59 63 59 60
70 89 72 89 72 94 70 94 70 89
29 45 32 45 32 47 29 47 29 45
13 69 19 69 19 72 13 72 13 69
63 68 69 68 69 74 63 74 63 68
89 56 93 56 93 58 89 58 89 56
55 20 57 20 57 23 55 23 55 20
37 91 40 91 40 95 37 95 37 91
95 64 97 64 97 66 95 66 95 64
20 76 22 76 22 78 20 78 20 76
24 33 29 33 29 37 24 37 24 33
52 12 58 12 58 18 52 18 52 12
24 17 27 17 27 19 24 19 24 17
83 80 89 80 89 84 83 84 83 80
94 72 96 72 96 78 94 78 94 72
67 76 72 76 72 80 67 80 67 76
67 95 73 95 73 98 67 98 67 95
33 55 37 55 37 59 33 59 33 55
51 92 56 92 56 97 51 97 51 92
93 13 97 13 97 17 93 17 93 13
43 29 45 29 45 32 43 32 43 29
28 14 34 14 34 16 28 16 28 14
3 53 9 53 9 58 3 58 3 53
67 18 69 18 69 22 67 22 67 18
8 34 13 34 13 39 8 39 8 34
25 38 28 38 28 44 25 44 25 38
20 29 23 29 23 33 20 33 20 29
83 27 87 27 87 30 83 30 83 27
13 20 17 20 17 22 13 22 13 20
50 66 56 66 56 68 50 68 50 66
43 81 45 81 45 87 43 87 43 81
95 52 97 52 97 55 95 55 95 52
84 3 89 3 89 6 84 6 84 3
39 52 45 52 45 57 39 57 39 52
34 62 36 62 36 68 34 68 34 62
19 92 21 92 21 94 19 94 19 92
