67 77 71 77 71 80 67 80 67 77
86 47 92 47 92 53 86 53 86 47
85 3 87 3 87 5 85 5 85 3
72 64 78 64 78 69 72 69 72 64
55 54 59 54 59 56 55 56 55 54
62 22 67 22 67 27 62 27 62 22
9 94 14 94 14 96 9 96 9 94
72 25 76 25 76 28 72 28 72 25
72 7 76 7 76 11 72 11 72 7
10 61 16 61 16 66 10 66 10 61
26 36 28 36 28 41 26 41 26 36
47 10 49 10 49 13 47 13 47 10
32 2 36 2 36 7 32 7 32 2
6 42 11 42 11 45 6 45 6 42
49 74 54 74 54 77 49 77 49 74
35 12 40 12 40 17 35 17 35 12
5 71 9 71 9 75 5 75 5 71
24 77 27 77 27 82 24 82 24 77
20 92 25 92 25 94 20 94 20 92
67 48 69 48 69 51 67 51 67 48
16 10 22 10 22 14 16 14 16 10
7 9 9 9 9 11 7 11 7 9
52 70 57 70 57 72 52 72 52 70
62 18 65 18 65 21 62 21 62 18
66 68 68 68 68 71 66 71 66 68
46 48 51 48 51 51 46 51 46 48
58 70 63 70 63 75 58 75 58 70
79 74 82 74 82 79 79 79 79 74
44 78 50 78 50 80 44 80 44 78
47 16 49 16 49 20 47 20 47 16
65 73 67 73 67 75 65 75 65 73
58 61 60 61 60 67 58 67 58 61
32 46 34 46 34 52 32 52 32 46
21 58 26 58 26 62 21 62 21 58
36 53 42 53 42 57 36 57 36 53
69 18 71 18 71 24 69 24 69 18
15 33 21 33 21 35 15 35 15 33
6 18 12 18 12 24 6 24 6 18
28 26 34 26 34 28 28 28 28 26
88 86 91 86 91 88 88 88 88 86
33 88 37 88 37 91 33 91 33 88
30 80 36 80 36 85 30 85 30 80
94 7 96 7 96 13 94 13 94 7
7 83 13 83 13 87 7 87 7 83
70 46 72 46 72 48 70 48 70 46
60 33 64 33 64 37 60 37 60 33
54 87 57 87 57 91 54 91 54 87
34 67 39 67 39 70 34 70 34 67
16 85 20 85 20 89 16 89 16 85
13 55 19 55 19 58 13 58 13 55
21 22 26 22 26 27 21 27 21 22
93 17 97 17 97 20 93 20 93 17
85 61 89 61 89 63 85 63 85 61
32 21 35 21 35 23 32 23 32 21
38 29 42 29 42 34 38 34 38 29
45 91 48 91 48 93 45 93 45 91
53 4 56 4 56 10 53 10 53 4
20 39 23 39 23 42 20 42 20 39
27 65 32 65 32 70 27 70 27 65
69 85 74 85 74 89 69 89 69 85
44 6 49 6 49 9 44 9 44 6
46 66 52 66 52 68 46 68 46 66
59 84 64 84 64 90 59 90 59 84
13 68 19 68 19 70 13 70 13 68
53 47 59 47 59 51 53 51 53 47
61 63 63 63 63 69 61 69 61 63
40 72 42 72 42 76 40 76 40 72
26 47 31 47 31 50 26 50 26 47
29 39 33 39 33 45 29 45 29 39
92 42 96 42 96 45 92 45 92 42
91 35 97 35 97 39 91 39 91 35
91 67 94 67 94 70 91 70 91 67
6 33 8 33 8 38 6 38 6 33
45 63 48 63 48 65 45 65 45 63
78 21 83 21 83 27 78 27 78 21
20 2 22 2 22 4 20 4 20 2
70 51 75 51 75 54 70 54 70 51
41 47 44 47 44 52 41 52 41 47
79 33 85 33 85 35 79 35 79 33
38 6 43 6 43 10 38 10 38 6
53 20 56 20 56 26 53 26 53 20
42 20 46 20 46 22 42 22 42 20
62 40 64 40 64 43 62 43 62 40
39 91 41 91 41 97 39 97 39 91
66 52 68 52 68 57 66 57 66 52
10 7 14 7 14 10 10 10 10 7
30 58 34 58 34 62 30 62 30 58
14 37 18 37 18 42 14 42 14 37
23 84 26 84 26 87 23 87 23 84
86 6 90 6 90 11 86 11 86 6
35 39 38 39 38 42 35 42 35 39
27 2 31 2 31 4 27 4 27 2
94 75 97 75 97 79 94 79 94 75
66 37 69 37 69 39 66 39 66 37
59 76 64 76 64 78 59 78 59 76
17 15 19 15 19 20 17 20 17 15
76 2 78 2 78 4 76 4 76 2
84 91 88 91 88 97 84 97 84 91
51 81 54 81 54 86 51 86 51 81
83 69 88 69 88 72 83 72 83 69
