10 14 16 14 16 16 10 16 10 14
14 70 17 70 17 74 14 74 14 70
66 58 72 58 72 64 66 64 66 58
42 76 45 76 45 81 42 81 42 76
36 70 38 70 38 72 36 72 36 70
6 21 8 21 8 25 6 25 6 21
36 46 40 46 40 48 36 48 36 46
17 63 23 63 23 69 17 69 17 63
22 70 27 70 27 75 22 75 22 70
46 43 50 43 50 49 46 49 46 43
88 64 91 64 91 68 88 68 88 64
34 57 38 57 38 60 34 60 34 57
79 75 81 75 81 79 79 79 79 75
29 51 33 51 33 54 29 54 29 51
44 10 46 10 46 13 44 13 44 10
87 46 90 46 90 48 87 48 87 46
4 52 10 52 10 57 4 57 4 52
27 22 31 22 31 28 27 28 27 22
11 88 15 88 15 90 11 90 11 88
55 50 59 50 59 56 55 56 55 50
96 13 98 13 98 18 96 18 96 13
65 29 71 29 71 35 65 35 65 29
52 84 56 84 56 88 52 88 52 84
49 30 54 30 54 35 49 35 49 30
41 31 45 31 45 33 41 33 41 31
20 12 22 12 22 14 20 14 20 12
44 68 50 68 50 71 44 71 44 68
19 17 21 17 21 21 19 21 19 17
30 8 36 8 36 10 30 10 30 8
37 2 43 2 43 8 37 8 37 2
86 32 89 32 89 35 86 35 86 32
63 91 65 91 65 93 63 93 63 91
23 6 27 6 27 10 23 10 23 6
36 85 40 85 40 90 36 90 36 85
3 5 6 5 6 10 3 10 3 5
91 20 96 20 96 24 91 24 91 20
52 72 54 72 54 74 52 74 52 72
63 16 69 16 69 19 63 19 63 16
22 79 26 79 26 82 22 82 22 79
47 93 53 93 53 95 47 95 47 93
78 66 84 66 84 70 78 70 78 66
71 12 77 12 77 14 71 14 71 12
66 76 68 76 68 81 66 81 66 76
48 85 50 85 50 88 48 88 48 85
34 29 40 29 40 34 34 34 34 29
42 27 44 27 44 29 42 29 42 27
3 84 7 84 7 87 3 87 3 84
93 59 95 59 95 62 93 62 93 59
73 78 78 78 78 80 73 80 73 78
38 39 43 39 43 45 38 45 38 39
58 16 62 16 62 19 58 19 58 16
54 80 60 80 60 83 54 83 54 80
89 12 94 12 94 16 89 16 89 12
91 50 94 50 94 53 91 53 91 50
14 26 16 26 16 31 14 31 14 26
25 45 31 45 31 47 25 47 25 45
61 41 64 41 64 44 61 44 61 41
39 54 44 54 44 59 39 59 39 54
43 50 49 50 49 52 43 52 43 50
32 83 35 83 35 86 32 86 32 83
53 27 59 27 59 29 53 29 53 27
5 93 8 93 8 95 5 95 5 93
70 2 72 2 72 7 70 7 70 2
52 22 54 22 54 24 52 24 52 22
15 57 19 57 19 62 15 62 15 57
8 5 13 5 13 7 8 7 8 5
25 56 30 56 30 62 25 62 25 56
79 16 82 16 82 22 79 22 79 16
43 86 47 86 47 89 43 89 43 86
44 90 47 90 47 92 44 92 44 90
5 18 7 18 7 20 5 20 5 18
23 28 26 28 26 34 23 34 23 28
82 37 84 37 84 39 82 39 82 37
93 5 98 5 98 11 93 11 93 5
56 21 58 21 58 24 56 24 56 21
12 41 14 41 14 44 12 44 12 41
72 25 78 25 78 27 72 27 72 25
44 64 47 64 47 66 44 66 44 64
69 86 75 86 75 88 69 88 69 86
55 11 57 11 57 15 55 15 55 11
89 94 92 94 92 97 89 97 89 94
12 81 17 81 17 84 12 84 12 81
92 77 95 77 95 83 92 83 92 77
28 33 32 33 32 38 28 38 28 33
29 11 33 11 33 17 29 17 29 11
91 90 95 90 95 92 91 92 91 90
82 80 84 80 84 83 82 83 82 80
18 70 21 70 21 74 18 74 18 70
71 69 77 69 77 73 71 73 71 69
85 18 87 18 87 22 85 22 85 18
84 91 88 91 88 94 84 94 84 91
78 5 83 5 83 10 78 10 78 5
10 85 12 85 12 87 10 87 10 85
66 36 69 36 69 38 66 38 66 36
53 5 57 5 57 8 53 8 53 5
77 51 81 51 81 55 77 55 77 51
4 79 8 79 8 81 4 81 4 79
84 42 90 42 90 44 84 44 84 42
29 63 35 63 35 65 29 65 29 63
48 5 51 5 51 9 48 9 48 5
