27 16 4 2
82 26 5 3
69 22 4 5
10 78 4 3
72 80 3 2
33 10 2 6
19 10 2 6
7 43 3 5
60 88 4 6
15 19 6 3
75 58 4 2
38 21 5 6
31 75 4 6
86 69 6 4
12 29 5 3
29 38 5 2
35 56 2 3
54 39 6 3
14 9 2 3
23 22 4 5
20 94 4 3
51 58 5 5
90 26 4 3
65 46 6 3
56 70 3 6
63 74 6 3
75 5 6 6
83 20 5 2
46 37 2 2
84 52 4 6
22 73 6 5
47 4 4 5
7 64 2 5
42 77 6 4
14 66 6 2
67 15 2 3
84 76 3 4
53 4 5 2
22 55 4 6
54 51 4 5
16 81 2 5
57 25 2 3
30 43 2 5
52 20 5 4
76 43 3 2
51 77 6 2
20 82 6 6
46 73 4 2
52 90 6 3
7 86 4 5
93 67 4 2
58 31 2 3
46 67 4 5
72 87 3 6
85 12 3 4
61 31 6 4
26 28 2 4
56 84 2 3
87 31 2 6
35 90 6 5
90 47 2 5
75 19 3 3
3 51 6 3
51 81 3 4
12 43 5 4
66 83 2 6
73 73 6 6
65 41 5 3
93 72 4 5
42 85 4 3
36 30 4 4
6 9 2 2
40 66 5 5
96 9 2 3
19 41 3 2
50 43 5 4
72 48 6 2
48 32 6 2
94 89 2 6
79 80 4 3
60 67 5 5
87 93 5 5
47 93 3 3
44 62 2 3
89 56 6 2
62 43 2 5
37 5 2 3
38 13 5 4
61 7 6 5
43 53 4 2
18 70 3 2
9 26 4 2
28 56 5 5
21 2 5 3
3 78 2 5
68 9 4 5
66 50 4 6
93 3 5 2
34 47 3 5
15 74 2 5
