65 12 2 5
84 69 6 5
78 66 5 6
92 87 2 5
52 64 4 6
52 42 6 4
36 55 2 2
67 81 4 2
51 76 5 4
76 13 4 3
79 2 5 3
19 34 4 6
90 10 4 4
91 64 4 2
41 62 2 2
75 30 4 5
89 48 2 4
83 45 5 5
55 21 4 3
30 17 5 3
19 62 2 6
75 53 5 4
55 37 2 4
59 89 4 4
31 48 3 5
47 17 5 2
35 48 4 4
10 28 6 5
82 21 6 4
31 24 6 5
62 27 3 6
6 41 4 6
46 74 4 4
3 13 6 4
65 52 6 2
10 72 2 3
13 14 5 5
12 4 4 5
28 60 5 5
74 83 3 4
36 62 4 3
67 36 5 3
40 88 2 3
3 55 3 2
4 25 5 4
92 58 5 4
95 69 3 4
57 78 5 4
24 90 3 2
15 64 3 2
66 24 3 5
64 66 4 3
25 76 3 2
45 57 2 4
36 12 5 5
68 58 6 2
5 90 4 5
47 31 6 4
43 19 2 4
78 73 3 2
53 83 2 6
46 87 5 3
17 95 3 3
85 5 3 5
24 47 5 5
49 6 5 4
94 37 4 2
18 51 2 6
40 44 4 4
46 24 4 2
94 75 4 3
63 8 4 3
36 6 5 5
54 25 2 4
62 4 2 2
44 91 6 2
59 35 6 6
36 66 6 2
58 14 6 5
49 66 2 4
2 37 4 2
44 27 2 6
8 61 6 3
59 71 6 4
72 47 4 3
4 81 2 4
12 67 2 3
75 3 2 3
9 3 2 4
84 82 6 3
84 28 2 6
93 29 2 6
21 20 2 5
79 89 6 6
15 81 4 5
31 94 3 2
27 6 2 3
22 65 2 3
37 39 6 2
11 49 3 5
