65 30 2 3
60 47 6 4
10 17 3 6
14 39 5 4
22 94 4 3
70 33 3 4
57 18 5 4
6 26 5 6
48 89 5 2
28 65 4 3
59 65 3 2
63 2 5 3
29 16 6 4
38 15 2 2
67 92 3 5
58 75 4 4
19 11 6 2
13 49 4 4
9 33 4 2
91 51 2 2
62 34 5 6
84 47 4 2
40 49 4 4
83 63 2 2
61 55 5 4
72 41 3 2
76 6 5 2
53 31 6 2
25 49 6 6
18 74 3 3
43 15 6 3
47 40 3 6
2 36 3 6
86 75 6 2
3 61 3 4
36 89 3 4
42 74 3 2
11 4 4 2
80 88 5 2
63 23 5 4
85 15 3 6
57 93 5 5
32 31 2 4
28 2 6 3
25 80 2 4
96 49 2 3
86 85 6 4
38 35 6 3
88 36 5 5
22 15 5 5
50 14 2 3
5 51 4 5
47 25 4 3
91 13 5 2
16 11 2 2
86 61 2 5
8 90 6 2
33 66 6 4
91 78 4 3
14 70 3 2
81 37 5 3
81 94 3 2
95 58 2 6
38 78 3 5
29 71 3 3
30 22 4 3
53 48 3 2
96 46 2 2
93 70 3 6
92 17 3 2
68 81 6 5
62 85 4 3
80 24 4 2
75 67 5 4
57 81 5 3
70 71 2 3
24 59 2 4
32 49 6 2
30 39 2 4
11 78 5 2
75 50 6 2
18 82 3 6
2 20 3 3
76 79 6 2
58 11 3 5
62 69 6 3
34 62 2 2
9 44 5 3
31 9 4 4
53 73 2 2
73 11 4 3
40 23 6 5
42 5 2 3
40 44 4 3
43 61 4 3
48 92 4 3
46 53 6 4
45 83 3 4
82 10 6 4
95 83 3 4
