68 82 2 4
43 93 5 2
9 32 2 2
34 46 4 4
31 30 2 2
62 71 3 3
53 85 6 4
79 64 3 5
65 66 5 4
50 46 4 2
79 22 2 5
68 13 2 5
44 78 2 2
34 84 2 2
49 77 2 4
17 23 6 4
48 27 6 3
12 32 5 6
9 45 4 5
45 55 6 4
23 59 5 4
59 40 3 4
39 31 6 5
30 67 3 3
12 9 4 6
64 39 2 4
40 70 5 6
30 36 6 3
93 76 3 3
43 61 4 5
70 56 3 2
95 67 3 4
70 25 4 4
81 70 5 4
18 61 2 4
76 92 5 4
79 16 5 5
86 15 3 3
95 34 3 3
29 61 2 3
2 40 6 6
55 30 4 3
65 44 5 6
39 5 3 2
84 30 2 5
91 4 4 3
3 4 5 4
49 33 5 3
73 8 2 2
41 20 3 2
24 33 2 5
30 56 5 2
29 92 3 5
29 76 5 4
39 60 3 2
65 2 2 6
36 93 5 2
20 90 2 2
58 14 5 3
52 2 2 6
5 82 4 3
75 39 6 3
82 56 2 3
46 38 2 3
52 59 4 5
50 84 2 2
10 90 4 5
4 10 6 4
65 20 5 4
10 24 3 3
26 49 2 4
62 89 5 4
50 21 4 2
21 9 3 4
7 62 3 6
85 79 3 2
30 7 4 6
16 39 3 6
3 71 2 3
38 14 4 2
23 83 3 5
94 13 3 3
84 36 5 2
53 77 4 2
54 68 3 6
10 85 5 2
60 20 4 6
34 23 2 6
17 85 5 4
83 63 2 4
49 8 2 5
51 91 2 4
91 73 6 2
3 33 5 6
58 64 2 4
88 29 4 5
69 60 4 3
9 75 2 5
12 18 2 2
78 34 5 4
