34 84 5 4
91 8 6 2
24 49 4 4
71 52 2 3
34 35 3 4
52 95 6 3
80 77 5 4
85 53 5 4
52 79 5 3
28 72 6 3
25 57 4 2
59 57 2 2
53 53 3 6
31 48 2 2
40 2 5 3
74 67 2 5
24 75 2 4
23 46 6 2
4 27 4 6
41 95 4 3
57 9 6 6
11 30 6 5
13 46 3 3
77 14 4 4
7 46 4 5
10 91 3 6
21 65 2 2
42 81 3 4
86 89 6 5
40 36 4 5
91 11 3 4
37 7 5 6
43 67 5 3
43 12 6 2
69 87 2 3
44 22 4 3
7 9 2 3
42 49 5 6
94 33 3 5
45 73 5 2
75 77 4 3
65 62 4 4
17 53 5 3
76 56 6 2
65 42 2 6
92 72 6 5
5 34 4 3
7 85 3 4
39 66 2 6
23 93 6 2
36 89 3 6
61 69 5 2
3 41 2 2
85 35 2 6
80 22 6 6
7 38 4 2
93 63 3 2
52 15 2 4
16 5 3 2
50 83 6 6
2 10 4 2
93 51 4 4
34 47 2 3
49 26 5 6
17 87 4 3
58 81 3 5
18 9 4 3
56 64 2 5
3 73 4 4
34 32 2 2
78 44 6 5
57 16 5 2
90 60 6 2
95 69 3 2
82 18 3 2
11 68 5 4
3 55 4 3
3 84 2 2
20 13 4 2
55 4 4 4
33 59 4 6
72 92 5 3
24 70 2 4
23 31 4 3
60 65 3 2
57 40 6 6
55 27 5 6
50 56 2 3
65 83 2 5
69 8 2 3
53 62 2 3
18 58 2 2
77 2 4 3
85 84 4 4
92 82 2 5
38 27 4 4
57 70 3 2
72 40 4 5
24 23 2 2
11 85 2 3
