57 87 4 4
78 82 4 2
60 47 6 2
56 25 2 2
24 3 2 5
70 17 3 4
67 9 2 6
8 52 5 4
39 85 2 2
68 37 3 5
84 75 4 3
42 36 2 4
54 92 3 4
89 71 3 5
30 10 2 4
85 80 6 4
20 12 5 2
49 51 2 5
43 28 4 3
65 52 4 4
24 31 6 6
40 60 3 5
41 24 5 2
29 18 6 5
51 33 5 5
63 84 2 3
22 43 5 4
66 73 4 4
73 39 2 5
45 47 6 3
80 3 4 5
22 67 6 6
40 30 2 3
69 91 3 2
16 15 5 4
87 29 5 6
16 27 3 4
95 35 3 3
65 59 3 4
50 68 5 5
84 21 4 3
5 87 6 6
17 81 4 5
5 31 2 5
67 2 3 3
52 8 4 6
96 81 2 4
62 20 6 5
91 40 4 5
91 50 5 2
2 56 4 6
80 36 4 2
89 59 3 6
16 63 2 5
14 50 2 3
81 58 3 4
53 3 5 3
70 58 4 3
90 54 2 2
31 90 4 4
92 21 4 6
14 8 2 5
55 41 6 5
5 19 6 5
52 86 4 4
30 61 3 4
82 44 6 5
4 68 4 5
47 87 3 2
32 77 6 3
9 36 6 6
20 93 3 5
59 80 4 2
29 83 6 6
45 73 4 2
10 11 3 3
35 36 6 6
59 10 2 5
83 86 6 4
17 52 3 3
89 10 3 5
2 42 5 4
23 55 3 2
65 30 4 3
92 84 3 4
36 82 3 2
24 16 4 4
10 63 5 3
93 58 2 3
32 57 5 3
79 47 2 3
42 76 6 2
74 65 6 6
8 46 5 3
73 54 3 2
45 10 6 3
29 74 2 2
33 49 4 5
24 61 5 5
71 4 5 4
