90 34 3 2
36 63 2 4
10 36 3 3
36 15 2 2
33 80 6 2
2 22 4 2
34 21 4 4
19 49 2 3
83 52 3 3
16 77 3 3
92 70 3 5
50 68 4 2
90 24 3 6
46 55 5 5
5 3 6 5
56 8 5 2
23 56 2 4
26 17 5 4
77 29 3 2
85 71 6 6
74 66 3 5
75 89 5 2
36 2 5 4
22 89 2 5
60 64 3 6
30 79 2 5
68 69 2 5
72 26 3 5
35 40 5 2
58 79 3 5
52 51 2 2
16 4 4 4
83 14 4 4
84 19 4 4
46 20 6 6
82 27 3 4
79 58 6 4
62 94 4 4
16 53 5 4
74 39 3 4
45 89 3 4
67 52 5 2
49 7 5 5
61 22 3 3
62 73 2 5
63 29 5 3
67 89 5 6
44 42 6 2
50 78 2 4
44 49 6 5
27 28 3 2
8 67 3 3
69 65 2 2
14 84 4 2
13 14 3 5
69 60 4 2
20 9 6 5
8 87 5 6
57 85 5 5
66 19 6 3
4 43 2 3
57 93 3 4
63 46 5 5
34 46 6 3
19 61 6 2
81 41 6 5
85 91 4 2
61 4 4 2
39 52 3 3
25 67 4 4
7 53 6 5
23 77 6 4
82 64 3 3
80 17 2 5
12 23 3 6
41 68 3 6
86 58 4 4
10 72 3 4
95 36 3 4
87 5 3 2
42 6 4 4
5 94 2 2
17 66 5 3
59 52 4 6
93 17 2 6
62 8 3 5
62 39 2 3
55 36 4 2
30 37 3 6
52 2 2 2
89 84 4 3
21 37 5 6
45 30 6 3
15 90 2 4
91 61 3 3
2 47 4 3
92 76 3 4
37 29 4 2
30 76 6 2
53 23 3 5
