67 83 2 6
93 33 4 4
24 4 5 2
83 15 4 6
34 13 4 5
2 64 5 4
88 22 4 3
6 30 2 5
63 19 6 4
23 64 2 5
79 46 2 4
60 8 5 5
6 47 2 3
12 64 2 5
87 10 6 4
40 30 2 6
49 53 5 6
17 57 6 5
4 26 5 2
34 78 4 4
30 24 2 3
34 95 5 2
59 70 5 4
27 28 3 5
54 86 6 6
64 40 6 3
7 81 3 3
39 85 6 3
71 18 3 6
59 15 5 3
30 59 2 5
53 27 2 3
38 49 5 2
34 31 2 5
71 67 5 5
19 82 3 5
44 15 5 2
74 81 3 6
9 18 4 4
67 53 2 3
17 21 3 6
80 90 4 3
72 4 6 6
81 54 5 6
52 2 2 2
52 45 5 3
67 25 5 2
90 81 5 3
72 45 4 3
50 10 5 3
38 54 2 5
61 87 2 5
24 90 2 5
24 15 5 5
70 29 5 6
89 68 4 4
39 62 2 4
55 36 6 4
61 47 3 3
77 21 5 2
90 52 4 2
61 83 5 3
89 40 4 3
70 56 4 5
16 51 4 5
31 5 3 2
45 46 3 5
52 71 3 6
50 18 6 6
49 67 2 2
47 82 6 4
85 81 3 3
64 91 2 3
75 40 5 4
26 67 6 2
59 44 2 2
82 36 2 3
6 43 3 2
62 27 4 6
65 62 3 6
3 49 2 6
93 3 2 4
79 75 2 4
89 94 3 4
75 55 5 6
4 17 3 5
68 92 6 2
82 49 2 3
16 31 6 3
55 79 3 3
28 71 4 4
44 18 2 5
22 70 2 4
65 37 6 2
10 32 2 2
38 6 2 3
90 74 6 2
44 27 3 5
46 94 6 3
25 82 2 5
