73 23 6 2
77 30 4 3
59 88 4 6
74 90 6 6
35 51 5 6
87 43 4 2
7 30 2 3
33 5 2 3
28 51 2 6
82 7 4 5
48 63 6 5
14 54 2 4
94 90 3 2
28 95 3 2
63 55 5 6
9 42 2 6
23 23 3 3
67 63 5 4
84 75 2 3
71 58 3 3
58 29 3 3
53 80 5 2
13 17 3 5
41 90 2 4
53 2 3 5
69 85 3 5
16 84 4 6
74 39 3 5
41 37 3 5
48 15 2 5
48 11 5 2
24 5 6 6
45 49 6 3
86 93 3 2
8 76 2 4
53 33 5 3
73 48 6 6
19 94 3 4
4 71 4 4
18 13 5 5
87 75 2 5
53 69 3 4
48 71 4 5
42 11 4 2
46 4 3 5
70 44 2 3
55 49 3 5
83 88 3 3
93 9 5 5
54 11 4 4
81 53 3 2
37 79 3 3
88 89 4 2
8 20 2 2
22 31 3 4
30 36 5 4
15 66 2 6
73 26 2 2
92 94 4 2
43 43 2 2
35 66 3 4
56 37 6 4
63 50 4 3
42 72 3 2
67 9 2 6
52 93 3 3
29 62 6 2
69 25 3 2
34 85 6 4
78 72 4 3
83 65 2 4
27 68 3 6
36 43 5 5
28 19 2 4
91 83 6 5
87 2 2 2
70 34 3 6
45 26 6 5
96 74 2 4
9 88 6 2
77 82 3 6
9 69 5 2
13 60 5 5
89 58 6 4
47 43 3 5
54 26 3 4
67 69 4 3
17 35 2 2
11 8 5 5
51 84 2 3
11 91 3 3
3 56 3 2
92 18 2 3
94 32 2 2
56 42 4 2
7 52 3 6
16 38 2 4
47 33 5 2
37 3 3 3
73 10 4 6
