89 89 5 5
33 14 3 2
64 24 5 3
12 81 5 3
93 37 3 2
5 37 5 4
50 20 5 6
20 2 2 4
92 7 3 6
29 77 4 4
59 86 4 2
23 25 3 6
63 32 2 6
53 79 5 6
81 37 5 6
44 72 5 6
78 48 2 4
25 6 6 4
92 59 2 3
85 19 4 4
51 34 2 5
14 53 6 5
90 63 3 5
36 69 2 2
62 72 4 3
32 67 2 5
85 28 3 2
69 59 3 4
31 88 5 6
55 57 4 6
71 48 3 6
79 23 5 6
45 42 3 3
62 89 3 6
49 43 6 5
32 50 6 4
7 26 5 3
74 10 4 6
34 82 5 2
24 56 6 2
6 64 5 5
54 49 2 2
14 28 3 2
43 68 6 3
17 34 2 2
13 49 5 3
79 33 3 2
2 39 2 3
87 50 5 6
34 9 2 2
30 35 3 6
90 40 4 3
20 21 2 2
16 8 4 6
78 73 2 4
71 22 6 5
44 84 5 6
92 86 2 2
81 69 2 4
9 43 2 4
82 94 5 2
67 65 2 5
66 51 3 3
11 91 6 6
61 45 5 2
44 4 2 3
70 95 3 3
64 3 4 4
28 22 4 3
55 38 4 4
88 36 3 2
41 48 2 4
39 24 2 2
54 3 6 6
81 63 5 3
58 90 3 3
58 18 5 2
60 25 2 3
38 31 6 5
2 46 2 3
69 6 4 6
19 25 2 4
2 80 3 4
50 31 3 2
36 75 4 3
82 50 3 3
10 87 4 3
71 35 3 4
21 14 4 4
87 83 3 5
57 13 2 3
5 49 5 5
27 38 2 2
21 77 5 4
47 4 3 2
61 39 6 4
41 57 2 3
82 79 4 4
52 16 4 3
21 40 2 4
