87 60 5 4
95 55 2 2
25 42 3 3
51 53 6 6
69 54 4 5
79 83 3 5
34 27 3 4
55 7 6 6
2 73 3 3
15 59 5 5
14 26 6 3
9 8 4 3
35 82 3 5
82 66 3 2
74 3 5 3
76 56 6 2
24 15 3 2
42 46 4 3
54 61 6 6
44 63 3 2
29 19 2 5
57 84 5 6
69 14 2 2
60 43 2 5
4 61 4 2
24 19 4 5
39 40 5 4
22 55 5 5
8 75 5 4
15 71 4 4
91 26 3 6
91 55 2 2
54 28 4 6
83 87 6 6
31 35 3 6
62 93 3 4
63 28 4 3
16 20 4 3
80 12 2 2
47 14 2 3
7 89 4 4
9 63 3 6
83 13 5 6
15 12 3 6
5 24 2 3
25 7 3 5
32 42 3 5
10 39 2 5
63 58 5 2
83 29 5 6
40 23 5 4
48 78 5 2
91 38 2 2
47 86 2 4
45 56 3 6
88 42 3 6
21 5 2 2
69 20 4 4
88 71 2 2
76 21 2 3
48 50 4 2
22 77 2 6
56 71 3 4
32 62 2 4
58 78 2 2
25 71 2 6
34 10 4 4
48 28 5 6
13 83 5 5
62 76 2 5
39 3 5 5
60 20 4 4
72 43 6 6
27 49 6 4
33 67 2 3
24 4 6 2
85 78 2 6
33 91 2 3
70 26 4 3
40 30 3 4
91 77 5 5
92 7 3 2
67 72 2 3
3 79 4 3
2 66 2 6
69 30 5 3
91 15 3 3
52 93 5 5
41 9 4 6
69 88 4 2
76 31 5 5
46 11 6 2
67 36 3 3
21 92 4 4
47 94 2 2
29 55 3 4
12 96 4 2
3 3 3 2
22 85 5 3
74 93 4 4
