42 10 6 4
25 34 2 2
71 36 2 4
23 87 2 3
45 31 2 6
84 80 2 2
62 87 6 2
7 79 3 2
14 26 6 3
70 18 2 6
49 83 3 3
64 46 3 4
33 46 2 3
43 56 4 4
36 64 4 6
90 17 4 3
52 41 2 6
25 21 6 3
67 80 2 2
27 37 5 2
94 65 3 3
29 3 3 6
21 19 3 5
53 15 2 6
56 77 6 2
26 85 3 3
89 81 4 2
58 22 4 3
89 87 2 4
73 68 3 3
13 89 5 2
77 21 5 6
2 2 5 2
25 43 6 2
43 38 3 6
26 29 6 4
24 68 3 5
71 88 6 6
41 72 5 2
42 89 2 2
15 82 4 2
65 26 3 3
15 22 4 3
90 2 2 4
85 67 5 4
64 3 3 6
21 15 2 3
47 67 3 2
69 2 5 5
5 17 6 5
84 17 4 5
20 40 4 5
57 45 6 6
45 88 5 5
60 90 3 6
92 55 6 6
73 56 4 6
74 48 6 2
14 72 2 6
28 78 2 2
34 92 2 4
41 66 3 2
24 4 3 4
47 2 6 6
42 96 3 2
17 67 4 4
71 8 2 5
13 95 5 2
50 31 2 6
15 55 6 5
64 39 5 2
68 45 3 6
71 77 4 4
50 63 2 3
27 62 6 4
52 56 2 5
59 71 5 2
47 73 5 2
25 51 4 6
14 32 5 4
88 11 4 5
6 85 3 4
81 93 4 3
12 69 3 2
63 61 5 3
47 95 3 2
88 30 4 5
52 77 3 2
55 82 6 4
77 7 6 5
7 24 5 6
33 21 5 4
80 44 6 2
18 16 2 5
33 13 2 5
32 87 2 2
74 16 4 2
18 8 4 4
65 73 4 6
40 16 4 6
