44 12 6 3
16 58 6 2
14 4 6 2
9 18 3 2
92 79 6 3
11 91 4 6
4 16 3 3
74 48 6 2
52 16 4 6
23 65 3 3
83 45 5 4
8 7 2 6
59 30 2 5
46 49 5 4
37 58 5 5
52 36 5 6
43 88 4 6
69 56 5 4
68 71 3 3
89 18 3 5
77 41 3 6
78 77 3 6
27 11 6 2
44 65 6 3
63 48 4 5
66 28 4 5
35 35 5 4
93 84 3 2
50 45 2 3
24 47 6 2
16 77 5 4
47 24 6 4
86 39 3 2
37 17 5 3
65 43 6 4
10 21 4 4
46 82 3 4
84 77 5 6
75 20 4 4
95 66 2 4
88 90 3 5
94 47 2 3
46 33 6 2
14 7 5 2
4 27 6 5
2 68 5 2
85 72 5 3
27 57 3 6
85 53 5 3
66 36 5 5
5 79 6 4
52 77 5 5
64 93 5 2
14 64 4 5
74 10 2 4
71 93 3 4
19 70 4 4
25 35 5 3
84 87 2 2
84 58 4 6
68 48 3 5
43 75 5 3
49 7 3 2
65 5 3 6
54 64 6 5
33 54 3 4
31 69 4 4
56 10 2 4
8 41 6 2
60 17 3 3
71 25 3 3
27 78 5 3
67 20 2 4
18 49 3 2
91 14 4 2
32 47 6 6
73 2 4 4
2 92 3 5
78 9 3 4
5 73 4 3
32 14 2 4
85 33 6 3
66 81 2 2
40 45 3 6
56 49 6 2
64 66 4 2
6 84 5 6
74 81 3 6
31 3 6 3
70 64 3 4
20 11 6 5
76 29 3 3
52 2 3 3
27 68 2 5
14 82 6 4
27 25 4 2
23 18 3 4
76 57 3 4
57 90 3 4
5 38 2 5
