66 78 3 5
27 83 3 4
78 78 6 6
38 25 2 3
80 73 2 4
10 22 6 6
48 15 2 2
93 86 3 3
74 30 2 4
55 65 3 3
39 73 4 4
96 38 2 3
40 57 6 5
66 40 3 6
35 36 2 6
67 27 3 3
93 54 3 4
28 6 3 6
45 19 6 3
15 4 4 5
41 65 2 5
39 89 5 2
21 26 6 3
75 67 6 4
71 21 2 4
87 5 6 3
88 89 2 6
7 59 6 3
23 33 2 5
85 36 3 4
23 41 2 5
30 46 4 3
54 31 5 6
91 23 2 4
2 20 2 2
61 61 4 5
87 54 4 3
47 49 4 6
69 11 2 4
39 46 2 5
7 49 2 4
13 64 6 6
35 92 3 6
86 71 3 4
43 45 3 4
85 66 5 4
60 71 2 5
32 56 5 6
2 40 6 2
57 83 6 4
72 64 2 2
20 15 3 5
56 80 5 2
31 71 4 3
78 41 6 6
57 73 2 3
6 7 2 3
71 47 5 4
53 5 5 4
20 63 6 5
28 22 6 5
57 52 5 5
59 7 5 5
63 53 3 5
9 86 2 5
22 10 3 3
45 31 6 5
76 2 6 4
28 51 3 6
52 89 3 5
91 19 5 2
27 13 6 2
60 41 3 4
77 30 2 6
95 46 3 5
41 32 3 3
52 58 5 2
10 46 5 3
11 38 4 2
35 80 6 5
27 42 3 2
88 43 2 6
48 44 6 2
73 87 2 3
71 70 3 3
51 96 3 2
3 69 4 6
14 87 2 4
81 49 4 4
37 64 2 5
58 27 2 3
70 78 2 4
15 77 5 2
5 23 3 6
42 53 4 3
76 91 3 6
40 5 6 6
84 92 3 2
34 68 2 2
17 33 2 5
