74 20 6 2
95 26 3 2
65 14 3 6
26 17 4 3
61 8 5 2
12 28 6 4
36 55 3 4
82 63 4 5
78 50 2 6
67 21 3 5
30 69 6 6
42 72 3 5
89 20 3 5
76 23 4 4
69 90 3 5
73 65 2 4
37 25 3 3
46 17 3 4
40 10 3 6
29 88 6 6
92 2 6 3
61 66 3 5
31 10 5 4
10 48 4 2
59 86 6 5
74 71 4 6
33 23 3 4
40 78 5 3
88 75 3 4
67 36 5 2
85 11 4 3
44 68 5 3
43 55 6 4
33 80 3 4
34 52 3 2
63 29 5 5
18 59 5 3
28 62 5 3
17 90 4 4
70 13 3 5
11 18 4 4
70 49 3 5
79 31 2 6
29 29 4 3
89 54 2 2
17 43 3 6
61 59 5 3
77 79 4 2
18 78 4 3
7 53 6 6
8 7 3 2
51 4 6 5
51 48 2 6
93 15 2 3
93 61 2 5
16 11 5 2
11 67 2 4
73 85 5 4
40 39 4 6
6 29 3 5
40 82 2 6
41 20 2 6
5 36 2 6
18 39 4 3
89 26 3 6
47 76 4 4
80 44 6 4
83 78 2 4
66 76 3 5
17 2 2 6
19 83 5 6
52 79 4 5
18 22 3 3
25 6 4 4
89 42 4 2
53 59 3 5
47 22 2 3
2 45 4 2
58 3 3 4
12 87 4 2
66 73 5 2
22 71 6 2
53 39 5 6
51 68 3 3
76 64 3 4
85 92 3 4
50 19 2 5
88 4 2 3
88 33 2 4
50 28 5 5
80 5 5 2
52 87 4 6
69 40 5 2
24 45 2 3
93 31 4 4
27 51 3 3
14 63 6 6
60 48 2 3
21 67 5 3
9 89 2 2
