2 46 4 5
7 6 4 2
81 71 3 4
84 89 5 2
80 32 2 6
50 6 3 6
69 55 5 6
47 30 3 4
75 23 5 5
12 94 6 3
27 35 5 2
42 92 2 2
27 17 3 2
28 73 2 3
38 11 6 2
4 18 4 6
12 75 4 2
77 42 2 3
15 56 2 2
62 74 5 3
15 86 3 6
57 5 3 3
47 64 5 4
20 51 6 5
31 12 4 2
55 32 2 6
96 38 2 5
89 43 2 6
44 44 5 2
46 51 4 4
58 34 5 2
84 4 4 3
37 24 3 4
63 10 4 4
54 50 6 5
19 10 5 6
61 46 3 2
36 48 2 6
6 84 3 5
23 62 4 4
74 52 2 2
73 5 5 2
13 4 3 4
67 91 4 6
94 65 4 2
29 80 2 6
69 25 4 2
33 37 4 4
90 67 3 4
65 85 3 2
11 22 4 5
46 89 6 3
27 89 5 3
87 11 5 5
36 92 2 6
77 90 4 2
45 57 6 3
27 23 2 6
74 36 3 2
27 69 4 2
92 5 2 4
35 73 2 2
6 55 4 6
29 4 3 2
51 72 2 3
3 30 2 5
91 17 5 3
96 54 2 5
85 45 3 2
86 63 6 3
2 78 2 6
74 69 4 2
68 13 5 5
13 65 5 4
10 31 2 6
40 6 3 2
46 78 3 5
81 64 3 2
62 19 2 6
40 50 4 5
24 27 2 6
92 38 3 6
89 55 2 6
83 48 3 3
38 68 5 6
10 80 6 5
47 86 6 2
13 42 4 2
46 17 6 6
89 80 6 3
28 48 5 3
70 82 6 6
31 22 5 5
36 83 4 5
58 26 6 2
36 31 3 3
91 35 3 2
83 31 2 5
7 9 5 2
35 16 6 4
