11 12 5 5
84 6 6 4
38 31 3 2
27 93 6 3
67 32 6 2
14 80 2 2
19 9 2 6
89 52 2 5
64 43 4 5
50 17 6 4
48 56 5 2
50 42 2 5
75 80 6 2
60 24 6 6
13 7 5 3
64 56 2 3
74 64 2 3
60 18 2 3
75 58 5 3
54 82 5 3
90 67 4 3
24 67 3 5
74 4 5 6
54 63 3 2
28 36 6 3
54 70 3 6
28 17 6 2
20 48 5 6
12 91 4 2
28 40 6 3
10 27 3 2
45 19 4 3
35 64 4 2
92 22 3 6
42 5 6 6
77 21 3 4
3 30 2 3
61 53 4 2
61 10 5 3
5 67 4 6
77 47 4 4
38 14 2 5
67 91 3 4
42 76 5 4
73 35 6 2
22 22 5 4
17 3 2 3
39 42 5 4
64 5 2 3
31 85 4 2
89 38 5 5
71 85 6 3
23 5 5 2
47 66 2 3
71 47 2 2
69 16 4 3
90 17 4 2
25 86 3 2
58 93 3 5
48 51 2 3
63 83 4 6
7 22 2 6
77 52 4 5
68 56 3 4
78 11 4 6
67 23 2 5
60 66 2 4
63 18 5 4
17 68 6 6
91 76 4 6
81 76 4 2
48 70 4 5
7 47 5 6
27 62 5 4
32 25 5 2
31 69 5 4
74 16 2 5
33 49 3 2
42 33 5 3
83 30 2 2
60 75 4 2
24 55 5 2
50 61 3 6
6 32 5 5
37 68 2 5
16 62 2 4
6 55 4 6
17 84 3 6
17 57 4 2
7 81 2 5
37 54 4 5
42 85 4 5
89 89 4 4
64 63 2 4
20 35 3 5
2 91 6 5
81 21 4 4
86 21 2 5
56 36 5 4
2 2 6 4
