20 25 3 3
27 80 2 4
84 84 3 6
68 74 4 5
46 72 4 6
65 6 4 5
59 75 6 4
67 58 4 4
43 26 4 5
25 14 6 5
89 39 3 4
11 29 5 6
36 46 6 3
22 81 3 5
37 92 6 6
19 62 4 3
77 8 5 4
47 83 4 2
13 88 4 3
35 59 4 4
26 33 4 2
62 31 2 3
14 42 3 5
30 7 5 5
67 23 2 3
44 4 4 2
7 52 5 4
76 66 3 6
63 49 5 5
83 17 2 3
57 36 5 4
88 90 5 4
57 23 3 6
23 51 6 3
43 53 2 2
89 58 5 5
30 29 4 3
80 73 6 4
79 47 3 4
20 90 5 5
41 10 3 6
83 23 5 2
13 37 2 4
48 65 4 3
27 56 4 3
47 7 4 2
54 44 3 4
43 47 6 3
83 91 3 2
71 16 4 6
24 37 3 2
2 9 5 4
59 43 3 6
13 78 4 2
66 40 3 4
35 27 5 3
39 43 4 2
52 54 2 2
92 31 4 3
72 89 2 6
51 27 5 6
54 82 3 3
70 25 2 4
30 82 3 4
28 90 4 4
53 95 2 3
44 33 5 5
82 65 2 3
20 14 3 2
40 69 5 4
2 21 5 3
64 58 2 4
92 13 5 6
58 10 6 3
6 16 4 2
54 12 3 3
86 96 6 2
93 67 4 4
35 55 4 2
71 9 4 2
4 94 6 4
89 5 5 3
28 70 3 5
64 16 4 3
7 75 3 6
9 59 5 2
75 90 6 6
86 31 2 6
94 44 4 3
31 45 2 2
7 25 2 2
40 78 3 2
32 69 2 5
22 2 6 3
64 66 4 6
32 61 2 2
56 72 5 2
74 41 5 5
42 60 3 2
41 20 6 5
