82 31 5 6
93 46 3 4
20 68 4 3
17 5 6 2
31 95 4 2
56 86 3 3
90 77 3 6
66 26 4 3
72 82 6 6
50 17 5 4
23 58 4 4
53 62 2 2
48 36 3 3
14 34 6 5
69 4 3 5
81 76 3 6
2 56 4 5
18 83 5 5
38 70 2 3
48 13 4 3
76 63 2 3
33 71 2 3
71 67 5 2
7 21 3 4
25 65 5 3
59 31 4 3
4 93 6 4
88 10 6 6
31 49 4 2
14 52 6 3
12 56 5 4
71 60 3 5
43 69 6 2
25 21 4 5
71 93 6 2
45 44 4 6
7 52 4 2
22 17 2 4
72 34 5 5
40 41 4 3
94 30 2 6
85 53 4 6
81 40 4 4
75 11 3 3
30 20 3 6
51 93 2 4
90 21 5 6
10 68 6 2
26 8 4 3
19 23 5 6
50 26 3 5
63 93 6 2
2 48 3 4
74 28 6 2
58 81 4 3
90 94 5 2
76 19 3 4
27 73 3 6
21 46 6 5
75 74 3 6
69 44 3 5
3 76 6 6
79 63 2 4
36 51 4 3
87 79 2 5
88 42 6 3
19 14 2 5
79 92 4 3
34 37 3 6
17 64 2 3
3 12 6 3
4 64 3 3
2 28 2 5
58 24 3 3
69 17 5 4
38 89 4 5
33 86 6 2
10 36 2 3
17 90 4 6
64 45 2 6
34 59 4 4
90 72 2 3
36 4 3 6
62 74 2 3
7 85 3 4
61 85 4 2
63 36 2 5
59 69 3 3
15 22 3 2
4 71 4 2
23 32 2 5
63 56 5 5
41 20 5 2
53 80 2 5
28 12 3 2
73 42 5 2
79 71 3 3
60 46 2 2
33 13 5 2
7 31 6 3
