44 71 2 2
45 53 4 4
26 26 2 5
42 78 5 6
28 36 5 2
19 62 6 2
16 47 5 6
19 7 5 5
60 11 6 2
4 33 4 2
12 6 4 2
42 29 5 2
92 18 2 4
66 56 6 5
63 38 3 4
50 63 6 2
40 11 4 4
44 61 4 6
67 9 2 6
30 31 6 3
87 10 4 6
48 31 6 5
95 88 3 6
2 74 5 2
10 52 4 4
83 93 5 3
3 18 4 3
88 38 6 6
79 62 6 3
37 34 3 4
34 17 2 4
80 74 2 6
9 48 4 3
81 82 5 6
95 78 3 5
6 64 4 5
82 3 5 4
78 51 6 6
66 17 2 3
27 53 3 2
18 81 2 5
85 31 5 5
64 83 5 5
2 3 5 6
90 45 5 3
90 79 4 4
63 21 5 3
36 71 3 5
75 45 6 2
54 86 2 4
25 56 2 4
31 92 5 5
64 26 4 2
71 14 3 3
11 42 2 4
22 76 4 5
59 50 3 3
64 69 5 4
76 78 2 5
78 37 3 3
87 68 4 5
38 26 6 2
26 68 5 4
71 49 4 6
87 57 3 3
83 45 2 2
14 70 6 5
62 74 6 6
32 11 2 4
34 42 3 3
57 44 2 5
18 54 2 2
52 14 6 5
25 12 6 2
91 51 2 4
14 9 4 4
52 75 2 5
20 41 3 3
65 33 6 2
45 18 3 6
41 6 6 3
51 3 2 5
10 94 6 2
23 91 4 5
75 60 2 5
34 78 3 5
49 23 3 4
84 15 2 3
53 95 6 3
22 19 4 2
54 92 3 2
20 27 2 3
10 35 5 6
36 50 5 6
44 37 6 2
52 68 4 5
28 3 5 5
53 50 2 3
94 70 3 5
8 90 4 3
