71 94 4 2
44 21 5 6
67 29 2 2
91 22 4 6
66 4 6 5
70 73 6 5
79 53 4 4
48 59 4 6
17 53 5 4
75 42 4 4
65 46 3 2
50 71 3 2
45 88 3 2
42 70 6 5
30 67 4 3
21 89 6 2
32 51 2 3
93 2 4 5
43 2 6 3
90 39 3 2
10 89 4 3
56 59 5 6
49 13 4 6
25 92 5 5
25 72 3 2
61 42 2 5
2 63 4 6
61 69 2 3
83 19 2 4
72 55 6 5
48 31 4 5
17 25 4 3
92 53 6 5
17 73 5 4
2 43 5 3
24 40 4 6
65 22 5 6
72 61 5 3
74 9 2 2
82 83 4 3
5 15 5 2
77 34 6 4
35 4 2 3
14 36 2 3
42 52 2 6
87 26 3 2
31 37 4 3
35 77 3 3
49 77 6 3
14 62 6 3
22 79 4 2
31 94 4 3
14 10 4 6
87 8 6 6
73 25 6 3
86 87 2 5
4 53 6 4
61 32 3 6
57 23 2 3
28 24 2 2
50 86 3 2
9 68 2 5
21 8 6 2
40 91 6 2
15 44 4 2
69 10 2 4
61 7 4 5
6 24 5 2
35 63 3 6
61 94 6 3
70 36 5 3
95 48 3 3
46 50 2 4
96 65 2 2
29 81 4 2
2 4 4 2
58 74 4 6
2 10 5 2
38 15 5 6
66 69 5 3
56 44 2 4
84 51 5 6
7 30 3 2
86 65 4 4
37 35 4 5
17 94 2 2
4 47 6 5
59 84 4 2
56 55 5 3
70 79 5 6
40 6 5 6
90 84 6 4
33 27 2 6
88 71 3 4
74 29 4 3
9 12 4 2
82 94 2 2
4 72 2 6
26 49 4 3
46 83 3 4
