79 76 2 6
22 21 6 4
25 86 5 6
7 42 5 3
92 85 6 4
51 8 3 4
49 84 5 3
63 27 4 3
3 7 3 4
29 95 4 2
82 3 6 3
46 64 3 4
49 4 2 3
12 63 5 3
48 58 2 3
85 60 6 4
92 31 5 4
34 85 6 5
49 23 6 2
27 41 3 2
5 30 4 2
89 38 5 5
18 80 2 5
11 15 4 6
74 47 2 4
89 52 6 4
83 42 5 4
80 14 5 4
35 12 4 4
93 9 2 5
24 51 3 4
2 79 5 5
26 27 2 5
79 19 5 2
61 59 4 3
74 84 2 3
75 28 2 6
25 3 4 4
31 37 2 5
56 79 2 5
15 75 6 3
53 37 6 2
74 68 3 6
48 70 6 4
80 8 5 2
88 23 3 5
9 46 3 4
22 81 4 3
36 92 2 5
61 65 2 4
19 56 3 3
65 75 6 5
56 52 2 3
18 66 4 3
58 23 4 5
20 61 4 4
55 10 5 4
59 44 5 5
19 37 5 2
68 23 4 3
37 47 2 4
89 32 2 3
70 88 3 6
12 35 3 6
27 78 4 2
79 93 6 4
29 32 6 3
13 52 4 6
31 4 6 6
44 75 5 2
66 12 4 6
6 24 3 3
21 18 4 2
22 11 6 4
7 91 5 5
11 30 5 4
43 27 4 3
52 62 2 6
3 55 2 4
46 91 4 4
14 60 5 2
48 15 4 2
71 58 2 5
69 38 2 6
18 10 3 2
38 76 4 4
32 59 6 2
75 22 4 3
30 46 5 5
19 50 3 5
72 81 3 2
27 58 4 5
10 70 3 4
3 41 3 3
17 86 4 6
27 44 2 5
81 56 3 4
43 6 3 5
39 58 4 2
38 2 5 2
