93 52 3 2
24 89 6 4
90 81 5 4
47 69 5 5
19 59 5 6
70 30 5 5
83 87 2 6
76 33 5 6
15 44 5 4
13 10 3 3
70 19 5 2
49 86 6 2
85 71 4 5
38 12 2 6
45 89 5 6
33 24 4 3
35 51 2 6
70 81 3 5
53 90 4 2
41 32 6 4
22 78 4 4
3 73 3 2
24 84 6 4
65 17 3 2
16 14 2 4
88 62 2 4
46 2 2 2
20 23 2 4
52 33 5 5
32 80 5 3
28 76 2 3
16 71 2 4
34 9 6 2
12 25 3 6
48 39 2 4
72 24 2 5
5 8 3 5
85 4 6 4
6 56 3 3
90 45 2 4
74 86 4 3
11 94 2 4
3 20 6 4
52 17 6 4
11 39 3 4
17 92 4 3
88 12 4 5
29 32 3 3
50 7 5 4
32 64 4 5
9 9 3 5
79 55 6 5
94 86 3 4
24 40 3 6
64 33 5 4
84 64 3 6
76 67 2 6
7 79 4 3
45 96 2 2
29 51 2 6
26 2 4 5
88 27 5 2
25 28 2 3
91 33 6 5
13 3 4 4
17 53 4 3
36 35 3 5
60 18 4 6
72 7 5 3
73 90 6 2
43 49 5 4
77 47 4 5
78 23 3 2
64 53 2 3
91 20 3 4
29 39 2 3
43 10 3 6
52 75 4 6
67 70 5 6
60 69 2 3
80 17 4 3
63 87 3 6
8 32 3 6
9 62 2 3
64 77 4 5
70 15 5 2
88 55 4 4
58 83 3 3
51 55 3 2
77 80 5 2
93 13 5 3
58 33 4 5
46 81 2 3
79 83 2 6
56 59 3 6
31 84 6 2
40 37 2 6
70 37 2 6
3 88 5 2
64 2 3 6
