78 30 3 6
43 60 3 5
9 75 6 4
94 65 3 3
38 4 4 3
44 52 4 5
39 81 6 6
41 71 4 2
46 67 4 3
33 75 2 5
74 63 2 5
53 34 4 4
43 43 6 3
25 21 5 5
93 77 3 2
31 51 2 6
15 57 6 2
57 76 2 6
10 55 4 5
5 3 6 6
80 9 3 3
64 18 6 2
70 84 6 2
41 19 6 5
22 70 3 5
2 36 6 4
45 94 2 2
13 13 6 2
27 39 3 3
6 47 3 3
17 92 5 4
91 94 6 3
30 86 5 5
80 86 6 6
86 72 6 4
19 81 3 3
74 70 5 2
65 36 6 4
22 36 2 5
22 58 3 6
50 75 4 2
22 52 2 5
25 30 4 2
12 22 6 6
92 87 4 4
23 10 4 4
46 25 5 4
83 47 3 6
61 64 6 4
94 55 2 3
55 83 2 5
66 60 6 3
69 13 3 3
69 46 3 2
48 60 3 2
70 78 3 2
51 11 5 6
35 67 4 4
80 73 4 4
82 67 2 5
35 17 4 4
82 60 6 5
9 26 2 3
62 11 6 2
29 61 5 4
82 31 6 6
29 34 2 4
89 4 5 6
56 6 3 3
37 38 5 3
75 89 3 4
10 65 6 4
52 96 2 2
15 40 3 6
42 9 6 6
73 96 2 2
41 88 3 4
46 73 2 5
22 43 2 3
17 48 2 2
61 74 2 6
94 29 3 6
32 13 4 2
91 39 6 2
71 49 3 2
8 17 2 3
76 5 5 2
44 2 2 4
86 94 4 4
2 76 3 5
54 69 4 2
70 54 3 5
24 77 6 2
16 29 4 6
86 56 2 3
40 53 3 5
77 42 6 2
79 78 2 4
89 13 3 4
77 64 2 4
