59 57 4 5
73 69 5 2
36 15 5 2
4 37 2 2
37 52 2 3
45 25 2 2
22 80 6 2
38 72 2 3
69 41 4 5
11 85 4 2
59 23 6 3
76 51 3 6
77 4 2 4
84 50 3 6
22 14 6 3
56 9 5 3
70 29 3 2
53 26 3 3
78 26 4 4
30 91 2 4
41 38 5 3
52 72 2 4
81 92 5 5
40 91 2 5
21 74 5 4
47 90 6 4
29 81 6 4
3 67 4 2
59 85 6 4
69 61 5 4
19 8 5 5
19 67 3 2
35 20 6 5
5 23 5 5
22 32 6 3
93 66 2 4
41 54 2 5
92 29 2 2
37 77 4 6
14 48 2 5
82 11 5 6
6 89 4 6
83 67 6 3
13 2 2 2
64 41 4 2
70 8 5 6
38 60 4 5
90 82 2 2
84 23 4 2
65 20 3 2
14 63 2 2
45 10 3 2
45 84 5 3
29 66 5 6
89 56 5 3
22 3 4 4
70 49 4 3
53 32 6 4
53 2 2 2
44 4 5 5
8 16 5 2
78 83 6 2
51 58 5 6
63 8 2 5
10 78 2 3
2 79 2 5
42 14 3 6
45 96 2 2
72 54 3 3
51 51 4 4
30 28 3 5
25 52 5 6
67 73 5 6
60 5 2 2
2 31 2 2
25 39 6 3
16 57 6 2
95 10 3 2
50 39 4 2
53 15 5 2
72 18 2 4
66 91 5 3
61 75 3 2
79 73 5 4
65 53 3 5
88 3 4 3
19 50 4 6
60 66 4 4
21 25 6 3
66 3 2 2
18 20 2 3
50 81 5 2
91 20 5 6
5 53 4 2
43 70 2 2
49 13 3 6
6 60 4 4
79 41 3 3
13 76 4 4
32 57 4 6
