40 14 5 4
14 70 5 2
39 41 5 2
75 17 5 5
44 76 3 6
41 60 2 2
92 8 5 3
12 60 4 4
74 8 6 2
79 28 2 5
69 72 4 6
90 59 3 2
72 84 5 6
93 23 2 3
83 87 4 4
2 14 5 6
46 31 6 2
65 56 4 6
5 21 2 3
84 69 5 5
56 87 2 4
19 62 5 6
42 45 2 6
2 62 6 5
50 67 4 6
37 63 3 4
33 13 6 6
5 78 4 6
27 22 2 2
52 54 2 6
21 83 4 4
46 92 5 6
53 9 5 2
92 54 3 3
46 15 4 2
89 88 2 5
29 47 6 6
7 89 2 5
26 58 2 4
47 3 6 3
53 46 6 5
28 5 4 5
63 13 2 5
17 92 2 2
39 24 5 2
29 81 6 3
94 94 2 2
87 13 3 3
12 26 4 3
58 78 4 3
26 43 2 6
57 4 5 4
30 76 3 3
88 27 4 5
76 54 4 5
86 9 2 3
7 71 3 6
47 9 3 5
36 49 4 6
60 83 5 4
48 57 3 6
67 16 3 4
20 73 3 3
20 39 4 3
40 3 6 2
72 11 5 5
25 67 3 2
29 93 6 4
96 67 2 2
46 21 3 5
73 47 4 5
16 34 3 3
92 90 5 2
38 77 2 4
33 32 4 5
89 35 2 2
95 32 2 2
67 30 4 3
2 48 4 4
26 93 2 4
91 46 2 3
84 48 6 5
45 66 3 4
37 45 4 3
94 16 4 3
16 88 4 2
15 7 3 2
74 28 2 6
23 53 2 2
39 28 4 4
7 4 3 2
12 18 2 4
41 71 2 6
74 41 5 5
4 38 6 3
59 59 3 6
34 85 2 6
33 73 6 2
89 79 6 5
48 84 6 6
