41 54 3 5
73 59 4 3
25 82 5 4
69 22 3 4
91 33 6 3
38 14 2 3
86 15 4 5
62 2 2 5
57 39 3 3
47 32 2 6
74 74 2 4
88 65 5 2
81 88 4 3
39 81 3 5
46 57 6 5
89 57 4 2
23 35 2 6
89 10 6 3
10 74 4 3
55 7 2 6
64 52 4 6
9 8 2 6
57 91 6 5
27 62 3 6
63 79 4 2
90 37 2 3
11 62 5 4
70 39 3 5
74 88 3 2
80 85 2 2
47 5 2 3
85 47 5 5
61 28 3 5
67 33 4 5
45 67 3 2
52 18 6 3
23 69 2 2
16 74 2 6
89 77 3 5
45 75 6 5
81 11 4 6
73 80 5 6
17 2 5 2
78 73 5 5
64 17 4 2
42 89 3 4
30 89 4 2
92 16 5 2
90 71 4 4
28 35 6 6
5 39 6 6
28 53 5 2
21 32 2 2
3 57 3 5
71 63 5 3
3 13 3 5
67 63 2 2
23 3 5 6
8 5 3 2
38 28 4 4
65 87 3 6
3 27 2 4
33 63 5 4
91 83 5 2
84 79 4 3
30 49 6 2
37 9 6 3
78 42 2 3
91 45 3 2
54 32 5 2
3 80 2 5
91 2 5 3
53 75 4 5
26 75 2 5
44 18 3 2
76 34 3 2
13 39 4 5
58 67 5 6
31 78 4 2
22 60 3 6
43 47 4 6
74 10 3 6
66 27 3 4
50 24 3 3
5 92 6 2
90 41 4 3
93 26 4 4
83 34 6 5
18 67 2 6
8 32 5 5
23 49 2 5
75 22 3 5
31 24 2 5
58 24 5 2
73 49 6 6
49 39 4 4
18 82 2 5
19 36 3 6
5 86 3 3
68 6 3 3
