5 9 2 2
10 36 4 6
85 25 3 2
84 16 3 3
84 4 4 6
19 49 2 3
26 80 5 3
72 37 6 3
74 17 4 3
43 53 3 6
69 23 4 4
28 47 4 6
10 87 2 6
50 11 3 2
49 40 3 2
58 42 2 6
93 77 3 2
25 19 3 5
48 23 4 4
45 86 6 6
27 91 6 2
93 15 2 6
34 53 6 4
76 86 6 4
20 11 5 4
26 77 5 2
13 85 2 2
51 66 3 2
53 59 5 2
71 65 5 3
77 7 4 6
5 75 2 2
60 16 5 3
13 52 5 6
18 85 3 2
61 21 3 4
38 69 4 6
92 10 5 2
18 59 6 2
33 22 5 3
27 64 5 5
89 29 3 2
79 92 5 2
80 40 3 6
8 49 3 2
14 65 2 2
10 7 3 3
17 2 6 2
49 33 5 6
4 22 5 4
81 31 6 2
33 8 5 6
9 29 4 3
87 43 6 4
65 82 6 5
86 75 5 6
6 93 3 5
59 93 5 3
22 36 6 5
19 22 2 5
53 41 4 4
7 59 2 5
3 36 5 5
63 28 6 6
65 46 6 5
5 13 2 2
73 83 5 2
20 78 4 3
62 74 3 5
33 43 4 3
14 18 6 3
79 35 6 2
47 71 4 6
34 37 4 3
69 55 5 6
59 36 2 2
88 63 6 5
13 90 2 3
28 28 3 5
2 50 4 6
16 14 3 3
56 85 4 4
78 72 3 3
48 78 6 5
77 76 2 2
26 85 3 4
12 71 6 4
70 89 4 4
46 6 6 2
62 51 2 5
90 82 4 6
90 56 6 4
39 44 4 3
79 66 2 4
74 79 5 3
64 64 2 2
47 43 2 6
83 71 4 3
5 27 3 6
4 78 6 6
