51 34 4 2
82 3 5 6
17 40 2 2
94 46 4 3
46 47 3 5
12 21 6 3
24 11 6 4
5 54 4 6
41 54 3 3
15 52 3 5
73 5 6 3
16 80 3 6
88 38 3 2
92 53 6 5
21 46 3 4
17 89 3 5
70 68 2 4
62 35 4 3
22 23 2 4
62 73 4 4
56 89 4 6
2 50 2 3
70 10 3 2
68 44 3 6
32 34 6 6
24 80 3 4
31 73 5 4
43 68 2 3
13 7 3 4
30 27 5 5
51 96 6 2
70 58 4 4
36 69 5 3
61 60 3 4
31 5 6 2
2 21 5 5
80 21 3 2
58 9 6 2
78 34 2 5
86 66 4 5
12 91 4 6
75 42 5 6
8 64 2 2
91 8 2 4
28 45 2 5
24 73 5 5
49 37 4 3
46 82 4 4
69 23 6 4
68 17 4 2
47 58 5 5
32 53 4 3
4 37 4 3
73 14 2 5
40 23 5 4
89 49 4 2
45 3 5 6
21 34 2 2
84 13 5 4
34 10 6 6
62 56 2 3
56 19 4 3
65 81 6 5
48 18 2 5
44 10 4 4
83 24 3 5
45 72 6 2
55 73 6 2
76 82 4 4
7 13 4 6
84 48 3 6
21 6 5 3
79 25 3 5
11 42 2 2
74 90 2 2
28 94 2 2
11 66 6 4
92 13 2 2
56 31 3 2
79 62 4 6
93 80 3 6
2 42 6 6
89 18 3 2
42 35 2 5
38 46 6 3
29 56 2 6
75 93 2 4
44 95 6 3
88 89 6 6
27 35 3 3
92 32 2 5
41 82 4 3
25 20 6 3
47 26 3 5
70 39 4 2
35 59 5 2
86 76 6 2
76 75 2 4
27 67 2 3
13 14 6 5
