52 39 4 5
29 25 3 6
62 79 3 5
32 95 2 3
10 77 4 3
26 54 6 4
86 87 3 4
77 27 3 2
67 71 6 6
90 17 2 6
94 23 3 4
78 96 5 2
84 73 5 6
52 89 2 3
33 80 3 5
3 21 6 4
17 65 2 4
38 32 3 5
34 73 6 4
93 82 3 3
22 4 4 4
28 5 4 4
60 55 6 4
57 64 3 2
62 36 3 3
75 88 3 2
44 65 5 3
71 13 4 5
88 5 4 3
69 33 3 5
91 55 4 3
22 27 6 6
66 66 3 3
56 83 4 2
17 38 3 2
39 40 2 6
6 29 6 4
28 37 3 4
60 70 2 2
53 18 6 5
51 68 3 3
15 50 4 2
33 6 5 6
44 38 2 6
9 4 5 3
23 88 5 4
56 78 2 2
54 56 5 6
5 87 3 6
94 77 3 2
3 66 3 6
21 12 5 3
19 73 3 5
34 23 6 5
90 25 3 4
91 46 4 6
9 26 2 2
26 18 4 6
79 43 2 6
67 43 4 2
63 85 6 5
13 15 6 6
59 6 3 3
39 49 6 6
68 60 2 5
9 66 6 2
51 58 2 6
19 56 3 3
62 61 3 4
43 87 5 4
43 72 5 6
2 17 6 3
77 60 3 4
49 72 3 3
57 33 2 4
73 65 5 4
80 10 4 2
52 77 2 3
56 87 6 3
84 57 4 6
7 77 2 6
52 9 2 4
84 47 2 4
74 39 5 3
86 92 4 4
62 20 4 2
67 49 4 5
77 51 4 2
21 43 4 3
55 28 6 2
7 39 3 2
82 40 3 5
68 95 4 3
76 6 3 3
37 63 3 5
3 55 5 4
51 93 2 3
75 92 5 2
24 47 5 5
46 19 6 2
