50 10 6 5
88 36 2 3
74 16 2 2
72 43 4 6
34 7 3 4
42 70 6 6
81 54 5 6
90 21 5 6
74 32 5 3
23 64 6 2
8 12 4 3
20 82 5 5
53 59 3 4
13 50 2 2
71 92 2 5
88 40 5 4
72 72 6 3
37 51 4 6
64 28 6 6
10 65 5 4
25 4 3 6
54 4 3 4
53 84 3 4
57 86 6 3
37 12 2 4
41 28 4 6
94 33 2 2
18 3 2 2
15 54 5 2
29 30 5 5
59 61 4 3
95 38 3 5
52 32 5 3
56 17 2 3
89 84 3 2
78 38 3 6
56 24 3 4
77 20 5 2
63 17 3 2
29 15 2 2
77 24 3 6
48 44 3 5
65 78 3 6
35 20 5 5
35 88 3 6
14 28 6 3
67 66 4 4
88 46 4 5
69 50 2 5
84 76 4 4
21 41 4 6
3 65 5 5
5 35 6 5
7 75 2 6
92 61 6 4
73 88 6 2
67 22 2 2
63 10 5 4
48 59 3 6
47 50 3 6
2 4 5 5
5 28 5 4
68 59 4 2
23 59 3 2
88 60 3 6
56 40 2 2
74 24 2 2
7 19 6 5
44 87 6 6
62 73 6 2
74 64 3 6
3 84 2 2
51 19 4 5
37 28 2 5
34 85 6 2
70 6 3 2
26 82 5 6
88 68 3 3
74 5 4 5
25 36 3 2
13 76 2 4
75 38 2 4
36 60 3 3
25 94 5 4
54 73 3 6
66 85 3 4
4 46 2 3
24 27 2 5
91 94 4 4
67 43 3 3
86 12 6 5
71 77 6 4
9 59 6 2
19 61 2 5
42 10 4 4
41 3 5 3
30 56 2 3
19 71 6 6
7 44 2 2
88 57 5 2
