12 34 5 5
89 8 2 5
62 29 3 2
18 29 2 3
59 16 3 5
82 91 3 4
25 59 3 5
87 77 5 5
85 38 4 6
68 93 6 5
22 16 6 6
32 73 2 3
65 78 6 4
37 23 3 3
65 43 4 3
20 94 2 3
32 18 2 4
50 83 6 2
56 39 3 6
17 43 4 2
83 8 2 6
2 13 3 2
32 64 4 3
36 29 4 6
3 58 2 3
72 38 2 4
3 77 2 4
3 29 2 4
27 81 5 5
10 65 6 2
57 59 3 3
14 52 4 5
33 41 4 2
6 22 5 3
49 52 5 5
51 8 2 6
67 24 5 3
94 73 4 5
58 68 5 6
20 58 4 2
42 27 6 5
80 54 3 5
62 56 3 4
81 78 5 6
51 61 2 2
17 4 5 5
32 53 2 4
8 14 5 4
71 84 4 2
57 47 6 3
60 8 3 3
6 43 3 2
51 37 3 2
9 5 5 2
52 25 2 4
33 93 4 4
37 48 6 5
85 60 3 2
27 37 3 2
43 6 6 2
31 60 5 2
3 70 3 5
37 78 5 6
38 90 6 3
45 40 4 6
81 38 3 2
69 87 2 2
65 88 2 5
78 9 3 6
27 24 6 4
10 89 6 2
19 87 6 3
93 3 3 3
33 6 4 6
29 90 2 6
77 79 2 4
65 32 3 5
70 66 2 3
23 7 4 5
73 7 4 5
55 16 2 5
2 88 2 3
37 62 4 4
95 14 3 6
60 93 2 3
51 17 2 5
90 26 6 5
51 46 2 4
64 18 3 2
83 47 3 2
89 60 4 2
78 27 5 6
30 31 2 4
85 3 5 4
69 54 5 3
76 46 6 6
57 88 3 3
17 73 4 5
20 80 4 4
93 48 2 5
