26 59 3 5
29 3 3 3
65 58 2 4
54 6 2 4
79 64 2 4
50 54 5 5
10 17 4 4
32 59 4 2
19 74 4 6
77 15 4 6
73 32 3 4
39 8 2 4
10 37 4 2
96 21 2 2
76 45 4 4
44 71 6 5
64 68 5 5
5 79 2 2
31 87 2 5
55 68 3 3
14 75 4 6
46 55 2 4
23 18 3 6
21 48 3 6
31 66 5 3
53 92 2 5
60 10 5 4
85 23 3 3
78 89 2 4
8 26 2 3
90 80 4 3
90 69 5 3
92 59 5 2
66 32 3 2
29 15 2 4
19 84 6 5
92 29 3 6
44 44 4 4
9 88 5 2
58 28 5 5
59 76 4 4
93 4 3 4
5 4 2 4
95 51 2 3
85 2 4 2
79 53 2 6
17 9 2 4
14 94 5 4
7 67 6 5
20 67 3 2
28 94 5 3
83 29 3 6
68 50 5 6
27 47 4 6
5 91 3 2
46 78 5 5
68 61 6 2
96 76 2 6
68 2 2 3
81 88 3 6
26 29 6 6
32 20 2 2
51 17 5 3
75 73 6 3
68 28 6 2
60 17 5 2
46 12 3 4
85 78 2 2
53 81 4 3
36 17 6 4
66 18 5 3
38 64 2 2
83 41 2 5
90 87 3 2
66 87 2 6
51 3 3 2
78 8 4 2
90 36 6 2
16 39 6 5
65 39 6 2
5 46 2 5
10 78 2 5
16 59 6 2
68 47 2 2
14 50 3 5
29 42 4 3
6 96 5 2
44 19 6 6
48 85 5 5
2 58 5 3
15 21 3 2
21 94 2 3
38 78 2 5
96 47 2 3
63 22 2 4
46 92 4 3
11 51 2 2
43 60 6 5
16 3 5 2
71 9 4 3
