90 19 2 3
51 61 4 4
56 53 2 2
41 19 3 4
70 89 4 5
31 75 3 4
23 26 2 6
45 20 6 2
82 61 3 4
14 53 4 4
79 68 6 6
68 11 6 5
87 14 2 3
40 14 6 3
34 43 2 6
4 28 2 4
81 6 4 5
39 89 2 5
59 38 2 6
53 25 6 6
69 68 5 2
39 29 5 4
19 13 3 6
59 94 2 2
33 9 6 2
72 79 5 5
40 70 2 4
38 78 5 5
8 14 3 4
27 45 6 4
40 57 5 2
66 24 2 4
29 34 2 2
13 84 4 5
54 16 6 5
95 36 2 5
37 70 2 6
94 49 3 2
12 15 2 4
48 43 3 6
16 30 2 5
32 65 4 5
11 10 3 2
50 73 3 6
63 47 6 4
23 58 4 5
24 38 3 2
6 2 4 2
49 5 2 6
89 80 2 2
5 64 2 4
65 58 2 4
4 34 6 6
71 75 6 2
91 68 6 6
2 77 2 6
20 45 6 6
42 52 2 4
36 56 3 2
55 5 4 6
56 2 4 2
74 20 6 5
20 80 5 4
40 6 6 5
28 38 2 4
90 46 3 4
27 78 2 6
41 61 5 6
27 14 2 6
68 58 6 4
37 44 6 2
82 48 3 6
64 5 6 4
18 63 4 5
8 63 5 4
84 33 5 5
85 23 4 3
24 52 3 3
11 45 3 6
66 41 5 5
23 66 4 2
21 34 3 2
68 85 3 3
27 93 2 2
44 72 4 2
58 73 3 3
52 37 6 5
9 93 2 4
47 64 2 5
55 77 5 5
64 92 2 3
54 67 6 5
4 46 5 6
5 83 4 5
91 88 4 2
51 33 3 2
88 96 6 2
28 86 3 2
12 70 5 4
79 95 4 2
