50 86 4 3
60 22 5 5
96 60 2 6
33 85 2 3
93 13 3 5
31 15 6 4
27 89 5 6
75 21 5 5
35 31 5 6
46 52 4 4
36 76 4 2
75 40 5 4
67 55 4 3
77 93 2 2
25 5 5 5
57 28 6 3
5 30 6 3
70 89 4 4
90 29 3 3
7 10 5 6
65 13 4 2
14 5 2 6
28 20 6 2
66 93 2 5
5 83 5 5
15 67 4 3
86 60 2 6
80 9 2 2
42 32 5 2
34 67 4 3
35 52 3 2
12 92 6 3
79 71 5 3
48 80 5 3
73 73 5 4
20 62 2 3
28 79 3 4
51 62 3 3
33 91 5 4
59 57 3 6
33 59 2 6
70 9 4 3
46 91 4 4
18 35 5 4
92 39 3 2
73 60 4 3
69 46 2 6
38 46 3 5
7 70 2 2
79 46 4 2
80 91 2 6
87 19 4 2
78 35 5 3
52 72 3 2
19 25 3 6
59 81 3 2
72 94 2 4
17 71 6 6
66 59 3 4
44 24 6 3
59 10 5 3
19 5 2 5
24 67 4 6
55 16 2 6
26 26 4 6
55 44 2 4
65 89 3 2
86 53 4 2
61 51 3 2
39 84 5 6
2 59 6 3
3 64 6 3
8 34 4 3
34 24 3 6
89 22 2 3
31 72 4 2
4 74 3 6
27 35 4 4
53 10 4 4
60 2 5 2
21 86 3 2
39 15 4 2
40 54 5 4
39 65 5 3
80 13 6 4
39 61 5 3
15 78 2 4
76 81 3 3
17 55 5 6
93 66 2 6
44 46 5 2
57 76 3 2
94 50 4 4
87 69 4 5
87 6 2 3
90 7 4 3
75 50 6 4
40 91 5 6
15 45 4 2
71 35 2 4
