26 47 2 5
89 67 6 3
65 25 5 2
79 53 4 2
33 38 6 3
48 63 4 3
62 37 6 3
46 72 4 2
30 58 2 6
35 5 6 3
68 51 3 3
89 73 5 3
71 20 3 4
41 11 6 5
84 72 2 3
31 18 4 3
15 91 4 6
72 72 5 6
46 17 2 3
37 86 5 4
20 21 3 5
13 60 2 6
81 23 4 5
89 52 3 5
38 17 3 2
40 73 3 2
75 14 6 5
42 35 3 3
7 49 6 6
2 44 4 3
61 29 2 5
2 95 5 3
10 5 4 5
42 4 4 6
24 56 5 3
48 25 4 6
21 37 3 3
7 75 3 3
32 45 3 6
94 18 3 2
37 57 6 3
58 65 2 3
68 13 5 6
89 10 3 2
56 6 4 4
11 68 2 5
78 46 3 2
34 64 6 5
80 10 4 2
79 34 4 4
88 32 5 3
36 52 2 3
62 44 2 5
6 37 5 6
44 92 2 4
74 83 2 3
7 26 6 2
28 28 6 6
70 55 4 3
58 21 5 5
70 88 2 4
51 84 3 4
40 78 6 5
40 26 6 2
22 89 6 4
10 11 4 4
86 58 2 5
62 53 5 4
62 67 4 3
89 79 3 5
52 69 2 2
23 61 6 6
12 89 2 2
44 48 5 3
32 83 3 4
76 90 3 2
59 45 2 3
53 59 6 2
79 94 6 4
6 83 5 5
56 74 2 3
36 42 6 5
12 41 6 3
11 29 2 2
86 14 6 4
54 42 5 2
79 77 6 2
48 40 5 6
49 91 3 5
73 3 4 4
62 59 2 2
15 17 4 2
47 7 3 3
76 31 5 2
61 80 4 6
86 91 2 5
71 25 4 6
23 9 4 5
27 95 6 2
22 94 4 2
