10 83 5 6
88 62 6 2
74 36 6 3
58 52 5 3
26 10 4 2
27 61 3 2
52 53 5 2
36 2 3 3
64 35 3 2
71 56 3 3
9 51 3 6
62 4 6 6
65 89 5 3
73 28 3 3
81 52 2 6
54 23 2 4
59 60 3 4
17 82 3 5
33 55 6 5
39 10 2 6
38 29 3 3
81 27 3 3
51 81 2 4
93 2 3 6
19 38 4 4
18 16 5 6
24 85 6 5
34 93 3 2
2 47 3 5
86 25 4 5
15 57 3 2
74 90 5 2
5 10 3 3
95 95 3 2
88 15 6 5
48 9 3 2
14 36 2 3
31 49 2 4
43 20 2 5
13 74 2 3
6 45 5 3
50 31 6 6
60 84 4 3
81 4 6 4
79 71 4 2
6 29 5 4
2 4 4 5
35 64 6 4
42 46 2 4
30 74 2 4
75 15 6 2
45 69 3 5
26 42 3 3
46 90 6 6
73 22 2 2
63 22 3 3
44 84 4 5
43 77 2 2
2 65 3 3
76 43 2 3
71 60 4 3
3 78 2 4
70 48 6 6
25 26 6 4
56 4 3 6
37 84 2 4
70 12 4 4
63 66 6 5
6 67 5 6
85 79 3 2
61 88 3 4
40 56 6 5
43 15 4 4
32 43 3 2
68 81 6 5
3 35 4 6
15 47 3 3
22 77 3 6
52 7 3 2
70 36 2 6
26 52 3 4
10 6 5 5
80 74 2 4
33 23 4 2
29 80 6 3
93 48 5 5
76 80 6 4
95 29 3 4
84 18 3 6
45 32 4 3
23 35 2 2
65 51 2 4
10 14 5 6
52 39 3 5
81 12 4 2
61 57 2 2
33 90 6 2
42 27 3 3
14 80 2 2
56 47 6 4
