13 14 3 6
24 5 5 6
57 2 6 5
57 73 4 2
14 74 5 3
12 90 6 6
48 85 5 5
77 77 3 2
80 68 5 3
40 33 6 2
6 15 3 4
86 77 3 6
63 68 5 6
39 87 2 6
65 92 4 4
60 83 2 3
16 31 3 6
46 56 3 4
52 40 3 4
59 36 3 4
26 88 5 3
44 76 6 2
17 50 3 3
80 10 5 2
81 64 4 2
82 36 5 2
32 7 4 6
91 42 2 3
93 72 5 4
28 70 3 2
9 76 4 2
76 57 5 6
30 44 2 4
67 85 2 5
58 25 5 3
2 39 6 2
44 87 3 2
44 8 5 6
54 65 2 2
90 49 6 6
88 89 2 5
33 40 5 5
11 61 5 3
26 33 2 5
83 58 5 2
36 14 5 6
55 60 2 4
45 69 4 3
31 56 4 3
75 29 2 4
10 30 3 2
80 72 2 3
59 44 2 6
29 40 2 3
70 84 2 2
30 17 5 5
28 12 2 3
84 74 2 2
32 28 5 2
69 37 4 5
86 69 2 2
88 18 5 3
50 25 3 3
81 16 5 4
21 62 2 6
40 77 2 5
77 6 6 2
50 94 4 4
93 39 3 2
40 62 5 5
24 56 5 4
65 24 4 6
5 8 6 6
41 45 6 5
55 78 2 3
31 79 3 6
76 18 2 2
13 66 3 3
92 81 5 2
82 84 2 4
26 29 3 3
9 43 4 6
71 92 6 3
21 46 2 3
2 2 2 6
56 12 5 5
19 82 5 5
23 18 3 5
38 25 3 6
77 40 2 3
78 24 3 2
37 65 2 2
34 62 3 2
57 22 6 2
80 90 2 5
15 10 4 2
91 9 4 4
75 47 2 6
29 76 3 2
67 12 3 6
