42 13 6 4
74 18 6 4
36 40 2 6
87 52 3 2
91 14 5 6
36 56 4 2
31 31 2 2
50 51 6 6
92 78 5 2
45 28 3 2
42 3 5 2
59 18 4 3
36 25 5 5
56 70 2 5
22 71 2 6
88 92 3 3
20 52 5 5
56 78 2 4
4 20 5 2
44 61 6 3
57 12 4 4
4 81 3 6
9 62 2 4
82 59 5 5
29 15 3 2
40 47 5 3
78 27 6 6
90 58 5 2
17 35 3 3
15 90 2 2
78 76 2 4
24 64 2 6
47 91 5 4
81 90 5 5
67 16 6 6
61 85 2 4
77 9 4 5
33 52 2 5
50 69 5 5
60 96 6 2
62 24 5 5
16 3 5 2
72 78 3 3
75 41 2 3
48 42 2 2
17 28 3 6
32 7 2 2
86 31 5 3
73 70 5 5
82 44 3 2
95 3 2 4
32 34 5 4
4 37 6 6
76 82 5 6
35 71 3 2
75 51 2 4
24 78 2 2
68 5 3 2
51 82 4 4
30 80 6 6
49 13 6 6
82 39 4 2
64 52 3 3
57 50 2 4
33 10 2 5
61 38 6 6
64 70 2 4
53 44 2 5
30 88 6 3
26 31 4 6
27 66 6 4
4 93 4 2
38 79 3 5
76 95 2 3
27 6 4 4
73 90 2 4
10 81 4 2
22 2 6 3
93 70 5 2
41 93 2 3
31 18 4 4
92 33 4 4
38 19 6 2
13 39 4 6
55 60 6 3
11 55 3 2
12 85 2 2
21 14 5 6
54 87 5 2
5 46 3 5
88 6 5 3
84 14 6 4
11 19 6 4
88 28 6 2
71 56 6 4
38 91 2 6
55 28 3 3
96 89 2 2
40 66 6 2
18 63 4 3
