73 93 2 2
20 64 3 4
43 39 5 2
81 25 3 3
31 72 6 5
84 57 2 3
57 72 3 6
63 81 2 2
21 31 5 5
25 60 4 3
33 2 2 4
47 21 2 4
21 86 6 6
67 13 6 6
44 62 5 4
59 16 2 2
38 50 4 3
36 20 2 4
33 35 5 6
53 90 5 4
75 34 3 5
51 63 6 4
13 63 4 4
83 93 2 4
28 46 3 6
90 45 2 6
23 23 6 2
82 82 5 2
15 86 3 6
10 2 5 3
74 72 2 5
48 79 6 4
28 56 5 2
8 53 2 4
90 38 5 6
87 27 6 5
30 14 2 5
86 46 3 2
26 72 4 3
28 35 3 3
89 66 5 4
5 41 3 4
43 87 3 5
15 40 4 3
15 46 3 2
88 58 3 4
46 13 5 5
22 26 4 2
73 24 6 6
73 55 3 4
47 67 3 3
11 68 3 2
79 67 3 6
27 77 2 3
32 88 6 3
49 85 5 3
54 36 4 6
8 25 4 5
13 93 5 3
67 39 4 2
80 17 6 2
43 79 4 3
92 80 2 3
62 5 6 6
61 71 5 6
21 16 2 2
76 63 5 2
43 51 2 6
57 82 3 6
26 68 4 3
80 35 6 4
90 13 2 4
40 15 3 6
18 16 2 5
16 79 5 4
78 3 4 5
33 92 2 4
77 13 2 6
59 43 3 5
79 41 2 2
33 65 2 3
78 75 3 6
53 8 4 2
87 90 4 4
53 15 3 5
30 29 5 5
65 63 5 4
2 15 2 4
15 59 6 2
73 79 3 3
81 20 4 4
10 34 2 5
10 45 2 6
34 50 3 2
37 3 3 5
92 91 3 3
87 21 6 2
15 71 3 6
38 75 3 3
8 6 6 5
