26 53 4 4
39 58 2 5
83 39 3 2
56 82 3 6
61 60 5 4
92 39 5 5
69 10 6 2
21 26 2 2
66 34 3 3
28 90 6 4
33 44 4 5
70 87 3 4
22 88 3 4
11 10 6 2
11 67 2 2
56 32 6 2
22 55 3 6
25 76 4 6
46 74 5 3
62 87 5 2
91 77 4 3
9 23 3 3
78 17 2 4
94 46 2 5
4 77 4 2
52 34 2 2
50 58 4 3
72 24 4 5
41 34 3 4
92 56 2 5
83 53 3 3
91 69 3 3
4 92 6 5
77 8 5 4
64 21 4 6
83 59 6 3
26 25 2 6
39 54 2 3
62 91 3 6
12 71 6 5
18 9 4 5
34 52 3 5
31 13 5 2
67 43 3 6
34 73 4 4
45 35 3 3
94 10 2 2
19 80 4 4
33 19 2 6
45 19 5 3
93 84 3 3
19 62 2 5
3 32 3 2
49 91 4 3
75 51 6 6
14 56 6 2
19 29 3 2
62 11 2 4
8 54 2 5
85 46 3 4
29 60 4 2
16 17 4 3
52 13 5 5
43 71 2 6
31 5 5 6
17 36 5 4
50 5 6 4
76 37 4 6
5 16 3 3
37 9 6 2
14 45 6 6
83 80 5 4
75 68 6 6
82 92 6 6
63 16 3 3
84 31 5 3
73 94 3 4
26 66 2 2
65 80 4 5
11 47 2 6
36 81 4 6
13 90 5 3
23 2 4 5
86 11 4 3
24 18 4 5
6 35 2 4
5 83 3 3
85 5 5 5
17 2 4 3
36 26 2 2
61 5 6 2
78 85 5 4
91 23 2 3
52 80 2 4
41 42 4 3
70 31 5 6
52 51 6 2
37 96 2 2
2 40 5 5
61 38 2 4
