72 64 4 2
86 60 6 2
56 35 5 4
58 20 4 3
42 11 6 4
48 91 4 5
93 26 2 3
8 33 6 3
8 40 5 5
75 28 3 3
48 65 6 5
21 61 2 5
88 7 6 3
41 63 4 5
11 11 3 3
26 15 5 5
80 40 4 5
70 55 6 6
17 57 2 2
65 36 2 2
91 72 4 3
71 18 6 5
33 32 2 5
73 39 4 5
95 52 2 3
80 21 6 6
3 25 5 3
39 46 2 6
13 92 3 6
37 13 2 6
34 82 3 6
9 27 6 3
87 82 2 5
75 70 2 3
20 85 3 3
51 29 3 6
92 34 2 3
61 64 4 6
46 74 3 4
70 89 2 6
64 47 2 3
23 72 3 3
21 24 4 5
3 3 6 5
67 10 6 6
13 73 2 2
77 75 4 2
85 93 6 4
19 30 5 6
93 64 3 3
58 92 5 5
66 80 4 6
5 77 3 6
8 92 2 2
19 11 2 2
44 49 4 2
27 5 3 5
19 69 2 3
6 67 3 2
63 6 6 3
57 79 6 5
85 47 2 5
50 2 5 4
77 32 4 6
74 46 4 5
45 81 3 4
28 21 5 4
23 92 6 4
13 50 6 6
29 52 5 4
39 87 4 4
38 78 5 6
55 22 2 6
15 2 4 5
54 44 4 2
21 48 2 6
16 76 5 4
59 2 5 2
81 53 6 2
30 72 3 5
5 14 2 4
18 43 3 2
57 59 4 3
57 47 5 5
42 40 4 3
24 56 4 2
2 49 3 5
93 86 4 4
8 89 3 2
92 14 4 5
69 33 5 5
19 21 5 2
24 80 5 3
32 92 4 5
33 4 3 2
5 87 2 5
64 42 5 2
81 80 5 5
24 47 3 3
13 37 2 2
