21 35 2 3
90 40 4 6
89 81 2 4
36 44 2 5
56 84 2 5
78 10 5 6
85 50 5 3
46 90 5 2
25 28 2 5
69 54 4 5
35 11 5 5
56 33 2 6
17 55 6 3
66 22 4 5
72 6 2 2
49 57 2 3
11 49 5 3
64 10 3 6
32 67 2 6
73 94 5 3
14 10 5 6
68 30 6 6
29 59 4 3
59 88 3 6
70 89 3 2
19 90 4 3
29 40 6 2
76 50 2 2
50 41 2 5
92 57 6 5
55 10 4 4
53 43 6 3
83 39 4 5
88 17 6 6
41 74 3 3
31 87 6 3
29 52 2 3
55 62 3 4
62 63 2 5
75 68 5 4
37 60 3 6
6 93 5 2
55 69 2 6
33 55 5 3
43 62 2 4
81 18 2 5
79 63 4 4
67 95 2 3
9 4 6 3
60 58 6 4
18 30 5 3
28 28 6 6
23 11 5 6
63 69 5 5
81 79 6 3
49 54 5 2
85 30 2 4
59 23 6 2
35 6 6 4
75 24 4 5
22 6 5 2
47 81 2 4
5 69 4 6
71 16 5 2
89 60 2 5
7 25 4 5
6 33 2 5
3 51 5 4
7 40 3 4
71 73 3 2
64 84 5 5
42 80 4 4
69 2 4 2
37 93 2 2
81 27 2 6
86 94 4 3
69 77 5 2
57 95 5 3
60 48 4 6
9 55 4 6
37 20 4 2
25 83 3 3
27 18 5 2
29 2 5 2
23 21 4 2
67 5 4 2
13 78 5 5
48 12 4 3
24 65 5 2
46 40 3 4
81 4 4 3
13 94 4 4
40 41 5 6
14 73 4 4
7 79 3 6
51 19 6 3
16 21 2 2
54 48 5 3
14 59 3 4
80 55 3 4
