35 46 2 3
3 78 5 4
68 91 5 6
70 57 5 3
86 69 6 3
7 86 5 6
48 14 4 2
92 61 5 2
55 63 4 2
61 92 4 3
61 60 5 3
46 37 2 3
38 19 6 3
34 41 3 3
2 51 4 6
49 17 2 5
80 80 4 4
50 29 6 2
66 34 2 2
54 39 6 6
81 31 6 2
83 2 3 3
20 16 2 3
61 6 3 3
40 43 6 3
4 12 2 3
2 63 6 5
81 41 3 6
85 21 5 2
70 19 5 2
3 48 6 2
23 29 2 4
71 45 4 3
66 43 2 3
43 58 4 2
40 64 2 3
84 56 2 6
11 65 3 6
10 47 4 6
6 3 4 6
88 44 6 5
7 17 2 6
41 93 4 4
59 66 5 2
88 51 3 5
81 89 6 5
14 84 5 5
77 21 6 5
27 59 2 5
64 20 4 5
9 34 6 4
32 59 4 6
43 50 4 2
35 10 2 3
59 81 5 5
31 21 6 3
41 86 4 4
21 84 4 4
87 10 3 4
81 38 4 2
24 89 4 2
74 50 2 2
31 35 2 6
3 91 3 4
31 56 5 2
91 5 5 5
3 29 6 4
74 6 4 4
90 37 6 6
66 7 4 5
32 4 3 2
33 26 2 4
63 39 2 6
66 67 3 4
69 38 5 6
94 54 4 6
52 55 2 4
59 17 3 2
38 79 6 6
73 22 3 4
18 44 5 5
28 71 5 3
38 6 2 4
53 95 4 3
47 85 5 6
32 89 5 3
96 83 2 6
74 79 3 4
46 7 6 6
76 92 4 2
71 61 4 5
75 15 5 3
11 58 2 5
22 60 3 2
14 56 3 6
39 29 4 4
52 26 3 2
52 46 6 3
92 20 4 3
69 84 3 6
