53 28 3 4
64 34 4 5
80 43 5 3
57 44 6 5
26 81 6 6
60 51 4 3
58 85 4 6
86 37 4 5
72 48 4 2
92 38 4 3
82 88 2 3
70 12 3 2
17 68 2 5
25 55 2 5
92 46 5 5
8 45 6 3
34 69 2 2
33 5 4 5
85 74 5 4
43 75 4 5
21 4 4 4
44 94 5 2
36 84 3 2
58 66 2 2
42 68 5 4
72 3 5 5
74 93 6 4
90 18 3 2
2 15 5 4
82 49 3 5
18 17 6 6
15 6 4 3
42 9 2 3
3 76 6 2
30 69 2 4
39 25 4 3
31 65 2 2
4 56 4 5
66 5 5 5
86 84 2 5
86 24 3 3
84 80 6 2
40 45 4 2
61 62 6 4
11 67 2 4
21 51 2 5
59 55 2 3
94 33 2 4
54 51 2 5
6 82 2 2
71 17 5 5
50 14 4 5
19 91 5 5
75 10 3 2
45 56 4 5
28 47 6 4
65 13 2 5
28 39 4 5
40 33 2 6
43 83 2 4
46 88 6 5
45 48 5 4
5 39 3 5
86 7 3 3
40 2 6 4
77 61 3 3
61 70 5 5
68 65 5 3
4 64 6 2
49 3 4 5
36 91 5 4
89 54 6 6
75 25 5 5
22 62 6 4
27 25 4 2
66 23 3 4
82 26 2 2
8 86 5 2
10 54 2 2
67 20 2 2
11 57 5 5
68 49 3 5
23 44 3 4
10 39 5 4
51 58 6 2
81 38 4 3
88 91 4 6
28 21 4 3
17 38 6 3
91 4 2 5
3 88 3 4
79 7 3 2
13 34 2 3
47 34 6 2
95 11 2 3
78 48 2 6
70 81 6 6
59 32 2 3
66 40 5 6
26 91 3 3
