91 17 5 2
59 19 4 3
67 27 6 5
29 38 2 5
21 16 5 4
21 48 4 4
82 81 5 5
85 61 4 2
89 90 6 4
47 26 5 6
64 76 6 6
93 40 2 5
89 83 5 4
45 69 3 3
59 72 2 3
16 15 2 2
34 67 3 5
91 24 6 3
8 92 4 4
61 84 3 6
56 12 4 3
35 12 3 2
88 67 2 3
82 37 2 2
14 85 3 5
18 67 5 5
79 89 2 3
18 6 3 2
96 64 2 3
78 30 4 3
19 53 3 5
6 5 3 2
12 24 2 4
66 53 6 5
65 36 4 4
66 71 6 2
24 78 3 2
4 16 2 3
53 63 2 2
6 65 5 3
37 30 5 4
82 25 2 3
75 60 4 4
45 83 6 2
47 14 5 2
2 74 3 5
4 23 2 2
10 16 4 3
11 59 2 4
33 6 3 4
30 55 2 4
43 76 4 6
26 66 3 4
37 47 2 3
21 43 3 4
56 23 6 4
10 3 6 5
89 55 3 5
2 8 3 3
51 87 4 4
85 5 6 6
12 71 5 4
59 16 4 2
40 52 5 4
36 25 5 2
29 46 4 2
18 59 5 2
75 25 6 3
33 57 2 3
66 11 3 3
71 20 2 3
45 39 5 5
86 75 2 2
48 5 6 2
64 63 3 4
95 20 3 2
43 94 6 4
80 68 5 6
88 2 3 2
12 42 2 6
38 57 3 3
18 21 4 6
79 51 3 5
70 2 3 2
80 45 6 3
22 3 3 6
15 41 2 3
70 5 3 5
18 88 6 4
78 4 6 6
23 82 4 4
85 51 2 5
86 29 2 6
62 28 4 2
48 75 3 6
23 29 5 2
38 19 4 4
53 49 4 5
28 11 4 6
55 69 2 4
