20 33 4 5
37 38 6 6
53 47 3 2
18 74 4 4
77 49 2 3
52 23 4 4
78 91 6 3
25 15 5 4
54 34 2 4
29 46 6 2
94 24 2 2
8 6 5 6
60 60 2 3
95 75 3 3
59 12 4 3
7 23 3 4
69 48 2 4
93 53 4 5
72 95 6 3
30 43 6 2
56 39 3 4
41 82 4 2
5 49 5 6
85 53 6 4
50 15 3 2
10 42 4 2
86 27 4 3
67 80 2 5
76 26 5 2
79 64 3 5
12 68 6 3
44 11 2 5
74 20 4 4
46 62 3 2
27 74 2 4
77 29 5 4
93 95 3 3
41 22 2 2
21 81 4 2
56 71 2 4
79 54 4 4
84 11 5 3
7 68 2 2
83 4 2 2
86 32 4 4
67 75 4 2
79 35 5 4
68 8 5 2
19 52 6 4
68 61 2 6
5 14 2 3
38 23 2 5
59 30 3 6
39 94 4 2
46 57 6 4
54 76 3 5
37 45 4 3
60 54 2 4
18 60 4 4
84 17 4 5
29 87 6 6
64 62 2 2
8 36 5 4
46 41 6 6
13 57 4 3
72 39 6 4
59 18 6 5
2 59 2 5
17 13 2 5
41 28 3 2
63 75 3 4
90 48 5 2
88 75 4 5
96 11 2 2
70 32 6 6
36 11 6 5
74 83 4 3
32 71 3 4
75 71 2 2
83 76 2 6
28 40 2 2
23 39 3 4
53 86 5 4
32 34 4 5
24 92 2 6
22 26 4 6
66 48 2 6
60 45 5 3
80 45 4 2
93 80 3 3
46 48 3 2
36 67 2 3
90 37 2 2
31 81 4 4
93 62 2 5
2 87 2 4
22 18 2 4
7 79 2 4
87 96 2 2
28 3 3 3
