83 20 3 2
8 45 5 6
22 56 3 5
63 5 4 5
20 23 3 5
70 78 2 4
71 4 6 2
55 57 3 3
77 46 6 5
91 62 2 5
33 9 4 3
83 30 4 2
34 15 6 4
73 84 4 3
25 83 4 5
93 88 3 2
93 93 5 3
24 37 4 3
52 86 3 4
74 13 3 3
11 58 3 2
42 74 3 6
3 93 3 3
30 65 6 6
52 37 3 2
15 85 6 3
6 37 4 4
54 47 4 3
41 65 5 6
31 73 6 4
10 63 3 2
49 32 4 2
80 40 6 4
51 19 2 5
62 48 6 5
18 74 6 6
15 56 6 6
63 19 2 6
39 47 2 2
44 82 2 2
31 94 4 2
86 11 3 2
58 27 2 3
42 10 5 6
42 92 5 4
68 93 2 3
13 9 2 6
51 73 5 3
4 25 6 5
23 41 3 2
86 36 2 3
77 35 5 4
63 36 4 6
74 59 3 3
34 34 5 6
3 19 4 5
69 24 4 5
77 74 6 5
45 18 2 6
39 22 3 6
68 15 4 6
42 86 2 5
90 16 3 2
61 66 2 2
53 69 2 3
95 57 2 4
18 6 5 3
72 42 3 6
62 72 5 5
78 5 2 6
8 82 5 6
2 73 5 2
54 20 5 6
19 49 4 2
33 20 4 4
36 28 2 4
95 41 2 6
49 44 3 3
29 18 3 4
63 78 6 5
60 3 2 6
79 86 4 4
82 9 2 6
27 60 2 4
53 2 4 2
57 85 4 5
45 37 2 2
6 4 3 2
18 63 5 2
67 55 3 6
90 21 6 6
54 80 5 4
96 12 2 3
10 69 3 2
88 78 4 3
20 94 2 3
85 52 3 4
93 9 2 3
14 2 3 3
60 63 3 2
