30 90 2 5
30 52 3 2
4 29 6 5
69 5 4 2
65 28 5 5
75 3 5 4
34 3 3 3
27 62 4 2
53 80 6 5
32 86 3 2
15 74 6 3
80 27 4 3
55 6 3 3
9 74 4 2
77 46 2 5
8 91 5 5
71 39 2 4
25 55 4 4
91 62 4 4
68 79 5 5
40 47 5 5
3 2 3 2
81 82 3 4
68 63 6 5
59 4 4 3
5 41 4 2
67 19 3 3
53 71 4 6
81 55 4 6
19 57 5 4
61 89 5 3
31 28 3 2
44 39 6 6
16 30 3 3
87 71 4 2
61 39 6 2
54 25 6 3
11 44 2 5
65 73 3 5
12 83 6 2
58 68 3 5
6 58 2 2
58 74 6 3
68 91 3 2
12 2 5 3
51 62 2 6
36 15 2 6
78 8 6 2
41 54 2 4
47 2 6 5
64 57 2 2
76 70 2 2
25 45 5 3
87 18 2 2
62 60 2 6
61 22 5 3
57 33 3 6
42 74 6 2
73 73 3 2
53 17 4 4
36 66 6 4
26 33 6 2
58 54 5 4
36 44 6 2
76 64 4 5
54 48 5 5
92 26 5 4
3 63 3 6
16 78 5 2
72 85 2 5
88 75 2 4
75 28 4 3
13 14 4 4
2 17 2 5
72 50 2 4
36 79 4 2
87 48 5 3
88 5 3 3
85 34 5 5
41 88 5 5
36 11 5 3
91 76 5 5
24 84 3 3
64 2 4 2
68 55 4 5
28 49 5 2
92 67 6 4
43 8 5 5
93 2 4 6
4 93 2 2
47 80 5 4
51 88 6 3
87 55 6 4
22 93 2 4
78 15 5 2
16 63 5 6
15 90 3 3
83 66 2 6
48 21 2 6
18 7 5 3
