53 21 5 6
59 35 6 3
56 39 4 3
57 8 4 4
44 31 3 3
2 16 5 2
58 2 2 2
34 13 2 5
11 14 5 2
51 70 6 5
2 93 2 2
9 25 5 5
28 80 4 6
80 61 2 3
13 32 5 4
75 81 3 6
52 47 4 3
40 40 4 5
66 36 6 2
61 80 3 2
79 42 6 3
75 75 4 5
40 24 2 6
29 88 2 6
30 17 2 2
93 65 4 4
34 25 5 3
50 8 2 6
8 85 2 6
33 64 5 5
84 76 5 6
80 89 2 4
14 73 5 6
58 64 6 2
29 70 6 4
5 54 4 2
18 42 3 6
16 86 6 6
60 72 2 6
37 91 5 2
70 21 5 4
90 47 2 2
71 96 2 2
87 25 4 5
41 70 2 6
83 11 2 6
10 96 6 2
94 79 3 3
50 32 4 4
78 32 5 6
6 47 2 5
43 81 3 6
57 48 4 2
28 41 5 6
73 36 4 3
68 4 3 3
28 55 5 3
37 21 4 2
74 8 2 3
44 2 2 5
92 34 3 6
55 88 5 5
87 55 3 6
63 73 2 4
34 3 6 3
92 3 2 4
10 8 2 4
9 70 4 2
48 90 3 5
81 68 3 2
71 56 5 4
96 73 2 2
86 69 3 5
63 31 4 2
72 90 6 5
43 50 2 5
62 46 4 6
68 68 4 4
23 13 6 2
10 41 5 4
67 58 2 6
34 43 4 5
9 64 4 2
52 62 3 2
36 58 4 4
5 71 2 5
23 58 4 4
93 42 3 4
93 12 4 6
58 15 4 5
32 7 5 4
75 67 2 4
53 53 6 5
76 13 4 5
51 38 3 6
17 55 5 5
29 27 2 6
94 52 3 3
32 87 4 5
66 77 3 3
