20 18 3 2
83 13 3 4
86 24 5 5
85 38 3 4
45 15 6 4
5 8 3 6
27 9 2 4
22 11 2 4
36 14 3 6
52 34 5 4
28 33 5 2
48 70 4 5
82 63 6 3
72 32 2 2
42 68 5 2
77 61 3 3
27 15 5 6
28 58 2 4
91 68 3 2
75 72 4 3
33 74 3 6
68 80 6 4
18 94 4 4
53 3 4 4
72 48 2 5
61 77 3 3
49 62 6 6
37 72 2 2
20 71 3 3
65 77 2 6
82 43 4 5
54 69 6 4
68 73 3 6
50 76 3 4
9 18 6 6
61 49 6 3
85 3 3 6
38 39 6 6
15 37 3 3
54 79 3 5
9 76 3 6
18 86 6 5
20 36 6 4
5 48 2 6
25 86 3 3
53 96 5 2
83 78 3 4
16 29 3 2
65 60 5 3
2 25 2 5
13 82 5 3
79 30 5 3
88 48 6 5
16 24 6 4
91 42 6 2
25 46 4 4
61 95 5 3
73 55 2 4
2 38 3 6
59 60 3 3
23 4 4 3
33 54 2 4
39 77 6 5
37 7 3 3
6 3 6 2
5 20 3 5
75 5 6 4
3 65 4 3
66 5 2 2
82 93 3 2
36 21 4 6
8 86 6 4
79 58 6 2
92 57 3 2
78 14 2 5
15 11 3 3
16 3 3 3
54 26 4 5
3 77 3 2
55 45 2 4
82 83 4 6
71 25 3 6
33 6 2 2
91 85 6 5
2 12 2 6
15 48 2 3
88 19 4 3
90 82 3 2
57 11 4 5
64 29 3 4
11 70 2 2
88 12 2 4
33 42 2 4
74 90 3 5
64 64 3 5
75 38 4 5
59 43 3 2
10 28 4 2
27 77 3 5
45 4 3 2
