4 47 2 6
21 54 6 4
51 32 2 2
48 4 5 3
70 14 5 6
66 54 6 4
25 10 3 3
58 15 6 4
69 7 3 5
40 63 6 3
70 33 2 2
55 24 6 5
34 4 6 2
19 60 6 5
89 50 4 2
83 5 2 5
7 29 5 2
53 89 6 4
93 57 2 6
89 13 6 6
46 92 3 4
38 79 3 3
36 10 4 4
65 49 4 4
63 35 2 4
56 41 3 6
84 27 3 3
6 55 4 4
51 38 2 6
73 29 2 3
27 70 6 5
12 66 2 2
24 23 3 2
79 63 4 5
65 71 2 5
21 8 3 4
79 33 4 6
4 73 2 5
37 92 3 6
48 81 5 4
36 54 4 2
62 61 5 6
8 88 5 6
89 25 6 3
60 46 4 5
43 85 2 5
8 48 4 5
45 49 6 2
48 52 5 4
20 78 6 6
89 83 6 4
30 89 3 6
11 10 5 6
62 21 6 3
89 90 5 2
33 62 5 5
56 31 4 3
83 83 5 3
74 40 2 4
3 18 3 5
90 33 5 5
46 40 4 2
70 63 4 5
3 6 2 4
25 32 2 3
65 2 3 6
76 17 4 6
76 28 4 2
3 33 4 5
71 83 5 4
82 19 5 4
78 40 4 4
48 73 4 6
42 57 5 4
23 71 2 4
34 18 2 2
39 26 4 2
79 74 2 6
89 64 2 6
39 73 3 2
15 43 5 5
35 15 3 2
79 2 2 3
15 85 4 6
39 33 4 3
10 82 4 2
15 31 6 2
79 52 6 4
73 47 2 4
11 17 2 5
4 79 3 3
33 51 2 6
71 93 4 4
7 10 2 2
9 96 5 2
13 23 3 6
82 80 2 2
13 51 6 3
12 58 5 4
87 39 5 5
