9 62 2 2
41 88 2 4
20 39 4 4
71 86 4 5
70 62 3 3
7 89 3 5
82 82 6 5
44 86 6 2
74 62 3 6
61 67 6 2
6 47 5 3
33 89 2 3
52 53 4 3
43 12 3 6
94 63 3 2
49 23 3 3
85 20 4 4
8 54 4 5
48 81 6 4
10 33 5 3
72 43 5 6
5 18 2 4
72 27 2 4
22 2 5 2
83 69 5 5
17 79 3 5
44 74 2 2
18 2 3 5
20 32 6 3
59 94 6 2
93 16 2 4
95 23 2 3
2 90 3 5
92 55 2 4
76 16 5 3
40 83 3 4
34 84 4 2
12 82 2 2
44 79 3 5
62 86 3 6
3 10 4 2
76 23 2 6
75 72 4 3
61 70 2 2
50 93 2 3
29 64 3 3
30 5 2 2
62 35 2 2
29 56 2 3
75 78 2 6
43 19 5 3
38 41 2 3
77 51 2 2
7 40 6 2
19 9 5 6
28 16 4 3
59 15 2 2
92 96 2 2
37 20 4 6
29 72 4 2
91 75 2 3
17 21 2 2
31 95 5 2
86 32 4 2
51 64 5 4
79 8 5 3
84 62 2 6
19 68 6 6
43 51 6 4
16 86 6 5
58 54 4 3
78 63 5 3
48 34 6 3
36 6 2 5
70 6 2 2
64 13 4 2
26 77 3 6
55 83 6 5
35 54 6 2
59 20 4 4
82 28 2 6
83 15 4 2
58 7 4 2
86 93 4 4
16 53 5 5
24 84 6 6
90 81 4 3
31 11 3 3
52 13 4 5
82 35 3 6
86 57 2 3
53 20 4 5
91 10 5 4
29 49 3 4
3 76 2 4
13 17 4 2
69 36 6 5
12 20 2 5
20 46 4 3
89 66 4 5
