41 63 2 5
60 24 2 2
77 70 6 4
19 90 5 5
49 22 5 5
30 44 3 5
6 4 4 5
67 23 3 4
48 56 3 3
26 84 3 3
25 16 4 3
7 13 4 2
40 93 4 2
87 44 3 6
12 82 3 4
85 6 6 6
70 79 4 4
23 41 3 6
68 54 6 4
37 5 3 2
45 19 2 5
58 66 3 4
3 27 6 6
29 37 3 6
67 67 2 3
18 2 5 2
52 11 4 4
39 41 5 4
79 46 3 2
74 33 4 5
4 83 3 5
85 83 4 6
14 90 4 4
11 17 2 4
3 36 4 4
38 84 4 3
75 79 2 2
79 27 3 2
65 11 5 5
32 29 3 2
41 9 2 4
88 62 5 3
54 17 6 4
29 33 5 2
63 30 3 6
87 75 3 3
84 91 5 4
12 35 2 6
54 30 2 4
61 45 4 4
20 81 2 5
72 22 3 5
91 18 2 5
54 58 3 2
22 36 2 2
55 85 2 2
44 33 4 4
28 9 4 6
92 33 2 2
4 65 3 3
2 54 4 4
20 20 2 5
53 79 5 2
63 77 2 4
92 91 5 5
20 59 2 2
69 42 3 3
36 30 5 2
43 75 3 4
59 60 3 4
78 50 3 3
11 67 2 5
73 17 5 2
13 25 6 6
92 26 3 6
40 21 4 6
47 77 4 3
44 61 6 4
80 57 4 2
21 51 5 2
3 43 5 4
27 80 2 3
79 39 4 3
9 48 2 6
26 25 3 6
12 45 6 4
94 69 3 5
27 53 3 3
3 76 3 4
30 70 5 4
45 92 5 3
81 60 2 5
79 33 6 4
46 39 6 4
31 84 2 4
36 60 2 3
20 7 5 5
95 4 2 4
6 89 3 5
67 31 5 3
