64 11 6 6
18 16 5 5
66 60 6 4
73 36 2 5
37 18 2 4
64 45 3 6
56 70 5 2
86 69 4 4
30 4 2 4
40 24 5 2
20 47 6 5
64 92 2 6
11 41 5 2
83 72 2 2
76 57 2 2
81 24 2 6
50 84 5 3
25 56 2 3
55 44 3 4
58 74 4 6
47 89 3 4
46 74 3 4
86 20 3 2
4 47 3 6
4 37 4 4
73 65 3 6
54 39 2 4
13 85 2 3
15 60 2 6
81 92 6 3
39 38 4 2
56 88 3 6
54 79 2 4
19 95 3 2
81 40 6 4
23 37 5 5
76 83 4 2
42 10 6 2
85 79 2 5
74 72 4 3
14 50 3 6
88 64 5 2
48 7 6 2
18 25 2 6
31 18 2 5
3 60 2 3
44 80 4 3
31 27 3 6
7 2 3 3
59 40 2 5
21 61 2 5
60 60 5 4
46 27 6 6
94 52 2 2
70 52 2 3
79 14 2 2
27 46 2 6
38 2 6 3
66 77 6 5
62 81 3 4
45 18 4 5
94 91 3 2
95 41 3 5
76 86 2 5
36 86 5 2
86 33 3 2
73 44 6 3
67 25 4 3
11 4 6 4
91 6 4 3
67 65 3 4
9 77 4 4
53 28 4 6
35 23 4 6
70 90 3 6
90 44 4 3
45 39 6 3
68 19 2 4
52 23 3 2
36 6 3 6
78 31 3 3
2 87 4 5
9 58 4 3
77 61 3 4
88 3 5 2
34 45 2 4
26 11 6 3
77 48 6 6
85 10 4 4
87 36 5 2
33 34 2 3
63 29 4 5
36 51 3 4
79 17 5 3
27 67 2 2
4 20 3 6
55 10 3 4
84 54 4 2
65 2 4 5
37 91 6 3
