35 45 5 2
47 48 6 5
18 16 6 5
30 46 2 5
93 9 2 4
47 65 2 2
54 35 6 6
81 2 3 5
51 30 4 3
18 48 4 5
43 14 6 6
43 84 3 3
87 84 3 4
15 74 6 6
76 76 6 5
25 31 3 4
15 3 6 6
11 93 4 3
78 53 5 6
38 35 4 2
31 24 6 2
25 23 4 2
27 3 3 3
10 46 3 2
43 88 5 2
13 16 3 5
39 78 5 5
81 15 5 2
7 13 4 6
77 33 4 2
49 21 3 3
22 93 6 3
91 82 3 6
4 6 2 2
31 75 2 4
8 71 4 5
88 43 6 2
50 5 4 6
96 11 2 5
83 46 5 5
54 51 4 6
68 6 5 4
19 87 4 2
86 2 5 2
48 74 2 4
25 39 6 4
84 76 2 4
90 32 2 5
68 89 4 3
10 4 4 3
71 40 3 3
30 65 3 6
7 63 6 3
16 26 2 4
4 25 5 2
4 9 2 2
27 83 2 4
19 70 3 3
33 53 4 2
79 60 6 4
96 74 2 4
84 68 2 2
5 53 2 3
62 46 6 4
71 55 4 2
31 19 2 4
73 86 5 4
30 84 6 2
29 56 5 2
13 88 4 4
72 49 2 3
44 94 4 2
77 37 6 4
5 78 5 5
24 75 3 3
65 35 5 6
27 7 4 5
77 7 2 2
82 33 4 3
69 29 6 2
4 36 6 4
43 50 3 6
84 23 4 5
53 84 6 4
86 94 5 4
41 22 6 6
68 60 3 4
40 68 2 4
89 47 4 3
68 70 6 2
89 74 3 5
76 11 3 4
90 52 3 3
22 64 2 2
12 40 6 4
10 54 2 5
85 8 5 4
60 88 5 2
96 42 2 2
59 53 5 6
