66 26 5 2
41 15 6 2
56 9 2 3
69 73 5 5
2 44 4 5
22 88 6 6
14 14 2 4
19 68 4 2
11 78 5 2
87 36 4 5
10 50 2 3
95 87 2 4
75 52 6 2
67 66 6 2
34 10 2 3
6 90 2 2
68 14 4 6
51 60 5 2
11 35 2 5
22 28 6 3
80 33 4 6
6 62 2 3
53 43 3 3
57 18 2 5
78 91 6 5
26 45 4 6
73 23 4 4
56 37 4 2
33 36 4 6
70 86 3 5
4 54 6 3
45 6 5 5
51 71 3 3
94 68 4 5
5 81 3 2
26 33 6 5
20 46 3 3
67 81 2 2
5 24 2 6
6 6 3 4
59 53 4 2
59 44 5 6
26 9 4 5
25 77 3 3
50 25 2 6
11 90 3 5
91 43 4 2
30 70 3 3
45 37 5 3
39 57 3 6
74 84 6 6
10 82 4 4
20 82 6 3
81 85 4 2
60 85 3 6
4 51 5 2
91 2 2 2
19 13 4 2
5 70 4 2
27 2 6 2
88 87 6 3
39 37 5 5
46 30 3 3
33 24 2 4
64 92 5 3
63 30 6 3
38 85 6 3
16 57 4 3
82 73 4 5
24 52 6 2
45 42 2 4
78 41 2 6
86 25 5 6
13 30 4 2
45 77 3 2
42 92 4 6
49 89 6 6
92 61 2 3
4 12 4 4
4 31 3 2
33 16 2 3
18 64 2 2
26 39 3 3
62 61 5 2
76 16 2 2
90 67 2 6
90 53 5 3
67 49 2 6
40 71 3 2
39 3 4 4
32 96 3 2
78 9 4 5
11 8 4 3
83 41 2 6
38 9 6 3
59 11 2 3
95 36 3 2
33 44 3 3
62 4 5 4
83 7 5 6
