95 40 2 6
28 52 5 3
21 34 6 6
85 38 4 6
65 15 6 5
89 55 2 4
33 86 3 6
26 79 4 3
31 65 4 2
37 31 2 3
47 2 5 2
58 88 4 2
44 59 5 5
45 50 5 2
29 39 5 3
5 44 2 2
89 30 3 6
32 83 6 2
72 23 2 3
40 27 4 4
71 57 2 4
16 41 2 6
72 77 2 4
60 52 3 6
76 33 4 4
35 42 6 6
43 88 6 5
16 11 6 3
27 15 5 3
58 11 2 4
95 6 2 6
3 76 5 2
12 11 2 2
93 87 4 6
64 39 6 2
54 19 4 6
55 80 5 2
91 17 6 5
18 25 2 4
71 95 3 2
22 8 4 2
33 57 2 4
30 47 3 4
61 74 6 2
65 80 6 3
63 67 5 3
38 18 3 3
39 71 5 3
19 76 6 6
51 91 2 5
30 32 3 6
77 11 2 4
50 28 2 5
28 21 4 4
54 33 5 6
5 82 5 5
55 4 2 4
33 7 4 2
47 95 2 3
10 7 5 3
12 70 4 5
78 80 3 6
68 31 3 4
72 9 4 5
88 4 3 2
78 95 3 3
54 69 4 3
64 89 4 5
93 77 3 6
24 21 2 3
16 62 2 4
65 49 5 2
84 75 2 4
96 84 2 2
9 37 6 2
61 21 4 2
50 88 6 2
20 56 3 6
62 43 3 5
34 23 5 4
88 63 2 5
84 80 2 6
4 55 6 6
46 18 2 4
85 15 5 4
96 50 2 6
6 89 3 6
22 26 5 6
74 47 6 6
77 6 2 4
65 6 4 3
12 61 3 6
84 53 4 3
60 62 6 2
30 86 2 4
68 22 3 5
84 68 2 3
51 45 5 6
88 49 2 2
33 68 3 3
