43 70 5 3
12 9 2 4
88 31 2 3
17 63 3 2
65 78 5 2
3 95 6 3
89 93 6 2
3 28 6 4
59 85 5 6
48 4 2 6
83 7 6 6
2 5 2 6
24 52 2 4
46 50 5 6
44 81 4 3
9 80 5 3
66 31 2 4
36 44 2 3
51 9 4 2
15 93 4 4
33 93 4 3
74 76 4 2
7 58 4 4
2 84 4 5
93 71 2 2
64 62 2 4
58 3 2 2
56 73 6 6
6 45 2 6
3 35 2 4
19 23 2 5
32 72 6 5
46 87 2 3
18 55 3 4
22 71 2 2
41 26 5 5
72 29 2 5
56 43 4 6
90 52 2 3
11 42 4 5
73 53 5 3
41 38 5 6
39 12 2 2
31 14 3 4
67 89 5 3
31 5 2 3
58 58 4 5
70 11 2 6
49 80 6 6
42 91 2 4
80 70 2 6
75 24 3 2
83 80 4 5
51 46 4 3
47 33 3 6
62 15 2 4
64 3 4 6
28 15 2 5
22 32 5 3
79 63 3 2
13 16 3 5
21 90 2 3
22 37 2 3
53 91 5 4
7 19 2 6
84 43 6 3
76 28 5 3
43 65 4 2
12 22 6 5
87 66 3 5
31 79 4 5
58 25 3 3
91 46 6 3
39 3 3 3
79 35 6 4
89 88 4 4
93 31 5 2
31 66 2 5
17 7 4 3
86 75 3 4
64 40 4 2
71 22 2 3
46 22 5 2
29 38 3 2
62 53 4 4
30 93 2 4
16 73 2 2
17 43 6 5
8 35 2 5
15 88 5 2
7 68 2 5
19 15 3 5
84 27 6 3
80 21 2 4
42 17 2 4
54 31 5 5
76 3 4 6
29 28 3 3
11 89 3 6
11 28 5 6
