44 52 3 3
67 20 4 4
57 45 6 5
56 69 5 5
80 32 6 5
21 89 3 2
77 94 3 3
47 71 2 4
20 16 2 6
48 59 5 6
93 67 5 3
61 58 2 6
29 50 3 3
46 10 5 2
27 83 5 5
53 39 4 4
6 81 5 2
39 8 5 5
69 14 6 2
37 21 6 3
60 89 5 3
71 54 2 3
63 14 3 6
14 69 2 3
28 45 6 4
41 69 5 2
91 35 4 5
25 7 6 2
61 55 3 2
69 87 6 4
56 81 6 6
49 47 4 3
82 2 2 6
10 12 5 2
25 17 4 4
4 86 4 3
33 64 2 6
37 46 3 2
47 31 2 5
56 10 5 6
88 12 4 4
95 83 3 5
8 59 4 3
18 62 2 2
86 24 5 4
36 92 3 3
90 59 6 6
18 36 2 4
44 24 5 4
18 79 6 5
13 30 2 5
2 57 4 2
82 74 5 2
15 91 3 4
15 54 3 2
38 36 4 6
87 89 2 4
81 95 4 3
9 51 3 5
5 70 6 4
42 88 6 5
24 47 2 3
5 42 6 4
87 45 3 2
39 3 5 4
78 50 5 4
12 76 6 2
26 70 2 4
74 68 5 4
51 29 3 3
80 40 3 4
19 92 4 2
68 80 4 5
49 13 2 2
43 44 3 3
85 84 6 4
27 38 4 2
30 20 6 6
82 47 4 2
15 23 4 3
75 8 4 2
55 5 4 2
81 88 3 5
63 7 3 3
29 34 5 2
80 24 4 4
90 79 3 2
77 40 2 4
74 56 3 5
5 30 6 3
90 54 5 4
66 44 3 6
23 25 2 2
34 78 6 6
89 21 5 2
76 76 5 4
66 96 3 2
57 75 4 5
65 59 3 4
68 72 3 4
