9 22 5 4
86 74 5 3
63 41 5 4
89 44 4 6
9 51 5 2
63 9 2 5
45 86 4 2
8 54 6 3
28 52 6 4
13 30 3 3
82 48 4 6
58 58 2 4
45 53 4 4
8 83 3 4
36 7 3 3
55 26 5 6
74 87 3 6
46 31 6 3
79 94 2 3
2 59 2 4
44 23 2 2
49 5 2 5
31 61 2 4
63 76 4 6
72 31 4 4
25 72 3 5
32 14 5 3
37 50 6 5
56 46 6 6
7 39 4 6
67 24 6 3
14 59 4 2
30 33 3 4
72 46 4 6
81 59 4 5
23 19 3 5
3 5 3 6
92 29 5 3
28 81 3 4
45 72 5 4
91 6 6 2
64 16 5 3
48 91 4 5
21 3 4 2
49 19 4 6
64 50 3 2
66 33 2 2
25 67 4 4
70 74 4 6
51 74 2 6
93 83 2 4
83 78 6 4
43 45 2 3
76 39 2 5
6 34 5 4
18 16 2 5
84 87 3 5
11 71 2 3
6 72 2 6
43 39 4 4
64 94 6 4
12 93 4 3
33 66 5 6
20 64 2 2
56 36 3 5
33 86 2 4
2 70 2 6
62 24 2 4
56 83 5 3
40 18 3 3
52 8 4 2
5 58 4 5
21 57 5 4
40 7 4 3
74 7 4 6
87 9 5 6
81 14 5 6
15 40 4 3
19 90 2 6
93 14 2 4
54 88 2 5
60 66 4 6
7 13 3 5
4 53 2 3
27 10 3 5
19 28 2 2
41 88 2 2
74 55 5 2
51 65 5 4
94 59 3 6
13 7 4 3
19 8 6 2
16 47 3 2
82 43 2 2
70 83 4 2
38 83 2 4
18 86 5 3
65 63 6 6
68 89 2 3
79 65 2 2
