39 48 4 6
53 80 4 6
88 65 5 6
31 71 6 5
90 13 5 6
37 24 5 6
73 72 3 2
52 8 4 5
73 50 2 2
22 87 2 6
47 77 4 5
61 54 4 5
67 57 2 3
82 15 4 6
7 52 6 6
82 72 3 3
50 17 2 5
71 39 3 5
2 25 6 3
24 19 3 3
71 11 5 2
83 12 6 2
16 8 3 2
8 15 6 2
54 32 2 2
29 36 5 4
33 8 2 6
20 13 4 2
63 79 3 3
4 37 4 2
70 15 6 5
18 64 3 2
77 6 4 6
31 46 4 5
13 68 5 2
32 55 2 3
61 31 4 4
48 24 6 2
71 89 2 3
20 45 3 3
13 26 6 2
94 52 3 6
53 89 2 2
14 34 6 6
39 40 4 3
85 51 6 6
56 20 6 2
77 61 2 5
10 77 6 2
40 94 2 3
49 45 3 3
71 65 3 2
79 51 3 4
45 8 2 3
73 33 3 4
61 27 4 3
40 17 4 2
34 85 2 3
65 4 4 6
56 42 4 5
46 85 6 5
3 80 3 3
65 73 3 3
78 34 3 5
91 81 4 4
7 63 2 5
83 88 5 4
55 65 6 3
87 20 6 6
90 27 4 3
73 80 3 6
36 31 6 6
9 94 2 4
22 69 2 2
58 14 4 3
28 90 6 4
62 89 3 6
3 5 3 5
29 81 2 4
22 61 5 4
12 89 6 3
54 73 2 2
47 17 2 4
4 87 6 5
12 80 5 6
20 95 6 2
93 38 4 2
55 60 5 4
48 33 5 4
14 45 3 3
30 20 5 3
58 31 2 2
65 63 5 5
40 60 5 2
66 30 3 6
84 42 5 3
10 65 2 2
61 39 4 2
82 22 4 3
87 6 2 5
