26 26 2 3
87 73 5 5
27 85 5 4
62 62 6 4
2 4 3 2
46 60 2 3
57 53 4 6
11 88 6 4
61 2 6 5
88 24 4 4
86 2 6 3
7 37 4 3
3 55 2 2
39 71 4 3
59 72 3 4
75 26 5 2
51 59 3 2
62 49 5 3
87 53 6 3
3 83 2 3
39 52 5 2
23 39 6 3
12 81 6 2
8 14 5 4
73 68 3 6
18 25 2 2
78 29 6 6
13 29 4 6
37 62 4 6
44 94 4 3
60 11 5 2
36 24 2 6
53 75 5 6
81 51 2 6
78 8 6 2
34 87 5 4
66 53 4 6
4 91 2 5
75 37 4 5
46 85 4 4
9 11 4 2
83 11 4 6
64 84 5 6
5 61 4 2
47 48 4 6
57 16 3 5
17 48 2 2
20 80 3 2
42 21 6 5
70 75 3 4
92 36 5 6
88 85 2 4
86 43 5 6
91 69 4 2
74 20 5 2
82 90 4 4
28 66 4 4
30 58 5 3
40 85 3 3
54 26 4 3
70 6 2 2
29 29 6 6
48 4 3 6
41 77 5 4
62 19 3 3
62 34 5 6
53 46 6 3
75 75 2 4
39 93 2 5
27 44 6 5
21 90 6 3
66 80 2 2
74 94 6 3
2 79 4 3
35 15 3 6
12 61 4 5
66 71 3 6
62 30 6 3
81 63 5 5
8 25 4 3
8 73 3 2
86 59 6 2
10 94 6 4
17 11 5 3
92 16 4 6
19 20 6 2
13 39 3 4
92 84 2 5
18 64 5 4
94 75 3 3
70 37 4 3
34 78 4 4
50 90 4 5
63 41 2 2
74 13 3 6
3 71 4 3
5 19 6 5
25 15 6 4
71 86 5 3
42 40 5 6
