58 27 2 2
58 8 5 2
43 68 3 4
52 38 5 5
30 13 6 4
15 28 4 3
93 22 4 5
31 83 3 2
14 54 4 4
22 84 5 6
22 66 4 4
79 94 6 4
23 77 3 4
93 47 3 6
30 6 4 4
60 95 6 2
64 7 4 4
80 89 3 4
69 54 2 5
60 31 3 4
27 48 2 2
45 61 2 2
69 65 5 4
68 92 4 6
82 39 4 5
62 38 3 6
92 74 4 3
6 77 3 5
39 50 2 6
15 35 6 5
27 73 2 3
13 7 5 4
45 49 3 2
24 40 3 6
42 5 6 2
34 70 5 4
44 89 4 5
74 42 6 6
83 72 2 3
62 54 6 3
75 31 5 3
56 62 3 2
4 43 3 4
48 27 2 5
89 94 6 3
8 55 2 4
45 40 6 3
67 15 4 6
10 37 2 4
5 33 3 5
87 65 6 3
95 60 2 3
17 59 2 2
25 33 4 6
26 93 3 4
53 79 4 3
65 60 6 4
94 84 2 6
86 69 3 5
3 11 5 4
21 91 3 6
32 44 6 5
83 4 2 3
36 94 3 2
21 61 3 4
70 72 3 4
53 25 4 2
6 61 3 5
22 19 6 4
92 7 5 3
77 69 4 6
78 11 3 4
10 24 2 5
52 18 4 6
24 2 5 6
80 16 5 4
68 24 6 3
55 47 6 6
49 87 4 3
34 39 6 4
87 40 3 5
50 11 6 5
50 66 2 2
55 69 4 4
14 12 4 4
66 29 6 3
3 20 6 6
74 84 6 2
38 27 5 4
81 27 6 5
94 14 3 2
10 87 6 2
14 64 5 5
10 49 2 5
47 17 4 2
12 91 5 6
2 84 6 6
13 81 3 5
45 52 4 5
51 58 2 4
