10 14 6 2
14 70 3 4
66 58 6 6
42 76 3 5
36 70 2 2
6 21 2 4
36 46 4 2
17 63 6 6
22 70 5 5
46 43 4 6
88 64 3 4
34 57 4 3
79 75 2 4
29 51 4 3
44 10 2 3
87 46 3 2
4 52 6 5
27 22 4 6
11 88 4 2
55 50 4 6
96 13 2 5
65 29 6 6
52 84 4 4
49 30 5 5
41 31 4 2
20 12 2 2
44 68 6 3
19 17 2 4
30 8 6 2
37 2 6 6
86 32 3 3
63 91 2 2
23 6 4 4
36 85 4 5
3 5 3 5
91 20 5 4
52 72 2 2
63 16 6 3
22 79 4 3
47 93 6 2
78 66 6 4
71 12 6 2
66 76 2 5
48 85 2 3
34 29 6 5
42 27 2 2
3 84 4 3
93 59 2 3
73 78 5 2
38 39 5 6
58 16 4 3
54 80 6 3
89 12 5 4
91 50 3 3
14 26 2 5
25 45 6 2
61 41 3 3
39 54 5 5
43 50 6 2
32 83 3 3
53 27 6 2
5 93 3 2
70 2 2 5
52 22 2 2
15 57 4 5
8 5 5 2
25 56 5 6
79 16 3 6
43 86 4 3
44 90 3 2
5 18 2 2
23 28 3 6
82 37 2 2
93 5 5 6
56 21 2 3
12 41 2 3
72 25 6 2
44 64 3 2
69 86 6 2
55 11 2 4
89 94 3 3
12 81 5 3
92 77 3 6
28 33 4 5
29 11 4 6
91 90 4 2
82 80 2 3
18 70 3 4
71 69 6 4
85 18 2 4
84 91 4 3
78 5 5 5
10 85 2 2
66 36 3 2
53 5 4 3
77 51 4 4
4 79 4 2
84 42 6 2
29 63 6 2
48 5 3 4
