11 42 3 3
93 62 3 5
36 78 3 4
83 64 2 6
28 16 4 5
38 14 2 6
92 86 2 6
39 48 5 5
26 10 2 2
75 96 2 2
13 72 4 5
87 44 6 4
30 49 4 6
65 23 4 6
23 27 5 3
36 25 4 6
91 55 3 5
4 50 5 6
74 62 6 2
40 81 5 3
6 13 2 3
60 28 4 6
83 55 6 5
18 72 2 5
18 38 5 5
38 42 5 2
50 83 2 3
12 23 6 5
78 39 6 6
96 42 2 5
38 54 6 6
49 66 3 4
5 30 2 2
72 76 6 2
16 13 4 3
68 31 2 4
57 47 2 4
13 3 2 3
78 14 2 3
63 47 3 4
10 49 3 4
87 36 5 5
50 11 6 6
63 73 3 3
76 4 5 6
2 20 2 5
83 8 6 3
57 81 4 3
17 2 5 2
14 92 5 4
4 72 6 4
77 32 5 4
52 31 3 6
4 59 3 4
62 55 5 6
48 40 2 4
16 62 3 6
85 75 3 4
39 67 2 3
22 16 5 5
95 72 3 6
8 23 2 5
3 85 4 2
51 24 2 4
73 24 3 5
57 39 5 5
7 81 4 2
16 55 5 3
79 80 3 5
12 57 2 6
34 72 2 3
26 92 6 2
72 65 6 6
90 26 3 3
56 67 5 4
59 7 3 6
10 30 2 6
74 57 2 4
33 44 2 4
44 29 5 4
42 73 5 3
84 81 3 6
66 3 4 2
33 34 5 5
63 83 2 4
53 87 4 2
20 9 3 3
30 87 4 4
51 90 5 4
87 61 5 4
6 91 2 6
32 65 5 5
20 61 6 6
3 78 3 4
44 21 6 2
48 78 3 2
66 90 4 4
54 78 2 2
57 19 3 3
16 5 3 3
