22 31 5 6
22 56 3 3
30 90 4 5
13 13 6 5
88 21 5 2
74 49 4 4
6 91 3 5
77 42 2 3
74 28 6 5
85 15 2 3
5 5 2 5
19 43 2 2
64 27 3 5
16 69 6 2
12 45 6 6
74 74 4 6
89 10 6 5
91 25 4 4
53 16 3 6
41 89 4 2
58 26 5 4
22 41 2 2
51 82 5 2
30 20 3 2
46 47 6 5
63 71 2 3
60 43 2 5
70 16 4 6
64 47 6 6
77 6 2 2
26 10 5 3
57 7 3 5
5 50 5 4
41 56 2 3
63 34 6 3
45 57 2 5
36 49 6 6
76 15 2 4
64 38 2 6
83 90 5 4
31 53 4 6
61 49 2 4
36 30 6 6
72 85 4 6
82 54 5 5
45 15 6 4
69 27 3 5
44 30 2 6
15 85 2 5
30 26 2 6
65 22 4 2
38 57 2 4
26 77 5 5
7 72 3 6
58 54 6 4
80 22 5 2
66 93 5 3
77 38 4 2
60 14 3 3
20 49 6 3
74 56 4 5
49 11 2 2
34 13 2 4
52 54 2 5
6 31 4 6
42 9 5 5
67 57 3 6
48 33 4 6
49 56 2 5
44 72 6 6
81 66 2 5
37 77 6 5
39 93 6 3
84 32 5 4
8 4 5 5
10 83 2 4
53 70 6 5
92 69 4 5
69 65 5 5
90 40 4 6
37 66 5 3
58 32 3 6
9 59 6 4
10 93 3 5
14 35 4 5
25 39 3 6
33 4 4 5
39 43 4 2
51 27 6 2
21 26 5 3
44 63 2 5
81 11 4 2
40 22 6 5
37 90 2 2
59 64 6 2
19 83 2 4
94 75 3 4
15 27 4 4
55 86 4 2
69 2 3 3
