29 59 5 4
59 72 6 6
36 30 3 6
3 52 2 4
21 16 5 4
34 55 6 2
39 47 3 2
59 51 6 5
10 16 5 4
88 32 3 4
86 17 3 5
65 80 3 4
32 19 4 2
35 63 3 2
25 9 3 3
25 2 4 5
83 90 4 4
71 93 2 5
13 85 4 4
49 58 4 5
30 28 4 6
31 50 5 2
16 40 6 6
26 22 4 2
7 52 4 6
11 61 4 2
83 6 2 6
34 82 5 5
20 66 3 2
19 6 3 6
94 66 3 5
48 35 6 6
19 26 4 3
44 81 6 2
80 61 2 5
27 91 4 3
3 48 6 2
59 83 4 6
53 70 4 2
86 96 6 2
16 15 3 3
37 70 6 5
32 90 6 4
68 55 2 3
89 26 2 5
69 12 2 5
66 45 2 3
15 77 4 6
67 36 3 3
7 71 5 5
27 15 2 6
41 63 6 3
62 65 3 5
77 27 4 4
72 78 6 4
55 29 3 3
41 30 5 4
2 9 5 5
74 33 4 6
25 42 6 3
72 57 3 2
88 61 3 3
18 55 4 6
55 48 2 6
73 71 6 6
13 40 2 3
79 37 3 4
60 40 6 3
31 39 2 2
95 28 3 6
95 79 2 5
42 93 4 2
71 22 4 3
50 91 3 6
92 2 4 6
10 7 5 4
24 84 2 3
5 21 2 4
84 43 2 2
21 49 6 5
8 24 4 5
88 74 3 2
7 94 3 3
3 63 2 6
82 52 3 2
42 35 2 5
2 72 2 3
73 15 4 4
74 90 2 6
27 81 5 6
64 6 2 6
50 51 2 5
30 69 3 4
93 44 2 3
83 33 3 6
83 76 2 4
46 10 4 3
9 87 2 3
36 27 2 2
80 71 3 2
