7 5 6 2
89 55 5 5
41 12 6 3
77 55 2 4
7 59 2 4
64 22 2 2
55 48 6 6
77 46 4 3
58 34 3 5
57 69 5 3
46 69 2 3
87 3 5 5
49 84 4 3
65 79 2 4
80 76 3 4
11 20 5 5
89 90 4 4
88 34 3 6
89 77 4 2
46 16 4 5
37 37 3 3
27 73 2 6
7 70 2 4
77 93 6 2
35 56 6 4
25 3 5 3
19 4 4 3
30 70 3 6
41 37 2 4
31 51 3 2
10 52 4 2
72 35 2 4
91 24 3 6
95 70 3 4
7 9 3 4
61 61 5 5
13 85 3 2
45 57 2 4
26 62 6 6
67 70 5 6
79 43 4 2
4 82 2 2
68 31 2 3
89 95 2 3
57 12 4 2
42 27 6 4
25 55 6 4
25 37 2 5
80 83 6 4
36 69 6 6
81 9 3 4
37 91 5 3
9 26 6 5
16 57 4 4
27 50 2 4
59 94 6 3
85 56 3 5
28 17 3 2
44 83 4 3
73 93 3 3
87 65 5 3
22 92 4 2
95 15 2 2
17 37 6 6
76 65 5 6
30 30 2 6
96 28 2 6
10 78 4 3
8 20 2 4
48 50 5 3
48 92 4 6
72 31 6 2
29 9 5 5
70 84 4 3
45 2 2 3
26 85 4 6
21 71 5 4
70 20 4 2
5 39 6 6
90 81 3 3
78 22 5 2
67 24 2 6
52 12 4 5
5 91 6 5
2 75 6 4
58 29 5 4
20 12 5 4
63 37 6 3
80 18 3 3
3 35 3 3
35 21 2 5
88 43 5 4
61 77 2 2
80 25 6 2
60 43 6 2
82 69 4 4
36 46 6 6
65 47 5 3
73 88 6 2
16 49 4 3
