76 48 3 5
92 6 5 5
90 12 6 5
19 59 6 3
88 75 6 4
83 71 2 2
96 57 2 3
89 95 5 3
43 4 3 6
11 63 2 2
75 69 6 6
29 18 2 6
8 2 2 6
60 24 4 2
20 38 5 2
71 7 4 4
25 25 6 5
50 87 5 3
26 50 5 3
58 31 3 3
39 80 2 5
44 47 2 4
70 85 6 5
10 56 5 6
43 16 5 3
67 65 3 3
43 32 5 4
51 76 6 4
23 6 6 2
92 83 2 6
40 70 6 5
62 92 4 6
55 36 6 6
69 50 3 5
33 21 3 4
5 33 4 3
4 93 6 3
75 28 3 2
65 7 3 3
23 71 4 3
14 10 2 4
3 73 6 2
56 58 3 4
87 56 4 5
89 41 2 2
13 43 2 5
62 49 5 4
28 3 2 2
60 72 3 5
63 54 4 4
87 21 4 5
70 18 6 2
79 82 3 3
54 10 4 5
65 36 5 4
72 76 5 6
63 27 4 5
38 11 3 3
2 38 2 4
66 78 5 6
37 89 3 3
52 54 6 2
74 34 4 4
2 13 2 2
51 71 6 3
50 13 2 3
62 67 3 4
7 37 4 4
80 55 6 5
3 78 2 4
51 4 4 5
34 81 4 5
81 9 5 5
62 13 6 6
36 29 4 3
70 22 2 5
9 78 5 4
43 57 3 2
70 41 5 4
72 60 4 4
15 20 4 2
10 66 2 3
15 26 6 2
79 88 3 5
39 41 3 2
86 81 5 2
18 50 3 6
26 45 6 4
19 70 3 5
33 67 4 6
8 84 4 5
35 56 5 6
92 26 2 3
94 21 2 4
76 65 2 3
21 12 5 5
20 78 2 4
2 8 3 2
20 88 4 2
49 59 5 4
