28 92 3 4
17 55 2 4
94 15 2 4
82 73 2 6
23 39 4 5
43 4 3 6
85 26 2 6
7 4 5 4
2 50 6 2
65 53 4 2
27 87 4 4
26 28 5 2
33 89 2 6
16 95 3 3
47 83 4 5
87 20 6 2
71 20 3 6
80 40 2 4
44 75 5 3
70 54 2 6
38 70 3 5
90 91 5 2
92 63 3 6
39 19 2 6
73 94 2 3
64 3 4 3
94 54 2 2
58 15 4 6
14 18 2 2
82 14 3 4
33 41 2 3
35 60 2 2
63 58 4 4
12 73 5 5
29 58 4 2
77 28 4 4
74 3 3 5
62 29 5 6
2 59 6 4
35 49 5 3
62 22 3 4
26 19 6 5
31 9 4 4
13 87 4 6
37 32 6 3
55 68 6 3
87 12 3 5
84 34 2 6
44 32 3 5
54 46 5 3
21 57 3 6
32 34 2 6
68 88 2 3
20 92 5 3
34 80 5 5
86 43 5 4
11 44 3 3
90 34 3 4
55 27 2 5
8 26 3 5
38 36 5 2
22 20 3 4
46 22 2 4
22 3 6 3
69 93 2 5
4 43 4 6
80 96 2 2
80 86 2 6
19 67 4 3
62 79 4 3
75 47 6 4
5 80 6 4
66 36 4 6
24 68 2 4
16 32 6 6
76 58 2 4
67 82 4 3
41 12 5 2
52 88 3 4
46 93 5 4
48 29 3 4
72 69 6 4
90 58 4 3
60 56 2 5
29 65 4 6
54 39 3 4
62 47 3 4
4 22 5 3
11 62 5 3
81 82 6 2
45 47 4 5
34 54 3 4
67 67 3 5
26 61 2 6
48 63 6 3
60 88 6 2
88 48 3 3
18 79 6 3
48 67 2 4
84 85 2 2
