12 72 5 2
57 15 6 6
21 30 6 6
58 52 6 2
71 93 6 4
42 24 2 2
38 45 4 3
18 44 5 2
43 55 2 5
8 79 3 6
63 30 2 5
55 84 6 2
29 51 4 4
71 85 2 3
40 12 4 2
70 57 3 6
88 53 4 4
37 57 5 3
9 42 2 2
42 91 2 2
49 92 3 4
45 17 4 4
7 20 3 4
17 76 3 6
19 14 5 3
6 34 4 5
26 23 5 6
89 7 6 2
74 71 6 3
92 77 2 2
28 65 3 3
34 81 4 6
84 59 5 2
37 31 6 6
11 96 4 2
77 12 3 6
67 92 3 5
6 8 6 5
68 81 2 5
12 54 4 6
77 62 5 3
63 36 5 4
32 68 2 3
81 11 4 4
4 17 2 5
26 42 6 2
24 68 3 2
61 23 3 5
89 20 5 2
16 84 3 2
82 94 4 4
17 6 5 5
89 70 3 6
52 46 5 2
30 10 2 2
4 49 3 4
95 64 2 3
48 36 2 6
74 50 5 4
94 42 4 2
86 32 4 2
95 84 2 5
56 31 2 6
19 55 6 3
51 75 3 4
70 28 6 5
10 28 3 4
14 21 6 6
15 66 6 5
44 78 3 2
5 54 2 2
83 44 6 4
8 89 2 3
86 81 6 4
90 49 4 2
81 5 6 5
26 87 4 4
34 14 3 5
84 17 4 2
59 2 4 4
78 35 5 3
18 2 4 2
25 12 2 5
48 5 3 5
22 71 6 2
54 93 4 2
54 65 5 3
13 88 5 3
71 8 3 6
2 71 4 6
28 16 3 4
16 49 6 3
2 30 5 3
66 51 6 2
31 93 4 2
5 41 3 4
17 38 4 5
42 18 2 4
93 16 3 2
35 69 6 4
