94 42 3 2
12 11 6 4
20 11 5 6
41 46 2 5
86 12 5 3
60 79 4 3
22 48 3 5
60 21 6 3
33 10 4 4
27 40 3 4
15 65 4 4
12 34 6 5
79 91 2 5
39 41 6 3
63 65 6 5
76 27 2 4
67 88 6 3
53 89 5 3
6 26 6 5
83 25 4 4
91 36 5 4
63 88 3 5
77 5 3 2
94 53 2 6
89 68 2 4
10 41 6 5
67 21 4 4
57 84 3 3
2 65 6 6
18 79 5 2
41 5 3 4
25 19 6 5
4 91 5 2
89 5 3 2
5 49 3 2
69 76 5 2
68 15 4 4
69 79 6 4
4 72 5 4
73 12 5 5
55 21 3 2
37 56 2 6
36 30 3 6
26 3 6 4
82 50 3 2
72 24 2 5
81 41 2 2
34 50 6 4
66 27 4 5
7 58 6 4
26 34 3 3
92 92 2 3
68 52 5 6
42 75 5 4
35 72 5 2
45 21 2 2
74 84 2 6
59 33 4 6
84 4 2 5
94 60 4 3
93 12 5 6
47 35 5 5
84 30 2 5
41 86 5 5
8 2 2 4
75 20 4 6
72 94 5 4
42 35 4 4
87 46 3 5
88 79 5 3
68 59 4 3
44 26 3 5
73 34 4 5
38 4 2 2
17 84 6 3
18 88 5 4
10 47 4 3
52 46 4 4
52 95 3 3
74 69 3 4
53 40 5 5
29 10 3 4
10 86 5 3
25 80 6 6
12 17 3 4
93 23 2 6
2 80 5 5
83 58 6 4
83 70 5 3
37 20 4 5
24 26 5 4
63 73 3 2
64 2 6 3
49 4 4 2
16 4 6 3
44 81 6 4
86 21 3 3
21 95 4 2
33 15 3 6
35 40 3 2
