31 73 3 3
51 90 5 5
78 3 5 6
11 91 4 3
29 65 4 4
20 79 3 2
67 17 2 6
7 64 6 6
68 88 5 4
80 75 2 3
40 86 5 5
81 56 2 4
50 33 2 4
50 42 4 3
7 29 5 4
18 92 6 4
68 82 2 2
64 52 4 4
8 81 4 4
14 2 5 5
45 12 4 3
42 66 5 3
59 83 3 4
65 69 3 3
47 6 2 5
59 12 5 4
93 6 2 3
62 34 3 2
46 86 6 2
93 90 4 2
69 46 5 2
48 77 5 3
73 39 3 2
86 60 6 3
5 88 4 5
66 3 3 2
42 36 2 5
73 31 6 2
62 57 6 4
16 39 3 5
28 49 6 5
30 9 2 2
41 21 5 6
6 38 6 2
40 28 2 4
85 10 2 6
50 67 5 3
57 50 6 6
79 50 5 2
60 90 2 5
73 12 6 2
91 45 6 4
64 91 3 6
41 95 3 3
12 54 5 2
2 48 6 3
81 87 3 6
25 31 3 3
86 50 3 2
95 52 3 3
91 72 4 2
35 8 2 3
10 35 6 2
82 17 4 6
39 61 2 6
21 37 2 5
25 60 2 4
22 71 5 3
23 86 3 5
93 82 3 6
55 75 5 2
26 16 2 2
37 54 2 2
10 16 2 2
86 85 4 6
85 44 3 3
32 77 6 6
88 7 3 2
47 25 2 5
72 49 2 4
26 41 2 6
75 69 3 2
81 65 3 6
3 64 3 6
53 82 2 6
39 4 4 5
69 68 5 5
57 19 4 3
19 16 6 2
4 10 4 4
93 30 3 5
13 72 6 2
18 52 6 4
34 95 4 3
15 45 3 5
23 10 3 5
6 72 4 6
78 26 5 3
76 80 6 3
52 9 3 3
