75 83 2 6
69 69 5 3
75 25 3 6
88 30 2 4
23 57 6 5
93 20 3 2
50 85 3 5
68 58 3 3
7 35 6 4
65 88 6 6
46 69 4 6
90 92 4 5
56 85 2 2
5 84 5 5
38 46 3 4
38 20 2 5
45 36 3 5
30 57 6 6
27 34 3 5
18 42 6 2
11 66 4 2
13 69 4 5
89 49 3 5
76 5 2 2
62 9 6 2
43 77 5 3
20 29 3 4
96 63 2 6
11 29 6 4
60 22 3 2
27 28 6 4
26 5 4 4
61 61 6 4
33 76 6 3
77 74 2 2
3 39 3 6
39 11 5 6
14 10 4 6
79 71 4 2
45 28 5 5
27 68 3 3
8 17 4 5
94 39 3 4
51 36 5 6
47 95 3 2
26 54 2 2
59 35 6 4
3 61 2 2
79 87 5 4
37 5 6 4
67 96 3 2
32 52 3 2
6 77 4 3
83 67 6 3
24 45 3 2
83 45 4 5
41 86 5 5
93 8 5 2
75 40 2 5
85 72 5 3
47 45 3 3
85 86 5 3
73 60 5 3
58 71 4 2
51 14 6 4
60 66 4 3
53 45 2 2
61 84 2 3
2 70 4 3
15 48 3 5
6 58 3 6
36 66 5 4
2 7 2 4
87 15 5 4
78 22 2 2
86 61 5 4
76 12 4 4
70 4 4 2
23 93 2 5
54 27 3 6
40 32 2 5
36 93 6 5
63 18 4 3
77 78 2 3
39 73 6 2
36 83 2 2
62 47 5 2
25 16 4 3
15 88 2 2
51 76 2 4
23 72 5 6
61 30 6 2
47 49 5 3
19 64 2 2
17 17 5 6
66 36 2 3
34 39 4 5
51 20 6 2
22 63 4 4
21 25 5 2
