79 39 4 3
22 55 4 2
58 53 3 3
2 32 6 2
92 2 4 4
68 67 4 4
6 89 6 6
90 24 2 6
49 90 4 5
90 9 6 3
42 38 3 6
40 46 2 5
13 33 3 4
22 52 2 2
76 93 4 3
88 87 3 6
77 56 5 6
65 9 2 5
47 52 6 4
4 36 6 6
29 16 2 3
88 39 4 4
49 11 6 5
23 79 5 5
31 11 3 4
47 42 5 2
87 49 5 4
89 94 3 3
93 18 2 3
21 46 5 5
89 54 5 2
49 31 4 2
68 24 6 2
51 4 6 2
44 19 3 2
74 21 3 2
85 2 4 6
59 17 3 3
41 28 2 2
82 82 3 3
78 74 3 6
7 77 6 2
63 36 4 4
18 86 2 5
72 56 4 2
47 59 4 6
38 58 4 2
43 68 2 4
81 25 3 4
57 91 2 4
6 65 4 3
33 80 3 4
75 10 4 5
35 5 6 6
31 44 6 6
17 8 4 4
17 52 4 3
53 64 6 4
7 45 6 5
57 45 4 5
52 57 5 2
32 70 5 5
79 48 3 3
13 82 3 3
28 95 3 2
60 10 2 4
67 59 5 6
4 14 4 4
8 3 5 2
62 85 4 4
80 9 6 4
18 41 3 2
64 27 5 5
53 25 5 4
20 68 6 2
95 87 3 4
68 6 3 2
22 76 4 2
44 23 3 3
91 84 6 2
47 2 3 2
14 20 5 6
88 63 2 3
58 80 5 3
32 66 2 3
39 81 3 5
34 93 3 4
32 20 5 5
83 19 2 4
37 77 6 2
29 57 3 3
73 2 2 3
61 71 4 4
12 54 4 5
35 63 2 6
19 60 5 6
63 94 3 3
73 65 2 4
43 87 5 5
50 68 2 6
