94 72 2 5
34 92 4 6
18 57 6 6
17 28 6 2
59 74 3 5
47 15 5 4
81 61 6 6
20 14 4 3
7 36 3 2
93 89 2 2
17 20 5 2
86 71 6 3
8 41 2 2
31 29 4 2
89 32 5 6
11 49 6 4
21 77 3 6
18 10 4 3
40 45 6 6
64 25 4 3
58 22 4 3
23 92 3 2
81 25 2 4
3 32 3 3
43 65 6 5
11 71 5 5
31 60 4 2
55 62 3 3
38 85 4 3
8 54 4 2
40 72 6 4
35 78 3 3
45 27 6 6
12 35 3 5
34 46 5 6
25 21 5 6
94 6 3 2
34 8 4 3
25 55 4 2
80 35 3 4
95 16 3 2
45 57 3 6
3 21 4 2
19 44 2 6
88 59 6 2
11 19 4 2
47 91 5 4
9 88 4 2
12 79 4 2
62 92 5 3
28 67 6 3
63 85 2 4
34 41 4 3
23 4 5 2
69 64 6 6
31 19 6 6
78 82 2 4
87 52 6 6
73 94 6 4
2 81 5 6
75 52 2 5
69 75 6 6
60 56 5 5
77 62 3 3
92 83 4 5
6 65 6 5
29 32 4 5
49 51 4 4
74 26 6 2
64 14 6 3
52 66 4 6
73 31 6 6
25 30 2 5
29 85 6 2
13 4 3 2
84 10 2 6
81 12 2 3
68 92 4 6
43 34 3 5
47 86 4 3
30 91 3 5
87 93 3 3
2 11 3 3
90 10 5 2
40 3 5 2
75 7 4 6
47 21 3 3
79 20 4 4
60 4 4 4
53 39 5 3
26 13 3 5
87 26 3 4
8 9 5 4
84 48 2 3
91 24 4 2
51 83 6 2
36 65 3 4
54 93 4 5
65 43 3 5
80 2 3 6
