76 13 3 2
92 9 5 5
51 49 5 5
58 48 4 3
34 32 5 3
72 77 4 6
91 88 6 6
16 25 2 3
64 63 3 4
12 85 4 5
17 93 2 3
82 92 4 5
70 50 5 2
39 93 3 4
60 6 5 6
32 10 6 6
33 83 4 3
77 57 4 5
49 32 2 2
83 19 3 6
33 45 5 4
56 42 3 5
90 82 3 2
10 42 4 2
74 18 4 5
37 60 4 5
87 39 3 3
84 75 4 6
18 49 2 5
31 90 6 3
43 10 4 4
52 44 3 2
62 92 2 6
53 64 4 4
3 74 6 5
21 68 5 6
48 25 4 6
8 54 3 6
22 79 3 2
79 3 5 2
9 7 2 6
58 27 4 5
93 17 5 6
20 6 2 4
90 65 6 4
73 32 3 2
59 68 4 6
48 44 3 2
28 38 5 2
40 24 5 2
30 64 3 5
44 28 2 3
14 78 5 5
2 92 4 2
16 29 4 2
93 71 3 5
84 87 3 3
15 63 2 3
7 20 2 4
88 54 6 5
25 43 2 2
64 17 3 4
21 12 2 4
66 35 6 6
12 13 5 2
30 55 5 2
53 22 5 3
2 60 5 2
7 63 4 6
4 38 2 5
51 82 6 6
37 2 6 4
25 86 2 5
75 63 5 2
24 32 3 4
39 86 5 4
89 9 2 5
95 40 3 4
8 47 4 2
26 62 3 3
2 83 5 4
21 50 3 5
67 73 2 4
56 90 5 3
78 30 2 6
85 33 4 3
20 61 5 6
73 85 5 5
41 15 3 5
48 12 5 5
26 10 5 2
31 7 4 2
28 73 5 4
59 58 4 6
84 60 4 6
22 26 2 2
55 73 3 5
46 76 4 4
34 51 2 3
46 84 2 4
