45 43 3 5
45 93 5 3
16 70 3 6
72 57 6 3
15 43 3 2
53 8 5 4
67 92 2 2
36 87 6 4
80 82 3 4
82 5 6 3
75 23 4 3
81 59 6 4
3 42 4 3
51 75 2 3
68 43 2 3
31 78 2 6
60 32 4 4
7 65 6 5
25 2 3 6
45 10 6 6
86 18 4 2
62 47 6 4
25 46 6 2
78 53 2 3
36 69 4 3
93 18 3 6
28 74 2 3
93 51 4 5
9 40 4 5
11 55 2 3
84 70 4 3
88 82 6 6
81 74 5 4
45 80 2 2
92 76 6 4
84 42 3 6
67 37 3 3
36 29 6 3
27 54 4 5
57 3 4 3
79 41 4 6
79 12 2 6
42 22 6 6
76 34 3 4
37 75 6 5
88 41 5 5
82 51 5 2
24 77 2 6
25 62 2 5
90 11 5 2
52 88 3 4
39 61 2 6
63 74 6 2
2 5 3 2
68 77 5 3
91 65 6 2
6 5 4 5
67 60 3 4
35 58 6 2
57 24 4 3
28 18 2 5
84 65 5 2
66 54 3 3
15 83 4 5
7 75 3 4
36 2 2 3
56 74 5 3
47 87 3 5
49 61 6 3
21 55 3 4
59 15 6 3
83 54 3 2
42 64 6 5
26 87 4 5
3 87 5 5
9 14 4 3
41 8 3 2
64 66 5 4
74 13 3 2
62 2 5 4
89 27 4 4
20 35 6 6
38 39 3 4
8 21 5 3
26 13 2 3
83 91 2 2
71 89 5 4
2 54 2 5
6 28 5 3
86 89 4 6
31 91 4 3
54 17 3 2
40 14 2 6
54 37 2 2
40 50 6 6
53 52 6 5
24 93 2 5
16 17 5 6
58 78 5 4
64 84 6 5
