39 84 3 3
78 48 2 3
51 92 2 5
94 25 2 3
16 53 3 4
24 56 5 2
41 27 2 6
76 13 3 3
34 20 4 5
73 27 6 6
84 83 3 5
66 73 5 2
4 77 6 5
85 60 2 4
80 34 4 5
62 53 4 4
36 14 4 5
67 18 3 3
91 53 5 2
3 26 2 3
3 8 6 6
69 49 4 2
84 77 4 2
31 56 5 6
71 66 3 2
84 53 5 5
86 9 4 6
59 6 4 2
66 84 3 6
53 51 4 2
28 86 2 4
54 75 3 6
85 89 4 4
74 39 3 6
39 69 6 5
21 72 4 4
24 22 4 6
8 39 2 5
86 38 4 4
14 58 2 6
48 35 3 4
14 10 3 2
20 29 2 6
67 55 6 4
14 28 5 6
64 34 3 6
46 60 3 3
21 18 2 3
27 92 6 3
48 74 5 5
3 58 5 3
93 12 5 2
60 43 6 3
18 73 2 2
46 50 5 3
12 79 5 5
22 8 4 4
68 42 2 4
2 90 3 3
52 16 3 6
67 11 2 2
12 5 5 4
22 42 6 6
47 80 5 6
32 39 6 3
47 30 6 3
90 45 3 2
31 34 5 4
77 72 5 6
91 18 3 2
53 56 2 2
31 78 5 5
5 34 4 2
87 66 5 3
38 35 4 3
56 6 2 4
27 66 5 6
66 24 4 6
78 66 4 5
60 15 2 2
33 6 2 3
15 38 5 4
57 85 4 5
21 87 4 4
94 74 2 5
43 47 4 2
85 48 3 3
5 21 5 4
7 31 2 2
12 49 4 2
70 81 5 3
36 51 4 3
91 37 4 4
65 91 5 5
71 19 5 3
57 71 4 2
39 3 4 2
28 30 5 2
56 21 4 3
29 43 4 5
