85 3 2 2
52 48 5 5
5 38 6 6
92 51 4 2
53 84 2 2
55 5 6 4
49 66 3 5
70 72 3 4
20 15 3 6
35 25 6 2
9 12 5 6
18 51 2 4
25 42 5 4
86 56 2 2
72 94 3 3
79 42 2 5
67 79 5 2
92 3 2 4
40 75 4 4
89 65 5 3
21 30 6 6
25 18 2 3
60 95 3 2
74 22 5 2
44 4 6 5
80 17 5 3
82 63 2 4
94 31 2 6
49 19 2 3
15 42 6 3
64 42 6 4
88 33 3 5
38 33 2 2
17 36 2 3
68 35 2 3
55 54 5 3
50 24 6 3
34 78 2 3
13 61 5 3
16 47 2 3
60 59 6 2
37 44 4 6
5 17 3 3
60 10 5 6
38 15 6 4
61 19 3 4
79 65 2 2
32 89 6 3
50 72 2 5
83 74 3 6
28 14 6 2
34 60 2 2
89 88 4 5
93 79 3 6
29 72 5 2
72 52 5 4
92 11 5 3
46 53 5 5
25 75 6 4
26 63 2 5
17 15 2 2
26 85 4 4
45 74 3 2
5 95 4 3
79 36 3 3
68 18 5 3
74 80 4 5
77 72 4 5
48 35 5 6
72 64 5 6
92 38 6 5
3 49 6 3
86 23 2 5
47 14 3 4
7 4 6 3
71 44 2 2
81 90 4 5
54 21 4 2
81 22 4 2
67 28 3 5
19 7 5 3
29 36 5 2
14 31 6 2
63 53 4 4
16 82 4 6
71 87 5 4
11 74 2 3
90 19 6 3
30 6 3 2
53 12 5 4
8 70 6 2
4 65 3 4
13 90 4 2
68 4 3 2
87 94 2 3
84 45 4 4
58 70 2 3
32 82 5 4
90 44 6 6
62 83 2 3
