34 55 4 4
50 73 4 3
90 13 4 6
80 8 5 6
77 15 3 3
50 46 5 4
87 96 3 2
22 83 2 4
47 93 3 4
2 32 5 6
48 24 6 2
70 73 4 5
23 41 4 3
25 80 3 4
29 13 5 3
7 72 2 2
22 7 6 4
80 21 4 4
95 30 2 5
37 41 4 6
14 90 2 4
88 43 2 5
44 53 4 6
83 55 4 4
14 27 3 3
18 85 2 4
28 19 5 2
43 19 6 2
73 93 4 3
48 86 2 2
9 65 4 3
38 77 4 4
57 29 6 3
66 77 3 6
70 8 2 6
95 9 2 3
75 57 2 5
35 4 4 5
77 49 3 5
78 94 3 3
41 87 2 2
7 43 2 4
33 70 5 4
75 10 4 2
59 74 3 6
94 84 4 2
83 65 6 6
72 33 4 3
44 36 2 6
74 41 6 5
89 59 2 4
61 36 3 5
33 81 4 2
67 60 5 3
68 17 4 4
10 37 4 4
18 69 6 6
93 46 4 5
30 31 4 6
86 24 2 3
24 89 3 5
82 38 5 5
53 5 6 2
37 88 2 3
73 63 4 4
2 8 6 3
45 61 6 4
47 5 5 2
13 7 6 6
28 47 2 6
50 54 2 6
61 42 6 6
90 83 2 6
19 49 5 2
90 52 4 3
22 34 6 2
48 27 2 5
59 83 4 5
16 56 6 5
60 61 6 2
71 24 3 3
56 68 2 3
29 40 3 2
40 49 3 2
14 78 4 5
15 20 6 3
39 82 5 2
83 75 6 6
14 43 3 3
63 52 2 2
91 27 3 2
53 9 6 6
25 22 3 6
7 51 5 2
31 84 3 4
63 9 6 3
37 19 3 3
5 83 5 6
48 34 3 5
26 71 3 5
