73 88 2 4
64 83 3 3
89 68 5 4
55 30 5 4
37 24 6 4
88 9 5 4
61 73 4 6
79 3 4 5
87 93 5 5
61 18 2 4
48 14 6 6
38 32 3 5
74 15 4 3
19 84 2 6
77 73 3 6
91 38 4 4
52 38 6 3
70 95 2 2
20 20 2 2
4 70 5 6
85 16 2 3
2 93 6 2
31 75 6 3
13 62 6 5
16 11 3 6
81 89 5 6
5 31 2 5
76 2 2 4
54 68 2 5
82 86 5 2
32 3 6 6
86 73 5 4
6 64 5 4
51 80 3 3
81 70 2 2
71 63 4 3
59 48 6 4
69 19 5 6
47 72 3 4
70 52 4 6
41 44 3 5
89 23 3 6
93 76 3 2
10 22 3 5
15 20 2 2
20 10 2 4
22 92 4 5
36 43 4 2
63 25 3 4
66 33 2 4
38 70 2 5
57 92 3 4
70 81 3 2
22 81 5 2
11 90 2 6
92 32 2 3
26 64 6 5
46 92 4 3
20 60 4 4
41 54 6 2
30 46 3 3
78 58 2 4
23 18 5 2
11 37 3 3
22 77 4 3
44 73 2 2
33 13 3 4
81 33 2 5
11 3 4 5
31 71 4 2
9 56 3 2
4 44 5 2
69 36 6 5
90 85 4 6
57 61 6 6
95 5 2 5
38 81 4 2
26 28 6 2
60 35 2 6
44 64 2 2
65 3 3 5
84 59 4 4
85 39 3 3
34 30 3 4
50 48 4 6
71 10 5 3
43 18 2 5
90 54 4 3
75 31 5 2
42 8 2 5
25 39 4 6
26 51 3 3
76 65 4 3
82 78 4 2
13 59 6 2
24 32 3 6
78 9 3 3
2 37 3 2
17 68 5 4
89 59 3 3
