88 49 2 2
14 28 5 3
6 85 5 3
12 59 3 3
60 65 3 2
49 87 4 2
50 48 3 5
50 26 3 4
76 69 6 3
60 2 5 5
69 23 2 4
11 53 5 5
68 40 4 6
9 28 2 3
3 3 5 2
5 78 5 3
81 47 4 6
90 40 6 4
82 34 4 4
74 33 6 6
61 34 5 6
37 2 4 3
80 64 5 2
39 82 3 5
22 10 2 3
44 65 2 4
88 94 3 3
18 81 3 3
34 79 4 4
90 74 3 5
40 18 3 4
72 57 5 2
79 56 6 3
38 64 3 3
16 42 4 4
72 70 2 4
58 52 2 3
78 9 4 4
66 84 2 4
27 71 4 2
12 6 5 4
59 70 3 6
80 40 4 6
24 51 5 4
50 58 2 2
83 75 6 4
85 12 6 5
18 14 5 5
49 74 3 4
86 19 2 3
33 2 2 6
65 49 2 5
5 23 4 4
71 52 6 3
51 82 2 4
31 23 2 3
55 36 5 6
59 22 4 2
30 31 4 6
3 47 5 3
42 9 5 5
90 67 2 4
74 93 2 4
24 20 3 5
59 60 2 3
70 89 2 5
29 45 3 2
13 69 6 3
63 68 6 6
89 56 4 2
55 20 2 3
37 91 3 4
95 64 2 2
20 76 2 2
24 33 5 4
52 12 6 6
24 17 3 2
83 80 6 4
94 72 2 6
67 76 5 4
67 95 6 3
33 55 4 4
51 92 5 5
93 13 4 4
43 29 2 3
28 14 6 2
3 53 6 5
67 18 2 4
8 34 5 5
25 38 3 6
20 29 3 4
83 27 4 3
13 20 4 2
50 66 6 2
43 81 2 6
95 52 2 3
84 3 5 3
39 52 6 5
34 62 2 6
19 92 2 2
