45 90 5 5
62 4 2 4
57 21 6 6
83 81 2 6
26 42 6 3
30 47 4 4
89 12 3 4
2 22 5 2
27 54 6 5
76 50 5 5
32 76 2 5
78 82 2 3
24 64 4 6
11 39 2 2
51 55 4 3
77 40 2 2
35 67 5 3
66 17 5 4
56 60 2 5
16 14 6 5
55 81 4 6
66 89 2 3
56 53 2 5
48 46 3 3
47 50 2 3
45 71 5 3
43 14 2 4
76 70 4 3
89 3 5 5
74 10 2 3
82 20 4 2
22 81 5 5
40 43 3 5
63 83 3 2
94 36 2 4
2 75 6 2
73 86 6 5
68 33 5 5
70 54 2 4
5 66 6 2
2 56 2 2
32 31 3 6
53 20 3 5
23 3 3 2
71 48 2 5
41 82 2 5
16 7 3 6
45 33 3 6
26 17 5 6
76 35 6 2
24 87 3 5
9 28 3 2
45 5 4 2
20 40 5 3
11 14 4 6
70 59 2 4
51 75 6 4
58 41 5 3
6 31 5 4
44 27 5 4
2 49 5 3
91 71 4 3
91 60 6 3
91 81 4 5
66 46 2 6
22 46 2 2
3 36 5 5
83 60 4 6
85 92 6 2
29 92 2 4
52 39 4 5
78 47 5 2
43 65 2 4
29 73 2 2
65 22 6 2
15 61 5 2
77 64 2 2
47 9 6 2
15 4 6 2
73 60 4 3
43 54 3 4
53 14 4 5
77 21 4 6
15 69 4 5
37 49 2 3
71 27 4 5
63 64 3 3
36 36 5 6
74 67 6 2
34 91 5 3
28 38 6 3
81 42 2 4
73 15 2 4
77 6 4 3
4 91 4 5
13 90 2 4
65 58 4 5
91 49 5 6
43 59 3 3
59 35 2 4
