95 42 2 3
50 52 4 2
36 76 6 6
82 26 4 5
67 55 5 5
49 6 6 3
82 19 5 6
46 45 4 2
64 7 4 6
3 64 5 6
19 55 2 3
54 13 5 2
10 9 5 4
16 67 6 4
87 31 3 5
77 73 4 6
81 61 6 6
25 63 4 4
19 88 5 5
84 88 2 5
56 18 4 6
49 63 3 5
37 56 2 5
17 51 4 2
14 58 3 6
46 48 4 2
23 54 2 4
42 31 6 2
73 18 2 3
90 23 3 6
71 3 6 6
57 45 6 2
77 14 3 6
24 39 6 3
57 53 3 2
50 37 6 3
70 61 5 4
58 84 2 4
29 56 2 2
53 60 2 6
39 68 2 5
30 21 2 5
85 40 2 4
41 88 6 5
57 27 6 6
88 73 5 6
13 42 4 5
31 39 6 3
67 27 2 5
21 82 2 3
7 82 3 6
22 30 6 3
58 4 4 2
83 50 3 5
56 48 5 4
13 50 3 2
33 10 4 4
92 52 5 4
3 19 5 2
65 63 2 4
72 30 5 2
74 34 4 6
47 52 2 6
35 88 2 6
27 7 3 2
10 67 2 2
48 73 5 3
81 41 3 2
66 37 2 3
21 20 6 3
75 91 3 3
64 69 4 6
78 22 3 3
65 46 5 4
34 49 4 3
70 68 4 3
59 78 3 5
34 22 2 2
19 36 4 3
39 49 6 2
27 72 5 3
41 95 2 3
19 62 2 3
91 65 2 5
88 40 4 4
27 87 4 4
40 22 3 5
63 18 6 5
52 82 4 6
41 41 4 6
71 12 2 3
35 2 6 4
13 19 5 3
91 57 3 3
13 30 4 3
32 64 4 4
55 91 4 4
6 74 4 4
75 53 6 3
83 57 2 3
