59 15 5 4
10 78 4 3
68 74 4 2
4 70 5 3
13 37 5 6
68 14 4 2
12 51 6 5
54 66 2 2
81 44 6 5
23 6 6 3
62 5 5 4
57 5 2 5
71 77 4 3
22 82 3 5
61 37 5 5
51 8 2 3
13 95 6 3
73 45 6 3
44 84 4 4
29 67 6 5
87 86 4 4
56 78 6 5
45 52 3 5
52 56 4 2
65 85 3 2
89 70 5 5
57 11 4 3
86 3 4 6
82 69 3 3
52 59 2 3
45 39 4 3
21 59 2 4
30 2 6 6
13 16 6 4
20 35 2 4
39 21 6 3
38 70 5 6
32 28 3 3
84 29 4 4
7 83 4 3
53 18 3 2
26 36 3 3
16 44 3 6
27 16 6 5
34 83 3 2
82 52 5 5
51 64 2 6
50 79 5 4
23 48 4 6
64 61 6 3
32 11 4 4
60 48 3 2
74 59 3 4
24 70 3 6
5 3 6 3
78 94 2 3
81 9 4 5
68 31 6 6
84 58 5 2
53 34 2 6
21 88 2 6
72 71 4 2
2 86 2 3
22 12 5 2
70 91 5 4
78 78 4 5
5 16 6 2
76 6 4 3
34 90 2 2
31 55 5 2
44 2 4 3
18 4 2 2
57 87 6 5
78 25 5 2
37 10 4 4
45 70 2 4
47 28 2 2
15 79 4 6
23 40 3 5
83 92 3 4
38 31 6 6
89 38 4 2
3 94 2 4
92 47 5 6
92 18 3 4
39 47 3 5
91 59 5 5
50 84 5 3
3 45 3 3
90 76 3 5
23 31 2 5
91 30 4 6
25 91 3 3
51 2 2 4
44 92 5 2
64 51 4 2
4 61 3 4
92 23 2 2
75 82 2 6
21 26 2 4
