78 7 5 3
18 56 4 3
30 69 4 4
8 4 4 5
38 71 5 3
75 57 4 2
67 90 4 2
17 29 6 4
70 62 5 2
66 69 2 3
22 91 6 5
82 67 6 4
61 62 6 6
64 53 3 2
23 48 5 3
14 17 3 6
9 46 6 3
13 71 2 6
62 88 3 4
51 33 2 2
35 62 6 4
16 62 3 3
11 66 3 2
84 84 6 5
30 90 4 6
62 79 3 4
25 83 4 5
69 45 2 4
36 31 6 4
61 85 3 2
70 2 4 5
47 20 6 4
52 85 5 6
80 43 2 2
69 82 3 4
67 77 3 4
79 34 3 5
54 20 2 2
85 76 4 3
64 45 4 5
25 29 6 5
8 60 6 2
37 47 6 4
34 36 6 3
34 14 6 6
44 29 5 4
58 18 5 4
79 70 2 5
18 9 4 2
46 36 3 4
8 81 2 4
58 38 2 3
52 44 5 4
54 65 2 3
2 75 3 3
69 15 5 6
84 37 3 6
81 49 3 2
3 62 2 2
92 65 5 6
15 93 3 2
9 96 6 2
18 87 6 2
42 78 3 3
64 39 5 5
36 78 5 5
68 25 3 6
65 57 2 2
15 78 4 2
30 6 5 4
77 27 5 4
23 54 3 3
32 40 3 6
88 12 6 5
73 50 4 4
25 77 4 2
31 48 5 6
87 59 5 5
10 15 3 3
68 32 3 6
9 38 2 6
46 47 2 2
78 62 3 5
95 20 2 4
9 51 3 4
34 59 2 2
22 83 2 3
3 91 5 3
45 11 6 2
3 30 2 2
48 86 2 3
41 14 2 2
26 18 4 4
55 57 6 2
76 46 3 3
54 77 3 6
7 31 6 2
89 52 4 4
42 86 2 6
45 66 2 6
