63 70 4 6
18 13 3 6
92 16 5 2
14 87 5 3
55 74 3 5
25 65 2 4
51 69 3 3
50 23 2 6
93 77 2 5
90 46 6 4
52 5 5 3
71 89 3 6
59 11 2 4
34 43 3 3
21 90 2 4
37 90 2 6
57 51 2 5
30 19 6 3
24 59 6 5
48 48 2 2
15 42 3 3
32 62 5 4
52 41 2 5
67 48 6 2
8 67 4 6
16 6 5 5
77 83 6 5
25 92 4 3
47 43 2 3
92 43 2 2
11 94 3 4
6 74 3 5
78 18 6 3
17 49 5 2
91 86 2 6
80 43 6 3
66 33 5 5
7 32 5 2
12 27 3 2
61 40 4 5
84 90 4 3
23 84 3 3
17 26 4 2
28 73 2 5
93 58 5 5
33 29 6 3
70 80 4 3
71 60 6 2
53 29 5 2
28 38 5 2
67 27 3 4
53 58 2 2
27 81 4 4
85 73 6 3
66 17 2 5
14 46 3 2
45 79 5 2
26 51 4 2
23 28 2 4
2 66 5 2
23 6 5 3
85 54 3 4
26 15 4 2
44 57 4 5
40 4 5 2
54 84 6 5
5 60 2 4
4 86 2 2
63 49 2 3
11 76 3 2
85 33 6 6
68 24 2 2
11 56 5 2
41 92 3 6
25 77 2 2
27 24 5 2
43 17 2 5
41 82 5 2
30 8 4 4
64 64 2 2
56 93 6 3
71 51 6 2
75 18 2 5
9 45 2 3
55 37 3 6
80 30 2 5
34 71 2 6
60 4 4 4
86 94 2 4
48 16 3 2
46 73 6 3
72 20 2 5
64 85 2 4
39 54 2 2
23 12 6 2
89 65 6 3
40 65 2 3
64 61 5 2
42 49 5 3
87 77 3 4
