2 15 5 6
9 15 6 4
79 36 4 5
46 17 6 6
62 17 4 2
75 45 5 5
60 70 5 4
86 92 5 4
91 3 5 5
86 12 3 3
30 19 6 2
36 34 2 4
79 19 3 6
90 30 5 2
22 64 2 4
67 26 5 6
44 70 5 6
33 27 3 5
57 75 6 2
39 55 2 6
81 82 4 5
15 24 5 3
29 3 5 2
17 49 4 2
77 68 3 5
31 9 2 6
92 67 2 5
9 4 3 5
7 83 3 2
85 53 3 4
29 60 5 2
70 4 5 5
37 40 4 4
18 54 2 4
7 94 3 3
54 46 3 6
50 70 3 6
15 60 4 6
54 86 4 6
87 73 2 6
27 45 3 2
88 68 3 2
39 9 4 4
69 43 5 2
77 8 3 2
37 20 3 5
67 92 4 3
66 70 4 5
59 63 6 5
25 86 3 4
10 39 5 6
82 2 4 3
31 45 4 4
46 42 2 3
46 34 2 4
6 77 6 3
72 62 2 3
83 42 3 6
13 2 2 2
40 70 2 5
32 83 4 2
57 78 4 6
19 43 6 2
70 18 3 2
46 53 2 6
31 65 4 4
10 35 3 2
29 30 2 6
71 81 6 3
22 11 4 6
76 40 2 2
53 40 3 4
56 33 5 4
93 42 4 3
22 27 3 6
50 39 2 5
80 27 2 3
14 33 5 5
79 55 2 3
83 16 3 3
56 10 3 3
38 64 4 3
36 74 2 5
76 89 4 4
83 32 4 2
17 84 6 4
51 28 6 3
24 60 4 2
89 21 5 6
14 46 2 2
65 35 2 2
94 10 3 3
55 58 6 4
3 70 6 2
60 27 4 5
64 52 3 3
15 7 6 3
60 49 5 2
30 93 3 3
41 19 3 6
