6 68 5 2
48 92 6 4
52 48 5 3
13 20 4 6
53 12 6 6
35 15 4 6
89 6 3 2
6 71 3 2
92 9 4 5
22 70 6 3
11 45 4 4
66 47 4 6
57 29 5 2
29 55 4 4
64 86 5 2
32 60 6 3
8 13 5 4
76 22 5 3
41 19 5 5
75 12 2 3
81 60 4 6
60 46 5 5
78 48 4 4
70 79 2 3
17 4 6 5
65 72 2 4
71 67 3 6
14 70 5 2
2 32 6 4
80 91 4 3
50 19 2 6
92 37 5 3
5 22 2 6
30 41 2 5
84 25 5 5
71 19 3 4
39 46 3 3
84 67 6 6
89 91 6 2
44 55 5 3
69 92 4 6
17 56 6 2
76 68 2 2
16 43 2 6
64 5 6 4
61 62 3 5
30 83 4 4
44 32 5 4
5 78 5 5
40 38 5 2
21 59 4 2
60 59 2 2
91 58 3 6
3 88 2 4
34 30 4 4
63 2 2 2
40 7 5 5
34 27 6 2
29 15 5 2
23 76 6 3
66 25 5 3
11 27 5 5
51 44 6 2
55 23 2 2
68 31 3 2
56 90 6 5
47 2 6 4
40 63 5 3
13 87 3 6
93 53 4 3
46 69 6 6
28 23 3 2
90 77 4 3
24 27 4 4
87 76 2 2
6 91 3 5
75 33 5 3
45 49 4 2
40 78 6 6
20 36 3 5
47 79 6 4
33 9 6 5
60 11 3 6
2 6 4 5
85 11 4 3
71 7 2 2
17 82 5 6
95 84 3 5
39 33 2 2
41 26 4 2
3 43 6 3
83 49 3 6
33 40 3 5
24 33 3 4
15 11 4 5
56 33 2 6
18 33 3 2
73 61 6 5
88 48 2 3
70 54 3 6
