36 35 4 2
9 68 2 6
61 2 5 6
32 70 4 3
6 33 2 6
20 23 6 3
37 23 5 5
58 91 5 2
59 11 3 6
13 79 4 6
49 30 4 6
64 89 6 5
12 4 4 5
76 94 2 2
18 90 5 6
81 7 4 4
5 53 4 5
83 77 4 2
66 78 5 3
27 61 2 6
69 39 6 4
65 12 5 3
78 36 4 6
15 29 6 3
35 46 3 4
83 32 2 4
88 71 4 4
75 51 4 6
68 60 4 6
54 5 3 4
80 66 4 6
18 85 2 2
30 10 6 5
11 14 2 4
11 39 6 6
6 78 3 4
63 57 4 3
49 16 3 6
62 39 5 2
37 5 4 4
37 42 6 2
62 95 3 3
5 86 6 2
78 29 2 4
72 76 3 2
91 12 4 5
32 64 5 3
47 41 3 4
3 18 6 3
2 27 3 6
91 4 4 6
65 26 2 3
67 84 6 4
21 36 4 3
38 84 4 6
12 71 2 5
6 43 4 4
46 61 5 6
5 11 2 5
83 53 4 3
26 81 3 2
51 46 4 6
90 40 3 2
2 85 2 2
6 26 2 3
38 13 3 3
57 48 5 6
33 89 3 5
44 87 6 5
14 20 5 2
89 93 6 4
74 24 2 5
85 46 3 5
58 64 6 3
22 11 3 6
58 77 2 2
94 57 2 4
43 78 4 6
90 83 4 4
48 74 4 4
41 68 3 3
56 32 4 3
16 71 5 6
45 38 4 2
25 68 3 5
20 79 3 5
92 48 5 2
35 55 2 6
53 75 3 6
12 47 3 2
46 54 6 3
91 18 3 6
21 59 2 2
78 15 4 3
15 57 3 5
50 8 2 5
36 75 6 4
89 28 6 4
81 24 5 3
25 53 3 5
