30 49 5 6
51 22 4 3
90 47 3 5
8 28 3 5
5 71 5 4
16 36 4 2
86 5 3 2
27 41 2 6
88 60 6 4
61 46 5 6
75 58 6 2
52 11 5 3
48 36 3 2
41 34 5 5
19 27 6 4
74 37 4 4
85 28 3 3
81 40 4 5
90 65 5 2
3 53 2 2
9 47 3 3
52 15 2 4
63 8 4 3
64 22 4 5
88 72 6 3
83 19 2 4
54 51 2 2
60 39 2 5
40 65 2 5
4 80 3 5
16 61 2 5
61 17 2 3
69 37 3 3
32 81 3 3
56 32 3 5
54 84 2 5
21 66 6 2
64 41 3 2
20 5 6 2
10 40 5 6
24 57 3 6
42 13 5 6
41 78 6 5
16 50 3 4
56 69 4 2
20 10 4 3
68 5 2 5
18 71 6 5
14 17 3 6
68 55 3 5
25 87 5 6
6 54 5 3
94 22 2 5
39 60 2 4
35 13 3 3
36 84 5 3
88 15 6 2
28 16 3 4
61 3 5 4
68 81 2 6
66 28 2 6
8 63 6 5
79 74 2 6
91 32 4 4
45 30 5 2
57 15 3 4
2 7 6 4
82 32 5 6
64 35 2 3
69 44 4 4
6 35 2 6
71 80 3 6
63 66 3 3
11 81 3 6
57 96 4 2
37 57 2 2
23 49 3 3
30 21 6 5
82 11 2 3
27 73 5 5
92 79 5 4
12 24 6 5
48 51 2 3
26 24 2 2
3 56 2 6
80 53 2 2
27 5 5 3
77 64 6 4
38 34 2 4
15 93 3 4
41 51 2 4
47 55 3 6
53 43 3 5
35 76 4 4
83 56 2 5
83 48 3 4
77 87 2 5
33 39 3 5
24 82 6 3
79 6 4 4
