81 5 3 2
74 3 5 4
39 85 3 3
75 26 4 3
84 8 4 6
24 7 4 2
3 15 5 3
18 77 4 4
63 67 3 6
93 17 5 6
26 81 2 3
91 45 2 5
53 76 5 4
74 58 5 4
74 83 6 4
68 48 5 5
35 64 3 6
10 68 5 4
44 2 2 3
61 79 3 6
62 52 3 3
27 11 6 6
64 25 2 6
90 82 2 3
50 70 6 5
72 91 3 2
70 11 3 5
15 27 6 6
62 7 2 4
77 9 4 2
35 53 2 2
50 60 3 2
64 61 5 3
88 25 4 4
5 40 5 6
47 30 3 6
39 90 4 5
14 59 4 2
12 14 5 4
75 70 3 6
32 19 3 2
44 79 4 5
19 48 5 2
91 67 2 4
27 69 4 4
43 25 3 6
26 75 2 3
66 81 4 2
89 14 5 2
7 8 3 5
7 83 4 4
9 23 3 5
9 77 5 2
58 24 4 3
39 36 4 2
28 35 3 5
59 38 4 5
50 26 5 2
39 63 5 2
22 92 3 2
37 13 5 4
49 12 2 2
50 77 2 5
4 68 2 5
5 26 3 2
31 28 2 2
25 87 6 3
66 38 5 4
80 57 2 4
39 22 5 2
10 49 5 4
56 48 3 3
62 88 3 3
56 35 5 2
84 57 5 4
58 92 2 3
65 58 3 2
46 41 4 4
13 90 6 6
76 36 4 5
81 85 2 2
81 40 3 6
52 86 2 3
26 51 2 3
90 17 2 4
15 20 3 4
51 29 5 5
23 55 2 6
49 48 6 2
82 76 4 3
34 73 6 3
3 19 4 4
35 87 2 5
64 93 6 5
67 3 5 6
22 30 4 3
45 6 2 5
62 74 6 4
41 50 2 3
4 74 4 6
