2 71 6 5
24 62 5 6
62 68 2 5
8 49 5 5
86 35 6 6
33 77 6 2
70 16 5 4
87 16 2 5
79 47 4 5
16 40 3 4
55 74 5 5
75 71 4 5
88 7 5 2
23 84 2 6
32 66 4 4
6 91 6 5
11 61 5 5
36 48 5 4
47 8 3 4
80 14 5 5
72 34 2 4
85 27 6 2
88 78 3 5
27 12 5 2
20 56 2 6
55 15 3 3
50 88 4 3
82 87 5 5
43 29 5 3
88 42 4 5
9 33 5 4
49 92 6 6
13 11 3 3
76 95 2 3
27 91 5 4
72 27 6 3
38 58 2 2
53 45 5 3
4 23 6 4
70 12 6 3
19 50 6 4
77 79 2 5
37 92 6 3
37 64 4 5
23 3 3 5
77 39 6 2
89 67 5 6
46 67 6 6
59 14 6 5
66 75 5 2
86 95 2 3
32 52 3 5
24 36 4 3
81 68 4 3
26 16 6 2
39 83 2 6
60 6 6 6
51 20 6 2
64 83 4 3
24 20 6 4
93 91 4 4
92 77 2 4
70 41 4 4
27 29 2 3
77 6 4 2
60 47 6 2
80 35 3 3
2 80 3 4
81 73 6 2
54 63 3 2
61 41 5 5
39 24 3 4
85 52 5 2
65 21 3 2
62 95 2 2
19 45 2 3
57 24 6 5
79 61 2 2
44 8 2 4
3 60 3 2
5 47 2 3
28 82 6 4
94 84 2 3
49 30 3 6
54 66 5 3
33 91 3 3
65 65 3 2
2 91 3 6
13 20 2 6
54 9 3 3
43 51 2 4
83 7 2 6
78 31 4 3
13 56 6 2
90 18 5 4
45 26 6 2
31 41 5 3
67 51 4 5
25 74 5 4
39 33 2 4
