46 13 6 5
20 38 3 3
69 75 4 2
81 13 3 5
21 52 5 2
11 24 4 2
27 16 6 2
78 50 3 5
64 46 6 2
84 39 4 2
15 9 6 2
22 73 4 3
26 40 3 2
64 19 6 6
51 56 2 3
2 52 6 2
92 6 2 4
15 52 3 2
77 84 4 6
4 78 4 3
47 48 4 4
88 88 5 3
73 17 5 2
54 76 3 2
72 54 3 6
45 7 6 3
59 34 4 5
23 96 6 2
72 92 4 4
47 36 4 5
85 24 3 2
32 34 6 3
90 53 2 6
77 64 4 2
32 90 2 6
84 29 5 6
83 82 5 5
47 94 2 2
59 20 3 5
18 26 4 3
16 15 2 4
27 56 5 6
42 65 2 5
64 53 6 4
68 5 2 6
24 36 6 2
60 47 2 3
51 33 2 2
61 78 2 5
36 9 4 6
39 42 5 2
78 27 3 4
2 3 4 3
52 19 3 2
5 82 4 2
50 25 6 4
18 63 3 5
59 69 3 3
5 19 4 3
38 45 4 6
90 18 2 4
79 72 2 4
64 33 6 6
11 76 5 4
45 54 5 2
39 68 2 4
40 95 2 3
4 63 3 5
73 50 4 3
58 15 4 3
41 80 6 3
87 12 3 3
96 79 2 6
31 65 3 4
72 33 5 5
13 39 6 3
39 36 3 5
15 59 6 3
29 46 3 4
10 4 3 2
35 57 5 5
17 90 3 2
9 27 2 6
30 82 5 5
40 52 4 3
86 9 2 2
64 74 3 4
65 63 5 2
56 59 2 3
94 33 2 6
94 24 3 5
2 73 2 2
21 77 6 5
8 12 2 2
15 44 4 4
11 67 6 6
52 47 5 2
95 45 2 2
91 62 2 4
74 7 4 5
