66 31 6 2
33 57 3 3
63 17 5 4
35 88 6 4
95 25 2 6
77 91 4 4
22 62 4 3
20 49 6 6
67 48 5 4
6 63 4 6
51 31 4 3
76 31 5 3
57 18 3 6
10 34 3 5
55 81 3 2
30 47 3 6
10 73 5 5
4 3 6 2
35 36 6 4
55 39 5 3
74 5 5 2
11 90 5 6
72 90 2 6
37 76 4 3
49 19 4 2
22 17 4 3
54 88 2 4
27 78 2 5
83 77 6 5
67 63 4 5
53 52 6 4
12 11 6 6
88 58 4 6
21 7 3 2
15 29 5 4
63 82 5 4
96 66 2 3
21 35 3 6
74 61 6 5
69 83 3 2
31 64 4 4
94 2 4 2
84 70 5 3
8 8 2 5
36 18 2 3
75 25 2 5
31 70 2 4
72 12 4 3
37 4 3 4
34 9 5 2
80 54 3 6
31 77 2 5
34 26 6 5
6 32 2 6
3 11 4 3
75 71 2 6
95 86 2 2
4 28 3 3
17 92 2 5
25 70 3 5
73 22 5 2
56 71 6 2
91 19 3 5
44 46 3 6
61 89 2 6
76 84 4 2
86 9 5 6
28 56 2 2
40 60 2 2
83 5 2 5
69 53 6 2
43 78 3 6
37 65 6 5
64 75 4 2
81 85 3 4
46 21 2 4
79 80 2 2
25 5 2 5
51 61 6 6
17 63 3 3
86 39 4 6
21 78 3 5
68 43 2 3
4 53 6 5
93 61 2 3
40 14 2 4
2 62 2 2
16 70 2 6
50 72 5 6
8 42 6 4
27 33 4 2
56 4 2 5
77 47 4 6
13 24 3 2
14 85 5 4
71 35 4 6
46 88 5 3
12 7 3 3
80 14 3 5
33 93 2 4
