16 12 2 2
89 51 4 3
73 27 5 2
33 86 5 5
67 52 5 3
46 60 2 4
54 36 5 5
49 79 3 6
31 20 2 6
86 35 4 4
88 70 2 3
84 96 3 2
56 54 2 4
91 24 4 6
4 68 3 5
89 65 3 4
65 6 4 2
42 61 3 2
32 36 2 3
32 45 6 4
23 80 3 3
49 11 3 5
76 4 4 5
56 2 6 6
39 22 5 2
53 60 5 4
41 91 6 2
20 24 5 4
47 49 2 3
54 44 6 3
36 38 3 6
7 15 6 2
19 42 2 5
69 73 5 6
21 63 4 2
19 17 3 6
59 55 3 4
61 33 6 2
36 25 4 2
45 44 2 2
77 12 3 6
23 49 5 4
74 61 5 2
90 84 5 6
2 79 5 3
40 57 3 3
93 93 4 3
37 32 5 3
90 76 6 2
69 44 2 3
44 53 6 2
49 33 2 2
7 19 4 4
52 92 4 3
68 27 3 3
9 58 5 2
68 13 2 6
63 24 5 2
50 39 2 3
66 67 3 4
23 12 3 4
71 61 2 6
22 74 5 4
33 57 6 5
74 54 4 3
15 19 2 4
84 4 6 4
6 44 5 4
12 82 3 3
38 5 6 3
54 26 5 5
12 76 2 2
9 62 2 2
17 55 4 6
56 13 2 6
21 29 3 4
96 79 2 3
30 4 4 2
34 68 4 6
86 21 6 2
12 63 5 5
80 88 2 5
63 49 2 5
55 85 3 5
45 73 3 5
68 32 3 5
71 2 3 5
34 29 2 5
9 34 6 4
82 45 3 4
40 71 4 4
43 28 2 2
64 73 2 3
15 6 4 5
47 23 2 6
13 55 2 2
55 76 2 5
25 42 6 2
62 39 2 5
81 19 3 3
