67 77 4 3
86 47 6 6
85 3 2 2
72 64 6 5
55 54 4 2
62 22 5 5
9 94 5 2
72 25 4 3
72 7 4 4
10 61 6 5
26 36 2 5
47 10 2 3
32 2 4 5
6 42 5 3
49 74 5 3
35 12 5 5
5 71 4 4
24 77 3 5
20 92 5 2
67 48 2 3
16 10 6 4
7 9 2 2
52 70 5 2
62 18 3 3
66 68 2 3
46 48 5 3
58 70 5 5
79 74 3 5
44 78 6 2
47 16 2 4
65 73 2 2
58 61 2 6
32 46 2 6
21 58 5 4
36 53 6 4
69 18 2 6
15 33 6 2
6 18 6 6
28 26 6 2
88 86 3 2
33 88 4 3
30 80 6 5
94 7 2 6
7 83 6 4
70 46 2 2
60 33 4 4
54 87 3 4
34 67 5 3
16 85 4 4
13 55 6 3
21 22 5 5
93 17 4 3
85 61 4 2
32 21 3 2
38 29 4 5
45 91 3 2
53 4 3 6
20 39 3 3
27 65 5 5
69 85 5 4
44 6 5 3
46 66 6 2
59 84 5 6
13 68 6 2
53 47 6 4
61 63 2 6
40 72 2 4
26 47 5 3
29 39 4 6
92 42 4 3
91 35 6 4
91 67 3 3
6 33 2 5
45 63 3 2
78 21 5 6
20 2 2 2
70 51 5 3
41 47 3 5
79 33 6 2
38 6 5 4
53 20 3 6
42 20 4 2
62 40 2 3
39 91 2 6
66 52 2 5
10 7 4 3
30 58 4 4
14 37 4 5
23 84 3 3
86 6 4 5
35 39 3 3
27 2 4 2
94 75 3 4
66 37 3 2
59 76 5 2
17 15 2 5
76 2 2 2
84 91 4 6
51 81 3 5
83 69 5 3
