97.7288 12892
92.599 12791
105.18 12858
96.2867 12862
103.556 12783
93.0365 11739
95.8824 12813
96.5031 12835
83.6283 11768
104.884 12804
107.08 12844
94.5766 10677
97.2883 11737
129.656 12828
127.191 12785
94.6251 12790
98.3545 12815
130.253 12820
98.2271 11795
96.0086 12908
96.6822 11742
99.6377 11766
99.6072 11750
96.6139 11747
93.7374 11737
124.17 12798
109.587 12834
88.4461 10739
122.664 11724
103.746 12899
82.5834 12812
96.1998 11784
116.668 12801
101.638 12801
100.76 12855
100.593 12791
86.9271 10710
105.5 12803
99.8377 12882
110.008 13862
87.3034 12824
113.058 11731
93.919 12807
101.558 12856
90.5741 12798
96.7133 10667
95.9573 12886
97.5422 13838
95.0804 12876
92.019 12854
103.166 11740
111.661 12842
88.9207 11737
99.8743 11795
118.974 13858
86.2697 10655
101.889 11751
96.0454 11749
96.3492 12809
95.7855 11768
105.996 11887
92.1622 11737
97.2559 12813
88.0169 10690
95.5836 12815
92.5086 13950
99.0485 12817
112.317 12827
89.4438 10692
93.8805 10701
90.8952 11769
123.909 13894
108.916 13888
97.322 12833
115.388 12788
127.01 11763
92.5696 10752
109.723 13964
102 13896
90.9203 13890
97.53 12795
95.7185 10700
97.4881 11739
94.5115 13878
96.2281 12819
86.7543 11812
92.6395 10741
101.183 12854
130.681 12799
96.5518 12806
94.4194 13862
102.286 12782
93.3442 11791
95.2589 11754
111.59 11721
88.318 10719
96.2113 12777
105.276 12812
96.1622 12824
103.1 12820
