115.187 1163
125.877 1138
122.003 1160
114.443 1151
116.263 1100
120.668 1209
128.571 2247
109.632 1115
86.63 1148
132.348 1130
125.679 1206
95.4472 1121
131.818 1470
178.691 3088
145.271 1182
132.52 1101
210.247 2198
166.509 1112
106.569 1190
122.056 1222
107.164 1211
123.766 2186
124.208 1158
110.281 1177
106.936 1128
131.388 1114
154.199 1138
88 1139
149.054 1786
204.47 1153
81.2382 1173
97.1783 1143
167.757 1127
112.237 1208
132.546 1179
121.56 1186
87.402 1123
124.965 1116
142.295 1129
149.076 1106
170.773 1101
141.443 1157
189.774 1146
111.248 1120
90.9679 1113
96.6776 1124
111.695 1121
106.485 1173
191.885 1260
91.6476 6778
148.932 1122
141.089 1173
102.867 1147
101.147 1139
141.121 1100
86.0233 1156
117.867 1213
204.312 1157
137.735 2165
95.2669 1179
130.158 1181
110.869 1162
140.164 2631
88.0057 1115
142.989 1136
123.819 2249
159.579 1144
148.254 1120
89.3588 1153
93.035 1128
98.8059 1237
156.335 325
160.613 1119
116.618 1116
144.326 1196
153.757 1172
99.1446 1146
121.046 1142
111.597 1126
118.929 2183
105.439 1191
96.4404 1125
129.168 1117
121.08 1157
98.9036 1110
90.1578 1237
115.57 1120
121.393 1167
173.058 1153
156.487 1181
103.11 1175
131.683 2153
94.4134 1125
128.202 2187
176.61 1115
88.2699 1132
137.143 1184
143.095 2162
134.171 1135
123.887 1149
