106.191 5370
97.2568 2182
113.383 4314
103.517 5336
127.327 2164
93.1375 7904
101.352 2167
111.946 2178
83.6045 3315
123.134 4294
114.496 2183
112.819 2176
96.1611 10638
137.332 2192
158.197 2233
94.8664 9625
109.336 2193
144.558 3280
99.977 4315
103.105 9652
98.464 2200
115.84 2213
105.496 2325
102.416 4510
106.851 2205
132.885 3260
116.986 2192
88 1133
131.113 4390
121.013 2190
81.8734 2188
101.432 2178
123.584 4494
130.948 2163
118.336 2191
116.065 5347
88.7264 2196
108.033 4297
100.678 5359
121.811 2203
92.4988 2185
127.11 2187
97.9959 2183
107.157 2210
120.478 2193
96.7681 4337
103.685 4259
105.962 4298
109.781 2187
92.042 2171
110.417 2182
129.899 5343
90.4611 2187
99.3952 3251
135.215 2194
86.0233 2197
127.931 2198
96.034 4307
131.874 2214
113.818 2206
108.753 2185
93.9523 2197
118.558 2172
88.0057 2185
125.358 2191
110.224 2184
138.733 2211
153.036 2157
89.3588 1114
94.951 5355
100.343 2188
151.754 2185
120.557 2184
120.189 2209
139.196 2187
142.423 2176
92.0333 2202
112.29 2161
118.753 2169
106.983 2234
98.7131 2213
96.2516 2195
121.918 2179
95.0684 5369
104.554 4315
117.157 2173
107.132 2167
110.704 2228
144.458 2196
135.444 2194
101.727 7546
97.5593 4295
94.8373 4309
112.88 2196
121.776 2176
88.8994 2185
95.8383 7470
125.68 2229
96.5973 4321
123.689 2183
