98.7192 5391
92.1316 3506
105.13 5392
95.8144 3234
101.572 4346
92.2781 4333
97.1031 5374
97.3759 4400
83.78 3279
108.12 6429
105.696 4367
94.3753 3309
98.8405 5397
125.321 6438
128.973 7529
94.1298 3296
98.8696 4332
130.69 6534
100.203 5390
93.2211 4326
97.1372 5406
98.551 4322
102.555 5391
96.6074 4318
95.7371 4333
134.113 7568
111.037 5368
88.6284 3285
122.511 5425
102.374 4337
81.6006 3427
96.9846 3260
116.84 6443
100.726 5434
97.7889 4325
110.255 5387
87.2673 3264
104.3 5387
99.5027 5337
108.527 5385
89.7489 4318
112.338 6503
93.4312 4321
100.667 4337
91.1671 4323
96.9768 3262
99.5749 5394
97.0282 6486
96.95 4307
92.0956 5398
102.917 4320
111.112 5349
89.6555 4336
99.4066 3282
119.64 4364
86.358 3273
102.407 5438
96.2504 4379
97.1509 4338
95.7267 3255
100.206 4365
92.8991 3266
96.0229 5434
88.2914 3307
99.3298 4322
91.268 5365
101.83 5381
116.607 6436
89.5102 3289
93.3469 4321
92.903 5372
123.308 8574
109.687 5376
97.201 4323
113.538 6450
126.778 6436
92.4181 4297
107.198 5382
100.717 7530
91.1797 4307
100.274 5388
95.8642 4356
101.397 4319
94.8355 4333
97.4291 4326
84.4829 3239
92.9872 4410
101.426 5383
130.297 5366
100.885 6455
93.5279 4328
97.15 4348
93.7622 4323
96.2404 3282
106.767 6433
88.6466 3286
94.6406 5416
105.392 5400
94.5292 5365
101.561 5443
