108.45 0.00204971 95.7398 0.0161912
93.5751 0.000304338 91.324 0.0019675
111.383 0.00161973 101.862 0.00562089
102.931 0.00141719 94.7372 0.0031993
111.016 0.00137144 101.135 0.00410464
96.2721 0.00162225 90.9647 0.00507487
107.848 0.00113125 94.8391 0.00622304
109.961 0.00097924 95.7512 0.00612307
84.6028 0.000203904 83.2185 0.000458972
113.351 0.0035598 101.987 0.00959615
111.06 0.00112918 106.52 0.00651654
99.4565 0.000386506 94.252 0.00100661
101.55 0.00168144 92.9378 0.00847298
124.251 0.00298081 119.205 0.0117639
143.182 0.00167472 127.03 0.00916174
101.946 0.00130758 93.6434 0.00390689
105.158 0.00119556 97.2342 0.00643758
135.848 0.00269456 127.267 0.00846
108.717 0.00110024 97.0381 0.00510112
102.456 0.00257697 98.1751 0.0100727
104.145 0.00136487 97.9418 0.00860936
108.307 0.00180306 97.3989 0.00834007
103.075 0.00192991 96.831 0.00810104
100.403 0.0020933 95.0168 0.00470314
101.398 0.00139342 93.3161 0.0052081
129.01 0.00311822 120.982 0.0153992
119.209 0.00142582 106.864 0.00814095
88 0.000919825 88 0.00178734
132.388 0.00368027 120.829 0.012649
106.63 0.00270753 99.1823 0.0101135
81.8528 0.000830603 81.0416 0.0015091
111.517 0.000744318 105.676 0.00585456
122.82 0.00145808 116.246 0.00431012
108.019 0.00101733 102.877 0.00478201
106.945 0.00129391 96.1327 0.00356195
106.042 0.00310739 100.713 0.00790026
94.9925 0.000587646 86.6444 0.00323531
110.812 0.00300673 102.032 0.0193886
107.819 0.0010539 102.059 0.00457725
116.688 0.00212141 110.764 0.0135054
93.9774 0.00164215 91.2403 0.00478168
107.812 0.00118135 102.63 0.00478
100.013 0.00092963 92.0534 0.00187414
109.361 0.000672824 100.281 0.00326894
93.3132 0.000921623 90.3006 0.00100708
107.812 0.00114178 95.7672 0.00205635
100.286 0.00125221 95.8587 0.00542749
103.287 0.000927016 97.675 0.0049482
102.566 0.000792111 94.9526 0.00332818
97.4915 0.000782699 90.885 0.00239766
108.637 0.00253019 101.615 0.00768873
115.247 0.00173467 107.955 0.00655709
98.9227 0.000879224 90.6662 0.00529016
103.232 0.000456541 99.0796 0.00085886
130.471 0.00207106 118.186 0.00361224
86.0233 3.4486e-05 86.0233 0.000144809
109.167 0.00506687 100.723 0.0144638
101.907 0.00047292 94.8527 0.00270672
107.999 0.00124728 99.3882 0.00718215
99.5822 0.000916847 95.1622 0.00105741
112.434 0.00250884 99.815 0.0105297
102.155 0.000612157 94.3378 0.00467082
101.8 0.00168321 94.2337 0.0100675
88.0057 5.0253e-05 88.0057 0.00021642
99.9496 0.00234394 93.9865 0.0073095
98.6529 0.001666 90.3714 0.00559317
106.611 0.00198225 99.07 0.00615565
116.504 0.00166868 108.241 0.0135192
89.3588 3.3996e-05 89.3588 0.000140421
103.115 0.00118242 92.884 0.00392021
96.606 0.000606121 89.8689 0.00282577
127.382 0.0028412 119.293 0.0110002
117.705 0.0023188 113.183 0.010499
105.253 0.00098142 96.8623 0.00334897
125.338 0.00436982 114.322 0.0130561
136.291 0.00208269 125.311 0.0169704
104.118 0.000861293 97.7324 0.00391338
109.754 0.000662844 107.031 0.00337088
108.52 0.00132245 103.161 0.0103906
95.8564 0.00120983 91.8014 0.00793759
102.175 0.000553326 98.8733 0.00325587
99.2938 0.000287707 98.4407 0.00128506
104.424 0.00104076 93.4928 0.00518821
107.689 0.00133324 99.3675 0.00755429
101.208 0.00100123 97.3385 0.00523094
88.5071 0.000771267 83.9406 0.00179699
98.0715 0.000820334 92.2067 0.00372601
110.696 0.000921046 100.409 0.00422566
137.331 0.00516242 126.839 0.0194888
106.086 0.00214173 93.2112 0.0056256
90.8979 0.00207839 88.4039 0.00240422
105.614 0.00166489 95.6374 0.00366171
97.9076 0.00113727 92.8182 0.00149391
94.7876 0.00239304 93.393 0.00319741
107.235 0.00161573 101.119 0.00510238
89.0095 0.000941556 88.1176 0.000491557
108.215 0.000877568 96.0921 0.00814547
115.436 0.00132612 104.964 0.00596627
103.971 0.00118762 93.1766 0.00387114
111.152 0.00302217 101.279 0.0189464
