106.582 2261
94.8335 1152
110.397 2205
131.93 3278
111.168 2230
124.335 2221
137.01 2245
110.871 2214
85.0919 1154
119.443 2191
115.915 2211
100.446 1186
109.695 2195
155.967 3320
145.344 3279
110.33 2222
98.776 1120
159.366 3321
105.734 2244
183.798 3266
105.34 2238
110.843 2223
103.262 2217
100.934 1139
104.75 2246
132.384 2220
116.768 2205
88 1169
140.615 2197
134.999 2229
131.727 2180
98.9533 1123
149.539 2216
109.957 2174
127.183 2220
105.947 1206
86.894 1152
111.497 2208
103.116 2666
124.189 2221
144.036 2192
119.305 2198
96.9231 1172
106.13 1154
97.0321 1124
99.4714 1145
109.673 2240
108.721 2234
145.857 2217
92.3439 1182
118.137 2233
134.536 3246
92.3297 1118
103.049 1179
131.556 2179
86.0233 1117
116.821 2178
98.5399 1130
118.737 2181
124.565 2181
115.616 2238
125.321 1135
131.847 3269
88.0057 1142
104.055 1184
125.639 2228
122.889 2180
123 2289
89.3588 1125
93.5592 1128
100.15 1147
150.283 3366
117.542 1143
119.097 1186
128.14 2195
140.326 2274
102.316 2206
112.371 1172
121.269 2222
127.845 2260
104.099 1139
97.4938 1163
123.182 3312
104.908 1140
97.1238 1141
96.1664 2216
104.506 1198
114.517 2242
137.261 2225
129.891 3280
108.58 2211
115.651 2188
93.6138 1120
114.002 1127
118.884 2158
88.1573 1132
112.969 2220
107.101 1189
137.198 2184
114.285 2216
