92 28.860933
88 29.769801
96 23.143774
92 22.686447
96 28.577352
89 29.187418
90 31.210161
94 31.922218
83 26.028852
96 33.292355
102 29.966692
94 25.736349
89 30.853432
111 25.203405
119 32.147826
93 28.517008
96 32.953301
120 24.073264
96 28.659388
90 33.118960
92 28.248380
93 30.279627
92 29.046338
92 32.048540
91 23.659110
114 28.070216
100 31.888032
88 32.869086
116 25.283163
96 31.169304
81 30.195976
94 26.770192
109 30.428063
95 27.175906
92 28.974263
95 26.711104
87 28.242496
99 26.436731
95 21.950263
101 32.157140
84 29.452284
98 24.960065
91 25.030811
96 32.141939
89 30.553027
95 31.492281
91 27.738141
91 27.621953
93 29.191318
90 23.732140
98 26.151468
102 27.752145
85 25.067046
96 34.383545
113 21.422714
86 30.396717
96 28.448841
94 26.937548
93 31.593435
95 28.569192
96 27.547875
89 27.334179
89 28.511010
88 32.498062
90 28.147658
87 28.764822
94 29.431527
103 30.612074
89 33.281607
90 26.249823
88 35.042083
111 32.478453
103 29.950432
94 28.204308
109 25.319211
120 25.223948
88 24.013312
100 31.858807
92 25.844339
88 27.600056
96 29.035751
93 24.884164
90 22.845037
93 30.627066
93 29.033141
82 28.652389
88 30.125135
97 23.678018
118 33.969494
88 30.378963
87 30.290492
94 28.433120
91 31.747548
90 27.895091
96 26.378206
88 27.881148
92 26.534766
99 30.267948
89 29.233920
96 26.331931
