126.49 1110
125.67 1192
125.133 191
151.63 137
130.841 1142
270.023 1104
196.633 1157
175.159 1154
109.71 1150
202.45 1118
132.802 1112
96.1267 1202
137.489 1148
182.811 1118
156.749 1255
149.026 1118
112.525 1224
188.971 1470
115.752 10127
131.784 1157
117.845 1171
257.633 1203
127.044 1103
106.498 1122
140.39 1098
167.619 1147
216.734 1122
91.5079 1116
136.697 1164
140.64 1129
238.507 1118
102.913 1120
161.557 1150
198.439 1120
120.351 1110
177.847 1164
97.6101 3898
117.695 291
122.315 1104
156.559 723
232.516 1142
144.979 1119
100.741 1125
120.907 1135
136.118 1224
138.828 1179
137.134 1117
129.782 1164
147.184 1186
117.647 1253
135.164 1119
146.344 1146
107.316 1129
101.485 1101
133.914 1182
88.2859 1111
139.343 1171
108.214 1121
150.798 1116
129.537 1201
151.368 4067
131.023 3457
200.739 1136
91.8262 1156
194.157 1139
170.321 233
185.649 1125
154.386 1151
90.4013 1180
121.401 1342
98.5731 1123
181.062 1124
134.277 1154
136.646 1216
176.27 1125
178.292 1164
124.368 1161
111.265 1123
135.142 1189
94.3597 1127
106.119 3310
154.13 1126
120.908 1138
115.664 1115
103.351 1118
177.474 1174
153.213 1130
152.911 1130
186.885 1191
126.022 1127
115.522 1099
124.879 1112
96.0117 1170
121.519 1131
148.454 1116
141.834 1123
181.757 1153
162.942 1133
151.895 1274
124.678 721
