108.157 1116
104.367 1157
119.184 1174
165.66 1151
119.828 1270
110.522 2158
220.491 1115
102.743 1125
85.4784 2563
130.846 2185
111.413 1119
95.0596 1145
123.868 1097
145.527 2225
139.803 1142
166.577 1119
104.943 1166
166.111 1156
127.875 1664
125.945 1163
97.7288 555
155.046 1149
102.993 1137
101.271 1122
136.268 1119
132.988 1203
130.666 1109
88 1121
139.909 1133
127.696 1141
183.033 1214
98.4716 1130
142.972 1110
125.866 2203
109.866 2231
156.595 2218
88.8941 1123
130.536 1147
115.752 1132
150.428 2167
159.917 3090
130.115 3599
165.574 1295
107.672 2254
90.4183 1138
96.0924 1173
119.475 2170
144.909 1187
138.661 2314
212.44 1120
111.824 1141
147.415 1150
91.0861 1150
99.3162 1157
133.106 1161
86.0333 1609
141.661 1128
97.1094 1176
180.553 1101
131.432 1119
111.964 1119
163.184 1158
168.153 1173
88.0057 1118
109.274 1121
112.349 612
136.662 1115
123.378 1241
89.3588 1117
92.8249 1272
109.678 1159
155.508 1158
132.902 1226
174.174 1169
189.747 2163
139.428 1122
98.7025 1113
123.629 1153
171.182 1139
150.219 1151
156.653 1129
96.5302 2187
167.064 1115
97.281 1072
105.19 1167
84.2703 1117
103.926 1204
119.689 5414
176.609 4981
179.881 1123
111.357 1247
114.668 1113
95.4372 1124
112.804 1131
132.504 1152
88.4583 1154
173.202 1127
176.866 1108
137.296 1186
110.678 1116
