108.45 0.00353737 95.813 0.00593711
93.5751 0.000558123 91.4284 0.0017011
111.383 0.0023336 103.462 0.00292393
102.931 0.00292411 100.6 0.0027795
111.016 0.00218016 104.06 0.00282431
96.2721 0.00129716 95.4451 0.00233951
107.848 0.00212052 97.8134 0.003949
109.961 0.00160117 101.494 0.00419142
84.6028 0.00036152 83.2185 0.000753066
113.351 0.0036416 105.148 0.003937
111.06 0.00110941 109.599 0.00195657
99.4565 0.000645346 94.3964 0.00194489
101.55 0.00192896 99.0463 0.0029543
124.251 0.00397199 119.207 0.00386846
143.182 0.00292965 127.043 0.00452109
101.946 0.00182858 93.6889 0.00308201
105.158 0.00125898 101.011 0.00202712
135.848 0.00435777 131.499 0.0045915
108.717 0.00212317 97.2173 0.00428219
102.456 0.00229859 98.2596 0.00300595
104.145 0.00137267 102.743 0.00263404
108.307 0.00180843 97.3989 0.0029931
103.075 0.00189029 100.82 0.00336171
100.403 0.00162031 96.0104 0.00200093
101.398 0.00118582 98.3364 0.00241954
129.01 0.00487979 124.668 0.00477398
119.209 0.00173629 111.046 0.00310047
88 0.000634288 88 0.00126807
132.388 0.00374541 121.758 0.00441468
106.63 0.00201821 101.457 0.00264419
81.8528 0.0011757 81.0416 0.00137931
111.517 0.00118386 106.44 0.00231221
122.82 0.00204892 116.501 0.00213214
108.019 0.00221541 104.961 0.00343934
106.945 0.00117629 98.1089 0.00162596
106.042 0.00322938 102.531 0.00250833
94.9925 0.00115772 87.0139 0.0031857
110.812 0.00269746 106.228 0.00431074
107.819 0.00180557 105.154 0.00236676
116.688 0.00324925 112.406 0.00398375
93.9774 0.00182274 90.7466 0.00209137
107.812 0.00267135 104.969 0.00394315
100.013 0.0012571 92.3992 0.00179242
109.361 0.00133646 100.283 0.00270105
93.3132 0.00118128 92.5146 0.000870354
107.812 0.00177355 96.7701 0.00261001
100.286 0.00264909 96.3463 0.00309298
103.287 0.00134604 97.1697 0.00265656
102.566 0.0013407 95.2509 0.00226807
97.4915 0.00101735 94.3828 0.00215106
108.637 0.00245279 101.922 0.00308865
115.247 0.00283935 110.498 0.00362117
98.9227 0.0012552 91.9352 0.00247774
103.232 0.000437405 99.4187 0.000967808
130.471 0.00312527 123.644 0.00243426
86.0233 6.5305e-05 86.0233 0.000218867
109.167 0.00359329 106.582 0.00325546
101.907 0.00073803 96.2371 0.00197201
107.999 0.00196882 100.977 0.00349029
99.5822 0.00120229 95.1622 0.0012529
112.434 0.00212746 104.52 0.00364518
102.155 0.000980129 94.5113 0.00240238
101.8 0.00212723 94.2371 0.00405919
88.0057 3.5479e-05 88.0057 0.000142046
99.9496 0.00268028 94.0256 0.00308358
98.6529 0.00162946 92.6899 0.00194572
106.611 0.00301546 106.235 0.00298557
116.504 0.00233073 108.241 0.00377887
89.3588 6.2604e-05 89.3588 0.000277567
103.115 0.00121042 96.2805 0.00246515
96.606 0.000685789 91.7079 0.00170356
127.382 0.00504803 123.161 0.00465411
117.705 0.00297948 115.053 0.0037577
105.253 0.00158068 97.7907 0.00267086
125.338 0.0031615 120.261 0.00274006
136.291 0.00310005 129.169 0.00427757
104.118 0.00145945 96.1656 0.00263567
109.754 0.00102201 107.073 0.00199566
108.52 0.00128022 103.688 0.00263998
95.8564 0.00128052 92.0611 0.0028435
102.175 0.000682311 99.6896 0.00188096
99.2938 0.000451566 99.2938 0.00123222
104.424 0.001696 93.7796 0.00347116
107.689 0.00219107 99.4974 0.00329861
101.208 0.00126783 101.208 0.00248581
88.5071 0.00156009 84.2004 0.00311852
98.0715 0.00117119 94.5757 0.00241563
110.696 0.00145164 100.83 0.00273879
137.331 0.0049348 127.334 0.00484599
106.086 0.00382277 95.39 0.00350102
90.8979 0.00228728 88.6594 0.00229172
105.614 0.00139447 102.155 0.00242503
97.9076 0.00156422 93.8043 0.00151995
94.7876 0.0013381 93.393 0.000672802
107.235 0.00147809 101.119 0.00180005
89.0095 0.000848914 88.1176 0.000430358
108.215 0.000938126 95.0741 0.00211496
115.436 0.00294881 109.393 0.00483277
103.971 0.00118445 96.2486 0.00168598
111.152 0.00285703 101.348 0.00520407
