126.569 1158
102.59 1128
132.852 1140
132.43 1140
124.439 1152
93.5947 1141
105.204 1164
128.363 2187
83.321 1206
219.692 1417
164.217 1178
94.427 1140
132.267 1148
154.665 1148
137.973 1171
123.542 1144
111.796 1155
160.748 1171
106.744 1163
127.715 1182
108.022 1173
108.694 1191
120.156 1417
108.173 1182
107.405 1146
138.322 1151
146.635 1200
88 1194
187.045 1171
116.088 1117
109.196 1095
98.8401 1170
141.869 2254
162.039 1142
127.915 1161
130.378 1159
88.8994 1146
122.729 1143
148.201 1143
163.981 1133
168.952 1142
130.776 1147
205.292 1166
114.175 1145
104.453 1187
98.9065 1178
120.044 1154
122.134 1158
110.322 2220
96.9299 1176
115.502 1118
148.566 1213
91.0143 1147
99.92 1237
135.738 1238
86.0235 1176
127.93 1150
99.5668 1161
155.161 1166
135.416 1131
117.606 1140
154.696 1143
137.43 1176
88.0299 1171
151.956 1156
133.496 1435
152.159 1152
169.585 1115
89.3588 1164
95.8215 1235
99.7247 1140
138.443 1154
137.418 1162
97.9689 1217
147.925 1168
148.553 1126
97.6596 1135
115.997 1169
149.354 1177
93.2359 1198
119.111 1133
96.8281 1467
166.982 1190
108.315 1177
100.802 1143
119.693 1164
102.288 1142
101.659 1140
161.606 1141
144.897 1156
111.237 1163
98.9009 1146
94.7029 1118
130.574 1123
129.755 1143
88.4682 1145
145.498 1167
146.096 1182
122.38 1168
121.044 1169
