85 50 88 50 88 52 85 52 85 50
89 34 93 34 93 37 89 37 89 34
23 39 25 39 25 42 23 42 23 39
21 7 23 7 23 11 21 11 21 7
78 36 81 36 81 40 78 40 78 36
47 80 51 80 51 83 47 83 47 80
54 49 58 49 58 51 54 51 54 49
47 7 49 7 49 10 47 10 47 7
57 65 60 65 60 69 57 69 57 65
65 93 69 93 69 95 65 95 65 93
38 92 42 92 42 95 38 95 38 92
72 90 74 90 74 94 72 94 72 90
7 44 10 44 10 46 7 46 7 44
10 6 12 6 12 8 10 8 10 6
32 38 36 38 36 41 32 41 32 38
31 59 33 59 33 63 31 63 31 59
62 87 64 87 64 89 62 89 62 87
79 46 82 46 82 50 79 50 79 46
36 63 40 63 40 67 36 67 36 63
64 75 68 75 68 78 64 78 64 75
19 84 21 84 21 87 19 87 19 84
91 48 93 48 93 51 91 51 91 48
86 74 88 74 88 76 86 76 86 74
33 5 37 5 37 8 33 8 33 5
93 63 97 63 97 67 93 67 93 63
9 84 12 84 12 86 9 86 9 84
48 4 50 4 50 6 48 6 48 4
79 87 83 87 83 91 79 91 79 87
72 20 75 20 75 22 72 22 72 20
69 68 72 68 72 72 69 72 69 68
42 7 46 7 46 11 42 11 42 7
13 26 15 26 15 30 13 30 13 26
89 69 93 69 93 73 89 73 89 69
53 5 55 5 55 8 53 8 53 5
9 69 13 69 13 71 9 71 9 69
19 15 23 15 23 19 19 19 19 15
84 78 86 78 86 81 84 81 84 78
86 19 90 19 90 21 86 21 86 19
45 75 48 75 48 77 45 77 45 75
44 86 48 86 48 89 44 89 44 86
91 82 93 82 93 84 91 84 91 82
52 15 54 15 54 19 52 19 52 15
13 76 16 76 16 79 13 79 13 76
91 31 95 31 95 33 91 33 91 31
86 6 88 6 88 10 86 10 86 6
87 3 91 3 91 5 87 5 87 3
85 25 88 25 88 29 85 29 85 25
40 68 43 68 43 71 40 71 40 68
16 10 18 10 18 12 16 12 16 10
78 16 81 16 81 18 78 18 78 16
20 65 22 65 22 67 20 67 20 65
69 57 72 57 72 61 69 61 69 57
83 67 85 67 85 71 83 71 83 67
25 67 28 67 28 69 25 69 25 67
78 29 81 29 81 33 78 33 78 29
45 92 49 92 49 94 45 94 45 92
11 18 13 18 13 22 11 22 11 18
63 28 66 28 66 30 63 30 63 28
41 49 45 49 45 51 41 51 41 49
17 29 21 29 21 31 17 31 17 29
59 80 61 80 61 83 59 83 59 80
73 72 77 72 77 76 73 76 73 72
52 58 54 58 54 60 52 60 52 58
38 32 42 32 42 34 38 34 38 32
57 59 59 59 59 63 57 63 57 59
40 46 42 46 42 48 40 48 40 46
42 16 46 16 46 20 42 20 42 16
51 72 55 72 55 75 51 75 51 72
5 61 9 61 9 65 5 65 5 61
79 81 81 81 81 84 79 84 79 81
28 85 31 85 31 88 28 88 28 85
49 44 51 44 51 46 49 46 49 44
59 29 61 29 61 33 59 33 59 29
94 73 98 73 98 77 94 77 94 73
42 3 44 3 44 6 42 6 42 3
32 23 35 23 35 25 32 25 32 23
57 14 60 14 60 17 57 17 57 14
62 49 65 49 65 53 62 53 62 49
77 10 80 10 80 12 77 12 77 10
8 88 11 88 11 91 8 91 8 88
34 54 37 54 37 57 34 57 34 54
21 2 25 2 25 4 21 4 21 2
52 2 54 2 54 4 52 4 52 2
13 31 15 31 15 35 13 35 13 31
89 94 93 94 93 98 89 98 89 94
94 93 96 93 96 96 94 96 94 93
13 81 15 81 15 85 13 85 13 81
52 20 55 20 55 23 52 23 52 20
20 78 22 78 22 81 20 81 20 78
89 6 91 6 91 9 89 9 89 6
26 93 30 93 30 95 26 95 26 93
9 96 12 96 12 98 9 98 9 96
77 24 81 24 81 27 77 27 77 24
28 29 30 29 30 32 28 32 28 29
54 79 58 79 58 83 54 83 54 79
58 21 61 21 61 23 58 23 58 21
71 49 75 49 75 51 71 51 71 49
28 3 30 3 30 5 28 5 28 3
27 74 30 74 30 76 27 76 27 74
4 36 7 36 7 40 4 40 4 36
15 50 19 50 19 53 15 53 15 50
6 47 9 47 9 50 6 50 6 47
5 17 8 17 8 20 5 20 5 17
92 86 96 86 96 88 92 88 92 86
47 66 49 66 49 70 47 70 47 66
19 93 23 93 23 97 19 97 19 93
75 37 77 37 77 41 75 41 75 37
65 33 69 33 69 35 65 35 65 33
50 91 53 91 53 93 50 93 50 91
4 93 6 93 6 96 4 96 4 93
66 42 68 42 68 46 66 46 66 42
3 53 7 53 7 56 3 56 3 53
24 61 26 61 26 63 24 63 24 61
86 63 88 63 88 65 86 65 86 63
10 50 14 50 14 53 10 53 10 50
14 66 17 66 17 68 14 68 14 66
47 53 49 53 49 55 47 55 47 53
2 89 4 89 4 92 2 92 2 89
54 95 57 95 57 97 54 97 54 95
22 82 25 82 25 84 22 84 22 82
33 74 36 74 36 76 33 76 33 74
41 53 43 53 43 55 41 55 41 53
74 77 76 77 76 81 74 81 74 77
31 95 34 95 34 98 31 98 31 95
84 83 88 83 88 86 84 86 84 83
51 30 53 30 53 34 51 34 51 30
25 6 28 6 28 9 25 9 25 6
89 76 91 76 91 80 89 80 89 76
66 86 69 86 69 88 66 88 66 86
91 12 95 12 95 14 91 14 91 12
74 14 77 14 77 18 74 18 74 14
77 58 80 58 80 61 77 61 77 58
45 36 47 36 47 40 45 40 45 36
32 48 34 48 34 50 32 50 32 48
61 35 64 35 64 39 61 39 61 35
36 58 38 58 38 61 36 61 36 58
19 39 22 39 22 41 19 41 19 39
16 32 18 32 18 36 16 36 16 32
39 12 41 12 41 15 39 15 39 12
19 58 23 58 23 62 19 62 19 58
6 77 8 77 8 80 6 80 6 77
60 72 62 72 62 75 60 75 60 72
81 63 83 63 83 66 81 66 81 63
82 39 85 39 85 41 82 41 82 39
23 75 26 75 26 79 23 79 23 75
58 2 61 2 61 4 58 4 58 2
43 41 45 41 45 43 43 43 43 41
68 4 70 4 70 6 68 6 68 4
20 34 23 34 23 38 20 38 20 34
70 10 72 10 72 13 70 13 70 10
82 15 84 15 84 17 82 17 82 15
50 64 52 64 52 66 50 66 50 64
78 64 80 64 80 67 78 67 78 64
41 83 43 83 43 87 41 87 41 83
93 16 97 16 97 19 93 19 93 16
15 43 19 43 19 47 15 47 15 43
56 70 58 70 58 74 56 74 56 70
11 54 13 54 13 58 11 58 11 54
34 35 36 35 36 37 34 37 34 35
3 70 5 70 5 72 3 72 3 70
24 24 26 24 26 27 24 27 24 24
16 3 20 3 20 6 16 6 16 3
35 69 38 69 38 71 35 71 35 69
20 49 24 49 24 53 20 53 20 49
65 16 67 16 67 20 65 20 65 16
36 42 38 42 38 46 36 46 36 42
17 72 20 72 20 74 17 74 17 72
24 11 27 11 27 13 24 13 24 11
94 34 96 34 96 38 94 38 94 34
3 83 6 83 6 86 3 86 3 83
52 42 55 42 55 44 52 44 52 42
7 30 10 30 10 32 7 32 7 30
70 25 74 25 74 27 70 27 70 25
51 10 55 10 55 13 51 13 51 10
55 24 57 24 57 27 55 27 55 24
37 73 41 73 41 75 37 75 37 73
51 36 54 36 54 40 51 40 51 36
34 26 38 26 38 30 34 30 34 26
15 40 18 40 18 42 15 42 15 40
88 89 90 89 90 93 88 93 88 89
86 59 89 59 89 61 86 61 86 59
2 78 5 78 5 81 2 81 2 78
44 95 47 95 47 97 44 97 44 95
75 91 78 91 78 93 75 93 75 91
22 45 24 45 24 47 22 47 22 45
39 24 43 24 43 27 39 27 39 24
36 47 38 47 38 49 36 49 36 47
46 61 50 61 50 63 46 63 46 61
57 11 59 11 59 13 57 13 57 11
27 96 30 96 30 98 27 98 27 96
11 3 13 3 13 5 11 5 11 3
54 30 57 30 57 32 54 32 54 30
94 20 98 20 98 22 94 22 94 20
3 8 6 8 6 10 3 10 3 8
75 83 78 83 78 87 75 87 75 83
74 2 78 2 78 5 74 5 74 2
29 82 32 82 32 84 29 84 29 82
39 20 41 20 41 23 39 23 39 20
83 3 85 3 85 6 83 6 83 3
38 7 41 7 41 10 38 10 38 7
89 27 91 27 91 30 89 30 89 27
34 89 37 89 37 93 34 93 34 89
62 66 65 66 65 69 62 69 62 66
32 12 36 12 36 15 32 15 32 12
31 55 33 55 33 57 31 57 31 55
63 60 65 60 65 64 63 64 63 60
47 23 49 23 49 25 47 25 47 23
60 62 62 62 62 64 60 64 60 62
92 3 95 3 95 7 92 7 92 3
74 55 76 55 76 58 74 58 74 55
24 90 27 90 27 92 24 92 24 90
91 58 95 58 95 60 91 60 91 58
93 26 97 26 97 28 93 28 93 26
87 43 89 43 89 46 87 46 87 43
8 93 12 93 12 95 8 95 8 93
61 14 64 14 64 16 61 16 61 14
53 54 56 54 56 57 53 57 53 54
62 31 64 31 64 33 62 33 62 31
65 89 67 89 67 92 65 92 65 89
8 35 10 35 10 37 8 37 8 35
81 95 83 95 83 98 81 98 81 95
67 9 69 9 69 12 67 12 67 9
69 54 73 54 73 56 69 56 69 54
38 82 40 82 40 84 38 84 38 82
82 75 84 75 84 77 82 77 82 75
28 45 30 45 30 48 28 48 28 45
70 84 74 84 74 88 70 88 70 84
25 15 28 15 28 18 25 18 25 15
44 57 46 57 46 60 44 60 44 57
66 80 68 80 68 82 66 82 66 80
38 35 42 35 42 37 38 37 38 35
84 55 87 55 87 58 84 58 84 55
2 23 4 23 4 26 2 26 2 23
73 64 77 64 77 67 73 67 73 64
90 62 92 62 92 66 90 66 90 62
65 54 68 54 68 56 65 56 65 54
56 33 58 33 58 35 56 35 56 33
10 15 12 15 12 17 10 17 10 15
36 16 40 16 40 18 36 18 36 16
31 64 34 64 34 68 31 68 31 64
79 5 81 5 81 8 79 8 79 5
67 49 69 49 69 51 67 51 67 49
23 70 25 70 25 73 23 73 23 70
38 96 40 96 40 98 38 98 38 96
4 2 7 2 7 5 4 5 4 2
31 27 33 27 33 31 31 31 31 27
70 65 72 65 72 67 70 67 70 65
96 12 98 12 98 15 96 15 96 12
46 44 48 44 48 46 46 46 46 44
54 92 57 92 57 94 54 94 54 92
