83 21 87 21 87 23 83 23 83 21
78 13 81 13 81 17 78 17 78 13
13 86 17 86 17 88 13 88 13 86
40 92 44 92 44 94 40 94 40 92
72 36 75 36 75 40 72 40 72 36
6 13 8 13 8 16 6 16 6 13
89 7 93 7 93 10 89 10 89 7
29 81 31 81 31 84 29 84 29 81
95 41 97 41 97 45 95 45 95 41
70 89 73 89 73 92 70 92 70 89
25 23 27 23 27 27 25 27 25 23
36 49 38 49 38 52 36 52 36 49
48 93 51 93 51 95 48 95 48 93
55 67 58 67 58 70 55 70 55 67
8 5 11 5 11 8 8 8 8 5
83 38 86 38 86 40 83 40 83 38
27 58 30 58 30 62 27 62 27 58
81 90 83 90 83 94 81 94 81 90
39 24 43 24 43 27 39 27 39 24
17 56 19 56 19 58 17 58 17 56
29 38 33 38 33 41 29 41 29 38
5 84 7 84 7 87 5 87 5 84
90 95 94 95 94 98 90 98 90 95
33 56 36 56 36 58 33 58 33 56
15 26 19 26 19 28 15 28 15 26
23 57 26 57 26 60 23 60 23 57
14 69 17 69 17 72 14 72 14 69
91 65 95 65 95 67 91 67 91 65
60 80 64 80 64 83 60 83 60 80
36 84 39 84 39 87 36 87 36 84
10 70 12 70 12 73 10 73 10 70
69 63 73 63 73 67 69 67 69 63
20 26 23 26 23 29 20 29 20 26
95 93 97 93 97 97 95 97 95 93
73 46 76 46 76 50 73 50 73 46
27 32 30 32 30 34 27 34 27 32
58 53 61 53 61 57 58 57 58 53
46 61 49 61 49 64 46 64 46 61
69 76 72 76 72 79 69 79 69 76
23 9 26 9 26 13 23 13 23 9
37 5 40 5 40 7 37 7 37 5
90 30 93 30 93 34 90 34 90 30
94 21 96 21 96 25 94 25 94 21
54 88 56 88 56 92 54 92 54 88
41 52 45 52 45 56 41 56 41 52
3 70 5 70 5 72 3 72 3 70
79 3 81 3 81 7 79 7 79 3
9 93 13 93 13 96 9 96 9 93
23 37 25 37 25 40 23 40 23 37
59 14 61 14 61 17 59 17 59 14
2 11 5 11 5 13 2 13 2 11
64 95 68 95 68 97 64 97 64 95
21 65 23 65 23 68 21 68 21 65
35 89 37 89 37 92 35 92 35 89
60 8 63 8 63 10 60 10 60 8
3 25 6 25 6 29 3 29 3 25
14 32 16 32 16 35 14 35 14 32
63 86 67 86 67 88 63 88 63 86
85 12 87 12 87 15 85 15 85 12
58 2 60 2 60 4 58 4 58 2
10 27 12 27 12 31 10 31 10 27
64 89 68 89 68 91 64 91 64 89
27 77 29 77 29 80 27 80 27 77
2 31 4 31 4 35 2 35 2 31
64 24 66 24 66 26 64 26 64 24
46 51 48 51 48 53 46 53 46 51
54 34 57 34 57 36 54 36 54 34
87 76 91 76 91 79 87 79 87 76
51 30 54 30 54 32 51 32 51 30
64 16 66 16 66 19 64 19 64 16
10 42 14 42 14 46 10 46 10 42
50 83 53 83 53 87 50 87 50 83
42 78 46 78 46 82 42 82 42 78
15 16 17 16 17 19 15 19 15 16
48 7 50 7 50 9 48 9 48 7
22 48 24 48 24 51 22 51 22 48
49 53 53 53 53 56 49 56 49 53
29 26 32 26 32 29 29 29 29 26
42 87 46 87 46 90 42 90 42 87
6 38 8 38 8 42 6 42 6 38
86 49 89 49 89 52 86 52 86 49
2 7 5 7 5 9 2 9 2 7
45 13 49 13 49 15 45 15 45 13
66 81 69 81 69 85 66 85 66 81
69 72 73 72 73 75 69 75 69 72
88 15 92 15 92 18 88 18 88 15
53 46 56 46 56 48 53 48 53 46
18 62 21 62 21 64 18 64 18 62
41 31 43 31 43 34 41 34 41 31
28 9 32 9 32 13 28 13 28 9
55 95 58 95 58 97 55 97 55 95
46 25 49 25 49 29 46 29 46 25
41 65 43 65 43 68 41 68 41 65
78 89 80 89 80 91 78 91 78 89
76 10 79 10 79 12 76 12 76 10
9 55 11 55 11 57 9 57 9 55
43 18 47 18 47 22 43 22 43 18
30 90 32 90 32 92 30 92 30 90
80 25 84 25 84 27 80 27 80 25
95 61 98 61 98 64 95 64 95 61
89 72 91 72 91 74 89 74 89 72
91 89 94 89 94 91 91 91 91 89
55 73 59 73 59 75 55 75 55 73
63 38 66 38 66 42 63 42 63 38
12 57 14 57 14 60 12 60 12 57
58 46 61 46 61 50 58 50 58 46
71 7 74 7 74 11 71 11 71 7
45 71 47 71 47 75 45 75 45 71
59 32 62 32 62 34 59 34 59 32
22 69 26 69 26 72 22 72 22 69
55 77 57 77 57 79 55 79 55 77
24 89 27 89 27 92 24 92 24 89
19 35 22 35 22 38 19 38 19 35
52 58 54 58 54 62 52 62 52 58
36 25 38 25 38 29 36 29 36 25
16 50 19 50 19 53 16 53 16 50
48 38 50 38 50 42 48 42 48 38
40 74 43 74 43 77 40 77 40 74
76 51 78 51 78 55 76 55 76 51
10 47 14 47 14 50 10 50 10 47
78 63 82 63 82 66 78 66 78 63
14 6 17 6 17 9 14 9 14 6
25 15 28 15 28 17 25 17 25 15
15 41 18 41 18 44 15 44 15 41
56 82 59 82 59 84 56 84 56 82
55 39 59 39 59 41 55 41 55 39
71 93 74 93 74 97 71 97 71 93
70 54 73 54 73 57 70 57 70 54
18 11 22 11 22 14 18 14 18 11
51 78 53 78 53 81 51 81 51 78
84 67 86 67 86 69 84 69 84 67
77 47 80 47 80 50 77 50 77 47
18 19 21 19 21 21 18 21 18 19
75 23 78 23 78 26 75 26 75 23
71 80 75 80 75 84 71 84 71 80
58 21 62 21 62 24 58 24 58 21
2 47 5 47 5 51 2 51 2 47
6 76 10 76 10 79 6 79 6 76
76 67 79 67 79 69 76 69 76 67
36 95 39 95 39 98 36 98 36 95
15 36 17 36 17 39 15 39 15 36
13 90 17 90 17 92 13 92 13 90
12 13 16 13 16 15 12 15 12 13
29 23 32 23 32 25 29 25 29 23
85 96 87 96 87 98 85 98 85 96
20 53 23 53 23 56 20 56 20 53
95 88 98 88 98 90 95 90 95 88
68 43 71 43 71 46 68 46 68 43
30 78 33 78 33 80 30 80 30 78
13 75 16 75 16 78 13 78 13 75
8 81 11 81 11 84 8 84 8 81
60 61 64 61 64 65 60 65 60 61
37 30 39 30 39 32 37 32 37 30
86 25 89 25 89 29 86 29 86 25
62 52 64 52 64 54 62 54 62 52
4 18 6 18 6 21 4 21 4 18
76 36 79 36 79 38 76 38 76 36
83 58 87 58 87 61 83 61 83 58
22 93 25 93 25 97 22 97 22 93
27 3 29 3 29 6 27 6 27 3
54 19 57 19 57 23 54 23 54 19
81 9 84 9 84 12 81 12 81 9
93 80 97 80 97 83 93 83 93 80
37 54 39 54 39 58 37 58 37 54
51 9 54 9 54 12 51 12 51 9
94 2 98 2 98 5 94 5 94 2
3 41 5 41 5 45 3 45 3 41
67 29 70 29 70 31 67 31 67 29
87 82 90 82 90 86 87 86 87 82
37 69 41 69 41 72 37 72 37 69
8 86 11 86 11 88 8 88 8 86
69 16 72 16 72 19 69 19 69 16
83 45 86 45 86 47 83 47 83 45
58 28 60 28 60 31 58 31 58 28
27 93 29 93 29 96 27 96 27 93
6 60 8 60 8 64 6 64 6 60
4 91 7 91 7 95 4 95 4 91
43 35 47 35 47 38 43 38 43 35
77 75 79 75 79 78 77 78 77 75
45 2 49 2 49 5 45 5 45 2
80 33 84 33 84 37 80 37 80 33
18 5 21 5 21 7 18 7 18 5
85 30 87 30 87 32 85 32 85 30
52 41 54 41 54 45 52 45 52 41
23 6 25 6 25 8 23 8 23 6
21 76 24 76 24 79 21 79 21 76
93 27 95 27 95 29 93 29 93 27
74 19 76 19 76 21 74 21 74 19
35 65 38 65 38 68 35 68 35 65
72 24 74 24 74 27 72 27 72 24
78 28 80 28 80 30 78 30 78 28
65 5 69 5 69 7 65 7 65 5
88 39 92 39 92 43 88 43 88 39
82 73 85 73 85 75 82 75 82 73
62 70 65 70 65 74 62 74 62 70
50 27 54 27 54 29 50 29 50 27
48 70 50 70 50 72 48 72 48 70
60 90 63 90 63 93 60 93 60 90
73 12 75 12 75 14 73 14 73 12
91 36 93 36 93 38 91 38 91 36
44 31 48 31 48 33 44 33 44 31
78 57 81 57 81 59 78 59 78 57
83 83 86 83 86 85 83 85 83 83
96 46 98 46 98 49 96 49 96 46
24 66 26 66 26 68 24 68 24 66
46 66 48 66 48 69 46 69 46 66
60 58 64 58 64 60 60 60 60 58
33 17 37 17 37 19 33 19 33 17
21 83 24 83 24 85 21 85 21 83
32 70 34 70 34 72 32 72 32 70
2 65 6 65 6 67 2 67 2 65
28 49 30 49 30 51 28 51 28 49
30 85 33 85 33 87 30 87 30 85
83 87 85 87 85 89 83 89 83 87
94 70 97 70 97 73 94 73 94 70
33 12 37 12 37 14 33 14 33 12
57 59 59 59 59 61 57 61 57 59
55 8 59 8 59 12 55 12 55 8
89 57 91 57 91 61 89 61 89 57
12 64 15 64 15 67 12 67 12 64
31 46 34 46 34 48 31 48 31 46
20 41 23 41 23 43 20 43 20 41
86 3 88 3 88 5 86 5 86 3
13 52 15 52 15 56 13 56 13 52
38 42 42 42 42 45 38 45 38 42
45 44 49 44 49 48 45 48 45 44
46 83 48 83 48 85 46 85 46 83
75 87 77 87 77 90 75 90 75 87
8 20 10 20 10 23 8 23 8 20
55 26 57 26 57 29 55 29 55 26
72 32 75 32 75 35 72 35 72 32
73 41 76 41 76 44 73 44 73 41
39 59 42 59 42 62 39 62 39 59
14 95 18 95 18 97 14 97 14 95
66 10 70 10 70 14 66 14 66 10
87 65 89 65 89 69 87 69 87 65
87 53 89 53 89 55 87 55 87 53
2 82 4 82 4 84 2 84 2 82
17 80 20 80 20 83 17 83 17 80
41 47 44 47 44 50 41 50 41 47
84 91 86 91 86 95 84 95 84 91
62 44 64 44 64 46 62 46 62 44
91 52 95 52 95 55 91 55 91 52
96 18 98 18 98 20 96 20 96 18
92 46 95 46 95 50 92 50 92 46
5 32 9 32 9 35 5 35 5 32
48 16 50 16 50 18 48 18 48 16
31 93 33 93 33 96 31 96 31 93
72 2 74 2 74 6 72 6 72 2
53 13 55 13 55 15 53 15 53 13
