76 54 79 54 79 56 76 56 76 54
53 10 55 10 55 13 53 13 53 10
42 38 46 38 46 41 42 41 42 38
46 30 49 30 49 33 46 33 46 30
61 60 65 60 65 63 61 63 61 60
88 75 91 75 91 78 88 78 88 75
54 88 56 88 56 90 54 90 54 88
5 67 8 67 8 71 5 71 5 67
27 27 29 27 29 30 27 30 27 27
81 60 85 60 85 63 81 63 81 60
35 94 38 94 38 96 35 96 35 94
94 11 97 11 97 13 94 13 94 11
68 69 71 69 71 72 68 72 68 69
44 69 47 69 47 73 44 73 44 69
37 85 40 85 40 87 37 87 37 85
13 56 17 56 17 60 13 60 13 56
16 44 19 44 19 47 16 47 16 44
14 38 18 38 18 40 14 40 14 38
8 45 11 45 11 48 8 48 8 45
15 34 18 34 18 36 15 36 15 34
20 17 23 17 23 19 20 19 20 17
74 9 78 9 78 11 74 11 74 9
54 91 58 91 58 94 54 94 54 91
86 29 90 29 90 31 86 31 86 29
26 9 29 9 29 11 26 11 26 9
47 6 50 6 50 8 47 8 47 6
51 64 55 64 55 66 51 66 51 64
28 37 30 37 30 40 28 40 28 37
46 79 48 79 48 83 46 83 46 79
71 36 74 36 74 40 71 40 71 36
66 21 70 21 70 24 66 24 66 21
31 52 35 52 35 54 31 54 31 52
58 56 60 56 60 59 58 59 58 56
20 43 22 43 22 47 20 47 20 43
70 77 73 77 73 81 70 81 70 77
13 76 17 76 17 78 13 78 13 76
4 4 7 4 7 6 4 6 4 4
60 42 64 42 64 46 60 46 60 42
85 51 88 51 88 53 85 53 85 51
48 38 52 38 52 40 48 40 48 38
28 5 32 5 32 8 28 8 28 5
82 44 86 44 86 47 82 47 82 44
93 47 97 47 97 50 93 50 93 47
52 55 54 55 54 58 52 58 52 55
87 94 90 94 90 96 87 96 87 94
33 45 36 45 36 47 33 47 33 45
51 81 54 81 54 84 51 84 51 81
26 2 29 2 29 4 26 4 26 2
43 5 46 5 46 8 43 8 43 5
53 14 55 14 55 17 53 17 53 14
70 96 74 96 74 98 70 98 70 96
32 13 34 13 34 16 32 16 32 13
7 77 10 77 10 80 7 80 7 77
22 75 26 75 26 77 22 77 22 75
57 64 61 64 61 66 57 66 57 64
66 37 68 37 68 39 66 39 66 37
12 82 16 82 16 84 12 84 12 82
78 21 80 21 80 24 78 24 78 21
35 6 38 6 38 8 35 8 35 6
83 88 85 88 85 92 83 92 83 88
63 87 65 87 65 91 63 91 63 87
51 88 53 88 53 90 51 90 51 88
35 76 38 76 38 79 35 79 35 76
58 69 61 69 61 71 58 71 58 69
90 84 92 84 92 87 90 87 90 84
68 53 70 53 70 57 68 57 68 53
40 60 44 60 44 63 40 63 40 60
95 38 97 38 97 41 95 41 95 38
15 11 19 11 19 15 15 15 15 11
80 10 84 10 84 12 80 12 80 10
94 60 98 60 98 64 94 64 94 60
40 66 42 66 42 69 40 69 40 66
52 61 55 61 55 63 52 63 52 61
61 30 63 30 63 33 61 33 61 30
47 51 50 51 50 55 47 55 47 51
90 24 94 24 94 27 90 27 90 24
24 94 28 94 28 97 24 97 24 94
23 63 25 63 25 67 23 67 23 63
87 15 91 15 91 17 87 17 87 15
41 13 43 13 43 16 41 16 41 13
11 94 13 94 13 98 11 98 11 94
4 83 6 83 6 85 4 85 4 83
85 21 87 21 87 23 85 23 85 21
10 25 13 25 13 27 10 27 10 25
57 78 60 78 60 82 57 82 57 78
61 3 64 3 64 7 61 7 61 3
77 29 79 29 79 33 77 33 77 29
46 13 49 13 49 16 46 16 46 13
38 46 42 46 42 48 38 48 38 46
25 87 29 87 29 90 25 90 25 87
24 51 26 51 26 54 24 54 24 51
68 61 72 61 72 63 68 63 68 61
75 80 79 80 79 84 75 84 75 80
31 20 33 20 33 22 31 22 31 20
13 20 17 20 17 24 13 24 13 20
81 14 83 14 83 18 81 18 81 14
93 55 95 55 95 59 93 59 93 55
83 39 85 39 85 41 83 41 83 39
53 31 56 31 56 33 53 33 53 31
23 82 26 82 26 84 23 84 23 82
21 93 23 93 23 95 21 95 21 93
48 85 50 85 50 88 48 88 48 85
91 88 95 88 95 92 91 92 91 88
41 9 44 9 44 11 41 11 41 9
92 33 96 33 96 35 92 35 92 33
40 19 43 19 43 23 40 23 40 19
40 24 42 24 42 27 40 27 40 24
76 40 78 40 78 42 76 42 76 40
68 10 70 10 70 12 68 12 68 10
34 63 37 63 37 66 34 66 34 63
72 82 74 82 74 85 72 85 72 82
44 23 48 23 48 27 44 27 44 23
33 89 37 89 37 93 33 93 33 89
86 33 90 33 90 36 86 36 86 33
76 44 78 44 78 46 76 46 76 44
73 72 76 72 76 74 73 74 73 72
30 81 33 81 33 85 30 85 30 81
13 29 17 29 17 33 13 33 13 29
82 24 85 24 85 28 82 28 82 24
92 65 94 65 94 68 92 68 92 65
76 94 79 94 79 98 76 98 76 94
35 33 39 33 39 36 35 36 35 33
5 23 7 23 7 25 5 25 5 23
4 88 7 88 7 90 4 90 4 88
3 35 7 35 7 39 3 39 3 35
18 48 20 48 20 50 18 50 18 48
10 20 12 20 12 22 10 22 10 20
65 4 69 4 69 8 65 8 65 4
82 95 85 95 85 97 82 97 82 95
42 51 44 51 44 54 42 54 42 51
55 44 59 44 59 46 55 46 55 44
71 13 73 13 73 16 71 16 71 13
39 70 41 70 41 74 39 74 39 70
66 14 69 14 69 18 66 18 66 14
17 89 20 89 20 91 17 91 17 89
59 91 61 91 61 95 59 95 59 91
5 54 7 54 7 58 5 58 5 54
21 20 23 20 23 24 21 24 21 20
19 56 22 56 22 58 19 58 19 56
29 63 31 63 31 67 29 67 29 63
15 69 19 69 19 72 15 72 15 69
67 90 70 90 70 93 67 93 67 90
25 70 28 70 28 72 25 72 25 70
56 60 60 60 60 63 56 63 56 60
7 32 10 32 10 34 7 34 7 32
61 12 64 12 64 14 61 14 61 12
57 84 60 84 60 88 57 88 57 84
10 85 12 85 12 87 10 87 10 85
24 57 27 57 27 59 24 59 24 57
85 6 89 6 89 10 85 10 85 6
19 51 22 51 22 53 19 53 19 51
10 53 12 53 12 57 10 57 10 53
5 46 7 46 7 48 5 48 5 46
58 38 62 38 62 40 58 40 58 38
76 59 79 59 79 63 76 63 76 59
75 25 77 25 77 27 75 27 75 25
87 60 90 60 90 64 87 64 87 60
75 36 78 36 78 38 75 38 75 36
65 29 67 29 67 31 65 31 65 29
20 84 22 84 22 86 20 86 20 84
19 64 22 64 22 67 19 67 19 64
34 70 37 70 37 72 34 72 34 70
54 36 56 36 56 40 54 40 54 36
10 12 12 12 12 15 10 15 10 12
62 17 64 17 64 20 62 20 62 17
24 18 27 18 27 21 24 21 24 18
29 43 32 43 32 47 29 47 29 43
40 94 42 94 42 98 40 98 40 94
49 59 51 59 51 61 49 61 49 59
20 25 23 25 23 27 20 27 20 25
44 45 48 45 48 48 44 48 44 45
40 75 44 75 44 77 40 77 40 75
72 44 74 44 74 46 72 46 72 44
45 65 48 65 48 67 45 67 45 65
5 96 8 96 8 98 5 98 5 96
84 56 88 56 88 58 84 58 84 56
71 28 74 28 74 32 71 32 71 28
40 55 42 55 42 58 40 58 40 55
22 12 24 12 24 15 22 15 22 12
35 2 37 2 37 5 35 5 35 2
56 17 58 17 58 19 56 19 56 17
85 74 87 74 87 77 85 77 85 74
92 14 94 14 94 16 92 16 92 14
79 85 81 85 81 88 79 88 79 85
17 93 19 93 19 96 17 96 17 93
73 47 77 47 77 49 73 49 73 47
94 3 96 3 96 6 94 6 94 3
96 78 98 78 98 80 96 80 96 78
34 25 36 25 36 27 34 27 34 25
87 70 90 70 90 73 87 73 87 70
79 71 82 71 82 74 79 74 79 71
17 7 20 7 20 10 17 10 17 7
89 21 93 21 93 23 89 23 89 21
41 82 45 82 45 84 41 84 41 82
14 66 16 66 16 68 14 68 14 66
49 3 53 3 53 5 49 5 49 3
93 94 97 94 97 98 93 98 93 94
54 20 57 20 57 23 54 23 54 20
5 20 9 20 9 22 5 22 5 20
67 46 69 46 69 48 67 48 67 46
51 96 53 96 53 98 51 98 51 96
73 19 76 19 76 23 73 23 73 19
62 72 66 72 66 76 62 76 62 72
4 12 6 12 6 14 4 14 4 12
90 38 93 38 93 41 90 41 90 38
37 25 39 25 39 28 37 28 37 25
50 72 54 72 54 76 50 76 50 72
21 37 24 37 24 39 21 39 21 37
31 60 33 60 33 62 31 62 31 60
13 3 17 3 17 5 13 5 13 3
93 74 95 74 95 76 93 76 93 74
19 34 23 34 23 36 19 36 19 34
53 26 57 26 57 30 53 30 53 26
19 40 22 40 22 42 19 42 19 40
71 93 75 93 75 95 71 95 71 93
64 95 68 95 68 98 64 98 64 95
71 33 73 33 73 35 71 35 71 33
31 69 33 69 33 73 31 73 31 69
48 20 50 20 50 22 48 22 48 20
53 50 56 50 56 53 53 53 53 50
46 91 49 91 49 94 46 94 46 91
71 66 75 66 75 68 71 68 71 66
84 78 86 78 86 81 84 81 84 78
83 65 86 65 86 68 83 68 83 65
9 17 12 17 12 19 9 19 9 17
63 77 65 77 65 80 63 80 63 77
23 48 27 48 27 50 23 50 23 48
78 6 80 6 80 8 78 8 78 6
39 88 41 88 41 91 39 91 39 88
80 30 84 30 84 34 80 34 80 30
34 20 36 20 36 22 34 22 34 20
3 29 5 29 5 31 3 31 3 29
72 57 74 57 74 60 72 60 72 57
74 2 77 2 77 6 74 6 74 2
59 25 61 25 61 28 59 28 59 25
92 71 96 71 96 73 92 73 92 71
6 40 9 40 9 43 6 43 6 40
49 34 51 34 51 37 49 37 49 34
10 72 14 72 14 75 10 75 10 72
80 89 82 89 82 91 80 91 80 89
63 68 65 68 65 71 63 71 63 68
49 25 52 25 52 28 49 28 49 25
21 7 25 7 25 9 21 9 21 7
86 48 88 48 88 50 86 50 86 48
16 51 18 51 18 55 16 55 16 51
31 48 33 48 33 50 31 50 31 48
44 95 48 95 48 97 44 97 44 95
74 14 78 14 78 18 74 18 74 14
8 3 12 3 12 5 8 5 8 3
38 38 41 38 41 40 38 40 38 38
