30 6 34 6 34 8 30 8 30 6
64 21 66 21 66 25 64 25 64 21
54 91 56 91 56 94 54 94 54 91
58 80 61 80 61 83 58 83 58 80
39 48 42 48 42 50 39 50 39 48
46 11 48 11 48 14 46 14 46 11
59 39 62 39 62 42 59 42 59 39
20 26 23 26 23 30 20 30 20 26
33 13 37 13 37 16 33 16 33 13
34 41 38 41 38 43 34 43 34 41
33 56 37 56 37 58 33 58 33 56
36 70 40 70 40 72 36 72 36 70
19 64 22 64 22 66 19 66 19 64
76 88 79 88 79 92 76 92 76 88
28 37 31 37 31 41 28 41 28 37
64 76 68 76 68 80 64 80 64 76
89 41 91 41 91 45 89 45 89 41
83 96 85 96 85 98 83 98 83 96
52 19 56 19 56 21 52 21 52 19
5 89 9 89 9 93 5 93 5 89
77 62 79 62 79 64 77 64 77 62
70 53 73 53 73 56 70 56 70 53
15 3 17 3 17 7 15 7 15 3
44 61 47 61 47 63 44 63 44 61
50 91 52 91 52 93 50 93 50 91
54 48 57 48 57 51 54 51 54 48
43 87 45 87 45 89 43 89 43 87
41 80 44 80 44 84 41 84 41 80
36 59 40 59 40 61 36 61 36 59
55 12 59 12 59 16 55 16 55 12
15 89 18 89 18 93 15 93 15 89
84 41 87 41 87 43 84 43 84 41
90 61 93 61 93 65 90 65 90 61
49 11 53 11 53 14 49 14 49 11
91 23 93 23 93 25 91 25 91 23
82 46 85 46 85 48 82 48 82 46
86 80 90 80 90 82 86 82 86 80
42 96 46 96 46 98 42 98 42 96
8 58 10 58 10 62 8 62 8 58
81 13 84 13 84 15 81 15 81 13
59 45 61 45 61 47 59 47 59 45
71 62 74 62 74 65 71 65 71 62
44 45 47 45 47 49 44 49 44 45
3 60 7 60 7 63 3 63 3 60
73 80 76 80 76 83 73 83 73 80
26 51 30 51 30 54 26 54 26 51
63 44 66 44 66 47 63 47 63 44
16 84 19 84 19 86 16 86 16 84
81 20 85 20 85 22 81 22 81 20
81 80 84 80 84 84 81 84 81 80
73 39 76 39 76 43 73 43 73 39
38 89 40 89 40 91 38 91 38 89
38 76 42 76 42 79 38 79 38 76
76 6 79 6 79 8 76 8 76 6
45 15 49 15 49 18 45 18 45 15
17 80 20 80 20 82 17 82 17 80
10 81 13 81 13 85 10 85 10 81
57 19 60 19 60 22 57 22 57 19
53 35 55 35 55 37 53 37 53 35
42 3 46 3 46 5 42 5 42 3
18 53 21 53 21 56 18 56 18 53
34 78 36 78 36 82 34 82 34 78
31 68 34 68 34 72 31 72 31 68
49 58 51 58 51 62 49 62 49 58
77 39 79 39 79 42 77 42 77 39
27 46 31 46 31 49 27 49 27 46
16 13 19 13 19 15 16 15 16 13
66 40 68 40 68 43 66 43 66 40
79 65 81 65 81 68 79 68 79 65
46 35 49 35 49 37 46 37 46 35
9 31 11 31 11 33 9 33 9 31
28 89 30 89 30 92 28 92 28 89
27 59 31 59 31 63 27 63 27 59
68 84 72 84 72 86 68 86 68 84
15 47 17 47 17 51 15 51 15 47
88 68 90 68 90 72 88 72 88 68
68 18 71 18 71 21 68 21 68 18
40 25 43 25 43 28 40 28 40 25
18 44 22 44 22 48 18 48 18 44
82 2 84 2 84 6 82 6 82 2
41 69 45 69 45 71 41 71 41 69
78 51 81 51 81 54 78 54 78 51
69 70 73 70 73 72 69 72 69 70
91 84 93 84 93 88 91 88 91 84
48 76 52 76 52 78 48 78 48 76
90 30 92 30 92 33 90 33 90 30
37 34 41 34 41 38 37 38 37 34
45 79 47 79 47 82 45 82 45 79
63 96 66 96 66 98 63 98 63 96
57 7 59 7 59 10 57 10 57 7
4 34 7 34 7 36 4 36 4 34
95 37 97 37 97 40 95 40 95 37
72 24 75 24 75 26 72 26 72 24
4 69 8 69 8 71 4 71 4 69
5 54 7 54 7 58 5 58 5 54
86 50 90 50 90 54 86 54 86 50
25 76 28 76 28 79 25 79 25 76
10 42 14 42 14 45 10 45 10 42
53 57 55 57 55 59 53 59 53 57
13 18 16 18 16 22 13 22 13 18
50 28 53 28 53 30 50 30 50 28
12 71 15 71 15 75 12 75 12 71
48 38 51 38 51 42 48 42 48 38
81 34 84 34 84 36 81 36 81 34
75 16 78 16 78 19 75 19 75 16
3 64 5 64 5 66 3 66 3 64
77 70 81 70 81 73 77 73 77 70
12 10 16 10 16 12 12 12 12 10
81 60 83 60 83 63 81 63 81 60
21 57 23 57 23 59 21 59 21 57
39 16 43 16 43 18 39 18 39 16
48 81 50 81 50 83 48 83 48 81
41 63 43 63 43 66 41 66 41 63
38 29 42 29 42 32 38 32 38 29
11 48 14 48 14 50 11 50 11 48
12 57 16 57 16 60 12 60 12 57
24 25 26 25 26 29 24 29 24 25
47 5 51 5 51 8 47 8 47 5
6 25 9 25 9 27 6 27 6 25
55 52 58 52 58 54 55 54 55 52
6 77 9 77 9 79 6 79 6 77
85 84 87 84 87 86 85 86 85 84
90 57 94 57 94 59 90 59 90 57
69 74 73 74 73 76 69 76 69 74
46 64 48 64 48 67 46 67 46 64
31 18 33 18 33 20 31 20 31 18
76 27 79 27 79 29 76 29 76 27
36 3 39 3 39 7 36 7 36 3
27 68 29 68 29 72 27 72 27 68
64 86 66 86 66 90 64 90 64 86
50 24 53 24 53 27 50 27 50 24
72 49 74 49 74 52 72 52 72 49
6 2 9 2 9 5 6 5 6 2
92 92 95 92 95 95 92 95 92 92
52 15 54 15 54 18 52 18 52 15
21 69 23 69 23 73 21 73 21 69
69 96 72 96 72 98 69 98 69 96
73 94 77 94 77 98 73 98 73 94
63 59 66 59 66 61 63 61 63 59
67 22 69 22 69 25 67 25 67 22
95 21 97 21 97 25 95 25 95 21
75 50 77 50 77 52 75 52 75 50
58 70 60 70 60 72 58 72 58 70
14 65 18 65 18 69 14 69 14 65
63 10 65 10 65 12 63 12 63 10
62 69 64 69 64 72 62 72 62 69
91 46 94 46 94 48 91 48 91 46
8 22 12 22 12 24 8 24 8 22
50 70 52 70 52 73 50 73 50 70
67 66 69 66 69 68 67 68 67 66
90 8 92 8 92 12 90 12 90 8
69 12 71 12 71 15 69 15 69 12
13 54 15 54 15 56 13 56 13 54
63 5 67 5 67 7 63 7 63 5
6 49 8 49 8 52 6 52 6 49
49 87 52 87 52 90 49 90 49 87
62 14 66 14 66 17 62 17 62 14
19 34 23 34 23 37 19 37 19 34
92 27 95 27 95 29 92 29 92 27
77 33 79 33 79 35 77 35 77 33
48 47 51 47 51 50 48 50 48 47
53 38 55 38 55 40 53 40 53 38
40 54 43 54 43 58 40 58 40 54
54 71 56 71 56 73 54 73 54 71
9 16 11 16 11 18 9 18 9 16
25 33 29 33 29 36 25 36 25 33
95 17 98 17 98 19 95 19 95 17
87 19 89 19 89 22 87 22 87 19
51 64 54 64 54 68 51 68 51 64
15 40 17 40 17 43 15 43 15 40
57 56 59 56 59 60 57 60 57 56
33 90 36 90 36 92 33 92 33 90
5 72 8 72 8 75 5 75 5 72
33 24 36 24 36 27 33 27 33 24
34 49 38 49 38 51 34 51 34 49
39 39 42 39 42 41 39 41 39 39
67 36 69 36 69 39 67 39 67 36
68 60 70 60 70 64 68 64 68 60
57 96 60 96 60 98 57 98 57 96
88 35 92 35 92 38 88 38 88 35
30 30 34 30 34 32 30 32 30 30
93 13 97 13 97 16 93 16 93 13
8 65 12 65 12 67 8 67 8 65
47 19 50 19 50 21 47 21 47 19
85 7 89 7 89 11 85 11 85 7
85 74 89 74 89 76 85 76 85 74
27 28 29 28 29 31 27 31 27 28
55 67 58 67 58 69 55 69 55 67
6 7 8 7 8 9 6 9 6 7
94 66 96 66 96 70 94 70 94 66
67 48 71 48 71 50 67 50 67 48
23 42 27 42 27 44 23 44 23 42
86 61 88 61 88 63 86 63 86 61
90 3 94 3 94 7 90 7 90 3
67 88 70 88 70 92 67 92 67 88
77 74 80 74 80 78 77 78 77 74
84 66 87 66 87 68 84 68 84 66
68 32 72 32 72 34 68 34 68 32
59 25 62 25 62 28 59 28 59 25
71 2 73 2 73 4 71 4 71 2
61 30 63 30 63 34 61 34 61 30
2 53 4 53 4 57 2 57 2 53
42 72 45 72 45 74 42 74 42 72
86 26 88 26 88 29 86 29 86 26
10 28 13 28 13 30 10 30 10 28
69 78 72 78 72 82 69 82 69 78
48 95 52 95 52 97 48 97 48 95
93 81 95 81 95 83 93 83 93 81
19 2 22 2 22 5 19 5 19 2
86 94 88 94 88 97 86 97 86 94
30 81 32 81 32 83 30 83 30 81
66 26 69 26 69 30 66 30 66 26
53 78 55 78 55 81 53 81 53 78
58 35 62 35 62 38 58 38 58 35
82 37 85 37 85 39 82 39 82 37
70 36 72 36 72 40 70 40 70 36
27 22 31 22 31 25 27 25 27 22
77 43 80 43 80 46 77 46 77 43
20 85 23 85 23 88 20 88 20 85
2 72 4 72 4 76 2 76 2 72
9 52 12 52 12 55 9 55 9 52
51 31 54 31 54 33 51 33 51 31
64 52 68 52 68 56 64 56 64 52
17 95 21 95 21 97 17 97 17 95
53 42 57 42 57 44 53 44 53 42
2 90 4 90 4 94 2 94 2 90
4 40 6 40 6 42 4 42 4 40
10 93 14 93 14 95 10 95 10 93
26 3 30 3 30 5 26 5 26 3
92 49 96 49 96 53 92 53 92 49
16 29 18 29 18 31 16 31 16 29
77 80 80 80 80 83 77 83 77 80
2 28 4 28 4 32 2 32 2 28
2 21 5 21 5 25 2 25 2 21
82 27 85 27 85 30 82 30 82 27
11 89 14 89 14 92 11 92 11 89
58 87 62 87 62 91 58 91 58 87
5 28 8 28 8 30 5 30 5 28
21 14 23 14 23 16 21 16 21 14
96 26 98 26 98 29 96 29 96 26
18 17 20 17 20 19 18 19 18 17
93 73 96 73 96 77 93 77 93 73
80 94 82 94 82 97 80 97 80 94
85 56 88 56 88 58 85 58 85 56
38 12 40 12 40 15 38 15 38 12
60 66 62 66 62 68 60 68 60 66
17 9 21 9 21 11 17 11 17 9
54 82 57 82 57 84 54 84 54 82
5 44 7 44 7 47 5 47 5 44
95 5 98 5 98 9 95 9 95 5
