76 35 79 35 79 37 76 37 76 35
5 31 7 31 7 35 5 35 5 31
51 24 54 24 54 28 51 28 51 24
89 82 91 82 91 85 89 85 89 82
49 70 52 70 52 72 49 72 49 70
36 9 38 9 38 11 36 11 36 9
79 23 82 23 82 25 79 25 79 23
59 41 62 41 62 45 59 45 59 41
73 70 75 70 75 74 73 74 73 70
94 39 98 39 98 43 94 43 94 39
71 6 73 6 73 8 71 8 71 6
15 32 18 32 18 34 15 34 15 32
30 86 32 86 32 89 30 89 30 86
10 76 14 76 14 80 10 80 10 76
18 65 22 65 22 68 18 68 18 65
35 2 37 2 37 4 35 4 35 2
42 83 45 83 45 85 42 85 42 83
84 6 87 6 87 9 84 9 84 6
12 66 14 66 14 69 12 69 12 66
72 94 74 94 74 96 72 96 72 94
6 52 10 52 10 54 6 54 6 52
8 11 10 11 10 13 8 13 8 11
3 74 7 74 7 77 3 77 3 74
84 31 87 31 87 33 84 33 84 31
25 14 27 14 27 17 25 17 25 14
38 2 41 2 41 5 38 5 38 2
54 67 56 67 56 70 54 70 54 67
9 82 11 82 11 86 9 86 9 82
93 85 97 85 97 87 93 87 93 85
60 62 63 62 63 66 60 66 60 62
39 51 41 51 41 54 39 54 39 51
82 55 84 55 84 59 82 59 82 55
70 44 72 44 72 46 70 46 70 44
46 94 48 94 48 97 46 97 46 94
61 88 65 88 65 90 61 90 61 88
86 13 89 13 89 16 86 16 86 13
76 42 78 42 78 44 76 44 76 42
93 50 97 50 97 53 93 53 93 50
6 20 10 20 10 24 6 24 6 20
65 16 67 16 67 20 65 20 65 16
10 39 14 39 14 41 10 41 10 39
27 29 31 29 31 32 27 32 27 29
30 33 32 33 32 36 30 36 30 33
46 25 48 25 48 28 46 28 46 25
67 66 70 66 70 69 67 69 67 66
16 79 18 79 18 82 16 82 16 79
24 92 27 92 27 94 24 94 24 92
40 34 42 34 42 38 40 38 40 34
89 7 93 7 93 10 89 10 89 7
31 40 35 40 35 43 31 43 31 40
25 33 28 33 28 35 25 35 25 33
25 45 28 45 28 47 25 47 25 45
13 53 15 53 15 57 13 57 13 53
93 63 95 63 95 65 93 65 93 63
3 79 5 79 5 83 3 83 3 79
12 17 15 17 15 21 12 21 12 17
63 81 67 81 67 85 63 85 63 81
34 85 36 85 36 89 34 89 34 85
55 54 58 54 58 56 55 56 55 54
87 25 89 25 89 28 87 28 87 25
50 88 53 88 53 90 50 90 50 88
67 25 71 25 71 29 67 29 67 25
43 61 45 61 45 63 43 63 43 61
42 3 46 3 46 7 42 7 42 3
89 76 92 76 92 80 89 80 89 76
54 15 56 15 56 17 54 17 54 15
4 59 8 59 8 62 4 62 4 59
84 40 86 40 86 43 84 43 84 40
2 70 5 70 5 73 2 73 2 70
74 18 77 18 77 20 74 20 74 18
78 93 80 93 80 95 78 95 78 93
9 59 11 59 11 62 9 62 9 59
36 36 39 36 39 38 36 38 36 36
7 66 11 66 11 70 7 70 7 66
63 49 66 49 66 53 63 53 63 49
88 41 92 41 92 45 88 45 88 41
73 81 76 81 76 85 73 85 73 81
30 67 34 67 34 71 30 71 30 67
62 93 66 93 66 97 62 97 62 93
37 91 40 91 40 93 37 93 37 91
56 5 58 5 58 8 56 8 56 5
37 15 39 15 39 17 37 17 37 15
67 30 69 30 69 32 67 32 67 30
35 19 38 19 38 23 35 23 35 19
96 34 98 34 98 36 96 36 96 34
31 13 33 13 33 17 31 17 31 13
53 82 55 82 55 84 53 84 53 82
82 86 86 86 86 90 82 90 82 86
3 45 6 45 6 47 3 47 3 45
36 72 38 72 38 76 36 76 36 72
58 72 60 72 60 74 58 74 58 72
95 29 97 29 97 32 95 32 95 29
44 49 47 49 47 53 44 53 44 49
2 25 5 25 5 27 2 27 2 25
74 76 78 76 78 80 74 80 74 76
75 26 79 26 79 28 75 28 75 26
55 49 58 49 58 53 55 53 55 49
95 14 97 14 97 18 95 18 95 14
13 2 16 2 16 4 13 4 13 2
51 6 54 6 54 8 51 8 51 6
27 52 29 52 29 56 27 56 27 52
79 3 82 3 82 7 79 7 79 3
67 86 69 86 69 89 67 89 67 86
92 55 94 55 94 59 92 59 92 55
18 39 21 39 21 42 18 42 18 39
75 86 78 86 78 89 75 89 75 86
51 12 53 12 53 14 51 14 51 12
13 11 15 11 15 13 13 13 13 11
77 70 81 70 81 73 77 73 77 70
66 90 68 90 68 92 66 92 66 90
3 52 5 52 5 55 3 55 3 52
45 55 47 55 47 59 45 59 45 55
45 31 48 31 48 33 45 33 45 31
83 67 87 67 87 70 83 70 83 67
43 45 45 45 45 47 43 47 43 45
55 57 58 57 58 61 55 61 55 57
59 18 62 18 62 21 59 21 59 18
84 79 86 79 86 82 84 82 84 79
34 62 38 62 38 65 34 65 34 62
93 72 97 72 97 74 93 74 93 72
67 45 69 45 69 49 67 49 67 45
63 34 66 34 66 38 63 38 63 34
13 43 16 43 16 47 13 47 13 43
39 47 42 47 42 49 39 49 39 47
39 30 43 30 43 33 39 33 39 30
41 66 43 66 43 70 41 70 41 66
19 92 21 92 21 95 19 95 19 92
51 39 55 39 55 42 51 42 51 39
87 59 89 59 89 62 87 62 87 59
90 4 92 4 92 6 90 6 90 4
70 10 74 10 74 13 70 13 70 10
94 78 97 78 97 82 94 82 94 78
47 84 51 84 51 86 47 86 47 84
24 54 26 54 26 58 24 58 24 54
50 56 52 56 52 59 50 59 50 56
67 76 70 76 70 78 67 78 67 76
80 75 82 75 82 77 80 77 80 75
89 21 93 21 93 23 89 23 89 21
46 15 49 15 49 18 46 18 46 15
57 85 60 85 60 89 57 89 57 85
59 10 61 10 61 14 59 14 59 10
55 24 58 24 58 27 55 27 55 24
70 91 72 91 72 93 70 93 70 91
58 28 60 28 60 30 58 30 58 28
20 31 22 31 22 34 20 34 20 31
50 75 52 75 52 77 50 77 50 75
23 85 27 85 27 89 23 89 23 85
27 63 29 63 29 67 27 67 27 63
81 94 83 94 83 98 81 98 81 94
18 22 21 22 21 25 18 25 18 22
75 45 78 45 78 47 75 47 75 45
51 62 53 62 53 66 51 66 51 62
30 90 33 90 33 93 30 93 30 90
24 59 26 59 26 62 24 62 24 59
31 25 33 25 33 27 31 27 31 25
77 9 79 9 79 13 77 13 77 9
47 5 50 5 50 9 47 9 47 5
81 81 83 81 83 84 81 84 81 81
2 64 5 64 5 66 2 66 2 64
67 94 70 94 70 98 67 98 67 94
68 61 70 61 70 63 68 63 68 61
74 63 77 63 77 66 74 66 74 63
70 31 73 31 73 34 70 34 70 31
25 37 27 37 27 41 25 41 25 37
77 52 80 52 80 56 77 56 77 52
19 57 23 57 23 61 19 61 19 57
89 38 91 38 91 40 89 40 89 38
21 7 24 7 24 11 21 11 21 7
64 72 68 72 68 75 64 75 64 72
94 94 96 94 96 98 94 98 94 94
13 94 16 94 16 97 13 97 13 94
17 14 20 14 20 17 17 17 17 14
33 96 35 96 35 98 33 98 33 96
63 44 65 44 65 47 63 47 63 44
18 3 20 3 20 7 18 7 18 3
48 43 50 43 50 47 48 47 48 43
70 56 73 56 73 58 70 58 70 56
61 2 64 2 64 5 61 5 61 2
59 23 61 23 61 25 59 25 59 23
55 33 57 33 57 36 55 36 55 33
36 96 40 96 40 98 36 98 36 96
79 16 82 16 82 19 79 19 79 16
39 40 43 40 43 43 39 43 39 40
84 49 88 49 88 53 84 53 84 49
51 17 53 17 53 20 51 20 51 17
70 51 73 51 73 55 70 55 70 51
55 93 58 93 58 95 55 95 55 93
25 74 29 74 29 77 25 77 25 74
74 57 77 57 77 60 74 60 74 57
54 78 57 78 57 81 54 81 54 78
45 38 47 38 47 40 45 40 45 38
91 29 93 29 93 31 91 31 91 29
25 78 29 78 29 80 25 80 25 78
17 46 21 46 21 48 17 48 17 46
43 20 46 20 46 22 43 22 43 20
69 35 73 35 73 39 69 39 69 35
40 10 42 10 42 12 40 12 40 10
16 57 18 57 18 60 16 60 16 57
2 20 5 20 5 23 2 23 2 20
59 55 61 55 61 58 59 58 59 55
94 2 98 2 98 4 94 4 94 2
35 24 37 24 37 27 35 27 35 24
21 28 24 28 24 30 21 30 21 28
21 80 24 80 24 84 21 84 21 80
17 51 20 51 20 55 17 55 17 51
45 11 48 11 48 14 45 14 45 11
67 40 70 40 70 43 67 43 67 40
2 12 5 12 5 15 2 15 2 12
31 48 34 48 34 51 31 51 31 48
13 61 16 61 16 65 13 65 13 61
78 61 82 61 82 63 78 63 78 61
89 34 91 34 91 37 89 37 89 34
13 35 15 35 15 37 13 37 13 35
29 20 31 20 31 24 29 24 29 20
51 50 53 50 53 54 51 54 51 50
7 92 11 92 11 94 7 94 7 92
88 86 90 86 90 89 88 89 88 86
79 42 82 42 82 45 79 45 79 42
18 88 22 88 22 90 18 90 18 88
25 7 29 7 29 10 25 10 25 7
84 94 86 94 86 96 84 96 84 94
37 78 39 78 39 80 37 80 37 78
91 89 95 89 95 93 91 93 91 89
49 31 52 31 52 34 49 34 49 31
31 6 33 6 33 10 31 10 31 6
79 78 82 78 82 80 79 80 79 78
32 77 34 77 34 81 32 81 32 77
43 79 46 79 46 81 43 81 43 79
32 28 34 28 34 32 32 32 32 28
88 17 91 17 91 20 88 20 88 17
10 87 12 87 12 89 10 89 10 87
62 29 66 29 66 31 62 31 62 29
83 61 86 61 86 63 83 63 83 61
16 75 18 75 18 78 16 78 16 75
62 58 65 58 65 61 62 61 62 58
41 74 44 74 44 78 41 78 41 74
23 22 25 22 25 24 23 24 23 22
40 21 42 21 42 23 40 23 40 21
13 27 15 27 15 30 13 30 13 27
59 7 61 7 61 9 59 9 59 7
3 87 5 87 5 91 3 91 3 87
43 91 47 91 47 93 43 93 43 91
33 53 35 53 35 55 33 55 33 53
46 67 50 67 50 69 46 69 46 67
63 23 66 23 66 25 63 25 63 23
62 76 65 76 65 80 62 80 62 76
24 42 26 42 26 44 24 44 24 42
24 69 28 69 28 71 24 71 24 69
84 64 87 64 87 66 84 66 84 64
82 34 84 34 84 38 82 38 82 34
