29 28 31 28 31 32 29 32 29 28
63 58 67 58 67 62 63 62 63 58
54 41 56 41 56 43 54 43 54 41
50 29 54 29 54 32 50 32 50 29
21 93 23 93 23 95 21 95 21 93
5 55 8 55 8 57 5 57 5 55
83 87 86 87 86 90 83 90 83 87
45 45 47 45 47 47 45 47 45 45
87 31 90 31 90 33 87 33 87 31
54 13 58 13 58 15 54 15 54 13
6 18 8 18 8 22 6 22 6 18
33 46 36 46 36 50 33 50 33 46
76 33 78 33 78 35 76 35 76 33
79 55 83 55 83 57 79 57 79 55
86 40 89 40 89 42 86 42 86 40
25 26 27 26 27 28 25 28 25 26
45 3 49 3 49 6 45 6 45 3
50 11 53 11 53 13 50 13 50 11
24 68 26 68 26 72 24 72 24 68
63 75 66 75 66 78 63 78 63 75
87 83 89 83 89 85 87 85 87 83
10 39 13 39 13 42 10 42 10 39
43 82 47 82 47 85 43 85 43 82
94 53 98 53 98 56 94 56 94 53
49 72 53 72 53 76 49 76 49 72
95 45 98 45 98 49 95 49 95 45
20 40 22 40 22 42 20 42 20 40
24 31 27 31 27 33 24 33 24 31
70 66 72 66 72 70 70 70 70 66
35 11 39 11 39 15 35 15 35 11
84 71 88 71 88 74 84 74 84 71
16 40 19 40 19 43 16 43 16 40
81 58 83 58 83 61 81 61 81 58
89 66 92 66 92 69 89 69 89 66
32 32 36 32 36 36 32 36 32 32
60 82 63 82 63 84 60 84 60 82
36 63 40 63 40 67 36 67 36 63
75 66 78 66 78 69 75 69 75 66
56 78 59 78 59 82 56 82 56 78
2 84 5 84 5 88 2 88 2 84
17 60 21 60 21 62 17 62 17 60
43 40 47 40 47 42 43 42 43 40
4 90 8 90 8 93 4 93 4 90
25 79 29 79 29 82 25 82 25 79
58 37 62 37 62 39 58 39 58 37
73 63 77 63 77 65 73 65 73 63
47 7 50 7 50 9 47 9 47 7
67 27 69 27 69 30 67 30 67 27
53 44 55 44 55 47 53 47 53 44
54 91 58 91 58 93 54 93 54 91
70 51 72 51 72 54 70 54 70 51
52 50 54 50 54 53 52 53 52 50
64 23 66 23 66 25 64 25 64 23
67 72 69 72 69 74 67 74 67 72
63 31 66 31 66 33 63 33 63 31
82 64 86 64 86 67 82 67 82 64
46 88 50 88 50 91 46 91 46 88
33 74 37 74 37 78 33 78 33 74
24 42 26 42 26 44 24 44 24 42
62 70 64 70 64 72 62 72 62 70
42 53 44 53 44 56 42 56 42 53
85 54 89 54 89 57 85 57 85 54
18 5 21 5 21 8 18 8 18 5
93 74 95 74 95 77 93 77 93 74
48 40 52 40 52 42 48 42 48 40
83 20 85 20 85 24 83 24 83 20
58 27 60 27 60 30 58 30 58 27
12 4 16 4 16 7 12 7 12 4
58 87 62 87 62 90 58 90 58 87
93 4 97 4 97 7 93 7 93 4
39 26 41 26 41 30 39 30 39 26
46 76 48 76 48 79 46 79 46 76
3 81 5 81 5 83 3 83 3 81
40 78 43 78 43 81 40 81 40 78
75 14 79 14 79 16 75 16 75 14
94 23 97 23 97 25 94 25 94 23
33 93 35 93 35 97 33 97 33 93
56 32 58 32 58 34 56 34 56 32
71 33 75 33 75 36 71 36 71 33
25 86 28 86 28 89 25 89 25 86
18 44 22 44 22 46 18 46 18 44
76 38 80 38 80 42 76 42 76 38
87 3 90 3 90 7 87 7 87 3
86 36 88 36 88 39 86 39 86 36
22 8 24 8 24 12 22 12 22 8
31 38 34 38 34 42 31 42 31 38
83 4 86 4 86 6 83 6 83 4
43 14 45 14 45 17 43 17 43 14
18 10 21 10 21 14 18 14 18 10
19 21 21 21 21 25 19 25 19 21
36 41 38 41 38 43 36 43 36 41
54 18 58 18 58 20 54 20 54 18
28 11 31 11 31 13 28 13 28 11
32 26 35 26 35 29 32 29 32 26
15 27 18 27 18 31 15 31 15 27
12 34 16 34 16 36 12 36 12 34
52 69 56 69 56 71 52 71 52 69
95 93 97 93 97 96 95 96 95 93
86 21 90 21 90 24 86 24 86 21
41 19 45 19 45 23 41 23 41 19
60 15 62 15 62 19 60 19 60 15
61 46 65 46 65 50 61 50 61 46
75 70 78 70 78 73 75 73 75 70
70 94 72 94 72 96 70 96 70 94
40 8 42 8 42 10 40 10 40 8
68 20 71 20 71 22 68 22 68 20
5 47 9 47 9 50 5 50 5 47
82 48 85 48 85 50 82 50 82 48
79 88 82 88 82 90 79 90 79 88
81 26 84 26 84 28 81 28 81 26
11 64 15 64 15 68 11 68 11 64
28 33 31 33 31 36 28 36 28 33
54 3 56 3 56 6 54 6 54 3
68 5 70 5 70 8 68 8 68 5
45 55 49 55 49 57 45 57 45 55
4 24 6 24 6 27 4 27 4 24
24 48 27 48 27 50 24 50 24 48
95 10 98 10 98 13 95 13 95 10
52 60 55 60 55 62 52 62 52 60
61 63 65 63 65 67 61 67 61 63
55 86 57 86 57 89 55 89 55 86
31 54 33 54 33 56 31 56 31 54
65 80 67 80 67 84 65 84 65 80
41 90 43 90 43 94 41 94 41 90
76 45 79 45 79 47 76 47 76 45
80 73 83 73 83 75 80 75 80 73
46 20 50 20 50 22 46 22 46 20
7 70 10 70 10 74 7 74 7 70
4 37 8 37 8 40 4 40 4 37
6 58 9 58 9 61 6 61 6 58
36 55 40 55 40 57 36 57 36 55
76 17 80 17 80 21 76 21 76 17
14 55 16 55 16 57 14 57 14 55
93 69 95 69 95 71 93 71 93 69
28 57 32 57 32 60 28 60 28 57
74 2 77 2 77 6 74 6 74 2
96 37 98 37 98 39 96 39 96 37
93 42 97 42 97 44 93 44 93 42
44 7 46 7 46 9 44 9 44 7
94 87 96 87 96 89 94 89 94 87
27 14 29 14 29 17 27 17 27 14
57 61 59 61 59 65 57 65 57 61
40 74 44 74 44 76 40 76 40 74
68 55 72 55 72 57 68 57 68 55
70 76 72 76 72 78 70 78 70 76
37 19 39 19 39 21 37 21 37 19
49 23 53 23 53 27 49 27 49 23
76 88 78 88 78 92 76 92 76 88
24 60 26 60 26 64 24 64 24 60
51 63 53 63 53 66 51 66 51 63
9 9 12 9 12 11 9 11 9 9
50 33 54 33 54 37 50 37 50 33
28 92 32 92 32 95 28 95 28 92
13 49 15 49 15 51 13 51 13 49
33 20 36 20 36 24 33 24 33 20
66 42 68 42 68 45 66 45 66 42
90 54 92 54 92 58 90 58 90 54
9 15 12 15 12 18 9 18 9 15
72 27 75 27 75 30 72 30 72 27
36 90 40 90 40 93 36 93 36 90
79 11 83 11 83 13 79 13 79 11
35 58 39 58 39 60 35 60 35 58
93 17 97 17 97 21 93 21 93 17
91 82 94 82 94 84 91 84 91 82
83 31 86 31 86 33 83 33 83 31
86 45 89 45 89 47 86 47 86 45
90 60 93 60 93 62 90 62 90 60
78 2 81 2 81 5 78 5 78 2
2 58 5 58 5 61 2 61 2 58
56 54 60 54 60 56 56 56 56 54
81 38 85 38 85 42 81 42 81 38
95 32 97 32 97 36 95 36 95 32
71 12 74 12 74 15 71 15 71 12
41 57 44 57 44 59 41 59 41 57
63 8 66 8 66 10 63 10 63 8
37 71 41 71 41 73 37 73 37 71
38 2 41 2 41 4 38 4 38 2
74 84 76 84 76 87 74 87 74 84
83 17 86 17 86 19 83 19 83 17
30 88 33 88 33 91 30 91 30 88
18 66 21 66 21 68 18 68 18 66
32 81 34 81 34 84 32 84 32 81
13 11 17 11 17 15 13 15 13 11
57 71 61 71 61 75 57 75 57 71
37 96 39 96 39 98 37 98 37 96
43 68 46 68 46 71 43 71 43 68
37 34 41 34 41 37 37 37 37 34
86 8 89 8 89 12 86 12 86 8
78 77 80 77 80 81 78 81 78 77
44 28 46 28 46 31 44 31 44 28
47 92 50 92 50 94 47 94 47 92
52 78 54 78 54 81 52 81 52 78
91 46 94 46 94 50 91 50 91 46
4 76 6 76 6 79 4 79 4 76
90 36 92 36 92 39 90 39 90 36
9 84 11 84 11 86 9 86 9 84
68 34 70 34 70 37 68 37 68 34
13 72 15 72 15 76 13 76 13 72
73 75 77 75 77 79 73 79 73 75
13 23 15 23 15 26 13 26 13 23
78 24 80 24 80 28 78 28 78 24
20 69 22 69 22 71 20 71 20 69
39 39 42 39 42 43 39 43 39 39
17 78 20 78 20 81 17 81 17 78
72 81 75 81 75 83 72 83 72 81
35 80 37 80 37 83 35 83 35 80
56 49 58 49 58 51 56 51 56 49
38 85 42 85 42 87 38 87 38 85
65 89 67 89 67 91 65 91 65 89
9 44 12 44 12 46 9 46 9 44
8 32 11 32 11 34 8 34 8 32
20 51 22 51 22 55 20 55 20 51
63 16 67 16 67 20 63 20 63 16
51 57 54 57 54 59 51 59 51 57
91 93 93 93 93 97 91 97 91 93
45 72 48 72 48 74 45 74 45 72
77 58 80 58 80 61 77 61 77 58
43 96 45 96 45 98 43 98 43 96
28 70 32 70 32 72 28 72 28 70
86 94 88 94 88 96 86 96 86 94
42 63 44 63 44 67 42 67 42 63
27 8 31 8 31 10 27 10 27 8
31 17 35 17 35 19 31 19 31 17
74 95 78 95 78 97 74 97 74 95
2 2 4 2 4 6 2 6 2 2
71 88 74 88 74 90 71 90 71 88
20 16 23 16 23 20 20 20 20 16
90 11 93 11 93 14 90 14 90 11
37 49 41 49 41 52 37 52 37 49
2 63 6 63 6 65 2 65 2 63
88 16 92 16 92 18 88 18 88 16
59 57 61 57 61 60 59 60 59 57
11 59 15 59 15 63 11 63 11 59
49 83 53 83 53 85 49 85 49 83
62 79 64 79 64 81 62 81 62 79
58 67 60 67 60 69 58 69 58 67
34 6 38 6 38 10 34 10 34 6
63 86 65 86 65 88 63 88 63 86
80 14 84 14 84 16 80 16 80 14
72 19 75 19 75 22 72 22 72 19
59 21 62 21 62 25 59 25 59 21
70 42 72 42 72 45 70 45 70 42
92 27 95 27 95 30 92 30 92 27
26 18 30 18 30 20 26 20 26 18
79 29 82 29 82 33 79 33 79 29
28 45 30 45 30 49 28 49 28 45
74 50 78 50 78 53 74 53 74 50
16 95 19 95 19 98 16 98 16 95
65 52 67 52 67 55 65 55 65 52
59 32 61 32 61 34 59 34 59 32
