35 95 39 95 39 98 35 98 35 95
52 42 56 42 56 46 52 46 52 42
10 71 13 71 13 75 10 75 10 71
79 87 82 87 82 90 79 90 79 87
13 49 16 49 16 52 13 52 13 49
25 14 27 14 27 16 25 16 25 14
93 55 95 55 95 58 93 58 93 55
90 74 92 74 92 76 90 76 90 74
69 55 71 55 71 57 69 57 69 55
73 11 76 11 76 14 73 14 73 11
72 48 76 48 76 52 72 52 72 48
62 9 65 9 65 11 62 11 62 9
64 57 67 57 67 61 64 61 64 57
31 87 33 87 33 91 31 91 31 87
42 90 45 90 45 92 42 92 42 90
92 41 95 41 95 44 92 44 92 41
52 3 55 3 55 5 52 5 52 3
26 18 30 18 30 21 26 21 26 18
66 43 68 43 68 47 66 47 66 43
57 67 61 67 61 71 57 71 57 67
54 51 58 51 58 55 54 55 54 51
42 13 45 13 45 16 42 16 42 13
54 82 56 82 56 84 54 84 54 82
86 20 88 20 88 23 86 23 86 20
39 26 41 26 41 28 39 28 39 26
69 7 71 7 71 10 69 10 69 7
7 19 10 19 10 22 7 22 7 19
87 9 90 9 90 12 87 12 87 9
61 45 63 45 63 48 61 48 61 45
59 73 61 73 61 76 59 76 59 73
62 82 64 82 64 85 62 85 62 82
8 67 12 67 12 69 8 69 8 67
74 41 78 41 78 43 74 43 74 41
61 38 64 38 64 41 61 41 61 38
48 2 50 2 50 6 48 6 48 2
47 27 49 27 49 29 47 29 47 27
24 57 27 57 27 60 24 60 24 57
25 66 27 66 27 68 25 68 25 66
8 12 12 12 12 16 8 16 8 12
51 30 55 30 55 32 51 32 51 30
32 7 36 7 36 9 32 9 32 7
35 25 38 25 38 29 35 29 35 25
80 7 84 7 84 11 80 11 80 7
49 95 53 95 53 98 49 98 49 95
61 20 65 20 65 24 61 24 61 20
33 61 37 61 37 64 33 64 33 61
64 94 68 94 68 96 64 96 64 94
19 91 23 91 23 94 19 94 19 91
25 10 29 10 29 12 25 12 25 10
4 32 7 32 7 35 4 35 4 32
52 35 56 35 56 38 52 38 52 35
30 54 34 54 34 56 30 56 30 54
48 17 52 17 52 21 48 21 48 17
9 30 11 30 11 34 9 34 9 30
11 21 14 21 14 23 11 23 11 21
57 59 60 59 60 62 57 62 57 59
33 21 36 21 36 24 33 24 33 21
76 56 78 56 78 59 76 59 76 56
82 60 85 60 85 64 82 64 82 60
3 47 6 47 6 49 3 49 3 47
27 94 30 94 30 96 27 96 27 94
16 39 20 39 20 41 16 41 16 39
77 72 80 72 80 76 77 76 77 72
5 70 9 70 9 74 5 74 5 70
31 78 34 78 34 80 31 80 31 78
55 6 59 6 59 10 55 10 55 6
54 75 56 75 56 79 54 79 54 75
47 71 51 71 51 75 47 75 47 71
34 67 37 67 37 69 34 69 34 67
46 48 50 48 50 52 46 52 46 48
9 90 12 90 12 92 9 92 9 90
20 82 24 82 24 86 20 86 20 82
47 77 50 77 50 79 47 79 47 77
36 2 40 2 40 4 36 4 36 2
95 92 98 92 98 94 95 94 95 92
54 16 58 16 58 19 54 19 54 16
88 69 92 69 92 72 88 72 88 69
34 33 38 33 38 35 34 35 34 33
7 3 10 3 10 7 7 7 7 3
58 94 62 94 62 96 58 96 58 94
71 94 74 94 74 98 71 98 71 94
36 47 40 47 40 49 36 49 36 47
41 35 44 35 44 39 41 39 41 35
25 35 27 35 27 39 25 39 25 35
72 79 75 79 75 82 72 82 72 79
4 11 7 11 7 13 4 13 4 11
46 82 50 82 50 86 46 86 46 82
17 62 20 62 20 66 17 66 17 62
95 15 97 15 97 18 95 18 95 15
71 84 74 84 74 87 71 87 71 84
63 13 66 13 66 17 63 17 63 13
3 54 6 54 6 56 3 56 3 54
36 70 39 70 39 74 36 74 36 70
43 69 45 69 45 71 43 71 43 69
38 58 42 58 42 62 38 62 38 58
29 72 33 72 33 74 29 74 29 72
41 52 45 52 45 56 41 56 41 52
94 69 97 69 97 71 94 71 94 69
88 78 90 78 90 80 88 80 88 78
75 27 77 27 77 29 75 29 75 27
74 16 78 16 78 19 74 19 74 16
85 50 88 50 88 52 85 52 85 50
54 20 57 20 57 24 54 24 54 20
84 73 87 73 87 75 84 75 84 73
69 61 72 61 72 65 69 65 69 61
77 31 80 31 80 33 77 33 77 31
35 75 38 75 38 79 35 79 35 75
67 67 70 67 70 71 67 71 67 67
41 74 44 74 44 76 41 76 41 74
25 45 27 45 27 48 25 48 25 45
84 39 86 39 86 43 84 43 84 39
13 76 15 76 15 79 13 79 13 76
93 21 96 21 96 23 93 23 93 21
6 88 8 88 8 90 6 90 6 88
90 31 92 31 92 35 90 35 90 31
68 18 70 18 70 21 68 21 68 18
26 82 30 82 30 86 26 86 26 82
69 22 73 22 73 24 69 24 69 22
28 2 32 2 32 5 28 5 28 2
49 13 51 13 51 15 49 15 49 13
80 34 83 34 83 38 80 38 80 34
79 25 83 25 83 29 79 29 79 25
84 54 87 54 87 57 84 57 84 54
40 94 42 94 42 97 40 97 40 94
88 15 90 15 90 19 88 19 88 15
84 93 88 93 88 96 84 96 84 93
17 77 21 77 21 80 17 80 17 77
26 50 30 50 30 52 26 52 26 50
29 15 31 15 31 17 29 17 29 15
9 54 11 54 11 58 9 58 9 54
89 25 93 25 93 28 89 28 89 25
66 48 69 48 69 52 66 52 66 48
87 64 91 64 91 66 87 66 87 64
80 66 83 66 83 68 80 68 80 66
88 59 90 59 90 62 88 62 88 59
84 76 86 76 86 80 84 80 84 76
29 23 31 23 31 26 29 26 29 23
80 3 82 3 82 5 80 5 80 3
78 44 80 44 80 47 78 47 78 44
68 29 71 29 71 31 68 31 68 29
90 87 94 87 94 90 90 90 90 87
8 83 10 83 10 86 8 86 8 83
77 49 80 49 80 52 77 52 77 49
94 79 97 79 97 83 94 83 94 79
41 40 44 40 44 44 41 44 41 40
59 27 61 27 61 31 59 31 59 27
75 83 78 83 78 86 75 86 75 83
2 75 6 75 6 77 2 77 2 75
2 59 6 59 6 61 2 61 2 59
17 4 21 4 21 7 17 7 17 4
81 16 84 16 84 18 81 18 81 16
31 32 33 32 33 35 31 35 31 32
86 45 89 45 89 47 86 47 86 45
17 43 20 43 20 47 17 47 17 43
86 83 88 83 88 86 86 86 86 83
26 27 28 27 28 30 26 30 26 27
75 87 77 87 77 90 75 90 75 87
44 18 47 18 47 21 44 21 44 18
32 28 34 28 34 31 32 31 32 28
79 19 82 19 82 23 79 23 79 19
28 67 31 67 31 71 28 71 28 67
31 10 33 10 33 13 31 13 31 10
47 38 49 38 49 42 47 42 47 38
54 95 57 95 57 98 54 98 54 95
41 84 43 84 43 87 41 87 41 84
32 36 35 36 35 40 32 40 32 36
91 2 94 2 94 4 91 4 91 2
66 89 69 89 69 93 66 93 66 89
42 80 44 80 44 82 42 82 42 80
16 87 18 87 18 90 16 90 16 87
39 20 43 20 43 22 39 22 39 20
47 60 49 60 49 62 47 62 47 60
84 29 87 29 87 31 84 31 84 29
69 13 71 13 71 17 69 17 69 13
74 2 77 2 77 4 74 4 74 2
22 77 26 77 26 79 22 79 22 77
91 96 94 96 94 98 91 98 91 96
33 15 37 15 37 19 33 19 33 15
54 88 57 88 57 91 54 91 54 88
31 82 34 82 34 85 31 85 31 82
23 25 25 25 25 27 23 27 23 25
12 27 14 27 14 29 12 29 12 27
73 57 75 57 75 60 73 60 73 57
70 74 74 74 74 77 70 77 70 74
46 33 50 33 50 36 46 36 46 33
63 28 67 28 67 31 63 31 63 28
51 65 53 65 53 67 51 67 51 65
4 78 6 78 6 82 4 82 4 78
18 32 20 32 20 36 18 36 18 32
93 51 95 51 95 54 93 54 93 51
20 28 22 28 22 31 20 31 20 28
7 39 9 39 9 42 7 42 7 39
72 38 75 38 75 40 72 40 72 38
21 61 25 61 25 64 21 64 21 61
25 7 27 7 27 9 25 9 25 7
48 55 50 55 50 57 48 57 48 55
28 64 32 64 32 66 28 66 28 64
40 8 43 8 43 11 40 11 40 8
22 71 25 71 25 75 22 75 22 71
7 61 9 61 9 65 7 65 7 61
18 20 21 20 21 24 18 24 18 20
9 45 11 45 11 49 9 49 9 45
79 79 81 79 81 81 79 81 79 79
25 53 29 53 29 56 25 56 25 53
14 6 16 6 16 10 14 10 14 6
17 55 19 55 19 57 17 57 17 55
74 20 77 20 77 23 74 23 74 20
37 80 39 80 39 82 37 82 37 80
64 33 67 33 67 35 64 35 64 33
52 70 54 70 54 74 52 74 52 70
72 6 76 6 76 9 72 9 72 6
88 38 90 38 90 40 88 40 88 38
37 6 39 6 39 10 37 10 37 6
40 68 42 68 42 70 40 70 40 68
89 52 91 52 91 56 89 56 89 52
95 37 97 37 97 40 95 40 95 37
14 82 18 82 18 85 14 85 14 82
41 30 44 30 44 34 41 34 41 30
60 50 63 50 63 54 60 54 60 50
82 12 85 12 85 15 82 15 82 12
50 24 53 24 53 28 50 28 50 24
11 38 13 38 13 41 11 41 11 38
54 56 56 56 56 60 54 60 54 56
46 89 50 89 50 92 46 92 46 89
59 14 61 14 61 16 59 16 59 14
66 79 69 79 69 83 66 83 66 79
93 33 96 33 96 36 93 36 93 33
78 63 80 63 80 65 78 65 78 63
29 37 31 37 31 41 29 41 29 37
57 83 59 83 59 86 57 86 57 83
39 89 41 89 41 92 39 92 39 89
21 55 23 55 23 57 21 57 21 55
15 13 18 13 18 16 15 16 15 13
14 31 17 31 17 35 14 35 14 31
22 40 24 40 24 44 22 44 22 40
81 49 84 49 84 51 81 51 81 49
64 75 67 75 67 78 64 78 64 75
26 22 28 22 28 24 26 24 26 22
51 76 53 76 53 78 51 78 51 76
25 87 29 87 29 91 25 91 25 87
79 93 82 93 82 97 79 97 79 93
45 64 49 64 49 67 45 67 45 64
51 6 54 6 54 9 51 9 51 6
51 82 53 82 53 86 51 86 51 82
18 58 20 58 20 61 18 61 18 58
75 62 77 62 77 64 75 64 75 62
15 17 17 17 17 20 15 20 15 17
94 28 98 28 98 30 94 30 94 28
19 49 23 49 23 51 19 51 19 49
8 76 12 76 12 79 8 79 8 76
