45 95 48 95 48 98 45 98 45 95
67 56 69 56 69 58 67 58 67 56
88 65 90 65 90 68 88 68 88 65
72 76 75 76 75 80 72 80 72 76
78 50 80 50 80 54 78 54 78 50
87 20 90 20 90 24 87 24 87 20
93 31 97 31 97 34 93 34 93 31
55 69 57 69 57 72 55 72 55 69
64 13 66 13 66 16 64 16 64 13
20 6 24 6 24 9 20 9 20 6
83 48 86 48 86 51 83 51 83 48
55 39 58 39 58 41 55 41 55 39
46 4 48 4 48 6 46 6 46 4
17 66 21 66 21 69 17 69 17 66
12 8 16 8 16 11 12 11 12 8
57 80 60 80 60 83 57 83 57 80
14 20 18 20 18 23 14 23 14 20
59 77 61 77 61 79 59 79 59 77
54 58 56 58 56 61 54 61 54 58
62 85 66 85 66 87 62 87 62 85
20 48 24 48 24 52 20 52 20 48
28 31 31 31 31 34 28 34 28 31
51 78 53 78 53 80 51 80 51 78
55 30 57 30 57 33 55 33 55 30
10 24 12 24 12 26 10 26 10 24
72 96 74 96 74 98 72 98 72 96
27 44 31 44 31 47 27 47 27 44
22 58 26 58 26 62 22 62 22 58
61 60 65 60 65 63 61 63 61 60
84 78 87 78 87 80 84 80 84 78
75 13 77 13 77 16 75 16 75 13
57 5 61 5 61 9 57 9 57 5
63 71 66 71 66 74 63 74 63 71
3 48 6 48 6 50 3 50 3 48
49 61 53 61 53 64 49 64 49 61
62 39 65 39 65 42 62 42 62 39
17 61 21 61 21 63 17 63 17 61
74 64 76 64 76 68 74 68 74 64
49 70 52 70 52 74 49 74 49 70
19 17 23 17 23 21 19 21 19 17
79 38 81 38 81 41 79 41 79 38
40 27 42 27 42 31 40 31 40 27
66 47 70 47 70 50 66 50 66 47
8 55 12 55 12 59 8 59 8 55
20 72 24 72 24 74 20 74 20 72
50 26 52 26 52 28 50 28 50 26
80 28 82 28 82 30 80 30 80 28
28 83 31 83 31 86 28 86 28 83
56 52 58 52 58 55 56 55 56 52
79 62 83 62 83 64 79 64 79 62
4 78 8 78 8 80 4 80 4 78
6 17 9 17 9 19 6 19 6 17
17 30 20 30 20 34 17 34 17 30
3 90 5 90 5 92 3 92 3 90
74 59 76 59 76 63 74 63 74 59
8 61 10 61 10 64 8 64 8 61
39 59 42 59 42 63 39 63 39 59
77 5 81 5 81 7 77 7 77 5
35 92 38 92 38 95 35 95 35 92
83 81 86 81 86 85 83 85 83 81
41 51 44 51 44 55 41 55 41 51
69 26 72 26 72 29 69 29 69 26
17 91 21 91 21 94 17 94 17 91
62 50 65 50 65 54 62 54 62 50
32 43 36 43 36 45 32 45 32 43
95 92 98 92 98 94 95 94 95 92
10 79 14 79 14 83 10 83 10 79
30 59 33 59 33 61 30 61 30 59
2 23 6 23 6 26 2 26 2 23
38 79 40 79 40 81 38 81 38 79
58 68 60 68 60 72 58 72 58 68
13 13 15 13 15 16 13 16 13 13
37 70 40 70 40 72 37 72 37 70
56 12 59 12 59 16 56 16 56 12
7 88 10 88 10 90 7 90 7 88
95 10 97 10 97 12 95 12 95 10
84 89 88 89 88 92 84 92 84 89
78 68 81 68 81 71 78 71 78 68
73 37 76 37 76 39 73 39 73 37
73 21 77 21 77 23 73 23 73 21
32 33 34 33 34 35 32 35 32 33
78 86 80 86 80 88 78 88 78 86
59 21 62 21 62 25 59 25 59 21
85 93 88 93 88 95 85 95 85 93
22 42 26 42 26 44 22 44 22 42
64 7 68 7 68 10 64 10 64 7
40 65 42 65 42 67 40 67 40 65
51 40 53 40 53 42 51 42 51 40
62 2 66 2 66 5 62 5 62 2
4 39 8 39 8 42 4 42 4 39
66 75 68 75 68 77 66 77 66 75
16 27 20 27 20 29 16 29 16 27
3 18 5 18 5 22 3 22 3 18
80 11 84 11 84 14 80 14 80 11
50 2 54 2 54 5 50 5 50 2
70 10 73 10 73 14 70 14 70 10
51 89 54 89 54 93 51 93 51 89
47 13 51 13 51 15 47 15 47 13
29 3 31 3 31 5 29 5 29 3
44 15 46 15 46 17 44 17 44 15
68 38 71 38 71 41 68 41 68 38
48 43 52 43 52 47 48 47 48 43
92 25 95 25 95 28 92 28 92 25
38 38 42 38 42 42 38 42 38 38
39 48 43 48 43 50 39 50 39 48
92 15 96 15 96 18 92 18 92 15
40 4 43 4 43 6 40 6 40 4
6 30 10 30 10 34 6 34 6 30
45 49 49 49 49 53 45 53 45 49
41 18 45 18 45 21 41 21 41 18
14 55 17 55 17 59 14 59 14 55
4 64 7 64 7 67 4 67 4 64
6 92 8 92 8 94 6 94 6 92
50 35 53 35 53 39 50 39 50 35
57 90 61 90 61 92 57 92 57 90
46 90 49 90 49 92 46 92 46 90
32 65 36 65 36 67 32 67 32 65
67 90 69 90 69 92 67 92 67 90
25 18 29 18 29 22 25 22 25 18
11 72 15 72 15 75 11 75 11 72
8 72 10 72 10 76 8 76 8 72
89 71 93 71 93 75 89 75 89 71
38 85 41 85 41 88 38 88 38 85
69 85 73 85 73 89 69 89 69 85
92 87 94 87 94 89 92 89 92 87
57 57 60 57 60 59 57 59 57 57
44 25 46 25 46 29 44 29 44 25
85 8 87 8 87 10 85 10 85 8
25 90 27 90 27 94 25 94 25 90
30 51 34 51 34 55 30 55 30 51
64 29 66 29 66 32 64 32 64 29
5 84 8 84 8 86 5 86 5 84
3 72 7 72 7 76 3 76 3 72
65 17 69 17 69 20 65 20 65 17
2 44 6 44 6 47 2 47 2 44
54 94 57 94 57 98 54 98 54 94
43 56 45 56 45 58 43 58 43 56
95 45 97 45 97 48 95 48 95 45
8 10 10 10 10 14 8 14 8 10
95 73 98 73 98 77 95 77 95 73
47 84 50 84 50 86 47 86 47 84
17 71 19 71 19 75 17 75 17 71
84 34 86 34 86 38 84 38 84 34
80 72 84 72 84 75 80 75 80 72
43 36 45 36 45 38 43 38 43 36
33 19 37 19 37 22 33 22 33 19
87 14 89 14 89 18 87 18 87 14
27 11 29 11 29 13 27 13 27 11
70 81 73 81 73 84 70 84 70 81
42 69 46 69 46 72 42 72 42 69
36 33 40 33 40 35 36 35 36 33
95 80 97 80 97 84 95 84 95 80
31 13 33 13 33 15 31 15 31 13
94 58 98 58 98 61 94 61 94 58
87 51 89 51 89 53 87 53 87 51
78 31 80 31 80 35 78 35 78 31
87 44 91 44 91 48 87 48 87 44
15 51 18 51 18 54 15 54 15 51
72 50 76 50 76 53 72 53 72 50
40 11 43 11 43 15 40 15 40 11
17 77 20 77 20 81 17 81 17 77
17 95 20 95 20 97 17 97 17 95
88 84 92 84 92 86 88 86 88 84
68 69 71 69 71 73 68 73 68 69
76 8 79 8 79 12 76 12 76 8
58 64 61 64 61 66 58 66 58 64
47 77 49 77 49 80 47 80 47 77
34 80 36 80 36 84 34 84 34 80
71 64 73 64 73 67 71 67 71 64
61 16 63 16 63 18 61 18 61 16
7 49 10 49 10 52 7 52 7 49
23 39 27 39 27 41 23 41 23 39
63 80 66 80 66 82 63 82 63 80
12 88 14 88 14 90 12 90 12 88
52 21 54 21 54 25 52 25 52 21
3 96 5 96 5 98 3 98 3 96
28 93 32 93 32 97 28 97 28 93
84 69 87 69 87 71 84 71 84 69
93 95 95 95 95 97 93 97 93 95
89 4 93 4 93 6 89 6 89 4
27 74 29 74 29 78 27 78 27 74
55 2 57 2 57 4 55 4 55 2
11 37 14 37 14 41 11 41 11 37
21 26 25 26 25 28 21 28 21 26
28 63 31 63 31 65 28 65 28 63
62 55 64 55 64 59 62 59 62 55
16 84 19 84 19 88 16 88 16 84
43 90 45 90 45 93 43 93 43 90
73 28 77 28 77 30 73 30 73 28
34 36 37 36 37 39 34 39 34 36
43 31 45 31 45 34 43 34 43 31
45 40 47 40 47 44 45 44 45 40
35 55 39 55 39 57 35 57 35 55
71 5 75 5 75 8 71 8 71 5
82 41 84 41 84 44 82 44 82 41
90 53 93 53 93 57 90 57 90 53
35 14 37 14 37 17 35 17 35 14
94 65 98 65 98 68 94 68 94 65
10 16 12 16 12 18 10 18 10 16
47 56 50 56 50 60 47 60 47 56
33 89 36 89 36 91 33 91 33 89
20 35 22 35 22 37 20 37 20 35
75 46 78 46 78 49 75 49 75 46
93 49 95 49 95 51 93 51 93 49
33 70 35 70 35 73 33 73 33 70
43 63 47 63 47 67 43 67 43 63
81 94 83 94 83 97 81 97 81 94
59 27 61 27 61 29 59 29 59 27
30 18 32 18 32 20 30 20 30 18
80 78 82 78 82 80 80 80 80 78
42 77 44 77 44 79 42 79 42 77
17 38 20 38 20 41 17 41 17 38
69 31 71 31 71 33 69 33 69 31
89 9 91 9 91 12 89 12 89 9
84 29 88 29 88 32 84 32 84 29
21 11 23 11 23 14 21 14 21 11
21 3 24 3 24 5 21 5 21 3
69 74 71 74 71 77 69 77 69 74
2 2 4 2 4 5 2 5 2 2
35 50 38 50 38 54 35 54 35 50
50 16 54 16 54 20 50 20 50 16
62 89 64 89 64 91 62 91 62 89
73 41 77 41 77 43 73 43 73 41
16 43 20 43 20 47 16 47 16 43
89 91 91 91 91 93 89 93 89 91
14 3 16 3 16 5 14 5 14 3
4 53 7 53 7 56 4 56 4 53
68 2 71 2 71 4 68 4 68 2
38 21 40 21 40 24 38 24 38 21
81 2 85 2 85 4 81 4 81 2
67 61 69 61 69 65 67 65 67 61
81 20 85 20 85 22 81 22 81 20
52 7 55 7 55 11 52 11 52 7
27 59 29 59 29 61 27 61 27 59
72 72 74 72 74 75 72 75 72 72
75 81 79 81 79 84 75 84 75 81
54 83 56 83 56 85 54 85 54 83
47 33 49 33 49 35 47 35 47 33
24 29 27 29 27 31 24 31 24 29
28 25 30 25 30 28 28 28 28 25
89 37 93 37 93 40 89 40 89 37
21 95 23 95 23 97 21 97 21 95
88 80 90 80 90 82 88 82 88 80
61 93 64 93 64 95 61 95 61 93
69 44 72 44 72 46 69 46 69 44
80 58 83 58 83 61 80 61 80 58
25 35 27 35 27 38 25 38 25 35
44 87 47 87 47 89 44 89 44 87
3 7 7 7 7 11 3 11 3 7
89 77 92 77 92 79 89 79 89 77
