61 43 65 43 65 45 61 45 61 43
54 61 57 61 57 65 54 65 54 61
16 81 18 81 18 83 16 83 16 81
15 77 17 77 17 80 15 80 15 77
48 40 52 40 52 43 48 43 48 40
84 78 87 78 87 82 84 82 84 78
27 31 30 31 30 34 27 34 27 31
79 62 82 62 82 66 79 66 79 62
62 26 66 26 66 28 62 28 62 26
7 6 9 6 9 8 7 8 7 6
84 58 86 58 86 61 84 61 84 58
55 90 59 90 59 92 55 92 55 90
21 92 23 92 23 95 21 95 21 92
54 30 57 30 57 33 54 33 54 30
31 79 35 79 35 81 31 81 31 79
5 25 7 25 7 29 5 29 5 25
53 67 55 67 55 69 53 69 53 67
58 50 62 50 62 54 58 54 58 50
43 28 47 28 47 32 43 32 43 28
2 79 4 79 4 83 2 83 2 79
4 59 7 59 7 61 4 61 4 59
36 56 40 56 40 59 36 59 36 56
33 4 37 4 37 6 33 6 33 4
72 26 74 26 74 30 72 30 72 26
76 86 78 86 78 88 76 88 76 86
14 91 18 91 18 93 14 93 14 91
55 47 58 47 58 49 55 49 55 47
7 46 10 46 10 50 7 50 7 46
3 51 6 51 6 53 3 53 3 51
56 23 58 23 58 25 56 25 56 23
49 18 51 18 51 21 49 21 49 18
4 69 6 69 6 72 4 72 4 69
61 63 65 63 65 67 61 67 61 63
2 19 4 19 4 22 2 22 2 19
65 52 69 52 69 55 65 55 65 52
92 28 95 28 95 32 92 32 92 28
46 48 49 48 49 52 46 52 46 48
17 13 21 13 21 17 17 17 17 13
15 49 17 49 17 51 15 51 15 49
68 66 71 66 71 68 68 68 68 66
48 8 51 8 51 12 48 12 48 8
37 71 41 71 41 75 37 75 37 71
19 49 22 49 22 52 19 52 19 49
62 3 65 3 65 5 62 5 62 3
64 72 68 72 68 75 64 75 64 72
22 68 26 68 26 72 22 72 22 68
34 24 37 24 37 26 34 26 34 24
30 75 33 75 33 78 30 78 30 75
24 92 28 92 28 96 24 96 24 92
61 15 64 15 64 18 61 18 61 15
43 17 47 17 47 19 43 19 43 17
76 11 78 11 78 14 76 14 76 11
86 13 88 13 88 16 86 16 86 13
48 27 50 27 50 30 48 30 48 27
11 3 14 3 14 5 11 5 11 3
40 14 42 14 42 17 40 17 40 14
29 93 33 93 33 97 29 97 29 93
10 86 14 86 14 89 10 89 10 86
24 50 26 50 26 54 24 54 24 50
8 53 11 53 11 56 8 56 8 53
78 37 80 37 80 41 78 41 78 37
76 67 78 67 78 69 76 69 76 67
64 94 67 94 67 97 64 97 64 94
88 38 92 38 92 40 88 40 88 38
91 48 94 48 94 51 91 51 91 48
13 39 17 39 17 42 13 42 13 39
17 28 21 28 21 31 17 31 17 28
67 32 70 32 70 34 67 34 67 32
36 51 38 51 38 54 36 54 36 51
89 33 91 33 91 37 89 37 89 33
29 45 31 45 31 47 29 47 29 45
75 74 78 74 78 77 75 77 75 74
60 88 64 88 64 91 60 91 60 88
40 80 42 80 42 82 40 82 40 80
76 29 79 29 79 31 76 31 76 29
92 22 95 22 95 24 92 24 92 22
11 75 14 75 14 78 11 78 11 75
57 82 61 82 61 86 57 86 57 82
56 26 58 26 58 28 56 28 56 26
71 3 75 3 75 5 71 5 71 3
78 51 81 51 81 54 78 54 78 51
10 15 13 15 13 17 10 17 10 15
35 94 39 94 39 98 35 98 35 94
72 31 74 31 74 34 72 34 72 31
80 8 83 8 83 12 80 12 80 8
28 69 31 69 31 71 28 71 28 69
84 30 86 30 86 34 84 34 84 30
82 16 84 16 84 18 82 18 82 16
41 6 43 6 43 9 41 9 41 6
38 3 40 3 40 6 38 6 38 3
11 18 13 18 13 22 11 22 11 18
96 6 98 6 98 8 96 8 96 6
70 61 73 61 73 65 70 65 70 61
84 63 86 63 86 66 84 66 84 63
70 14 72 14 72 17 70 17 70 14
48 22 50 22 50 24 48 24 48 22
66 63 69 63 69 65 66 65 66 63
46 73 49 73 49 75 46 75 46 73
73 79 77 79 77 82 73 82 73 79
47 69 50 69 50 72 47 72 47 69
56 7 58 7 58 9 56 9 56 7
29 64 32 64 32 66 29 66 29 64
66 45 68 45 68 48 66 48 66 45
9 58 13 58 13 62 9 62 9 58
89 10 92 10 92 12 89 12 89 10
89 63 92 63 92 66 89 66 89 63
32 7 36 7 36 11 32 11 32 7
70 19 74 19 74 23 70 23 70 19
74 52 77 52 77 56 74 56 74 52
63 85 66 85 66 87 63 87 63 85
7 63 11 63 11 66 7 66 7 63
88 20 91 20 91 23 88 23 88 20
39 41 41 41 41 44 39 44 39 41
34 66 36 66 36 68 34 68 34 66
31 38 35 38 35 40 31 40 31 38
25 57 29 57 29 59 25 59 25 57
59 25 61 25 61 29 59 29 59 25
72 95 74 95 74 97 72 97 72 95
33 33 36 33 36 37 33 37 33 33
5 80 8 80 8 84 5 84 5 80
6 38 8 38 8 42 6 42 6 38
57 78 59 78 59 81 57 81 57 78
7 67 9 67 9 69 7 69 7 67
6 89 8 89 8 91 6 91 6 89
74 45 76 45 76 48 74 48 74 45
23 7 27 7 27 10 23 10 23 7
10 33 12 33 12 35 10 35 10 33
23 42 26 42 26 45 23 45 23 42
4 75 8 75 8 78 4 78 4 75
24 76 26 76 26 79 24 79 24 76
19 85 21 85 21 87 19 87 19 85
94 81 96 81 96 85 94 85 94 81
10 8 12 8 12 12 10 12 10 8
93 8 95 8 95 11 93 11 93 8
60 6 63 6 63 9 60 9 60 6
78 42 80 42 80 45 78 45 78 42
42 68 44 68 44 71 42 71 42 68
79 73 83 73 83 76 79 76 79 73
26 87 29 87 29 91 26 91 26 87
44 35 46 35 46 37 44 37 44 35
56 67 60 67 60 71 56 71 56 67
65 19 67 19 67 21 65 21 65 19
37 35 39 35 39 39 37 39 37 35
40 51 43 51 43 53 40 53 40 51
68 91 70 91 70 94 68 94 68 91
58 34 60 34 60 36 58 36 58 34
64 78 66 78 66 81 64 81 64 78
88 47 90 47 90 49 88 49 88 47
37 84 40 84 40 87 37 87 37 84
78 91 80 91 80 95 78 95 78 91
29 20 31 20 31 24 29 24 29 20
28 51 31 51 31 53 28 53 28 51
84 8 87 8 87 12 84 12 84 8
82 47 85 47 85 50 82 50 82 47
42 21 46 21 46 24 42 24 42 21
24 47 26 47 26 49 24 49 24 47
83 84 85 84 85 88 83 88 83 84
87 44 89 44 89 46 87 46 87 44
65 69 68 69 68 71 65 71 65 69
93 2 95 2 95 5 93 5 93 2
35 89 39 89 39 92 35 92 35 89
52 13 55 13 55 15 52 15 52 13
80 81 82 81 82 85 80 85 80 81
3 2 6 2 6 6 3 6 3 2
24 20 28 20 28 23 24 23 24 20
14 69 16 69 16 73 14 73 14 69
57 38 59 38 59 42 57 42 57 38
54 74 56 74 56 77 54 77 54 74
9 79 11 79 11 83 9 83 9 79
83 69 85 69 85 72 83 72 83 69
76 8 78 8 78 10 76 10 76 8
92 67 94 67 94 70 92 70 92 67
24 24 26 24 26 26 24 26 24 24
74 15 78 15 78 18 74 18 74 15
32 54 35 54 35 58 32 58 32 54
87 71 90 71 90 75 87 75 87 71
12 46 14 46 14 50 12 50 12 46
48 58 50 58 50 61 48 61 48 58
50 49 52 49 52 51 50 51 50 49
31 28 35 28 35 31 31 31 31 28
49 84 52 84 52 86 49 86 49 84
89 4 92 4 92 8 89 8 89 4
34 44 36 44 36 48 34 48 34 44
53 56 57 56 57 60 53 60 53 56
93 93 96 93 96 97 93 97 93 93
48 31 50 31 50 35 48 35 48 31
92 16 94 16 94 18 92 18 92 16
17 60 21 60 21 63 17 63 17 60
53 41 56 41 56 45 53 45 53 41
71 86 73 86 73 90 71 90 71 86
52 20 55 20 55 22 52 22 52 20
63 30 65 30 65 32 63 32 63 30
94 62 98 62 98 66 94 66 94 62
75 71 78 71 78 73 75 73 75 71
89 82 93 82 93 85 89 85 89 82
91 43 95 43 95 46 91 46 91 43
80 86 82 86 82 89 80 89 80 86
15 86 17 86 17 89 15 89 15 86
25 82 29 82 29 85 25 85 25 82
20 2 24 2 24 4 20 4 20 2
6 22 9 22 9 24 6 24 6 22
81 34 83 34 83 38 81 38 81 34
42 60 45 60 45 64 42 64 42 60
67 6 71 6 71 8 67 8 67 6
28 28 30 28 30 30 28 30 28 28
75 23 79 23 79 27 75 27 75 23
65 11 68 11 68 15 65 15 65 11
74 64 78 64 78 66 74 66 74 64
29 25 33 25 33 27 29 27 29 25
96 68 98 68 98 71 96 71 96 68
44 77 46 77 46 81 44 81 44 77
17 23 21 23 21 26 17 26 17 23
29 15 33 15 33 18 29 18 29 15
88 52 90 52 90 55 88 55 88 52
67 36 71 36 71 39 67 39 67 36
16 45 20 45 20 47 16 47 16 45
23 38 27 38 27 40 23 40 23 38
44 86 48 86 48 89 44 89 44 86
21 56 23 56 23 59 21 59 21 56
32 59 35 59 35 62 32 62 32 59
94 56 97 56 97 58 94 58 94 56
50 2 52 2 52 4 50 4 50 2
19 34 22 34 22 38 19 38 19 34
29 3 32 3 32 6 29 6 29 3
68 28 70 28 70 31 68 31 68 28
34 16 36 16 36 20 34 20 34 16
67 82 70 82 70 85 67 85 67 82
5 93 9 93 9 95 5 95 5 93
92 71 95 71 95 75 92 75 92 71
2 93 4 93 4 95 2 95 2 93
48 77 51 77 51 79 48 79 48 77
73 57 75 57 75 60 73 60 73 57
71 40 75 40 75 44 71 44 71 40
9 29 12 29 12 32 9 32 9 29
57 16 60 16 60 20 57 20 57 16
38 27 42 27 42 29 38 29 38 27
82 95 84 95 84 98 82 98 82 95
75 32 77 32 77 34 75 34 75 32
80 3 84 3 84 6 80 6 80 3
53 85 56 85 56 87 53 87 53 85
92 52 94 52 94 55 92 55 92 52
46 4 49 4 49 6 46 6 46 4
25 2 27 2 27 4 25 4 25 2
2 34 4 34 4 36 2 36 2 34
26 35 28 35 28 37 26 37 26 35
32 69 36 69 36 73 32 73 32 69
4 66 6 66 6 68 4 68 4 66
38 76 41 76 41 79 38 79 38 76
42 91 46 91 46 94 42 94 42 91
94 86 98 86 98 88 94 88 94 86
