64 42 68 42 68 45 64 45 64 42
80 56 83 56 83 58 80 58 80 56
48 54 51 54 51 58 48 58 48 54
51 35 53 35 53 37 51 37 51 35
33 61 37 61 37 63 33 63 33 61
41 21 45 21 45 23 41 23 41 21
20 54 24 54 24 57 20 57 20 54
29 83 33 83 33 85 29 85 29 83
37 81 41 81 41 83 37 83 37 81
16 26 19 26 19 30 16 30 16 26
8 19 10 19 10 23 8 23 8 19
73 13 77 13 77 15 73 15 73 13
86 72 88 72 88 75 86 75 86 72
55 62 59 62 59 66 55 66 55 62
44 13 47 13 47 17 44 17 44 13
39 75 41 75 41 77 39 77 39 75
74 36 78 36 78 39 74 39 74 36
90 60 94 60 94 64 90 64 90 60
79 66 82 66 82 68 79 68 79 66
79 40 82 40 82 42 79 42 79 40
12 74 16 74 16 78 12 78 12 74
88 43 90 43 90 46 88 46 88 43
90 11 94 11 94 15 90 15 90 11
72 81 75 81 75 85 72 85 72 81
48 6 50 6 50 8 48 8 48 6
46 29 49 29 49 33 46 33 46 29
4 76 7 76 7 78 4 78 4 76
51 88 54 88 54 90 51 90 51 88
32 64 35 64 35 68 32 68 32 64
37 34 39 34 39 38 37 38 37 34
16 67 19 67 19 70 16 70 16 67
73 66 75 66 75 70 73 70 73 66
96 87 98 87 98 91 96 91 96 87
63 5 65 5 65 8 63 8 63 5
27 25 30 25 30 29 27 29 27 25
50 24 54 24 54 27 50 27 50 24
59 41 63 41 63 45 59 45 59 41
9 58 13 58 13 61 9 61 9 58
24 31 26 31 26 33 24 33 24 31
18 81 22 81 22 83 18 83 18 81
25 53 28 53 28 55 25 55 25 53
79 87 81 87 81 91 79 91 79 87
12 50 16 50 16 52 12 52 12 50
17 87 20 87 20 89 17 89 17 87
68 39 71 39 71 41 68 41 68 39
2 17 4 17 4 20 2 20 2 17
71 47 74 47 74 51 71 51 71 47
29 96 31 96 31 98 29 98 29 96
11 64 15 64 15 66 11 66 11 64
39 24 42 24 42 26 39 26 39 24
41 57 43 57 43 61 41 61 41 57
4 50 7 50 7 53 4 53 4 50
29 42 32 42 32 46 29 46 29 42
39 5 42 5 42 9 39 9 39 5
15 93 18 93 18 96 15 96 15 93
39 67 42 67 42 71 39 71 39 67
18 35 21 35 21 39 18 39 18 35
77 71 79 71 79 73 77 73 77 71
87 2 91 2 91 6 87 6 87 2
50 61 54 61 54 65 50 65 50 61
43 86 47 86 47 88 43 88 43 86
36 13 38 13 38 15 36 15 36 13
84 25 87 25 87 27 84 27 84 25
34 92 38 92 38 95 34 95 34 92
53 41 57 41 57 44 53 44 53 41
83 9 85 9 85 12 83 12 83 9
22 71 24 71 24 74 22 74 22 71
63 78 66 78 66 80 63 80 63 78
55 3 59 3 59 7 55 7 55 3
77 30 79 30 79 33 77 33 77 30
9 50 11 50 11 54 9 54 9 50
68 22 72 22 72 25 68 25 68 22
70 95 74 95 74 98 70 98 70 95
11 5 15 5 15 9 11 9 11 5
95 72 98 72 98 74 95 74 95 72
67 70 69 70 69 73 67 73 67 70
88 33 91 33 91 37 88 37 88 33
64 9 66 9 66 13 64 13 64 9
68 2 71 2 71 4 68 4 68 2
65 14 68 14 68 18 65 18 65 14
5 40 8 40 8 42 5 42 5 40
54 21 57 21 57 23 54 23 54 21
80 35 83 35 83 38 80 38 80 35
45 46 47 46 47 49 45 49 45 46
48 74 50 74 50 77 48 77 48 74
14 31 18 31 18 34 14 34 14 31
48 92 52 92 52 94 48 94 48 92
66 88 69 88 69 90 66 90 66 88
34 84 38 84 38 86 34 86 34 84
85 59 88 59 88 61 85 61 85 59
54 93 58 93 58 96 54 96 54 93
26 91 30 91 30 95 26 95 26 91
80 81 82 81 82 84 80 84 80 81
85 79 87 79 87 82 85 82 85 79
12 11 15 11 15 15 12 15 12 11
3 54 7 54 7 56 3 56 3 54
5 62 7 62 7 66 5 66 5 62
8 74 10 74 10 78 8 78 8 74
56 17 59 17 59 19 56 19 56 17
18 42 22 42 22 44 18 44 18 42
41 62 44 62 44 66 41 66 41 62
43 42 47 42 47 45 43 45 43 42
83 46 85 46 85 49 83 49 83 46
27 30 31 30 31 33 27 33 27 30
72 7 76 7 76 10 72 10 72 7
48 85 50 85 50 89 48 89 48 85
32 20 34 20 34 23 32 23 32 20
62 67 65 67 65 71 62 71 62 67
75 24 77 24 77 26 75 26 75 24
83 88 87 88 87 91 83 91 83 88
91 48 94 48 94 51 91 51 91 48
44 6 46 6 46 10 44 10 44 6
23 41 27 41 27 45 23 45 23 41
52 74 54 74 54 78 52 78 52 74
85 19 89 19 89 22 85 22 85 19
45 18 49 18 49 20 45 20 45 18
92 78 96 78 96 80 92 80 92 78
41 38 44 38 44 41 41 41 41 38
91 75 95 75 95 77 91 77 91 75
54 47 56 47 56 51 54 51 54 47
89 27 91 27 91 31 89 31 89 27
7 35 9 35 9 38 7 38 7 35
52 15 54 15 54 19 52 19 52 15
55 54 59 54 59 57 55 57 55 54
9 43 11 43 11 45 9 45 9 43
96 55 98 55 98 58 96 58 96 55
77 17 81 17 81 19 77 19 77 17
60 53 63 53 63 55 60 55 60 53
48 13 51 13 51 17 48 17 48 13
75 60 78 60 78 62 75 62 75 60
62 87 64 87 64 89 62 89 62 87
37 89 41 89 41 91 37 91 37 89
66 92 68 92 68 96 66 96 66 92
75 45 77 45 77 48 75 48 75 45
21 17 25 17 25 21 21 21 21 17
25 48 28 48 28 51 25 51 25 48
68 8 70 8 70 12 68 12 68 8
50 66 52 66 52 69 50 69 50 66
10 70 13 70 13 73 10 73 10 70
71 33 74 33 74 35 71 35 71 33
66 48 70 48 70 51 66 51 66 48
68 32 70 32 70 35 68 35 68 32
43 93 47 93 47 96 43 96 43 93
63 21 65 21 65 23 63 23 63 21
62 57 66 57 66 59 62 59 62 57
40 30 43 30 43 32 40 32 40 30
3 10 7 10 7 14 3 14 3 10
29 76 31 76 31 79 29 79 29 76
27 34 31 34 31 36 27 36 27 34
64 27 66 27 66 31 64 31 64 27
93 20 95 20 95 22 93 22 93 20
72 52 75 52 75 56 72 56 72 52
87 67 90 67 90 71 87 71 87 67
82 69 86 69 86 71 82 71 82 69
25 60 29 60 29 63 25 63 25 60
69 26 71 26 71 28 69 28 69 26
69 65 71 65 71 68 69 68 69 65
32 77 35 77 35 79 32 79 32 77
11 18 13 18 13 22 11 22 11 18
93 68 95 68 95 71 93 71 93 68
48 38 51 38 51 42 48 42 48 38
22 3 26 3 26 6 22 6 22 3
7 81 11 81 11 84 7 84 7 81
92 42 94 42 94 45 92 45 92 42
60 35 63 35 63 37 60 37 60 35
3 83 6 83 6 87 3 87 3 83
2 23 4 23 4 26 2 26 2 23
33 46 37 46 37 48 33 48 33 46
95 37 97 37 97 40 95 40 95 37
51 84 54 84 54 86 51 86 51 84
45 50 47 50 47 53 45 53 45 50
34 71 36 71 36 75 34 75 34 71
36 42 40 42 40 44 36 44 36 42
32 6 36 6 36 10 32 10 32 6
40 34 43 34 43 36 40 36 40 34
91 83 94 83 94 87 91 87 91 83
79 47 82 47 82 50 79 50 79 47
20 65 24 65 24 67 20 67 20 65
70 13 72 13 72 16 70 16 70 13
40 51 43 51 43 55 40 55 40 51
16 7 20 7 20 10 16 10 16 7
20 92 23 92 23 96 20 96 20 92
14 57 17 57 17 60 14 60 14 57
53 67 57 67 57 70 53 70 53 67
24 88 26 88 26 90 24 90 24 88
69 76 72 76 72 79 69 79 69 76
21 13 24 13 24 15 21 15 21 13
18 72 21 72 21 74 18 74 18 72
39 27 42 27 42 29 39 29 39 27
4 93 8 93 8 95 4 95 4 93
60 38 64 38 64 40 60 40 60 38
89 39 93 39 93 41 89 41 89 39
58 9 62 9 62 11 58 11 58 9
25 81 28 81 28 84 25 84 25 81
20 26 23 26 23 29 20 29 20 26
11 36 13 36 13 39 11 39 11 36
95 48 98 48 98 51 95 51 95 48
44 55 46 55 46 58 44 58 44 55
16 3 18 3 18 5 16 5 16 3
30 52 32 52 32 55 30 55 30 52
83 29 87 29 87 32 83 32 83 29
5 26 8 26 8 28 5 28 5 26
27 7 30 7 30 9 27 9 27 7
69 18 73 18 73 21 69 21 69 18
85 38 88 38 88 40 85 40 85 38
56 36 58 36 58 38 56 38 56 36
83 85 86 85 86 87 83 87 83 85
57 48 60 48 60 51 57 51 57 48
25 57 28 57 28 59 25 59 25 57
94 65 96 65 96 67 94 67 94 65
53 28 57 28 57 32 53 32 53 28
63 74 66 74 66 77 63 77 63 74
2 35 6 35 6 37 2 37 2 35
64 33 66 33 66 35 64 35 64 33
95 28 98 28 98 32 95 32 95 28
61 92 64 92 64 96 61 96 61 92
74 3 77 3 77 6 74 6 74 3
39 46 41 46 41 48 39 48 39 46
56 25 59 25 59 27 56 27 56 25
60 76 62 76 62 79 60 79 60 76
91 24 93 24 93 26 91 26 91 24
96 4 98 4 98 8 96 8 96 4
88 54 91 54 91 57 88 57 88 54
14 19 17 19 17 23 14 23 14 19
83 62 86 62 86 64 83 64 83 62
71 91 75 91 75 93 71 93 71 91
63 81 66 81 66 85 63 85 63 81
73 27 75 27 75 29 73 29 73 27
72 60 74 60 74 62 72 62 72 60
19 78 23 78 23 80 19 80 19 78
60 18 63 18 63 20 60 20 60 18
12 91 14 91 14 95 12 95 12 91
32 25 35 25 35 27 32 27 32 25
91 8 95 8 95 10 91 10 91 8
77 74 79 74 79 77 77 77 77 74
80 94 84 94 84 98 80 98 80 94
10 86 14 86 14 89 10 89 10 86
91 65 93 65 93 67 91 67 91 65
29 15 31 15 31 19 29 19 29 15
7 87 9 87 9 91 7 91 7 87
80 5 84 5 84 8 80 8 80 5
92 31 94 31 94 35 92 35 92 31
30 71 33 71 33 73 30 73 30 71
40 15 43 15 43 19 40 19 40 15
15 42 17 42 17 44 15 44 15 42
66 61 68 61 68 64 66 64 66 61
53 8 57 8 57 12 53 12 53 8
45 63 49 63 49 66 45 66 45 63
59 29 63 29 63 32 59 32 59 29
88 84 90 84 90 87 88 87 88 84
