37 94 39 94 39 97 37 97 37 94
33 69 36 69 36 72 33 72 33 69
12 13 16 13 16 15 12 15 12 13
17 44 19 44 19 47 17 47 17 44
59 78 63 78 63 81 59 81 59 78
39 24 43 24 43 28 39 28 39 24
33 46 35 46 35 48 33 48 33 46
4 48 7 48 7 52 4 52 4 48
11 57 13 57 13 61 11 61 11 57
33 78 37 78 37 81 33 81 33 78
2 32 5 32 5 35 2 35 2 32
78 60 82 60 82 63 78 63 78 60
8 31 11 31 11 33 8 33 8 31
54 73 57 73 57 75 54 75 54 73
70 67 74 67 74 70 70 70 70 67
25 39 27 39 27 41 25 41 25 39
94 53 96 53 96 57 94 57 94 53
32 39 35 39 35 43 32 43 32 39
72 49 75 49 75 53 72 53 72 49
9 19 11 19 11 22 9 22 9 19
51 60 53 60 53 64 51 64 51 60
33 95 35 95 35 98 33 98 33 95
63 3 67 3 67 7 63 7 63 3
52 3 56 3 56 6 52 6 52 3
43 63 45 63 45 65 43 65 43 63
12 91 14 91 14 95 12 95 12 91
62 8 66 8 66 12 62 12 62 8
3 20 6 20 6 22 3 22 3 20
24 88 28 88 28 91 24 91 24 88
87 70 90 70 90 72 87 72 87 70
2 7 5 7 5 9 2 9 2 7
16 78 18 78 18 81 16 81 16 78
52 41 55 41 55 45 52 45 52 41
49 37 53 37 53 40 49 40 49 37
38 11 41 11 41 13 38 13 38 11
21 68 23 68 23 71 21 71 21 68
83 36 87 36 87 38 83 38 83 36
32 5 36 5 36 9 32 9 32 5
9 83 12 83 12 87 9 87 9 83
21 39 24 39 24 42 21 42 21 39
51 76 55 76 55 78 51 78 51 76
19 6 22 6 22 8 19 8 19 6
75 61 77 61 77 64 75 64 75 61
41 18 45 18 45 22 41 22 41 18
23 62 25 62 25 66 23 66 23 62
46 67 50 67 50 71 46 71 46 67
6 35 9 35 9 37 6 37 6 35
12 26 14 26 14 28 12 28 12 26
32 34 34 34 34 38 32 38 32 34
96 32 98 32 98 34 96 34 96 32
26 69 29 69 29 72 26 72 26 69
31 24 35 24 35 28 31 28 31 24
91 74 95 74 95 77 91 77 91 74
10 71 12 71 12 74 10 74 10 71
19 26 21 26 21 29 19 29 19 26
59 54 63 54 63 56 59 56 59 54
75 29 77 29 77 32 75 32 75 29
54 22 57 22 57 26 54 26 54 22
85 83 87 83 87 85 85 85 85 83
45 42 47 42 47 46 45 46 45 42
72 15 74 15 74 17 72 17 72 15
18 70 20 70 20 73 18 73 18 70
42 31 45 31 45 33 42 33 42 31
75 14 77 14 77 16 75 16 75 14
32 59 35 59 35 62 32 62 32 59
95 81 98 81 98 85 95 85 95 81
80 39 82 39 82 43 80 43 80 39
69 19 71 19 71 22 69 22 69 19
93 16 95 16 95 20 93 20 93 16
75 35 77 35 77 39 75 39 75 35
38 31 40 31 40 35 38 35 38 31
19 20 23 20 23 23 19 23 19 20
60 40 62 40 62 42 60 42 60 40
59 59 62 59 62 62 59 62 59 59
38 43 40 43 40 47 38 47 38 43
59 74 62 74 62 77 59 77 59 74
68 31 71 31 71 34 68 34 68 31
18 12 22 12 22 16 18 16 18 12
53 9 55 9 55 11 53 11 53 9
69 52 71 52 71 55 69 55 69 52
35 32 37 32 37 36 35 36 35 32
63 47 65 47 65 51 63 51 63 47
17 49 21 49 21 51 17 51 17 49
5 41 8 41 8 45 5 45 5 41
64 90 68 90 68 92 64 92 64 90
4 90 6 90 6 92 4 92 4 90
33 54 37 54 37 58 33 58 33 54
24 11 26 11 26 13 24 13 24 11
52 80 54 80 54 84 52 84 52 80
71 94 75 94 75 96 71 96 71 94
48 5 51 5 51 9 48 9 48 5
95 89 98 89 98 92 95 92 95 89
87 61 89 61 89 65 87 65 87 61
16 89 18 89 18 93 16 93 16 89
55 27 59 27 59 31 55 31 55 27
77 92 80 92 80 94 77 94 77 92
86 25 89 25 89 27 86 27 86 25
93 47 97 47 97 51 93 51 93 47
9 63 11 63 11 65 9 65 9 63
53 92 55 92 55 95 53 95 53 92
92 59 96 59 96 62 92 62 92 59
84 69 86 69 86 71 84 71 84 69
73 2 77 2 77 5 73 5 73 2
13 73 16 73 16 76 13 76 13 73
81 87 84 87 84 89 81 89 81 87
34 15 38 15 38 18 34 18 34 15
39 63 42 63 42 66 39 66 39 63
75 78 79 78 79 82 75 82 75 78
89 13 91 13 91 16 89 16 89 13
86 87 90 87 90 90 86 90 86 87
75 89 77 89 77 91 75 91 75 89
19 36 22 36 22 38 19 38 19 36
34 75 36 75 36 77 34 77 34 75
36 85 39 85 39 88 36 88 36 85
71 83 73 83 73 87 71 87 71 83
56 90 59 90 59 93 56 93 56 90
66 36 69 36 69 39 66 39 66 36
90 6 93 6 93 8 90 8 90 6
90 82 94 82 94 85 90 85 90 82
89 58 91 58 91 60 89 60 89 58
94 25 96 25 96 27 94 27 94 25
29 32 31 32 31 35 29 35 29 32
9 53 11 53 11 56 9 56 9 53
71 6 74 6 74 8 71 8 71 6
56 39 59 39 59 43 56 43 56 39
59 18 61 18 61 20 59 20 59 18
46 77 48 77 48 79 46 79 46 77
91 41 93 41 93 45 91 45 91 41
78 2 82 2 82 5 78 5 78 2
64 69 66 69 66 73 64 73 64 69
46 11 48 11 48 13 46 13 46 11
94 22 96 22 96 24 94 24 94 22
19 80 21 80 21 82 19 82 19 80
4 66 7 66 7 68 4 68 4 66
94 93 97 93 97 97 94 97 94 93
2 60 4 60 4 62 2 62 2 60
68 73 71 73 71 75 68 75 68 73
86 20 88 20 88 24 86 24 86 20
42 34 44 34 44 36 42 36 42 34
25 76 28 76 28 80 25 80 25 76
48 15 51 15 51 19 48 19 48 15
62 15 66 15 66 19 62 19 62 15
29 83 32 83 32 86 29 86 29 83
60 31 62 31 62 35 60 35 60 31
22 32 26 32 26 34 22 34 22 32
63 27 67 27 67 31 63 31 63 27
59 84 62 84 62 87 59 87 59 84
3 84 6 84 6 87 3 87 3 84
9 6 12 6 12 9 9 9 9 6
39 71 42 71 42 74 39 74 39 71
50 87 54 87 54 89 50 89 50 87
39 82 43 82 43 84 39 84 39 82
26 53 30 53 30 55 26 55 26 53
2 27 5 27 5 30 2 30 2 27
45 48 48 48 48 50 45 50 45 48
23 48 26 48 26 50 23 50 23 48
18 31 21 31 21 33 18 33 18 31
90 48 92 48 92 51 90 51 90 48
42 90 44 90 44 94 42 94 42 90
80 51 84 51 84 55 80 55 80 51
76 20 79 20 79 22 76 22 76 20
20 83 23 83 23 85 20 85 20 83
83 32 87 32 87 34 83 34 83 32
45 34 48 34 48 36 45 36 45 34
85 51 87 51 87 55 85 55 85 51
76 25 79 25 79 28 76 28 76 25
27 24 29 24 29 26 27 26 27 24
40 67 44 67 44 70 40 70 40 67
13 67 17 67 17 69 13 69 13 67
40 76 43 76 43 78 40 78 40 76
77 45 81 45 81 47 77 47 77 45
12 40 15 40 15 43 12 43 12 40
54 55 58 55 58 57 54 57 54 55
28 18 32 18 32 21 28 21 28 18
94 67 98 67 98 69 94 69 94 67
68 25 70 25 70 29 68 29 68 25
61 88 63 88 63 90 61 90 61 88
81 76 83 76 83 78 81 78 81 76
51 51 53 51 53 53 51 53 51 51
86 40 90 40 90 43 86 43 86 40
13 6 16 6 16 10 13 10 13 6
32 64 36 64 36 67 32 67 32 64
80 25 84 25 84 28 80 28 80 25
75 65 78 65 78 69 75 69 75 65
61 67 63 67 63 71 61 71 61 67
38 52 40 52 40 56 38 56 38 52
67 14 70 14 70 16 67 16 67 14
26 5 29 5 29 7 26 7 26 5
64 53 68 53 68 57 64 57 64 53
29 39 31 39 31 43 29 43 29 39
27 44 31 44 31 47 27 47 27 44
18 52 20 52 20 56 18 56 18 52
86 6 89 6 89 8 86 8 86 6
81 83 83 83 83 86 81 86 81 83
86 75 90 75 90 78 86 78 86 75
19 3 21 3 21 5 19 5 19 3
55 96 59 96 59 98 55 98 55 96
48 53 50 53 50 55 48 55 48 53
46 22 48 22 48 26 46 26 46 22
78 35 81 35 81 38 78 38 78 35
43 59 46 59 46 61 43 61 43 59
76 55 78 55 78 57 76 57 76 55
41 54 45 54 45 56 41 56 41 54
17 60 21 60 21 64 17 64 17 60
11 45 15 45 15 47 11 47 11 45
37 4 41 4 41 7 37 7 37 4
13 53 17 53 17 56 13 56 13 53
94 38 98 38 98 42 94 42 94 38
90 9 93 9 93 12 90 12 90 9
2 80 4 80 4 82 2 82 2 80
4 13 7 13 7 17 4 17 4 13
91 63 94 63 94 65 91 65 91 63
70 41 72 41 72 45 70 45 70 41
23 8 25 8 25 10 23 10 23 8
64 41 66 41 66 43 64 43 64 41
26 57 30 57 30 60 26 60 26 57
49 90 51 90 51 92 49 92 49 90
63 32 66 32 66 34 63 34 63 32
45 37 47 37 47 39 45 39 45 37
70 76 73 76 73 78 70 78 70 76
10 66 12 66 12 70 10 70 10 66
37 67 39 67 39 70 37 70 37 67
28 12 32 12 32 15 28 15 28 12
79 56 82 56 82 58 79 58 79 56
22 52 25 52 25 56 22 56 22 52
93 31 95 31 95 33 93 33 93 31
3 77 6 77 6 79 3 79 3 77
40 58 42 58 42 62 40 62 40 58
54 66 56 66 56 68 54 68 54 66
24 92 27 92 27 96 24 96 24 92
11 2 14 2 14 4 11 4 11 2
19 87 22 87 22 91 19 91 19 87
88 29 92 29 92 31 88 31 88 29
60 2 62 2 62 5 60 5 60 2
45 73 48 73 48 75 45 75 45 73
28 95 30 95 30 97 28 97 28 95
81 64 83 64 83 68 81 68 81 64
79 69 81 69 81 71 79 71 79 69
64 44 67 44 67 46 64 46 64 44
25 18 27 18 27 21 25 21 25 18
66 82 69 82 69 84 66 84 66 82
49 79 51 79 51 81 49 81 49 79
79 7 83 7 83 11 79 11 79 7
2 71 6 71 6 75 2 75 2 71
45 95 49 95 49 97 45 97 45 95
83 42 85 42 85 44 83 44 83 42
23 27 27 27 27 31 23 31 23 27
46 87 48 87 48 91 46 91 46 87
16 27 18 27 18 29 16 29 16 27
56 10 58 10 58 13 56 13 56 10
