88 19 90 19 90 22 88 22 88 19
17 44 19 44 19 46 17 46 17 44
69 22 73 22 73 24 69 24 69 22
81 16 85 16 85 19 81 19 81 16
76 56 79 56 79 60 76 60 76 56
30 51 32 51 32 54 30 54 30 51
28 81 30 81 30 84 28 84 28 81
68 49 71 49 71 51 68 51 68 49
72 50 75 50 75 52 72 52 72 50
67 88 70 88 70 90 67 90 67 88
45 90 48 90 48 94 45 94 45 90
25 55 28 55 28 57 25 57 25 55
6 72 9 72 9 75 6 75 6 72
53 21 56 21 56 24 53 24 53 21
50 75 52 75 52 79 50 79 50 75
87 47 89 47 89 50 87 50 87 47
3 76 5 76 5 80 3 80 3 76
48 27 50 27 50 30 48 30 48 27
27 59 31 59 31 62 27 62 27 59
34 39 38 39 38 43 34 43 34 39
37 58 39 58 39 60 37 60 37 58
5 63 7 63 7 66 5 66 5 63
39 7 43 7 43 9 39 9 39 7
34 65 38 65 38 69 34 69 34 65
65 44 68 44 68 48 65 48 65 44
71 87 75 87 75 89 71 89 71 87
13 73 16 73 16 77 13 77 13 73
31 87 34 87 34 91 31 91 31 87
51 14 55 14 55 17 51 17 51 14
21 66 24 66 24 70 21 70 21 66
12 20 16 20 16 23 12 23 12 20
44 60 47 60 47 63 44 63 44 60
33 17 36 17 36 19 33 19 33 17
5 85 8 85 8 87 5 87 5 85
16 25 19 25 19 29 16 29 16 25
93 18 95 18 95 21 93 21 93 18
78 75 80 75 80 77 78 77 78 75
56 90 59 90 59 93 56 93 56 90
76 37 80 37 80 39 76 39 76 37
87 64 89 64 89 68 87 68 87 64
89 74 93 74 93 77 89 77 89 74
56 80 60 80 60 82 56 82 56 80
19 92 23 92 23 95 19 95 19 92
34 54 36 54 36 57 34 57 34 54
18 31 20 31 20 33 18 33 18 31
6 77 10 77 10 81 6 81 6 77
77 82 81 82 81 84 77 84 77 82
64 11 66 11 66 15 64 15 64 11
91 84 93 84 93 86 91 86 91 84
79 53 83 53 83 55 79 55 79 53
85 51 89 51 89 53 85 53 85 51
82 23 85 23 85 27 82 27 82 23
51 82 53 82 53 85 51 85 51 82
57 25 59 25 59 29 57 29 57 25
50 6 52 6 52 9 50 9 50 6
60 62 63 62 63 64 60 64 60 62
14 35 17 35 17 38 14 38 14 35
35 28 37 28 37 31 35 31 35 28
52 41 56 41 56 44 52 44 52 41
8 33 11 33 11 35 8 35 8 33
15 51 19 51 19 55 15 55 15 51
82 38 85 38 85 41 82 41 82 38
22 25 25 25 25 28 22 28 22 25
54 8 56 8 56 12 54 12 54 8
74 7 78 7 78 9 74 9 74 7
59 5 62 5 62 8 59 8 59 5
81 66 84 66 84 69 81 69 81 66
4 24 6 24 6 26 4 26 4 24
11 95 14 95 14 97 11 97 11 95
21 80 25 80 25 84 21 84 21 80
23 36 25 36 25 40 23 40 23 36
3 49 5 49 5 53 3 53 3 49
73 74 77 74 77 76 73 76 73 74
70 36 74 36 74 38 70 38 70 36
17 11 19 11 19 15 17 15 17 11
29 46 31 46 31 50 29 50 29 46
79 42 83 42 83 46 79 46 79 42
91 59 94 59 94 63 91 63 91 59
34 6 36 6 36 9 34 9 34 6
42 70 45 70 45 74 42 74 42 70
60 17 62 17 62 20 60 20 60 17
63 3 66 3 66 5 63 5 63 3
21 71 24 71 24 73 21 73 21 71
4 32 7 32 7 34 4 34 4 32
49 89 51 89 51 93 49 93 49 89
9 2 13 2 13 5 9 5 9 2
85 69 89 69 89 71 85 71 85 69
2 43 5 43 5 46 2 46 2 43
32 44 35 44 35 47 32 47 32 44
46 10 49 10 49 12 46 12 46 10
88 87 90 87 90 91 88 91 88 87
55 48 57 48 57 52 55 52 55 48
43 51 45 51 45 54 43 54 43 51
47 4 49 4 49 6 47 6 47 4
45 37 48 37 48 41 45 41 45 37
24 76 28 76 28 79 24 79 24 76
24 8 28 8 28 10 24 10 24 8
89 78 91 78 91 82 89 82 89 78
15 87 18 87 18 91 15 91 15 87
91 88 94 88 94 92 91 92 91 88
25 91 28 91 28 95 25 95 25 91
67 12 71 12 71 14 67 14 67 12
95 57 97 57 97 60 95 60 95 57
74 64 77 64 77 68 74 68 74 64
43 78 46 78 46 82 43 82 43 78
5 67 9 67 9 69 5 69 5 67
70 25 73 25 73 29 70 29 70 25
36 32 40 32 40 36 36 36 36 32
44 30 46 30 46 32 44 32 44 30
76 79 78 79 78 81 76 81 76 79
59 35 61 35 61 39 59 39 59 35
72 10 76 10 76 12 72 12 72 10
34 80 37 80 37 83 34 83 34 80
80 5 82 5 82 7 80 7 80 5
95 40 97 40 97 43 95 43 95 40
82 30 84 30 84 32 82 32 82 30
66 8 68 8 68 10 66 10 66 8
61 50 64 50 64 54 61 54 61 50
36 85 38 85 38 87 36 87 36 85
5 91 9 91 9 93 5 93 5 91
27 64 31 64 31 67 27 67 27 64
6 51 10 51 10 53 6 53 6 51
10 40 12 40 12 43 10 43 10 40
86 33 89 33 89 37 86 37 86 33
65 66 68 66 68 69 65 69 65 66
11 66 14 66 14 69 11 69 11 66
35 22 37 22 37 26 35 26 35 22
2 40 4 40 4 42 2 42 2 40
41 29 43 29 43 32 41 32 41 29
61 56 64 56 64 59 61 59 61 56
64 95 66 95 66 98 64 98 64 95
53 91 55 91 55 94 53 94 53 91
83 3 85 3 85 7 83 7 83 3
72 95 75 95 75 97 72 97 72 95
64 62 67 62 67 64 64 64 64 62
78 48 80 48 80 51 78 51 78 48
77 12 80 12 80 15 77 15 77 12
88 5 91 5 91 7 88 7 88 5
29 40 33 40 33 42 29 42 29 40
12 60 16 60 16 62 12 62 12 60
93 24 97 24 97 26 93 26 93 24
29 31 31 31 31 34 29 34 29 31
89 39 91 39 91 41 89 41 89 39
56 67 58 67 58 70 56 70 56 67
81 77 85 77 85 80 81 80 81 77
38 51 40 51 40 55 38 55 38 51
69 56 71 56 71 58 69 58 69 56
23 87 25 87 25 90 23 90 23 87
18 19 22 19 22 22 18 22 18 19
76 87 78 87 78 89 76 89 76 87
75 70 78 70 78 72 75 72 75 70
74 3 76 3 76 6 74 6 74 3
85 59 87 59 87 63 85 63 85 59
21 33 25 33 25 35 21 35 21 33
23 50 26 50 26 54 23 54 23 50
91 93 93 93 93 95 91 95 91 93
95 66 98 66 98 70 95 70 95 66
14 2 17 2 17 5 14 5 14 2
21 61 24 61 24 63 21 63 21 61
28 70 30 70 30 72 28 72 28 70
37 17 40 17 40 21 37 21 37 17
3 10 7 10 7 14 3 14 3 10
83 86 85 86 85 88 83 88 83 86
93 35 97 35 97 37 93 37 93 35
63 71 65 71 65 74 63 74 63 71
40 12 42 12 42 16 40 16 40 12
58 22 62 22 62 24 58 24 58 22
36 11 39 11 39 14 36 14 36 11
9 84 11 84 11 86 9 86 9 84
93 78 96 78 96 82 93 82 93 78
78 22 80 22 80 26 78 26 78 22
55 54 58 54 58 56 55 56 55 54
32 76 36 76 36 78 32 78 32 76
39 83 41 83 41 85 39 85 39 83
50 45 53 45 53 49 50 49 50 45
46 18 48 18 48 22 46 22 46 18
93 11 96 11 96 14 93 14 93 11
20 41 24 41 24 43 20 43 20 41
61 25 65 25 65 28 61 28 61 25
54 26 56 26 56 28 54 28 54 26
6 19 8 19 8 21 6 21 6 19
39 88 41 88 41 92 39 92 39 88
71 77 74 77 74 79 71 79 71 77
7 37 11 37 11 39 7 39 7 37
38 80 42 80 42 82 38 82 38 80
10 8 14 8 14 10 10 10 10 8
15 93 18 93 18 95 15 95 15 93
32 28 34 28 34 31 32 31 32 28
46 52 48 52 48 56 46 56 46 52
44 67 48 67 48 69 44 69 44 67
10 15 14 15 14 17 10 17 10 15
6 42 9 42 9 45 6 45 6 42
53 95 56 95 56 97 53 97 53 95
92 47 95 47 95 51 92 51 92 47
41 39 44 39 44 41 41 41 41 39
83 10 86 10 86 12 83 12 83 10
89 2 93 2 93 4 89 4 89 2
67 75 70 75 70 77 67 77 67 75
86 44 90 44 90 46 86 46 86 44
64 87 66 87 66 89 64 89 64 87
27 16 29 16 29 20 27 20 27 16
61 83 63 83 63 87 61 87 61 83
72 16 74 16 74 18 72 18 72 16
68 4 72 4 72 7 68 7 68 4
21 29 25 29 25 31 21 31 21 29
53 30 55 30 55 32 53 32 53 30
67 91 69 91 69 95 67 95 67 91
81 56 84 56 84 60 81 60 81 56
65 52 68 52 68 55 65 55 65 52
27 24 31 24 31 28 27 28 27 24
57 86 59 86 59 88 57 88 57 86
20 56 24 56 24 58 20 58 20 56
41 42 43 42 43 45 41 45 41 42
24 44 28 44 28 47 24 47 24 44
85 92 88 92 88 95 85 95 85 92
27 87 30 87 30 90 27 90 27 87
2 81 4 81 4 84 2 84 2 81
68 61 72 61 72 63 68 63 68 61
63 76 66 76 66 78 63 78 63 76
90 30 93 30 93 33 90 33 90 30
88 13 91 13 91 16 88 16 88 13
44 42 46 42 46 46 44 46 44 42
2 59 5 59 5 62 2 62 2 59
63 80 66 80 66 82 63 82 63 80
71 32 75 32 75 34 71 34 71 32
30 92 34 92 34 96 30 96 30 92
50 33 52 33 52 36 50 36 50 33
96 16 98 16 98 19 96 19 96 16
70 42 72 42 72 45 70 45 70 42
51 60 54 60 54 64 51 64 51 60
94 2 98 2 98 6 94 6 94 2
65 29 68 29 68 32 65 32 65 29
90 55 93 55 93 57 90 57 90 55
40 75 42 75 42 77 40 77 40 75
81 74 84 74 84 76 81 76 81 74
32 60 36 60 36 64 32 64 32 60
10 26 13 26 13 30 10 30 10 26
79 94 81 94 81 98 79 98 79 94
57 58 59 58 59 60 57 60 57 58
70 91 72 91 72 94 70 94 70 91
2 19 5 19 5 23 2 23 2 19
30 6 33 6 33 8 30 8 30 6
93 71 96 71 96 73 93 73 93 71
30 17 32 17 32 21 30 21 30 17
82 96 86 96 86 98 82 98 82 96
49 67 53 67 53 69 49 69 49 67
16 70 19 70 19 72 16 72 16 70
62 36 64 36 64 39 62 39 62 36
37 95 39 95 39 97 37 97 37 95
78 27 80 27 80 31 78 31 78 27
