40 84 43 84 43 88 40 88 40 84
13 10 17 10 17 12 13 12 13 10
26 72 30 72 30 74 26 74 26 72
95 92 97 92 97 94 95 94 95 92
79 7 83 7 83 9 79 9 79 7
69 81 72 81 72 83 69 83 69 81
17 48 19 48 19 51 17 51 17 48
37 78 41 78 41 82 37 82 37 78
63 86 67 86 67 88 63 88 63 86
88 79 92 79 92 81 88 81 88 79
71 27 74 27 74 31 71 31 71 27
34 22 36 22 36 25 34 25 34 22
3 70 5 70 5 73 3 73 3 70
19 5 22 5 22 8 19 8 19 5
83 31 86 31 86 34 83 34 83 31
17 45 19 45 19 47 17 47 17 45
61 81 64 81 64 84 61 84 61 81
61 55 64 55 64 58 61 58 61 55
49 23 52 23 52 25 49 25 49 23
94 74 96 74 96 78 94 78 94 74
40 2 43 2 43 4 40 4 40 2
48 35 50 35 50 39 48 39 48 35
65 93 68 93 68 95 65 95 65 93
21 86 23 86 23 88 21 88 21 86
51 75 55 75 55 78 51 78 51 75
85 18 88 18 88 21 85 21 85 18
11 58 13 58 13 62 11 62 11 58
56 63 60 63 60 65 56 65 56 63
50 27 52 27 52 31 50 31 50 27
25 23 27 23 27 26 25 26 25 23
22 58 24 58 24 62 22 62 22 58
74 82 76 82 76 86 74 86 74 82
57 33 60 33 60 37 57 37 57 33
52 41 55 41 55 45 52 45 52 41
28 28 31 28 31 30 28 30 28 28
52 69 56 69 56 73 52 73 52 69
27 63 29 63 29 67 27 67 27 63
45 74 47 74 47 76 45 76 45 74
8 22 11 22 11 25 8 25 8 22
63 39 66 39 66 41 63 41 63 39
76 88 78 88 78 90 76 90 76 88
52 10 56 10 56 12 52 12 52 10
55 47 57 47 57 50 55 50 55 47
24 11 28 11 28 15 24 15 24 11
59 28 62 28 62 32 59 32 59 28
4 81 6 81 6 84 4 84 4 81
83 70 86 70 86 72 83 72 83 70
43 35 46 35 46 38 43 38 43 35
26 47 29 47 29 49 26 49 26 47
26 31 28 31 28 34 26 34 26 31
13 30 17 30 17 33 13 33 13 30
44 18 46 18 46 21 44 21 44 18
14 81 18 81 18 83 14 83 14 81
80 33 82 33 82 37 80 37 80 33
65 56 69 56 69 59 65 59 65 56
87 71 91 71 91 75 87 75 87 71
32 94 34 94 34 98 32 98 32 94
84 8 86 8 86 10 84 10 84 8
65 61 68 61 68 64 65 64 65 61
95 53 98 53 98 56 95 56 95 53
10 89 14 89 14 92 10 92 10 89
60 16 64 16 64 20 60 20 60 16
30 42 33 42 33 45 30 45 30 42
37 35 39 35 39 39 37 39 37 35
43 94 45 94 45 96 43 96 43 94
25 40 28 40 28 42 25 42 25 40
61 34 65 34 65 37 61 37 61 34
69 24 71 24 71 26 69 26 69 24
38 41 42 41 42 44 38 44 38 41
68 41 72 41 72 45 68 45 68 41
55 15 59 15 59 18 55 18 55 15
57 76 61 76 61 80 57 80 57 76
4 19 8 19 8 21 4 21 4 19
94 59 96 59 96 63 94 63 94 59
25 35 27 35 27 37 25 37 25 35
94 28 97 28 97 31 94 31 94 28
4 36 6 36 6 38 4 38 4 36
20 53 22 53 22 56 20 56 20 53
94 46 96 46 96 49 94 49 94 46
42 58 45 58 45 62 42 62 42 58
37 69 39 69 39 71 37 71 37 69
93 6 96 6 96 8 93 8 93 6
46 27 49 27 49 31 46 31 46 27
85 11 89 11 89 15 85 15 85 11
57 59 59 59 59 61 57 61 57 59
76 63 78 63 78 66 76 66 76 63
39 53 41 53 41 56 39 56 39 53
18 10 21 10 21 12 18 12 18 10
94 68 97 68 97 72 94 72 94 68
48 48 50 48 50 50 48 50 48 48
12 68 16 68 16 71 12 71 12 68
80 21 82 21 82 25 80 25 80 21
74 35 77 35 77 38 74 38 74 35
49 16 52 16 52 20 49 20 49 16
85 38 88 38 88 40 85 40 85 38
59 3 62 3 62 7 59 7 59 3
20 96 24 96 24 98 20 98 20 96
4 41 7 41 7 43 4 43 4 41
58 24 61 24 61 26 58 26 58 24
62 45 64 45 64 47 62 47 62 45
64 67 68 67 68 70 64 70 64 67
48 90 50 90 50 92 48 92 48 90
15 34 19 34 19 37 15 37 15 34
79 61 81 61 81 65 79 65 79 61
3 56 7 56 7 58 3 58 3 56
65 13 67 13 67 15 65 15 65 13
68 18 71 18 71 20 68 20 68 18
66 30 70 30 70 32 66 32 66 30
20 2 24 2 24 4 20 4 20 2
30 33 34 33 34 36 30 36 30 33
30 68 34 68 34 71 30 71 30 68
85 49 87 49 87 52 85 52 85 49
15 24 17 24 17 28 15 28 15 24
42 76 44 76 44 80 42 80 42 76
96 24 98 24 98 27 96 27 96 24
44 43 47 43 47 47 44 47 44 43
52 94 56 94 56 96 52 96 52 94
17 39 19 39 19 42 17 42 17 39
78 17 80 17 80 19 78 19 78 17
30 60 33 60 33 63 30 63 30 60
29 84 31 84 31 88 29 88 29 84
41 90 43 90 43 93 41 93 41 90
49 72 51 72 51 74 49 74 49 72
33 57 35 57 35 59 33 59 33 57
93 19 97 19 97 21 93 21 93 19
91 83 93 83 93 85 91 85 91 83
63 71 66 71 66 73 63 73 63 71
39 72 41 72 41 75 39 75 39 72
67 78 69 78 69 80 67 80 67 78
19 90 21 90 21 92 19 92 19 90
81 66 83 66 83 69 81 69 81 66
50 86 52 86 52 88 50 88 50 86
84 88 87 88 87 90 84 90 84 88
86 65 90 65 90 69 86 69 86 65
81 42 85 42 85 44 81 44 81 42
86 93 88 93 88 97 86 97 86 93
27 89 31 89 31 93 27 93 27 89
10 93 14 93 14 95 10 95 10 93
47 60 50 60 50 63 47 63 47 60
91 34 95 34 95 37 91 37 91 34
34 85 37 85 37 87 34 87 34 85
21 70 24 70 24 73 21 73 21 70
67 49 71 49 71 51 67 51 67 49
84 76 87 76 87 80 84 80 84 76
13 74 17 74 17 77 13 77 13 74
23 53 27 53 27 57 23 57 23 53
42 8 45 8 45 10 42 10 42 8
32 77 35 77 35 80 32 80 32 77
75 92 78 92 78 95 75 95 75 92
76 74 80 74 80 77 76 77 76 74
31 7 35 7 35 11 31 11 31 7
37 64 41 64 41 68 37 68 37 64
71 75 73 75 73 78 71 78 71 75
49 53 53 53 53 55 49 55 49 53
88 25 91 25 91 28 88 28 88 25
23 92 25 92 25 95 23 95 23 92
32 48 34 48 34 51 32 51 32 48
84 53 87 53 87 56 84 56 84 53
57 88 60 88 60 91 57 91 57 88
39 22 41 22 41 26 39 26 39 22
69 62 71 62 71 66 69 66 69 62
8 56 10 56 10 59 8 59 8 56
74 58 76 58 76 60 74 60 74 58
80 91 83 91 83 93 80 93 80 91
14 20 18 20 18 23 14 23 14 20
4 44 7 44 7 48 4 48 4 44
76 45 80 45 80 48 76 48 76 45
92 22 95 22 95 24 92 24 92 22
73 69 76 69 76 73 73 73 73 69
28 22 30 22 30 25 28 25 28 22
63 4 66 4 66 8 63 8 63 4
92 50 94 50 94 54 92 54 92 50
8 37 10 37 10 41 8 41 8 37
87 84 90 84 90 86 87 86 87 84
6 73 10 73 10 77 6 77 6 73
93 11 97 11 97 15 93 15 93 11
5 26 7 26 7 30 5 30 5 26
96 37 98 37 98 41 96 41 96 37
76 13 80 13 80 16 76 16 76 13
23 74 25 74 25 77 23 77 23 74
47 6 49 6 49 8 47 8 47 6
38 89 40 89 40 91 38 91 38 89
69 88 72 88 72 90 69 90 69 88
81 84 83 84 83 88 81 88 81 84
20 45 24 45 24 48 20 48 20 45
51 59 53 59 53 63 51 63 51 59
19 81 23 81 23 84 19 84 19 81
61 89 65 89 65 91 61 91 61 89
58 8 61 8 61 11 58 11 58 8
83 81 85 81 85 83 83 83 83 81
30 18 32 18 32 21 30 21 30 18
3 7 5 7 5 11 3 11 3 7
35 29 38 29 38 31 35 31 35 29
36 4 38 4 38 7 36 7 36 4
9 17 12 17 12 21 9 21 9 17
7 9 9 9 9 13 7 13 7 9
33 14 37 14 37 16 33 16 33 14
92 41 94 41 94 43 92 43 92 41
68 85 70 85 70 87 68 87 68 85
88 50 91 50 91 54 88 54 88 50
57 41 60 41 60 43 57 43 57 41
68 35 72 35 72 38 68 38 68 35
52 6 54 6 54 8 52 8 52 6
42 68 46 68 46 70 42 70 42 68
48 32 50 32 50 34 48 34 48 32
39 48 41 48 41 51 39 51 39 48
15 91 17 91 17 95 15 95 15 91
21 41 24 41 24 44 21 44 21 41
12 84 16 84 16 88 12 88 12 84
80 10 83 10 83 12 80 12 80 10
8 32 10 32 10 36 8 36 8 32
70 8 74 8 74 11 70 11 70 8
49 79 52 79 52 82 49 82 49 79
63 24 65 24 65 27 63 27 63 24
49 94 51 94 51 96 49 96 49 94
5 31 7 31 7 35 5 35 5 31
54 23 56 23 56 27 54 27 54 23
76 42 78 42 78 44 76 44 76 42
52 34 56 34 56 37 52 37 52 34
17 15 21 15 21 19 17 19 17 15
45 23 48 23 48 26 45 26 45 23
31 24 33 24 33 26 31 26 31 24
14 14 16 14 16 17 14 17 14 14
70 2 73 2 73 5 70 5 70 2
21 21 23 21 23 24 21 24 21 21
42 50 45 50 45 54 42 54 42 50
4 65 8 65 8 67 4 67 4 65
87 30 89 30 89 32 87 32 87 30
39 6 41 6 41 8 39 8 39 6
56 44 60 44 60 46 56 46 56 44
94 81 96 81 96 84 94 84 94 81
20 33 24 33 24 35 20 35 20 33
82 62 84 62 84 65 82 65 82 62
79 56 82 56 82 59 79 59 79 56
14 5 18 5 18 9 14 9 14 5
20 26 23 26 23 30 20 30 20 26
7 78 9 78 9 81 7 81 7 78
45 12 47 12 47 15 45 15 45 12
44 55 46 55 46 57 44 57 44 55
7 90 9 90 9 92 7 92 7 90
27 77 29 77 29 80 27 80 27 77
55 3 58 3 58 7 55 7 55 3
40 11 44 11 44 15 40 15 40 11
34 81 36 81 36 84 34 84 34 81
57 94 59 94 59 96 57 96 57 94
34 88 37 88 37 91 34 91 34 88
63 29 65 29 65 32 63 32 63 29
3 12 5 12 5 15 3 15 3 12
89 55 92 55 92 59 89 59 89 55
63 49 65 49 65 52 63 52 63 49
