17 79 19 79 19 81 17 81 17 79
52 72 55 72 55 76 52 76 52 72
81 92 85 92 85 94 81 94 81 92
91 46 93 46 93 49 91 49 91 46
22 12 26 12 26 16 22 16 22 12
29 87 32 87 32 90 29 90 29 87
94 40 97 40 97 44 94 44 94 40
85 88 87 88 87 90 85 90 85 88
67 6 69 6 69 8 67 8 67 6
78 80 81 80 81 84 78 84 78 80
72 84 75 84 75 87 72 87 72 84
30 6 33 6 33 10 30 10 30 6
19 63 22 63 22 66 19 66 19 63
50 94 53 94 53 98 50 98 50 94
35 92 37 92 37 96 35 96 35 92
12 47 16 47 16 50 12 50 12 47
32 81 35 81 35 84 32 84 32 81
88 43 90 43 90 45 88 45 88 43
6 56 9 56 9 59 6 59 6 56
50 51 54 51 54 53 50 53 50 51
44 94 46 94 46 96 44 96 44 94
89 29 93 29 93 33 89 33 89 29
61 41 65 41 65 45 61 45 61 41
89 9 91 9 91 12 89 12 89 9
58 46 60 46 60 48 58 48 58 46
31 40 35 40 35 44 31 44 31 40
82 60 86 60 86 64 82 64 82 60
70 26 73 26 73 30 70 30 70 26
80 30 83 30 83 33 80 33 80 30
76 58 80 58 80 61 76 61 76 58
75 43 79 43 79 45 75 45 75 43
44 84 48 84 48 88 44 88 44 84
24 78 26 78 26 82 24 82 24 78
39 37 41 37 41 41 39 41 39 37
63 72 67 72 67 76 63 76 63 72
51 13 53 13 53 17 51 17 51 13
43 26 45 26 45 30 43 30 43 26
84 19 87 19 87 23 84 23 84 19
62 12 64 12 64 15 62 15 62 12
96 34 98 34 98 38 96 38 96 34
12 53 15 53 15 55 12 55 12 53
44 35 48 35 48 38 44 38 44 35
62 35 65 35 65 37 62 37 62 35
54 5 56 5 56 7 54 7 54 5
18 54 20 54 20 56 18 56 18 54
62 63 65 63 65 66 62 66 62 63
70 12 73 12 73 14 70 14 70 12
44 58 48 58 48 62 44 62 44 58
78 88 80 88 80 90 78 90 78 88
93 10 95 10 95 13 93 13 93 10
18 6 21 6 21 9 18 9 18 6
64 25 67 25 67 28 64 28 64 25
68 31 71 31 71 33 68 33 68 31
19 18 21 18 21 22 19 22 19 18
29 30 33 30 33 32 29 32 29 30
6 51 10 51 10 54 6 54 6 51
7 38 9 38 9 41 7 41 7 38
7 42 11 42 11 46 7 46 7 42
2 2 4 2 4 4 2 4 2 2
84 74 88 74 88 76 84 76 84 74
75 68 79 68 79 71 75 71 75 68
7 75 10 75 10 77 7 77 7 75
42 31 44 31 44 34 42 34 42 31
14 62 16 62 16 64 14 64 14 62
64 17 68 17 68 20 64 20 64 17
48 65 50 65 50 67 48 67 48 65
34 71 37 71 37 73 34 73 34 71
46 18 48 18 48 22 46 22 46 18
4 66 7 66 7 68 4 68 4 66
41 66 45 66 45 70 41 70 41 66
32 20 35 20 35 22 32 22 32 20
91 23 94 23 94 25 91 25 91 23
58 9 61 9 61 11 58 11 58 9
83 65 87 65 87 67 83 67 83 65
32 52 36 52 36 55 32 55 32 52
18 30 21 30 21 33 18 33 18 30
51 79 54 79 54 81 51 81 51 79
2 25 5 25 5 29 2 29 2 25
27 23 31 23 31 25 27 25 27 23
11 32 13 32 13 35 11 35 11 32
24 39 27 39 27 42 24 42 24 39
66 68 70 68 70 71 66 71 66 68
43 78 46 78 46 82 43 82 43 78
10 19 14 19 14 23 10 23 10 19
34 66 36 66 36 70 34 70 34 66
65 46 69 46 69 48 65 48 65 46
9 79 13 79 13 82 9 82 9 79
76 48 78 48 78 52 76 52 76 48
26 55 29 55 29 59 26 59 26 55
25 33 28 33 28 35 25 35 25 33
89 91 92 91 92 95 89 95 89 91
2 14 5 14 5 17 2 17 2 14
37 12 39 12 39 15 37 15 37 12
55 48 57 48 57 50 55 50 55 48
61 49 64 49 64 52 61 52 61 49
83 78 85 78 85 81 83 81 83 78
29 96 32 96 32 98 29 98 29 96
74 4 76 4 76 7 74 7 74 4
4 91 7 91 7 93 4 93 4 91
51 18 54 18 54 21 51 21 51 18
51 54 55 54 55 56 51 56 51 54
80 17 83 17 83 19 80 19 80 17
22 69 24 69 24 73 22 73 22 69
61 85 63 85 63 89 61 89 61 85
76 62 78 62 78 65 76 65 76 62
80 73 82 73 82 77 80 77 80 73
6 6 10 6 10 10 6 10 6 6
92 86 95 86 95 90 92 90 92 86
61 80 64 80 64 82 61 82 61 80
12 41 14 41 14 45 12 45 12 41
77 9 79 9 79 12 77 12 77 9
6 29 8 29 8 31 6 31 6 29
23 87 25 87 25 90 23 90 23 87
93 91 95 91 95 94 93 94 93 91
32 23 35 23 35 25 32 25 32 23
59 94 62 94 62 97 59 97 59 94
33 35 36 35 36 37 33 37 33 35
50 35 52 35 52 38 50 38 50 35
39 94 42 94 42 98 39 98 39 94
89 62 91 62 91 65 89 65 89 62
44 74 48 74 48 76 44 76 44 74
20 75 23 75 23 78 20 78 20 75
69 60 72 60 72 62 69 62 69 60
22 56 25 56 25 60 22 60 22 56
32 46 35 46 35 49 32 49 32 46
84 29 86 29 86 32 84 32 84 29
3 57 5 57 5 59 3 59 3 57
37 28 39 28 39 30 37 30 37 28
57 60 60 60 60 63 57 63 57 60
21 91 24 91 24 93 21 93 21 91
77 18 79 18 79 21 77 21 77 18
35 86 37 86 37 90 35 90 35 86
92 18 95 18 95 21 92 21 92 18
74 53 77 53 77 56 74 56 74 53
72 78 74 78 74 82 72 82 72 78
70 55 73 55 73 58 70 58 70 55
48 77 50 77 50 80 48 80 48 77
56 32 58 32 58 34 56 34 56 32
79 54 83 54 83 57 79 57 79 54
53 23 56 23 56 27 53 27 53 23
87 35 89 35 89 38 87 38 87 35
31 59 33 59 33 62 31 62 31 59
27 49 30 49 30 53 27 53 27 49
84 5 88 5 88 8 84 8 84 5
85 24 87 24 87 28 85 28 85 24
74 89 76 89 76 92 74 92 74 89
50 91 53 91 53 93 50 93 50 91
63 31 65 31 65 33 63 33 63 31
23 48 25 48 25 51 23 51 23 48
78 14 81 14 81 16 78 16 78 14
37 33 40 33 40 35 37 35 37 33
11 85 14 85 14 89 11 89 11 85
91 57 95 57 95 59 91 59 91 57
72 39 75 39 75 41 72 41 72 39
96 81 98 81 98 85 96 85 96 81
23 63 26 63 26 65 23 65 23 63
10 62 12 62 12 66 10 66 10 62
44 53 46 53 46 55 44 55 44 53
53 84 56 84 56 88 53 88 53 84
46 2 48 2 48 5 46 5 46 2
3 80 6 80 6 84 3 84 3 80
82 37 84 37 84 41 82 41 82 37
28 2 32 2 32 5 28 5 28 2
87 53 91 53 91 55 87 55 87 53
35 76 37 76 37 79 35 79 35 76
53 10 56 10 56 12 53 12 53 10
64 54 67 54 67 57 64 57 64 54
24 75 27 75 27 77 24 77 24 75
65 85 67 85 67 87 65 87 65 85
39 76 42 76 42 80 39 80 39 76
56 51 58 51 58 55 56 55 56 51
30 27 33 27 33 29 30 29 30 27
24 27 28 27 28 29 24 29 24 27
50 28 54 28 54 30 50 30 50 28
50 46 52 46 52 49 50 49 50 46
77 22 80 22 80 25 77 25 77 22
67 42 70 42 70 45 67 45 67 42
30 72 32 72 32 75 30 75 30 72
15 68 19 68 19 72 15 72 15 68
70 92 73 92 73 94 70 94 70 92
7 72 9 72 9 74 7 74 7 72
79 46 82 46 82 50 79 50 79 46
95 2 97 2 97 4 95 4 95 2
38 18 40 18 40 22 38 22 38 18
11 91 15 91 15 93 11 93 11 91
2 41 6 41 6 44 2 44 2 41
70 95 74 95 74 98 70 98 70 95
28 18 31 18 31 20 28 20 28 18
64 7 66 7 66 9 64 9 64 7
71 50 75 50 75 52 71 52 71 50
65 22 67 22 67 24 65 24 65 22
4 21 6 21 6 23 4 23 4 21
39 5 42 5 42 8 39 8 39 5
37 2 41 2 41 4 37 4 37 2
51 65 53 65 53 68 51 68 51 65
38 83 40 83 40 85 38 85 38 83
42 39 46 39 46 43 42 43 42 39
76 36 79 36 79 38 76 38 76 36
38 61 42 61 42 64 38 64 38 61
60 2 63 2 63 5 60 5 60 2
3 50 5 50 5 52 3 52 3 50
90 35 92 35 92 37 90 37 90 35
28 77 30 77 30 79 28 79 28 77
30 34 32 34 32 36 30 36 30 34
13 26 15 26 15 29 13 29 13 26
34 4 36 4 36 7 34 7 34 4
73 21 76 21 76 24 73 24 73 21
12 14 15 14 15 17 12 17 12 14
19 95 23 95 23 98 19 98 19 95
16 13 18 13 18 15 16 15 16 13
88 19 91 19 91 21 88 21 88 19
16 88 18 88 18 92 16 92 16 88
93 62 95 62 95 64 93 64 93 62
15 21 17 21 17 25 15 25 15 21
9 27 12 27 12 30 9 30 9 27
11 69 14 69 14 71 11 71 11 69
84 48 88 48 88 51 84 51 84 48
56 40 60 40 60 43 56 43 56 40
96 61 98 61 98 64 96 64 96 61
16 82 20 82 20 84 16 84 16 82
83 70 87 70 87 73 83 73 83 70
16 2 18 2 18 5 16 5 16 2
67 12 69 12 69 16 67 16 67 12
21 83 23 83 23 86 21 86 21 83
87 78 89 78 89 82 87 82 87 78
91 39 93 39 93 43 91 43 91 39
30 67 32 67 32 70 30 70 30 67
6 94 9 94 9 96 6 96 6 94
60 71 62 71 62 74 60 74 60 71
57 84 59 84 59 87 57 87 57 84
63 90 66 90 66 93 63 93 63 90
54 94 57 94 57 96 54 96 54 94
73 32 77 32 77 35 73 35 73 32
59 31 61 31 61 35 59 35 59 31
56 15 60 15 60 17 56 17 56 15
40 45 44 45 44 49 40 49 40 45
91 72 95 72 95 74 91 74 91 72
76 94 80 94 80 98 76 98 76 94
18 23 21 23 21 26 18 26 18 23
13 74 16 74 16 77 13 77 13 74
96 90 98 90 98 94 96 94 96 90
8 67 10 67 10 71 8 71 8 67
70 63 72 63 72 66 70 66 70 63
85 39 89 39 89 42 85 42 85 39
36 47 38 47 38 50 36 50 36 47
93 77 97 77 97 80 93 80 93 77
12 11 15 11 15 13 12 13 12 11
18 45 20 45 20 49 18 49 18 45
4 34 6 34 6 36 4 36 4 34
94 14 98 14 98 16 94 16 94 14
