66 7 70 7 70 11 66 11 66 7
64 17 67 17 67 19 64 19 64 17
60 8 64 8 64 12 60 12 60 8
41 26 44 26 44 29 41 29 41 26
5 92 7 92 7 94 5 94 5 92
74 73 77 73 77 76 74 76 74 73
54 16 56 16 56 20 54 20 54 16
23 83 27 83 27 85 23 85 23 83
29 27 33 27 33 30 29 30 29 27
54 2 57 2 57 4 54 4 54 2
94 37 98 37 98 41 94 41 94 37
10 45 12 45 12 47 10 47 10 45
4 33 7 33 7 37 4 37 4 33
50 62 54 62 54 66 50 66 50 62
45 88 48 88 48 91 45 91 45 88
9 91 12 91 12 93 9 93 9 91
19 64 23 64 23 66 19 66 19 64
66 25 69 25 69 28 66 28 66 25
63 20 67 20 67 22 63 22 63 20
65 31 69 31 69 35 65 35 65 31
65 58 67 58 67 60 65 60 65 58
20 9 24 9 24 13 20 13 20 9
43 22 46 22 46 25 43 25 43 22
86 56 89 56 89 59 86 59 86 56
81 71 84 71 84 73 81 73 81 71
92 43 95 43 95 45 92 45 92 43
74 5 77 5 77 7 74 7 74 5
67 45 70 45 70 48 67 48 67 45
87 18 91 18 91 20 87 20 87 18
74 40 77 40 77 42 74 42 74 40
12 40 14 40 14 42 12 42 12 40
83 20 86 20 86 23 83 23 83 20
25 91 29 91 29 95 25 95 25 91
49 54 51 54 51 58 49 58 49 54
90 54 94 54 94 57 90 57 90 54
82 78 86 78 86 80 82 80 82 78
26 61 29 61 29 64 26 64 26 61
14 15 16 15 16 17 14 17 14 15
56 48 58 48 58 50 56 50 56 48
90 61 94 61 94 65 90 65 90 61
40 81 43 81 43 85 40 85 40 81
87 66 89 66 89 69 87 69 87 66
83 7 87 7 87 11 83 11 83 7
22 3 25 3 25 5 22 5 22 3
5 22 8 22 8 26 5 26 5 22
65 68 67 68 67 71 65 71 65 68
50 2 53 2 53 5 50 5 50 2
42 46 44 46 44 50 42 50 42 46
75 35 77 35 77 37 75 37 75 35
53 88 57 88 57 91 53 91 53 88
48 35 50 35 50 39 48 39 48 35
4 2 7 2 7 6 4 6 4 2
48 76 50 76 50 79 48 79 48 76
12 66 15 66 15 69 12 69 12 66
18 69 22 69 22 71 18 71 18 69
46 46 50 46 50 50 46 50 46 46
11 15 13 15 13 18 11 18 11 15
17 41 20 41 20 44 17 44 17 41
18 19 20 19 20 23 18 23 18 19
86 41 89 41 89 45 86 45 86 41
59 40 63 40 63 43 59 43 59 40
9 75 11 75 11 78 9 78 9 75
94 31 97 31 97 34 94 34 94 31
78 52 82 52 82 55 78 55 78 52
68 88 72 88 72 90 68 90 68 88
29 66 32 66 32 69 29 69 29 66
83 74 86 74 86 76 83 76 83 74
14 62 16 62 16 64 14 64 14 62
37 66 39 66 39 69 37 69 37 66
49 13 51 13 51 16 49 16 49 13
36 56 38 56 38 60 36 60 36 56
30 7 33 7 33 9 30 9 30 7
11 5 13 5 13 8 11 8 11 5
3 11 6 11 6 15 3 15 3 11
24 50 26 50 26 54 24 54 24 50
20 76 23 76 23 79 20 79 20 76
32 36 34 36 34 40 32 40 32 36
92 72 94 72 94 74 92 74 92 72
79 38 82 38 82 42 79 42 79 38
83 35 87 35 87 38 83 38 83 35
41 93 44 93 44 95 41 95 41 93
40 69 43 69 43 72 40 72 40 69
49 96 52 96 52 98 49 98 49 96
68 51 70 51 70 54 68 54 68 51
22 36 26 36 26 39 22 39 22 36
41 64 43 64 43 68 41 68 41 64
15 29 18 29 18 31 15 31 15 29
27 22 31 22 31 24 27 24 27 22
78 67 80 67 80 71 78 71 78 67
29 18 33 18 33 21 29 21 29 18
61 79 64 79 64 82 61 82 61 79
37 28 39 28 39 32 37 32 37 28
45 31 47 31 47 34 45 34 45 31
70 92 72 92 72 96 70 96 70 92
71 58 73 58 73 62 71 62 71 58
3 39 7 39 7 43 3 43 3 39
59 69 63 69 63 72 59 72 59 69
79 33 81 33 81 35 79 35 79 33
9 81 12 81 12 84 9 84 9 81
13 90 17 90 17 93 13 93 13 90
33 48 35 48 35 52 33 52 33 48
81 43 85 43 85 47 81 47 81 43
33 53 35 53 35 57 33 57 33 53
76 44 78 44 78 46 76 46 76 44
77 25 81 25 81 29 77 29 77 25
17 54 21 54 21 56 17 56 17 54
51 80 53 80 53 83 51 83 51 80
51 31 55 31 55 33 51 33 51 31
69 81 72 81 72 84 69 84 69 81
43 39 47 39 47 42 43 42 43 39
27 32 29 32 29 35 27 35 27 32
87 78 90 78 90 81 87 81 87 78
16 78 19 78 19 81 16 81 16 78
24 80 26 80 26 82 24 82 24 80
59 84 61 84 61 88 59 88 59 84
83 93 85 93 85 95 83 95 83 93
86 27 89 27 89 29 86 29 86 27
10 25 13 25 13 27 10 27 10 25
6 56 9 56 9 59 6 59 6 56
41 17 43 17 43 21 41 21 41 17
27 73 29 73 29 75 27 75 27 73
55 27 58 27 58 30 55 30 55 27
37 49 41 49 41 51 37 51 37 49
15 48 18 48 18 51 15 51 15 48
37 76 41 76 41 79 37 79 37 76
73 79 77 79 77 82 73 82 73 79
88 89 90 89 90 92 88 92 88 89
38 42 41 42 41 45 38 45 38 42
83 53 85 53 85 55 83 55 83 53
66 80 68 80 68 84 66 84 66 80
78 6 81 6 81 8 78 8 78 6
86 46 90 46 90 49 86 49 86 46
35 92 37 92 37 96 35 96 35 92
59 34 62 34 62 36 59 36 59 34
65 3 68 3 68 6 65 6 65 3
56 59 58 59 58 61 56 61 56 59
94 47 98 47 98 50 94 50 94 47
17 82 21 82 21 86 17 86 17 82
49 42 52 42 52 45 49 45 49 42
91 7 94 7 94 11 91 11 91 7
17 72 19 72 19 74 17 74 17 72
79 2 81 2 81 5 79 5 79 2
79 90 82 90 82 92 79 92 79 90
94 83 96 83 96 85 94 85 94 83
78 19 82 19 82 22 78 22 78 19
91 78 95 78 95 82 91 82 91 78
4 62 8 62 8 66 4 66 4 62
53 45 55 45 55 48 53 48 53 45
27 41 31 41 31 44 27 44 27 41
5 86 9 86 9 89 5 89 5 86
62 62 65 62 65 64 62 64 62 62
11 96 14 96 14 98 11 98 11 96
44 11 46 11 46 14 44 14 44 11
73 85 77 85 77 88 73 88 73 85
30 59 33 59 33 63 30 63 30 59
21 42 25 42 25 44 21 44 21 42
84 60 86 60 86 63 84 63 84 60
71 43 74 43 74 45 71 45 71 43
66 75 70 75 70 79 66 79 66 75
33 31 35 31 35 33 33 33 33 31
50 89 52 89 52 92 50 92 50 89
32 78 36 78 36 82 32 82 32 78
54 70 58 70 58 74 54 74 54 70
71 30 74 30 74 32 71 32 71 30
66 40 70 40 70 42 66 42 66 40
42 89 44 89 44 91 42 91 42 89
17 6 21 6 21 8 17 8 17 6
91 67 93 67 93 69 91 69 91 67
78 78 80 78 80 80 78 80 78 78
44 69 47 69 47 72 44 72 44 69
7 9 10 9 10 11 7 11 7 9
62 53 66 53 66 55 62 55 62 53
71 11 73 11 73 15 71 15 71 11
84 82 87 82 87 85 84 85 84 82
8 70 12 70 12 73 8 73 8 70
89 50 91 50 91 53 89 53 89 50
8 31 12 31 12 35 8 35 8 31
61 73 64 73 64 76 61 76 61 73
63 86 67 86 67 88 63 88 63 86
26 6 28 6 28 9 26 9 26 6
48 59 52 59 52 61 48 61 48 59
10 20 14 20 14 23 10 23 10 20
47 7 50 7 50 11 47 11 47 7
22 29 24 29 24 31 22 31 22 29
5 18 8 18 8 20 5 20 5 18
62 89 65 89 65 92 62 92 62 89
92 22 94 22 94 26 92 26 92 22
51 85 55 85 55 87 51 87 51 85
48 23 51 23 51 27 48 27 48 23
22 87 26 87 26 90 22 90 22 87
43 53 47 53 47 57 43 57 43 53
20 47 23 47 23 50 20 50 20 47
51 37 55 37 55 41 51 41 51 37
95 89 98 89 98 92 95 92 95 89
31 11 35 11 35 13 31 13 31 11
37 35 39 35 39 38 37 38 37 35
79 49 81 49 81 51 79 51 79 49
39 58 43 58 43 60 39 60 39 58
57 20 61 20 61 24 57 24 57 20
74 8 77 8 77 11 74 11 74 8
74 68 77 68 77 72 74 72 74 68
57 92 61 92 61 96 57 96 57 92
94 95 97 95 97 97 94 97 94 95
8 12 10 12 10 15 8 15 8 12
10 48 13 48 13 52 10 52 10 48
84 15 86 15 86 19 84 19 84 15
64 45 66 45 66 47 64 47 64 45
77 12 80 12 80 16 77 16 77 12
23 72 26 72 26 75 23 75 23 72
57 64 61 64 61 67 57 67 57 64
62 93 65 93 65 97 62 97 62 93
16 57 19 57 19 61 16 61 16 57
92 13 95 13 95 16 92 16 92 13
70 4 73 4 73 6 70 6 70 4
38 61 40 61 40 63 38 63 38 61
46 93 48 93 48 95 46 95 46 93
24 22 26 22 26 26 24 26 24 22
35 4 39 4 39 6 35 6 35 4
57 79 60 79 60 82 57 82 57 79
75 56 77 56 77 58 75 58 75 56
72 18 74 18 74 22 72 22 72 18
22 14 26 14 26 16 22 16 22 14
76 60 79 60 79 64 76 64 76 60
36 9 38 9 38 11 36 11 36 9
53 53 56 53 56 56 53 56 53 53
93 18 97 18 97 21 93 21 93 18
6 27 8 27 8 29 6 29 6 27
79 82 83 82 83 84 79 84 79 82
48 51 51 51 51 53 48 53 48 51
58 15 62 15 62 18 58 18 58 15
20 57 23 57 23 60 20 60 20 57
30 89 34 89 34 93 30 93 30 89
6 48 9 48 9 51 6 51 6 48
14 84 16 84 16 87 14 87 14 84
32 73 36 73 36 77 32 77 32 73
8 96 10 96 10 98 8 98 8 96
53 93 56 93 56 97 53 97 53 93
33 68 35 68 35 72 33 72 33 68
48 31 50 31 50 34 48 34 48 31
32 43 36 43 36 46 32 46 32 43
26 65 28 65 28 69 26 69 26 65
2 57 5 57 5 59 2 59 2 57
48 70 50 70 50 73 48 73 48 70
45 64 49 64 49 66 45 66 45 64
86 51 88 51 88 53 86 53 86 51
15 20 17 20 17 22 15 22 15 20
32 22 35 22 35 25 32 25 32 22
28 13 30 13 30 17 28 17 28 13
20 25 22 25 22 27 20 27 20 25
88 32 92 32 92 35 88 35 88 32
