58 42 62 42 62 45 58 45 58 42
75 76 79 76 79 79 75 79 75 76
81 51 84 51 84 53 81 53 81 51
82 48 84 48 84 50 82 50 82 48
94 90 96 90 96 92 94 92 94 90
56 34 60 34 60 36 56 36 56 34
33 2 37 2 37 4 33 4 33 2
45 66 47 66 47 70 45 70 45 66
43 10 46 10 46 14 43 14 43 10
57 85 60 85 60 87 57 87 57 85
33 45 35 45 35 48 33 48 33 45
35 69 39 69 39 72 35 72 35 69
4 59 7 59 7 63 4 63 4 59
62 75 64 75 64 77 62 77 62 75
11 27 13 27 13 29 11 29 11 27
32 10 36 10 36 14 32 14 32 10
95 20 97 20 97 22 95 22 95 20
65 79 67 79 67 82 65 82 65 79
49 2 52 2 52 6 49 6 49 2
61 69 63 69 63 73 61 73 61 69
45 22 49 22 49 24 45 24 45 22
23 61 26 61 26 65 23 65 23 61
12 37 14 37 14 39 12 39 12 37
21 94 25 94 25 96 21 96 21 94
88 15 91 15 91 19 88 19 88 15
37 15 40 15 40 17 37 17 37 15
76 93 79 93 79 97 76 97 76 93
95 42 97 42 97 46 95 46 95 42
42 53 45 53 45 56 42 56 42 53
47 85 50 85 50 88 47 88 47 85
73 86 75 86 75 88 73 88 73 86
41 68 44 68 44 71 41 71 41 68
11 32 15 32 15 35 11 35 11 32
33 60 37 60 37 62 33 62 33 60
13 88 16 88 16 91 13 91 13 88
45 89 49 89 49 93 45 93 45 89
57 19 61 19 61 21 57 21 57 19
51 66 55 66 55 69 51 69 51 66
27 87 30 87 30 90 27 90 27 87
76 7 78 7 78 9 76 9 76 7
95 29 98 29 98 31 95 31 95 29
18 84 22 84 22 86 18 86 18 84
3 49 6 49 6 52 3 52 3 49
16 5 19 5 19 8 16 8 16 5
93 2 97 2 97 6 93 6 93 2
4 86 8 86 8 88 4 88 4 86
31 32 34 32 34 36 31 36 31 32
55 72 59 72 59 76 55 76 55 72
77 15 81 15 81 17 77 17 77 15
86 56 90 56 90 58 86 58 86 56
92 14 94 14 94 18 92 18 92 14
47 60 50 60 50 64 47 64 47 60
71 59 74 59 74 63 71 63 71 59
8 59 12 59 12 61 8 61 8 59
16 16 18 16 18 20 16 20 16 16
7 66 11 66 11 69 7 69 7 66
80 42 82 42 82 44 80 44 80 42
35 82 37 82 37 84 35 84 35 82
91 37 93 37 93 39 91 39 91 37
36 91 38 91 38 94 36 94 36 91
34 64 37 64 37 67 34 67 34 64
60 37 63 37 63 39 60 39 60 37
14 95 17 95 17 97 14 97 14 95
77 61 81 61 81 65 77 65 77 61
9 93 12 93 12 97 9 97 9 93
37 95 39 95 39 97 37 97 37 95
92 56 95 56 95 59 92 59 92 56
90 27 93 27 93 31 90 31 90 27
14 40 18 40 18 43 14 43 14 40
38 84 42 84 42 87 38 87 38 84
80 85 83 85 83 89 80 89 80 85
83 80 86 80 86 84 83 84 83 80
20 10 22 10 22 13 20 13 20 10
70 67 72 67 72 70 70 70 70 67
64 52 68 52 68 55 64 55 64 52
63 20 65 20 65 24 63 24 63 20
91 7 94 7 94 11 91 11 91 7
75 33 77 33 77 37 75 37 75 33
28 56 30 56 30 59 28 59 28 56
72 82 75 82 75 84 72 84 72 82
90 20 92 20 92 22 90 22 90 20
81 18 85 18 85 21 81 21 81 18
63 88 67 88 67 90 63 90 63 88
59 47 62 47 62 49 59 49 59 47
68 47 71 47 71 50 68 50 68 47
65 25 69 25 69 27 65 27 65 25
10 18 12 18 12 20 10 20 10 18
86 70 89 70 89 72 86 72 86 70
61 5 65 5 65 9 61 9 61 5
57 4 60 4 60 8 57 8 57 4
43 78 45 78 45 80 43 80 43 78
48 15 51 15 51 19 48 19 48 15
47 26 50 26 50 28 47 28 47 26
17 72 21 72 21 76 17 76 17 72
5 43 8 43 8 45 5 45 5 43
47 76 51 76 51 78 47 78 47 76
54 17 56 17 56 19 54 19 54 17
29 70 33 70 33 72 29 72 29 70
45 6 48 6 48 8 45 8 45 6
79 10 82 10 82 13 79 13 79 10
6 36 9 36 9 38 6 38 6 36
7 26 10 26 10 28 7 28 7 26
56 55 59 55 59 59 56 59 56 55
10 73 12 73 12 77 10 77 10 73
76 81 80 81 80 84 76 84 76 81
18 46 20 46 20 48 18 48 18 46
72 49 74 49 74 53 72 53 72 49
50 89 52 89 52 91 50 91 50 89
64 59 68 59 68 61 64 61 64 59
81 5 83 5 83 8 81 8 81 5
95 60 97 60 97 63 95 63 95 60
62 81 64 81 64 84 62 84 62 81
41 90 44 90 44 92 41 92 41 90
41 16 44 16 44 18 41 18 41 16
4 11 8 11 8 14 4 14 4 11
17 90 19 90 19 92 17 92 17 90
51 54 55 54 55 56 51 56 51 54
85 85 88 85 88 88 85 88 85 85
67 10 69 10 69 14 67 14 67 10
46 81 48 81 48 83 46 83 46 81
82 91 86 91 86 94 82 94 82 91
17 32 20 32 20 36 17 36 17 32
39 12 41 12 41 14 39 14 39 12
68 83 70 83 70 86 68 86 68 83
21 32 24 32 24 36 21 36 21 32
87 32 89 32 89 36 87 36 87 32
74 66 76 66 76 69 74 69 74 66
23 77 25 77 25 81 23 81 23 77
9 80 12 80 12 82 9 82 9 80
22 90 26 90 26 92 22 92 22 90
56 69 58 69 58 71 56 71 56 69
71 89 73 89 73 93 71 93 71 89
57 23 59 23 59 27 57 27 57 23
40 20 43 20 43 23 40 23 40 20
70 74 74 74 74 76 70 76 70 74
64 36 66 36 66 40 64 40 64 36
6 3 10 3 10 5 6 5 6 3
2 18 6 18 6 22 2 22 2 18
38 60 42 60 42 63 38 63 38 60
29 16 32 16 32 19 29 19 29 16
14 62 16 62 16 64 14 64 14 62
33 54 37 54 37 57 33 57 33 54
38 3 40 3 40 6 38 6 38 3
2 32 4 32 4 34 2 34 2 32
87 45 90 45 90 47 87 47 87 45
72 16 74 16 74 19 72 19 72 16
79 73 83 73 83 75 79 75 79 73
95 23 98 23 98 26 95 26 95 23
27 41 29 41 29 45 27 45 27 41
23 53 26 53 26 56 23 56 23 53
40 35 44 35 44 39 40 39 40 35
25 36 28 36 28 39 25 39 25 36
78 35 80 35 80 38 78 38 78 35
17 59 20 59 20 61 17 61 17 59
95 95 98 95 98 98 95 98 95 95
61 10 65 10 65 14 61 14 61 10
21 50 25 50 25 52 21 52 21 50
77 66 80 66 80 70 77 70 77 66
21 43 23 43 23 45 21 45 21 43
53 4 55 4 55 6 53 6 53 4
32 89 34 89 34 91 32 91 32 89
60 52 62 52 62 55 60 55 60 52
67 17 69 17 69 19 67 19 67 17
75 27 78 27 78 30 75 30 75 27
91 81 93 81 93 84 91 84 91 81
69 42 72 42 72 45 69 45 69 42
94 64 98 64 98 68 94 68 94 64
91 42 94 42 94 44 91 44 91 42
17 64 19 64 19 68 17 68 17 64
45 30 47 30 47 32 45 32 45 30
4 55 6 55 6 58 4 58 4 55
19 53 22 53 22 55 19 55 19 53
15 10 18 10 18 13 15 13 15 10
54 96 58 96 58 98 54 98 54 96
22 24 24 24 24 27 22 27 22 24
15 22 18 22 18 24 15 24 15 22
70 27 72 27 72 30 70 30 70 27
8 8 10 8 10 10 8 10 8 8
95 71 98 71 98 74 95 74 95 71
10 85 12 85 12 87 10 87 10 85
3 75 7 75 7 79 3 79 3 75
2 40 6 40 6 42 2 42 2 40
85 62 87 62 87 65 85 65 85 62
13 5 15 5 15 7 13 7 13 5
37 28 41 28 41 31 37 31 37 28
29 20 31 20 31 22 29 22 29 20
83 57 85 57 85 59 83 59 83 57
69 5 71 5 71 8 69 8 69 5
33 21 36 21 36 25 33 25 33 21
42 2 44 2 44 6 42 6 42 2
51 80 54 80 54 82 51 82 51 80
54 48 56 48 56 50 54 50 54 48
53 77 57 77 57 79 53 79 53 77
24 12 27 12 27 14 24 14 24 12
32 75 36 75 36 78 32 78 32 75
82 95 86 95 86 98 82 98 82 95
61 29 63 29 63 31 61 31 61 29
79 29 83 29 83 33 79 33 79 29
89 49 92 49 92 53 89 53 89 49
38 43 40 43 40 47 38 47 38 43
45 33 48 33 48 37 45 37 45 33
31 94 33 94 33 96 31 96 31 94
66 31 68 31 68 35 66 35 66 31
26 24 28 24 28 26 26 26 26 24
84 32 86 32 86 36 84 36 84 32
45 42 48 42 48 44 45 44 45 42
28 46 30 46 30 50 28 50 28 46
12 51 14 51 14 55 12 55 12 51
70 77 74 77 74 80 70 80 70 77
29 5 31 5 31 8 29 8 29 5
46 47 50 47 50 51 46 51 46 47
59 60 63 60 63 62 59 62 59 60
82 22 84 22 84 25 82 25 82 22
65 92 69 92 69 95 65 95 65 92
47 72 51 72 51 74 47 74 47 72
26 19 28 19 28 22 26 22 26 19
49 36 53 36 53 38 49 38 49 36
74 39 76 39 76 42 74 42 74 39
56 37 59 37 59 41 56 41 56 37
67 36 70 36 70 39 67 39 67 36
81 77 85 77 85 79 81 79 81 77
95 8 97 8 97 12 95 12 95 8
71 56 75 56 75 58 71 58 71 56
22 3 25 3 25 5 22 5 22 3
39 81 41 81 41 83 39 83 39 81
35 87 37 87 37 90 35 90 35 87
25 66 28 66 28 70 25 70 25 66
43 85 45 85 45 87 43 87 43 85
41 46 44 46 44 48 41 48 41 46
11 8 13 8 13 11 11 11 11 8
63 32 65 32 65 34 63 34 63 32
32 5 36 5 36 7 32 7 32 5
58 88 60 88 60 91 58 91 58 88
2 25 6 25 6 29 2 29 2 25
25 82 28 82 28 85 25 85 25 82
13 79 15 79 15 83 13 83 13 79
91 88 93 88 93 92 91 92 91 88
16 78 18 78 18 80 16 80 16 78
93 34 97 34 97 36 93 36 93 34
16 52 18 52 18 54 16 54 16 52
10 63 12 63 12 65 10 65 10 63
89 75 91 75 91 79 89 79 89 75
86 37 90 37 90 39 86 39 86 37
94 75 96 75 96 77 94 77 94 75
16 37 19 37 19 39 16 39 16 37
54 89 57 89 57 91 54 91 54 89
10 21 12 21 12 23 10 23 10 21
49 10 51 10 51 14 49 14 49 10
74 22 76 22 76 24 74 24 74 22
95 47 97 47 97 50 95 50 95 47
