28 73 30 73 30 76 28 76 28 73
54 53 56 53 56 57 54 57 54 53
5 30 8 30 8 32 5 32 5 30
93 28 96 28 96 30 93 30 93 28
61 49 64 49 64 53 61 53 61 49
18 28 20 28 20 30 18 30 18 28
64 26 68 26 68 29 64 29 64 26
39 14 43 14 43 18 39 18 39 14
87 36 90 36 90 40 87 40 87 36
90 46 94 46 94 49 90 49 90 46
76 94 80 94 80 97 76 97 76 94
23 78 27 78 27 80 23 80 23 78
28 6 31 6 31 8 28 8 28 6
35 43 39 43 39 47 35 47 35 43
70 31 72 31 72 35 70 35 70 31
45 50 47 50 47 54 45 54 45 50
92 35 96 35 96 39 92 39 92 35
30 25 33 25 33 28 30 28 30 25
4 62 6 62 6 65 4 65 4 62
69 69 71 69 71 73 69 73 69 69
12 56 16 56 16 58 12 58 12 56
87 75 89 75 89 79 87 79 87 75
25 69 27 69 27 72 25 72 25 69
16 40 18 40 18 44 16 44 16 40
76 62 78 62 78 66 76 66 76 62
88 17 92 17 92 20 88 20 88 17
68 5 72 5 72 8 68 8 68 5
62 57 65 57 65 60 62 60 62 57
33 56 36 56 36 60 33 60 33 56
26 50 29 50 29 54 26 54 26 50
90 62 94 62 94 65 90 65 90 62
25 29 27 29 27 33 25 33 25 29
46 34 48 34 48 36 46 36 46 34
33 33 35 33 35 37 33 37 33 33
38 29 40 29 40 33 38 33 38 29
87 48 89 48 89 51 87 51 87 48
5 36 7 36 7 40 5 40 5 36
86 53 90 53 90 57 86 57 86 53
54 18 56 18 56 21 54 21 54 18
52 61 56 61 56 63 52 63 52 61
95 4 98 4 98 8 95 8 95 4
34 73 36 73 36 76 34 76 34 73
21 88 23 88 23 91 21 91 21 88
24 24 26 24 26 27 24 27 24 24
77 32 81 32 81 36 77 36 77 32
58 32 60 32 60 34 58 34 58 32
50 87 52 87 52 89 50 89 50 87
49 43 52 43 52 47 49 47 49 43
47 78 51 78 51 82 47 82 47 78
52 14 56 14 56 16 52 16 52 14
2 46 4 46 4 48 2 48 2 46
70 60 73 60 73 63 70 63 70 60
59 73 61 73 61 76 59 76 59 73
61 80 63 80 63 82 61 82 61 80
23 3 27 3 27 6 23 6 23 3
82 34 85 34 85 37 82 37 82 34
49 55 52 55 52 57 49 57 49 55
2 10 6 10 6 14 2 14 2 10
70 17 73 17 73 19 70 19 70 17
44 61 46 61 46 63 44 63 44 61
35 80 39 80 39 82 35 82 35 80
32 64 34 64 34 67 32 67 32 64
68 79 71 79 71 82 68 82 68 79
20 17 23 17 23 20 20 20 20 17
2 87 5 87 5 91 2 91 2 87
46 71 48 71 48 73 46 73 46 71
50 65 53 65 53 68 50 68 50 65
24 56 27 56 27 60 24 60 24 56
13 73 16 73 16 75 13 75 13 73
69 50 73 50 73 53 69 53 69 50
9 91 13 91 13 95 9 95 9 91
59 28 61 28 61 30 59 30 59 28
83 4 86 4 86 6 83 6 83 4
48 3 50 3 50 7 48 7 48 3
18 45 20 45 20 48 18 48 18 45
46 21 48 21 48 24 46 24 46 21
79 37 81 37 81 40 79 40 79 37
21 13 23 13 23 15 21 15 21 13
18 11 20 11 20 14 18 14 18 11
44 39 46 39 46 41 44 41 44 39
20 50 23 50 23 54 20 54 20 50
65 10 68 10 68 13 65 13 65 10
47 9 51 9 51 13 47 13 47 9
23 81 26 81 26 85 23 85 23 81
57 9 59 9 59 11 57 11 57 9
63 93 66 93 66 95 63 95 63 93
36 67 38 67 38 69 36 69 36 67
78 45 80 45 80 48 78 48 78 45
2 71 6 71 6 73 2 73 2 71
88 69 91 69 91 71 88 71 88 69
79 24 81 24 81 27 79 27 79 24
7 43 10 43 10 47 7 47 7 43
64 76 67 76 67 79 64 79 64 76
48 59 51 59 51 62 48 62 48 59
28 80 30 80 30 84 28 84 28 80
42 2 44 2 44 5 42 5 42 2
63 42 67 42 67 46 63 46 63 42
32 77 35 77 35 79 32 79 32 77
40 50 44 50 44 54 40 54 40 50
24 21 27 21 27 23 24 23 24 21
94 18 96 18 96 20 94 20 94 18
95 44 98 44 98 48 95 48 95 44
41 58 45 58 45 60 41 60 41 58
76 67 78 67 78 71 76 71 76 67
89 87 92 87 92 90 89 90 89 87
14 67 17 67 17 71 14 71 14 67
26 94 30 94 30 96 26 96 26 94
85 82 89 82 89 84 85 84 85 82
70 74 72 74 72 76 70 76 70 74
8 35 11 35 11 37 8 37 8 35
21 93 24 93 24 97 21 97 21 93
60 63 64 63 64 67 60 67 60 63
58 16 62 16 62 20 58 20 58 16
59 40 61 40 61 43 59 43 59 40
70 65 74 65 74 68 70 68 70 65
32 6 36 6 36 9 32 9 32 6
67 23 71 23 71 25 67 25 67 23
79 59 81 59 81 63 79 63 79 59
41 28 43 28 43 31 41 31 41 28
14 50 18 50 18 53 14 53 14 50
40 37 43 37 43 40 40 40 40 37
88 94 92 94 92 97 88 97 88 94
38 91 42 91 42 95 38 95 38 91
49 70 52 70 52 73 49 73 49 70
55 6 57 6 57 8 55 8 55 6
40 82 42 82 42 86 40 86 40 82
77 16 79 16 79 18 77 18 77 16
28 12 30 12 30 16 28 16 28 12
35 89 37 89 37 93 35 93 35 89
91 21 93 21 93 23 91 23 91 21
70 44 72 44 72 46 70 46 70 44
33 95 35 95 35 97 33 97 33 95
17 35 19 35 19 38 17 38 17 35
24 18 26 18 26 20 24 20 24 18
43 42 47 42 47 45 43 45 43 42
83 15 86 15 86 18 83 18 83 15
8 77 10 77 10 79 8 79 8 77
95 9 97 9 97 12 95 12 95 9
10 83 12 83 12 86 10 86 10 83
17 23 20 23 20 27 17 27 17 23
35 18 38 18 38 20 35 20 35 18
53 38 55 38 55 40 53 40 53 38
67 54 69 54 69 58 67 58 67 54
55 70 57 70 57 72 55 72 55 70
54 83 56 83 56 87 54 87 54 83
53 89 57 89 57 92 53 92 53 89
83 65 87 65 87 68 83 68 83 65
71 37 74 37 74 40 71 40 71 37
60 77 62 77 62 79 60 79 60 77
11 21 14 21 14 24 11 24 11 21
48 25 51 25 51 28 48 28 48 25
19 58 23 58 23 62 19 62 19 58
95 59 97 59 97 62 95 62 95 59
56 43 58 43 58 45 56 45 56 43
59 24 61 24 61 27 59 27 59 24
75 86 79 86 79 88 75 88 75 86
6 4 9 4 9 6 6 6 6 4
81 75 83 75 83 77 81 77 81 75
59 90 62 90 62 92 59 92 59 90
64 37 66 37 66 40 64 40 64 37
38 71 42 71 42 74 38 74 38 71
46 87 48 87 48 91 46 91 46 87
78 12 81 12 81 15 78 15 78 12
76 29 79 29 79 31 76 31 76 29
12 25 15 25 15 27 12 27 12 25
63 4 66 4 66 8 63 8 63 4
5 25 7 25 7 28 5 28 5 25
29 91 32 91 32 93 29 93 29 91
79 70 81 70 81 73 79 73 79 70
52 29 54 29 54 33 52 33 52 29
32 51 35 51 35 54 32 54 32 51
76 80 78 80 78 82 76 82 76 80
54 22 58 22 58 24 54 24 54 22
28 65 31 65 31 68 28 68 28 65
36 22 40 22 40 24 36 24 36 22
74 91 77 91 77 93 74 93 74 91
17 72 21 72 21 75 17 75 17 72
67 31 69 31 69 35 67 35 67 31
94 23 97 23 97 26 94 26 94 23
10 52 12 52 12 54 10 54 10 52
28 55 30 55 30 58 28 58 28 55
30 44 34 44 34 48 30 48 30 44
5 48 9 48 9 51 5 51 5 48
80 54 83 54 83 58 80 58 80 54
62 21 65 21 65 23 62 23 62 21
67 14 69 14 69 16 67 16 67 14
93 74 95 74 95 76 93 76 93 74
18 79 22 79 22 82 18 82 18 79
35 25 37 25 37 29 35 29 35 25
14 63 17 63 17 65 14 65 14 63
21 63 23 63 23 65 21 65 21 63
2 93 6 93 6 97 2 97 2 93
49 35 52 35 52 38 49 38 49 35
83 90 85 90 85 94 83 94 83 90
87 61 89 61 89 64 87 64 87 61
82 95 86 95 86 98 82 98 82 95
6 57 9 57 9 61 6 61 6 57
36 85 39 85 39 88 36 88 36 85
92 68 96 68 96 71 92 71 92 68
80 79 84 79 84 83 80 83 80 79
70 84 73 84 73 87 70 87 70 84
22 45 25 45 25 47 22 47 22 45
75 83 78 83 78 85 75 85 75 83
67 37 70 37 70 40 67 40 67 37
12 45 15 45 15 48 12 48 12 45
14 28 17 28 17 32 14 32 14 28
66 86 69 86 69 89 66 89 66 86
41 64 43 64 43 66 41 66 41 64
41 8 45 8 45 10 41 10 41 8
24 13 26 13 26 17 24 17 24 13
73 2 77 2 77 6 73 6 73 2
49 93 53 93 53 95 49 95 49 93
25 39 27 39 27 42 25 42 25 39
87 41 89 41 89 44 87 44 87 41
60 9 63 9 63 13 60 13 60 9
56 50 60 50 60 52 56 52 56 50
42 21 44 21 44 25 42 25 42 21
44 74 46 74 46 78 44 78 44 74
57 55 60 55 60 59 57 59 57 55
95 40 98 40 98 42 95 42 95 40
31 38 34 38 34 42 31 42 31 38
10 10 14 10 14 13 10 13 10 10
65 47 67 47 67 49 65 49 65 47
29 32 31 32 31 36 29 36 29 32
16 87 18 87 18 90 16 90 16 87
15 6 17 6 17 8 15 8 15 6
20 33 22 33 22 36 20 36 20 33
58 83 60 83 60 87 58 87 58 83
57 46 59 46 59 49 57 49 57 46
16 59 18 59 18 61 16 61 16 59
75 73 77 73 77 77 75 77 75 73
91 82 93 82 93 84 91 84 91 82
54 64 57 64 57 67 54 67 54 64
67 95 70 95 70 97 67 97 67 95
4 83 7 83 7 85 4 85 4 83
18 4 22 4 22 6 18 6 18 4
61 36 63 36 63 38 61 38 61 36
8 40 10 40 10 42 8 42 8 40
3 78 6 78 6 80 3 80 3 78
50 51 53 51 53 54 50 54 50 51
77 7 81 7 81 9 77 9 77 7
87 10 91 10 91 12 87 12 87 10
79 21 82 21 82 23 79 23 79 21
22 9 24 9 24 11 22 11 22 9
82 11 84 11 84 14 82 14 82 11
17 84 19 84 19 86 17 86 17 84
64 31 66 31 66 34 64 34 64 31
84 69 87 69 87 71 84 71 84 69
72 22 75 22 75 26 72 26 72 22
70 13 74 13 74 15 70 15 70 13
