46 26 50 26 50 29 46 29 46 26
68 42 71 42 71 46 68 46 68 42
3 78 5 78 5 81 3 81 3 78
54 69 56 69 56 73 54 73 54 69
72 39 75 39 75 41 72 41 72 39
22 65 24 65 24 68 22 68 22 65
52 30 56 30 56 33 52 33 52 30
24 49 28 49 28 53 24 53 24 49
75 33 78 33 78 36 75 36 75 33
76 42 80 42 80 46 76 46 76 42
21 21 25 21 25 23 21 23 21 21
90 81 93 81 93 85 90 85 90 81
20 16 23 16 23 20 20 20 20 16
81 43 84 43 84 46 81 46 81 43
73 23 77 23 77 25 73 25 73 23
72 75 75 75 75 79 72 79 72 75
9 28 13 28 13 32 9 32 9 28
52 63 56 63 56 66 52 66 52 63
79 48 82 48 82 50 79 50 79 48
62 19 65 19 65 23 62 23 62 19
93 33 97 33 97 35 93 35 93 33
5 94 8 94 8 98 5 98 5 94
57 24 60 24 60 26 57 26 57 24
72 49 75 49 75 53 72 53 72 49
31 96 34 96 34 98 31 98 31 96
94 94 98 94 98 96 94 96 94 94
27 43 31 43 31 46 27 46 27 43
53 50 56 50 56 53 53 53 53 50
45 20 47 20 47 22 45 22 45 20
44 47 46 47 46 50 44 50 44 47
37 11 39 11 39 14 37 14 37 11
6 82 9 82 9 86 6 86 6 82
69 48 71 48 71 51 69 51 69 48
44 88 47 88 47 92 44 92 44 88
29 53 33 53 33 57 29 57 29 53
65 36 69 36 69 40 65 40 65 36
77 75 81 75 81 78 77 78 77 75
17 68 20 68 20 70 17 70 17 68
50 74 52 74 52 77 50 77 50 74
11 52 13 52 13 56 11 56 11 52
49 91 53 91 53 95 49 95 49 91
20 6 24 6 24 8 20 8 20 6
81 52 84 52 84 56 81 56 81 52
73 94 77 94 77 96 73 96 73 94
62 43 64 43 64 46 62 46 62 43
40 57 44 57 44 59 40 59 40 57
31 60 34 60 34 62 31 62 31 60
12 92 15 92 15 96 12 96 12 92
83 47 85 47 85 50 83 50 83 47
24 75 28 75 28 79 24 79 24 75
42 41 46 41 46 44 42 44 42 41
16 80 18 80 18 84 16 84 16 80
94 49 97 49 97 52 94 52 94 49
37 65 39 65 39 68 37 68 37 65
64 31 66 31 66 34 64 34 64 31
73 88 77 88 77 92 73 92 73 88
45 63 48 63 48 65 45 65 45 63
43 75 45 75 45 79 43 79 43 75
21 81 23 81 23 85 21 85 21 81
30 33 33 33 33 36 30 36 30 33
14 40 18 40 18 43 14 43 14 40
65 75 67 75 67 77 65 77 65 75
38 18 42 18 42 22 38 22 38 18
93 63 95 63 95 67 93 67 93 63
45 71 49 71 49 73 45 73 45 71
57 13 59 13 59 17 57 17 57 13
38 31 40 31 40 34 38 34 38 31
3 2 6 2 6 5 3 5 3 2
26 27 28 27 28 31 26 31 26 27
91 86 94 86 94 89 91 89 91 86
59 92 63 92 63 94 59 94 59 92
83 12 87 12 87 16 83 16 83 12
3 49 6 49 6 53 3 53 3 49
95 82 98 82 98 85 95 85 95 82
52 54 54 54 54 56 52 56 52 54
62 25 65 25 65 27 62 27 62 25
68 22 71 22 71 26 68 26 68 22
4 62 8 62 8 64 4 64 4 62
39 70 43 70 43 74 39 74 39 70
25 2 27 2 27 4 25 4 25 2
11 63 15 63 15 67 11 67 11 63
31 47 34 47 34 51 31 51 31 47
50 81 54 81 54 83 50 83 50 81
57 82 60 82 60 85 57 85 57 82
58 8 62 8 62 10 58 10 58 8
43 52 47 52 47 55 43 55 43 52
47 40 51 40 51 43 47 43 47 40
10 35 13 35 13 37 10 37 10 35
90 18 93 18 93 22 90 22 90 18
14 52 17 52 17 55 14 55 14 52
5 18 8 18 8 21 5 21 5 18
58 3 62 3 62 6 58 6 58 3
32 81 35 81 35 83 32 83 32 81
28 93 31 93 31 95 28 95 28 93
55 54 57 54 57 56 55 56 55 54
87 29 89 29 89 33 87 33 87 29
8 89 11 89 11 91 8 91 8 89
12 81 14 81 14 85 12 85 12 81
38 84 40 84 40 86 38 86 38 84
17 19 19 19 19 23 17 23 17 19
41 28 43 28 43 31 41 31 41 28
24 32 27 32 27 36 24 36 24 32
23 70 27 70 27 74 23 74 23 70
75 15 79 15 79 19 75 19 75 15
4 6 6 6 6 8 4 8 4 6
32 11 34 11 34 14 32 14 32 11
15 35 18 35 18 39 15 39 15 35
67 29 70 29 70 32 67 32 67 29
8 76 12 76 12 78 8 78 8 76
64 53 67 53 67 55 64 55 64 53
40 46 43 46 43 48 40 48 40 46
81 71 84 71 84 73 81 73 81 71
83 36 87 36 87 39 83 39 83 36
73 3 76 3 76 5 73 5 73 3
49 84 52 84 52 87 49 87 49 84
32 75 34 75 34 79 32 79 32 75
53 39 56 39 56 42 53 42 53 39
17 9 20 9 20 12 17 12 17 9
42 7 45 7 45 9 42 9 42 7
51 9 55 9 55 11 51 11 51 9
92 54 96 54 96 57 92 57 92 54
8 14 10 14 10 17 8 17 8 14
82 87 84 87 84 90 82 90 82 87
57 96 60 96 60 98 57 98 57 96
48 37 50 37 50 39 48 39 48 37
66 81 68 81 68 85 66 85 66 81
77 8 79 8 79 12 77 12 77 8
85 67 89 67 89 69 85 69 85 67
3 34 5 34 5 37 3 37 3 34
57 48 59 48 59 51 57 51 57 48
67 14 70 14 70 18 67 18 67 14
3 25 6 25 6 29 3 29 3 25
37 44 39 44 39 48 37 48 37 44
74 9 76 9 76 13 74 13 74 9
90 93 93 93 93 96 90 96 90 93
14 13 18 13 18 15 14 15 14 13
23 87 25 87 25 89 23 89 23 87
59 56 63 56 63 59 59 59 59 56
95 4 98 4 98 8 95 8 95 4
32 65 36 65 36 69 32 69 32 65
69 7 73 7 73 11 69 11 69 7
91 41 93 41 93 44 91 44 91 41
46 4 50 4 50 7 46 7 46 4
26 5 30 5 30 8 26 8 26 5
48 50 50 50 50 53 48 53 48 50
57 19 60 19 60 23 57 23 57 19
60 32 62 32 62 36 60 36 60 32
65 62 67 62 67 64 65 64 65 62
86 85 88 85 88 87 86 87 86 85
39 50 41 50 41 52 39 52 39 50
47 68 50 68 50 70 47 70 47 68
24 12 28 12 28 16 24 16 24 12
35 87 38 87 38 90 35 90 35 87
80 17 83 17 83 21 80 21 80 17
17 92 20 92 20 96 17 96 17 92
46 79 49 79 49 81 46 81 46 79
47 8 50 8 50 12 47 12 47 8
92 13 96 13 96 17 92 17 92 13
45 56 49 56 49 58 45 58 45 56
40 77 42 77 42 80 40 80 40 77
26 80 30 80 30 84 26 84 26 80
87 57 89 57 89 61 87 61 87 57
34 18 36 18 36 21 34 21 34 18
12 22 16 22 16 25 12 25 12 22
24 59 27 59 27 63 24 63 24 59
46 15 50 15 50 18 46 18 46 15
62 96 65 96 65 98 62 98 62 96
33 15 37 15 37 17 33 17 33 15
24 38 28 38 28 40 24 40 24 38
3 59 6 59 6 61 3 61 3 59
69 71 71 71 71 75 69 75 69 71
59 68 62 68 62 71 59 71 59 68
77 55 79 55 79 58 77 58 77 55
72 59 76 59 76 63 72 63 72 59
51 88 54 88 54 90 51 90 51 88
81 24 84 24 84 26 81 26 81 24
80 58 83 58 83 62 80 62 80 58
18 75 22 75 22 78 18 78 18 75
63 49 65 49 65 52 63 52 63 49
53 6 57 6 57 8 53 8 53 6
92 76 95 76 95 80 92 80 92 76
5 39 8 39 8 43 5 43 5 39
9 58 13 58 13 62 9 62 9 58
86 80 89 80 89 82 86 82 86 80
29 86 31 86 31 88 29 88 29 86
32 26 36 26 36 29 32 29 32 26
73 66 76 66 76 69 73 69 73 66
66 96 68 96 68 98 66 98 66 96
20 43 23 43 23 45 20 45 20 43
65 9 68 9 68 11 65 11 65 9
43 36 46 36 46 38 43 38 43 36
80 3 83 3 83 5 80 5 80 3
39 2 43 2 43 6 39 6 39 2
54 91 58 91 58 94 54 94 54 91
49 60 51 60 51 62 49 62 49 60
51 18 54 18 54 21 51 21 51 18
59 62 61 62 61 65 59 65 59 62
83 63 86 63 86 65 83 65 83 63
15 46 17 46 17 50 15 50 15 46
90 28 94 28 94 31 90 31 90 28
3 71 5 71 5 75 3 75 3 71
17 59 19 59 19 62 17 62 17 59
64 13 66 13 66 15 64 15 64 13
19 28 23 28 23 31 19 31 19 28
39 37 41 37 41 39 39 39 39 37
21 91 25 91 25 95 21 95 21 91
39 93 42 93 42 96 39 96 39 93
12 72 15 72 15 75 12 75 12 72
67 86 71 86 71 88 67 88 67 86
77 81 79 81 79 83 77 83 77 81
82 93 85 93 85 95 82 95 82 93
34 2 38 2 38 4 34 4 34 2
75 29 79 29 79 31 75 31 75 29
52 23 56 23 56 26 52 26 52 23
93 60 97 60 97 62 93 62 93 60
2 67 5 67 5 70 2 70 2 67
90 4 92 4 92 7 90 7 90 4
21 2 23 2 23 4 21 4 21 2
27 65 31 65 31 69 27 69 27 65
9 68 11 68 11 70 9 70 9 68
29 23 33 23 33 25 29 25 29 23
37 78 39 78 39 81 37 81 37 78
20 39 23 39 23 41 20 41 20 39
9 8 12 8 12 11 9 11 9 8
49 31 51 31 51 35 49 35 49 31
77 51 79 51 79 53 77 53 77 51
51 13 53 13 53 16 51 16 51 13
28 17 30 17 30 20 28 20 28 17
77 66 79 66 79 69 77 69 77 66
59 72 62 72 62 74 59 74 59 72
17 86 19 86 19 89 17 89 17 86
61 75 64 75 64 79 61 79 61 75
65 68 68 68 68 72 65 72 65 68
18 46 20 46 20 50 18 50 18 46
30 39 34 39 34 41 30 41 30 39
64 88 66 88 66 90 64 90 64 88
8 46 10 46 10 48 8 48 8 46
28 89 32 89 32 92 28 92 28 89
9 39 13 39 13 43 9 43 9 39
4 30 8 30 8 32 4 32 4 30
70 91 72 91 72 93 70 93 70 91
56 27 58 27 58 29 56 29 56 27
69 61 71 61 71 64 69 64 69 61
22 54 26 54 26 56 22 56 22 54
54 76 56 76 56 79 54 79 54 76
57 87 60 87 60 89 57 89 57 87
30 70 34 70 34 72 30 72 30 70
87 74 91 74 91 76 87 76 87 74
37 60 39 60 39 62 37 62 37 60
87 93 89 93 89 97 87 97 87 93
