14 32 18 32 18 35 14 35 14 32
23 46 26 46 26 50 23 50 23 46
49 4 52 4 52 8 49 8 49 4
49 43 51 43 51 47 49 47 49 43
23 52 25 52 25 56 23 56 23 52
11 89 13 89 13 91 11 91 11 89
80 94 84 94 84 96 80 96 80 94
89 81 92 81 92 83 89 83 89 81
85 5 88 5 88 9 85 9 85 5
49 73 52 73 52 76 49 76 49 73
74 63 78 63 78 67 74 67 74 63
15 82 17 82 17 84 15 84 15 82
72 46 75 46 75 49 72 49 72 46
40 43 44 43 44 46 40 46 40 43
85 43 89 43 89 45 85 45 85 43
24 32 26 32 26 34 24 34 24 32
69 12 72 12 72 15 69 15 69 12
75 19 79 19 79 22 75 22 75 19
2 62 6 62 6 64 2 64 2 62
8 60 11 60 11 62 8 62 8 60
4 78 8 78 8 80 4 80 4 78
64 79 66 79 66 82 64 82 64 79
76 2 79 2 79 6 76 6 76 2
15 23 19 23 19 27 15 27 15 23
43 31 46 31 46 35 43 35 43 31
94 2 96 2 96 4 94 4 94 2
63 50 67 50 67 53 63 53 63 50
28 67 31 67 31 70 28 70 28 67
3 51 7 51 7 54 3 54 3 51
54 54 58 54 58 56 54 56 54 54
78 15 80 15 80 18 78 18 78 15
45 89 47 89 47 92 45 92 45 89
62 35 65 35 65 37 62 37 62 35
59 14 62 14 62 16 59 16 59 14
65 91 67 91 67 94 65 94 65 91
45 69 47 69 47 73 45 73 45 69
85 50 87 50 87 53 85 53 85 50
93 14 96 14 96 18 93 18 93 14
4 17 7 17 7 20 4 20 4 17
46 63 48 63 48 67 46 67 46 63
54 29 56 29 56 31 54 31 54 29
72 71 76 71 76 73 72 73 72 71
86 89 90 89 90 91 86 91 86 89
7 55 9 55 9 58 7 58 7 55
81 49 84 49 84 53 81 53 81 49
81 34 83 34 83 37 81 37 81 34
81 73 85 73 85 76 81 76 81 73
48 79 51 79 51 82 48 82 48 79
68 42 72 42 72 44 68 44 68 42
10 93 14 93 14 95 10 95 10 93
27 90 29 90 29 92 27 92 27 90
41 60 43 60 43 64 41 64 41 60
34 29 36 29 36 31 34 31 34 29
7 65 10 65 10 69 7 69 7 65
76 87 80 87 80 90 76 90 76 87
80 79 82 79 82 83 80 83 80 79
59 10 63 10 63 13 59 13 59 10
39 36 42 36 42 38 39 38 39 36
2 24 5 24 5 26 2 26 2 24
59 93 62 93 62 96 59 96 59 93
9 52 13 52 13 54 9 54 9 52
39 69 41 69 41 73 39 73 39 69
48 50 50 50 50 52 48 52 48 50
48 60 50 60 50 62 48 62 48 60
70 64 72 64 72 66 70 66 70 64
54 13 57 13 57 16 54 16 54 13
66 60 68 60 68 63 66 63 66 60
30 22 34 22 34 24 30 24 30 22
73 53 75 53 75 57 73 57 73 53
91 31 95 31 95 35 91 35 91 31
13 48 17 48 17 50 13 50 13 48
61 64 63 64 63 66 61 66 61 64
25 81 28 81 28 84 25 84 25 81
58 29 61 29 61 31 58 31 58 29
59 38 63 38 63 40 59 40 59 38
8 73 11 73 11 77 8 77 8 73
71 25 75 25 75 28 71 28 71 25
57 34 59 34 59 36 57 36 57 34
63 25 65 25 65 28 63 28 63 25
33 8 37 8 37 11 33 11 33 8
13 7 15 7 15 11 13 11 13 7
80 57 83 57 83 60 80 60 80 57
68 47 71 47 71 51 68 51 68 47
73 29 75 29 75 31 73 31 73 29
64 38 66 38 66 41 64 41 64 38
64 12 68 12 68 15 64 15 64 12
37 59 39 59 39 63 37 63 37 59
36 93 40 93 40 95 36 95 36 93
89 27 93 27 93 30 89 30 89 27
12 60 15 60 15 64 12 64 12 60
24 25 27 25 27 29 24 29 24 25
81 61 83 61 83 64 81 64 81 61
54 67 56 67 56 71 54 71 54 67
2 7 4 7 4 11 2 11 2 7
39 33 41 33 41 35 39 35 39 33
94 65 97 65 97 68 94 68 94 65
6 22 8 22 8 26 6 26 6 22
29 52 33 52 33 54 29 54 29 52
83 23 87 23 87 26 83 26 83 23
44 78 47 78 47 80 44 80 44 78
91 73 93 73 93 75 91 75 91 73
25 12 29 12 29 14 25 14 25 12
22 77 26 77 26 79 22 79 22 77
11 14 15 14 15 17 11 17 11 14
27 38 30 38 30 42 27 42 27 38
19 57 22 57 22 59 19 59 19 57
41 55 44 55 44 57 41 57 41 55
91 22 93 22 93 26 91 26 91 22
61 83 63 83 63 87 61 87 61 83
34 89 37 89 37 91 34 91 34 89
47 34 50 34 50 36 47 36 47 34
67 23 69 23 69 26 67 26 67 23
38 21 40 21 40 25 38 25 38 21
43 84 45 84 45 87 43 87 43 84
68 19 71 19 71 21 68 21 68 19
12 73 15 73 15 75 12 75 12 73
63 5 65 5 65 7 63 7 63 5
44 17 46 17 46 19 44 19 44 17
15 52 17 52 17 54 15 54 15 52
29 77 33 77 33 79 29 79 29 77
74 91 77 91 77 95 74 95 74 91
53 37 57 37 57 40 53 40 53 37
12 69 14 69 14 72 12 72 12 69
94 25 98 25 98 27 94 27 94 25
88 47 91 47 91 51 88 51 88 47
34 65 37 65 37 69 34 69 34 65
67 65 69 65 69 68 67 68 67 65
52 80 55 80 55 84 52 84 52 80
16 4 18 4 18 7 16 7 16 4
78 28 81 28 81 32 78 32 78 28
79 9 83 9 83 12 79 12 79 9
6 4 10 4 10 7 6 7 6 4
44 14 47 14 47 16 44 16 44 14
96 90 98 90 98 93 96 93 96 90
71 84 73 84 73 87 71 87 71 84
27 71 29 71 29 73 27 73 27 71
20 65 22 65 22 68 20 68 20 65
52 92 55 92 55 96 52 96 52 92
69 76 73 76 73 78 69 78 69 76
83 68 85 68 85 72 83 72 83 68
34 26 38 26 38 28 34 28 34 26
57 7 61 7 61 9 57 9 57 7
82 4 84 4 84 7 82 7 82 4
16 41 19 41 19 45 16 45 16 41
19 72 23 72 23 76 19 76 19 72
7 40 11 40 11 44 7 44 7 40
44 49 46 49 46 51 44 51 44 49
70 4 74 4 74 8 70 8 70 4
19 31 23 31 23 35 19 35 19 31
35 52 37 52 37 56 35 56 35 52
63 75 66 75 66 78 63 78 63 75
26 8 28 8 28 10 26 10 26 8
78 69 80 69 80 73 78 73 78 69
83 38 86 38 86 42 83 42 83 38
11 28 13 28 13 31 11 31 11 28
74 36 76 36 76 40 74 40 74 36
66 86 69 86 69 90 66 90 66 86
33 93 35 93 35 96 33 96 33 93
59 70 63 70 63 74 59 74 59 70
84 65 86 65 86 67 84 67 84 65
6 87 9 87 9 91 6 91 6 87
28 43 31 43 31 47 28 47 28 43
35 14 37 14 37 17 35 17 35 14
58 57 62 57 62 60 58 60 58 57
40 3 44 3 44 6 40 6 40 3
71 33 73 33 73 35 71 35 71 33
33 57 35 57 35 59 33 59 33 57
26 4 30 4 30 7 26 7 26 4
50 26 52 26 52 29 50 29 50 26
12 43 14 43 14 47 12 47 12 43
86 56 90 56 90 59 86 59 86 56
66 2 68 2 68 4 66 4 66 2
17 60 19 60 19 63 17 63 17 60
38 84 42 84 42 88 38 88 38 84
95 59 98 59 98 61 95 61 95 59
87 12 90 12 90 15 87 15 87 12
22 8 25 8 25 10 22 10 22 8
96 83 98 83 98 86 96 86 96 83
18 53 21 53 21 55 18 55 18 53
58 25 60 25 60 28 58 28 58 25
13 85 15 85 15 87 13 87 13 85
2 91 4 91 4 94 2 94 2 91
23 88 25 88 25 90 23 90 23 88
16 74 18 74 18 77 16 77 16 74
19 47 22 47 22 51 19 51 19 47
43 94 46 94 46 96 43 96 43 94
92 76 94 76 94 80 92 80 92 76
68 52 71 52 71 56 68 56 68 52
75 42 79 42 79 45 75 45 75 42
44 59 47 59 47 61 44 61 44 59
93 52 97 52 97 55 93 55 93 52
88 65 92 65 92 67 88 67 88 65
70 9 73 9 73 11 70 11 70 9
74 82 77 82 77 86 74 86 74 82
23 94 27 94 27 98 23 98 23 94
27 58 31 58 31 61 27 61 27 58
71 58 75 58 75 60 71 60 71 58
91 3 93 3 93 5 91 5 91 3
70 91 73 91 73 95 70 95 70 91
92 86 95 86 95 88 92 88 92 86
18 92 22 92 22 95 18 95 18 92
59 88 63 88 63 90 59 90 59 88
35 73 38 73 38 75 35 75 35 73
96 69 98 69 98 71 96 71 96 69
92 69 95 69 95 72 92 72 92 69
49 94 51 94 51 98 49 98 49 94
63 42 65 42 65 45 63 45 63 42
21 37 25 37 25 41 21 41 21 37
64 56 66 56 66 58 64 58 64 56
13 56 16 56 16 58 13 58 13 56
93 9 97 9 97 11 93 11 93 9
23 21 25 21 25 23 23 23 23 21
37 76 41 76 41 80 37 80 37 76
2 69 6 69 6 72 2 72 2 69
39 65 43 65 43 68 39 68 39 65
58 45 61 45 61 47 58 47 58 45
92 42 96 42 96 46 92 46 92 42
14 19 17 19 17 22 14 22 14 19
50 22 53 22 53 25 50 25 50 22
30 15 34 15 34 17 30 17 30 15
3 65 5 65 5 68 3 68 3 65
49 69 51 69 51 72 49 72 49 69
93 38 97 38 97 41 93 41 93 38
87 60 89 60 89 63 87 63 87 60
22 62 24 62 24 64 22 64 22 62
52 62 54 62 54 66 52 66 52 62
90 61 92 61 92 64 90 64 90 61
14 37 17 37 17 40 14 40 14 37
27 85 30 85 30 89 27 89 27 85
9 79 12 79 12 83 9 83 9 79
47 37 51 37 51 40 47 40 47 37
62 29 65 29 65 31 62 31 62 29
79 23 81 23 81 25 79 25 79 23
88 76 90 76 90 79 88 79 88 76
7 34 9 34 9 38 7 38 7 34
94 22 96 22 96 24 94 24 94 22
40 81 42 81 42 83 40 83 40 81
16 8 19 8 19 12 16 12 16 8
32 35 36 35 36 37 32 37 32 35
2 33 5 33 5 37 2 37 2 33
38 54 40 54 40 58 38 58 38 54
49 55 53 55 53 58 49 58 49 55
2 55 5 55 5 57 2 57 2 55
37 47 40 47 40 51 37 51 37 47
54 72 57 72 57 74 54 74 54 72
83 15 86 15 86 18 83 18 83 15
57 81 60 81 60 85 57 85 57 81
74 79 76 79 76 81 74 81 74 79
61 21 63 21 63 24 61 24 61 21
8 9 12 9 12 12 8 12 8 9
