66 44 69 44 69 48 66 48 66 44
85 26 89 26 89 28 85 28 85 26
19 7 21 7 21 9 19 9 19 7
14 69 17 69 17 72 14 72 14 69
94 61 98 61 98 64 94 64 94 61
33 49 37 49 37 51 33 51 33 49
61 86 63 86 63 90 61 90 61 86
31 55 33 55 33 59 31 59 31 55
81 82 83 82 83 84 81 84 81 82
89 33 91 33 91 35 89 35 89 33
2 47 6 47 6 50 2 50 2 47
9 78 11 78 11 82 9 82 9 78
79 46 81 46 81 48 79 48 79 46
12 59 15 59 15 63 12 63 12 59
40 66 42 66 42 70 40 70 40 66
58 73 62 73 62 75 58 75 58 73
52 81 54 81 54 85 52 85 52 81
27 78 29 78 29 81 27 81 27 78
4 33 6 33 6 37 4 37 4 33
93 65 95 65 95 68 93 68 93 65
23 21 26 21 26 23 23 23 23 21
12 28 16 28 16 32 12 32 12 28
2 90 5 90 5 93 2 93 2 90
71 8 75 8 75 12 71 12 71 8
64 3 67 3 67 5 64 5 64 3
69 69 73 69 73 72 69 72 69 69
91 70 95 70 95 73 91 73 91 70
72 50 76 50 76 54 72 54 72 50
79 58 83 58 83 61 79 61 79 58
49 93 51 93 51 96 49 96 49 93
53 43 55 43 55 47 53 47 53 43
46 89 48 89 48 93 46 93 46 89
59 42 62 42 62 44 59 44 59 42
12 65 16 65 16 67 12 67 12 65
57 24 59 24 59 28 57 28 57 24
17 12 19 12 19 14 17 14 17 12
92 89 95 89 95 91 92 91 92 89
26 63 29 63 29 67 26 67 26 63
29 19 32 19 32 21 29 21 29 19
18 94 22 94 22 97 18 97 18 94
19 18 22 18 22 22 19 22 19 18
31 11 35 11 35 14 31 14 31 11
60 65 63 65 63 68 60 68 60 65
54 64 57 64 57 68 54 68 54 64
48 46 52 46 52 50 48 50 48 46
80 39 84 39 84 43 80 43 80 39
33 27 36 27 36 31 33 31 33 27
46 58 50 58 50 62 46 62 46 58
70 46 72 46 72 49 70 49 70 46
65 75 67 75 67 77 65 77 65 75
21 72 23 72 23 76 21 76 21 72
33 4 35 4 35 8 33 8 33 4
83 88 85 88 85 90 83 90 83 88
47 21 49 21 49 23 47 23 47 21
54 32 56 32 56 35 54 35 54 32
7 48 9 48 9 51 7 51 7 48
27 32 31 32 31 36 27 36 27 32
88 82 92 82 92 85 88 85 88 82
71 81 73 81 73 83 71 83 71 81
2 10 6 10 6 13 2 13 2 10
47 70 51 70 51 73 47 73 47 70
93 15 95 15 95 17 93 17 93 15
76 43 79 43 79 45 76 45 76 43
24 11 26 11 26 15 24 15 24 11
21 2 25 2 25 6 21 6 21 2
87 48 89 48 89 50 87 50 87 48
47 39 51 39 51 41 47 41 47 39
83 18 86 18 86 22 83 22 83 18
77 11 80 11 80 13 77 13 77 11
60 10 62 10 62 14 60 14 60 10
79 67 83 67 83 70 79 70 79 67
56 88 59 88 59 90 56 90 56 88
90 7 94 7 94 10 90 10 90 7
79 22 82 22 82 24 79 24 79 22
32 95 36 95 36 98 32 98 32 95
92 50 96 50 96 53 92 53 92 50
96 70 98 70 98 72 96 72 96 70
72 14 75 14 75 18 72 18 72 14
22 25 24 25 24 28 22 28 22 25
87 61 91 61 91 63 87 63 87 61
12 51 14 51 14 54 12 54 12 51
58 2 61 2 61 4 58 4 58 2
73 20 76 20 76 23 73 23 73 20
20 36 22 36 22 39 20 39 20 36
7 40 10 40 10 43 7 43 7 40
43 47 45 47 45 49 43 49 43 47
68 78 70 78 70 81 68 81 68 78
7 70 10 70 10 73 7 73 7 70
34 22 38 22 38 24 34 24 34 22
70 39 74 39 74 43 70 43 70 39
8 20 11 20 11 24 8 24 8 20
68 89 71 89 71 93 68 93 68 89
68 29 72 29 72 32 68 32 68 29
23 50 27 50 27 52 23 52 23 50
84 93 87 93 87 96 84 96 84 93
89 21 92 21 92 23 89 23 89 21
68 73 72 73 72 77 68 77 68 73
23 87 25 87 25 90 23 90 23 87
37 85 39 85 39 88 37 88 37 85
86 73 88 73 88 75 86 75 86 73
73 84 76 84 76 86 73 86 73 84
6 28 9 28 9 30 6 30 6 28
28 94 31 94 31 97 28 97 28 94
83 52 86 52 86 56 83 56 83 52
21 79 23 79 23 83 21 83 21 79
82 6 84 6 84 9 82 9 82 6
22 45 24 45 24 49 22 49 22 45
38 35 41 35 41 38 38 38 38 35
11 15 15 15 15 19 11 19 11 15
21 32 25 32 25 34 21 34 21 32
66 60 70 60 70 63 66 63 66 60
62 59 65 59 65 61 62 61 62 59
33 75 37 75 37 77 33 77 33 75
95 44 97 44 97 46 95 46 95 44
66 19 68 19 68 21 66 21 66 19
7 31 9 31 9 34 7 34 7 31
3 80 6 80 6 84 3 84 3 80
88 4 91 4 91 6 88 6 88 4
54 21 56 21 56 24 54 24 54 21
58 81 60 81 60 84 58 84 58 81
33 43 35 43 35 45 33 45 33 43
48 8 52 8 52 12 48 12 48 8
36 10 39 10 39 13 36 13 36 10
32 69 35 69 35 73 32 73 32 69
41 93 45 93 45 95 41 95 41 93
19 90 22 90 22 92 19 92 19 90
53 75 56 75 56 79 53 79 53 75
37 67 39 67 39 70 37 70 37 67
77 26 80 26 80 30 77 30 77 26
91 45 94 45 94 47 91 47 91 45
15 45 18 45 18 48 15 48 15 45
40 82 43 82 43 85 40 85 40 82
65 64 69 64 69 67 65 67 65 64
38 32 42 32 42 34 38 34 38 32
79 34 81 34 81 38 79 38 79 34
15 2 18 2 18 4 15 4 15 2
53 95 55 95 55 97 53 97 53 95
66 10 69 10 69 12 66 12 66 10
39 22 42 22 42 25 39 25 39 22
62 6 64 6 64 8 62 8 62 6
61 30 64 30 64 32 61 32 61 30
21 58 24 58 24 61 21 61 21 58
29 86 33 86 33 89 29 89 29 86
86 32 88 32 88 35 86 35 86 32
39 78 43 78 43 81 39 81 39 78
45 84 48 84 48 88 45 88 45 84
68 3 72 3 72 7 68 7 68 3
90 26 94 26 94 30 90 30 90 26
11 36 14 36 14 40 11 40 11 36
30 40 34 40 34 42 30 42 30 40
75 63 78 63 78 66 75 66 75 63
67 35 70 35 70 38 67 38 67 35
2 23 4 23 4 26 2 26 2 23
13 79 17 79 17 82 13 82 13 79
53 52 56 52 56 55 53 55 53 52
75 69 77 69 77 73 75 73 75 69
43 59 45 59 45 61 43 61 43 59
61 26 65 26 65 29 61 29 61 26
5 75 8 75 8 79 5 79 5 75
36 41 39 41 39 43 36 43 36 41
45 33 47 33 47 35 45 35 45 33
48 77 52 77 52 79 48 79 48 77
85 10 89 10 89 13 85 13 85 10
88 36 92 36 92 40 88 40 88 36
43 23 46 23 46 25 43 25 43 23
62 33 66 33 66 35 62 35 62 33
16 41 18 41 18 43 16 43 16 41
53 2 57 2 57 6 53 6 53 2
14 23 18 23 18 25 14 25 14 23
77 81 80 81 80 84 77 84 77 81
73 88 77 88 77 90 73 90 73 88
35 15 39 15 39 18 35 18 35 15
3 16 7 16 7 19 3 19 3 16
5 64 8 64 8 68 5 68 5 64
41 87 44 87 44 89 41 89 41 87
9 86 11 86 11 89 9 89 9 86
27 23 31 23 31 26 27 26 27 23
83 14 86 14 86 16 83 16 83 14
34 32 37 32 37 35 34 35 34 32
55 8 57 8 57 12 55 12 55 8
57 18 61 18 61 21 57 21 57 18
41 26 43 26 43 29 41 29 41 26
28 48 32 48 32 50 28 50 28 48
30 78 34 78 34 82 30 82 30 78
13 94 15 94 15 96 13 96 13 94
39 54 43 54 43 57 39 57 39 54
34 90 37 90 37 94 34 94 34 90
89 54 91 54 91 58 89 58 89 54
95 22 97 22 97 26 95 26 95 22
18 54 20 54 20 56 18 56 18 54
19 48 21 48 21 51 19 51 19 48
25 73 27 73 27 75 25 75 25 73
90 76 94 76 94 79 90 79 90 76
35 53 37 53 37 56 35 56 35 53
78 15 80 15 80 17 78 17 78 15
67 94 69 94 69 98 67 98 67 94
47 36 51 36 51 38 47 38 47 36
64 39 66 39 66 42 64 42 64 39
25 46 27 46 27 49 25 49 25 46
86 66 88 66 88 70 86 70 86 66
75 3 79 3 79 6 75 6 75 3
66 24 69 24 69 26 66 26 66 24
52 59 54 59 54 62 52 62 52 59
20 63 23 63 23 67 20 67 20 63
48 25 50 25 50 28 48 28 48 25
6 53 8 53 8 55 6 55 6 53
57 29 59 29 59 33 57 33 57 29
80 73 84 73 84 76 80 76 80 73
45 2 49 2 49 5 45 5 45 2
57 46 60 46 60 50 57 50 57 46
2 38 4 38 4 41 2 41 2 38
15 75 18 75 18 78 15 78 15 75
22 69 24 69 24 71 22 71 22 69
11 83 13 83 13 85 11 85 11 83
59 53 63 53 63 56 59 56 59 53
96 81 98 81 98 83 96 83 96 81
56 91 60 91 60 93 56 93 56 91
95 33 97 33 97 36 95 36 95 33
32 63 34 63 34 65 32 65 32 63
75 75 78 75 78 79 75 79 75 75
64 14 68 14 68 16 64 16 64 14
4 59 6 59 6 63 4 63 4 59
73 29 75 29 75 32 73 32 73 29
94 37 97 37 97 41 94 41 94 37
77 50 80 50 80 52 77 52 77 50
63 46 65 46 65 48 63 48 63 46
17 59 20 59 20 62 17 62 17 59
7 4 9 4 9 8 7 8 7 4
41 44 43 44 43 46 41 46 41 44
60 77 62 77 62 79 60 79 60 77
26 6 29 6 29 9 26 9 26 6
29 74 31 74 31 77 29 77 29 74
65 71 67 71 67 73 65 73 65 71
24 16 27 16 27 18 24 18 24 16
58 60 60 60 60 63 58 63 58 60
25 37 28 37 28 40 25 40 25 37
20 87 22 87 22 89 20 89 20 87
71 33 74 33 74 35 71 35 71 33
73 59 76 59 76 62 73 62 73 59
43 9 45 9 45 11 43 11 43 9
72 65 74 65 74 67 72 67 72 65
42 38 45 38 45 40 42 40 42 38
11 44 13 44 13 48 11 48 11 44
89 93 91 93 91 97 89 97 89 93
81 2 83 2 83 4 81 4 81 2
14 87 18 87 18 90 14 90 14 87
95 76 97 76 97 79 95 79 95 76
43 13 47 13 47 15 43 15 43 13
65 90 67 90 67 93 65 93 65 90
35 79 38 79 38 82 35 82 35 79
