41 3 43 3 43 7 41 7 41 3
7 51 10 51 10 55 7 55 7 51
58 73 62 73 62 76 58 76 58 73
73 70 75 70 75 73 73 73 73 70
66 4 69 4 69 7 66 7 66 4
25 39 27 39 27 41 25 41 25 39
67 33 69 33 69 36 67 36 67 33
37 13 40 13 40 15 37 15 37 13
65 24 67 24 67 28 65 28 65 24
14 66 18 66 18 70 14 70 14 66
71 24 74 24 74 26 71 26 71 24
26 47 29 47 29 50 26 50 26 47
86 80 89 80 89 84 86 84 86 80
14 13 17 13 17 16 14 16 14 13
27 88 31 88 31 92 27 92 27 88
12 87 14 87 14 89 12 89 12 87
30 19 33 19 33 23 30 23 30 19
86 58 89 58 89 60 86 60 86 58
83 43 85 43 85 47 83 47 83 43
91 48 95 48 95 51 91 51 91 48
29 38 32 38 32 40 29 40 29 38
83 90 87 90 87 94 83 94 83 90
77 87 79 87 79 89 77 89 77 87
7 88 11 88 11 91 7 91 7 88
47 80 49 80 49 83 47 83 47 80
23 50 25 50 25 53 23 53 23 50
41 24 45 24 45 28 41 28 41 24
19 66 21 66 21 70 19 70 19 66
57 44 60 44 60 48 57 48 57 44
32 4 35 4 35 7 32 7 32 4
15 9 18 9 18 12 15 12 15 9
33 34 36 34 36 37 33 37 33 34
66 54 70 54 70 58 66 58 66 54
59 36 62 36 62 39 59 39 59 36
34 72 36 72 36 76 34 76 34 72
57 66 61 66 61 68 57 68 57 66
79 31 83 31 83 33 79 33 79 31
40 90 44 90 44 93 40 93 40 90
25 2 27 2 27 4 25 4 25 2
39 77 43 77 43 81 39 81 39 77
14 30 17 30 17 33 14 33 14 30
3 46 6 46 6 49 3 49 3 46
12 77 16 77 16 80 12 80 12 77
8 82 11 82 11 86 8 86 8 82
72 40 76 40 76 42 72 42 72 40
42 53 46 53 46 55 42 55 42 53
38 8 42 8 42 11 38 11 38 8
86 52 88 52 88 56 86 56 86 52
76 12 80 12 80 15 76 15 76 12
82 69 85 69 85 72 82 72 82 69
9 72 12 72 12 75 9 75 9 72
26 78 29 78 29 80 26 80 26 78
49 24 51 24 51 26 49 26 49 24
36 47 38 47 38 49 36 49 36 47
66 72 70 72 70 76 66 76 66 72
45 40 49 40 49 42 45 42 45 40
19 47 21 47 21 50 19 50 19 47
79 78 81 78 81 82 79 82 79 78
85 66 88 66 88 68 85 68 85 66
31 54 34 54 34 57 31 57 31 54
2 90 4 90 4 93 2 93 2 90
67 38 70 38 70 42 67 42 67 38
93 70 97 70 97 72 93 72 93 70
48 84 52 84 52 88 48 88 48 84
72 31 75 31 75 34 72 34 72 31
41 37 45 37 45 39 41 39 41 37
92 74 96 74 96 76 92 76 92 74
64 79 66 79 66 81 64 81 64 79
18 19 20 19 20 23 18 23 18 19
89 8 92 8 92 12 89 12 89 8
4 58 6 58 6 60 4 60 4 58
9 33 12 33 12 36 9 36 9 33
71 57 74 57 74 59 71 59 71 57
31 45 35 45 35 48 31 48 31 45
25 84 28 84 28 86 25 86 25 84
4 24 8 24 8 27 4 27 4 24
33 39 35 39 35 41 33 41 33 39
13 43 15 43 15 47 13 47 13 43
50 58 52 58 52 61 50 61 50 58
15 84 18 84 18 88 15 88 15 84
27 69 29 69 29 73 27 73 27 69
94 54 96 54 96 56 94 56 94 54
94 57 96 57 96 60 94 60 94 57
64 47 66 47 66 49 64 49 64 47
6 75 8 75 8 78 6 78 6 75
59 22 63 22 63 26 59 26 59 22
66 11 70 11 70 14 66 14 66 11
9 58 11 58 11 60 9 60 9 58
79 26 83 26 83 30 79 30 79 26
47 76 49 76 49 79 47 79 47 76
88 96 92 96 92 98 88 98 88 96
8 41 10 41 10 43 8 43 8 41
73 18 76 18 76 22 73 22 73 18
44 72 47 72 47 75 44 75 44 72
22 56 24 56 24 59 22 59 22 56
74 75 78 75 78 79 74 79 74 75
17 89 21 89 21 93 17 93 17 89
55 80 58 80 58 84 55 84 55 80
60 56 62 56 62 59 60 59 60 56
86 18 90 18 90 20 86 20 86 18
47 7 49 7 49 9 47 9 47 7
64 92 68 92 68 94 64 94 64 92
25 56 27 56 27 59 25 59 25 56
52 53 54 53 54 55 52 55 52 53
8 14 12 14 12 17 8 17 8 14
41 17 44 17 44 21 41 21 41 17
88 38 90 38 90 40 88 40 88 38
14 19 16 19 16 22 14 22 14 19
33 95 37 95 37 97 33 97 33 95
74 4 76 4 76 7 74 7 74 4
12 6 15 6 15 8 12 8 12 6
24 93 28 93 28 97 24 97 24 93
70 80 72 80 72 84 70 84 70 80
5 2 7 2 7 5 5 5 5 2
78 64 81 64 81 66 78 66 78 64
37 38 40 38 40 42 37 42 37 38
4 35 8 35 8 37 4 37 4 35
91 52 93 52 93 55 91 55 91 52
76 50 78 50 78 53 76 53 76 50
95 5 97 5 97 8 95 8 95 5
42 62 45 62 45 66 42 66 42 62
30 70 32 70 32 74 30 74 30 70
21 25 25 25 25 27 21 27 21 25
64 95 67 95 67 98 64 98 64 95
86 31 88 31 88 33 86 33 86 31
32 25 35 25 35 29 32 29 32 25
50 10 52 10 52 12 50 12 50 10
63 68 65 68 65 72 63 72 63 68
94 45 96 45 96 47 94 47 94 45
70 64 74 64 74 66 70 66 70 64
19 5 23 5 23 7 19 7 19 5
36 61 38 61 38 64 36 64 36 61
29 30 32 30 32 32 29 32 29 30
53 10 55 10 55 12 53 12 53 10
93 37 97 37 97 39 93 39 93 37
83 16 85 16 85 20 83 20 83 16
79 45 81 45 81 47 79 47 79 45
22 32 26 32 26 36 22 36 22 32
59 90 63 90 63 93 59 93 59 90
64 59 67 59 67 63 64 63 64 59
18 77 21 77 21 80 18 80 18 77
91 84 94 84 94 87 91 87 91 84
43 56 46 56 46 58 43 58 43 56
84 61 86 61 86 64 84 64 84 61
54 91 56 91 56 94 54 94 54 91
6 94 9 94 9 98 6 98 6 94
91 63 94 63 94 67 91 67 91 63
89 93 93 93 93 95 89 95 89 93
56 49 60 49 60 53 56 53 56 49
26 15 29 15 29 18 26 18 26 15
61 9 65 9 65 11 61 11 61 9
7 66 11 66 11 69 7 69 7 66
79 22 82 22 82 24 79 24 79 22
80 36 83 36 83 39 80 39 80 36
35 56 38 56 38 59 35 59 35 56
47 18 49 18 49 20 47 20 47 18
33 62 35 62 35 66 33 66 33 62
22 87 24 87 24 89 22 89 22 87
6 30 9 30 9 32 6 32 6 30
94 16 96 16 96 19 94 19 94 16
4 83 6 83 6 85 4 85 4 83
47 49 51 49 51 51 47 51 47 49
65 44 69 44 69 46 65 46 65 44
21 12 24 12 24 15 21 15 21 12
39 46 41 46 41 49 39 49 39 46
79 67 81 67 81 69 79 69 79 67
3 40 7 40 7 42 3 42 3 40
70 87 73 87 73 89 70 89 70 87
78 40 80 40 80 42 78 42 78 40
55 21 58 21 58 23 55 23 55 21
61 42 63 42 63 45 61 45 61 42
67 49 71 49 71 51 67 51 67 49
49 92 51 92 51 94 49 94 49 92
56 36 58 36 58 40 56 40 56 36
65 20 69 20 69 23 65 23 65 20
91 33 93 33 93 35 91 35 91 33
29 25 31 25 31 28 29 28 29 25
60 80 63 80 63 84 60 84 60 80
36 88 38 88 38 90 36 90 36 88
3 62 6 62 6 66 3 66 3 62
53 66 56 66 56 70 53 70 53 66
74 92 76 92 76 95 74 95 74 92
28 54 30 54 30 56 28 56 28 54
82 77 85 77 85 80 82 80 82 77
52 73 54 73 54 75 52 75 52 73
16 26 19 26 19 28 16 28 16 26
58 17 61 17 61 19 58 19 58 17
36 24 38 24 38 26 36 26 36 24
89 71 91 71 91 75 89 75 89 71
59 94 62 94 62 96 59 96 59 94
80 49 82 49 82 52 80 52 80 49
21 81 24 81 24 85 21 85 21 81
48 29 52 29 52 31 48 31 48 29
10 19 12 19 12 21 10 21 10 19
74 43 78 43 78 46 74 46 74 43
90 89 93 89 93 92 90 92 90 89
18 41 22 41 22 43 18 43 18 41
12 59 14 59 14 62 12 62 12 59
35 52 39 52 39 54 35 54 35 52
57 31 59 31 59 34 57 34 57 31
75 35 77 35 77 39 75 39 75 35
55 58 57 58 57 60 55 60 55 58
51 39 53 39 53 42 51 42 51 39
92 2 95 2 95 4 92 4 92 2
61 3 64 3 64 5 61 5 61 3
3 11 7 11 7 15 3 15 3 11
51 16 55 16 55 20 51 20 51 16
13 72 17 72 17 74 13 74 13 72
10 37 12 37 12 40 10 40 10 37
2 54 4 54 4 56 2 56 2 54
65 87 69 87 69 90 65 90 65 87
44 68 48 68 48 70 44 70 44 68
53 26 56 26 56 28 53 28 53 26
26 42 30 42 30 44 26 44 26 42
12 24 15 24 15 28 12 28 12 24
20 71 24 71 24 75 20 75 20 71
52 6 54 6 54 9 52 9 52 6
79 6 83 6 83 8 79 8 79 6
76 83 79 83 79 86 76 86 76 83
47 52 50 52 50 54 47 54 47 52
9 62 11 62 11 64 9 64 9 62
56 54 58 54 58 56 56 56 56 54
73 9 76 9 76 11 73 11 73 9
78 55 81 55 81 58 78 58 78 55
27 35 31 35 31 37 27 37 27 35
89 42 91 42 91 44 89 44 89 42
36 28 39 28 39 32 36 32 36 28
78 93 82 93 82 96 78 96 78 93
52 23 54 23 54 25 52 25 52 23
87 22 91 22 91 25 87 25 87 22
26 5 28 5 28 9 26 9 26 5
81 74 83 74 83 76 81 76 81 74
36 67 38 67 38 70 36 70 36 67
2 72 5 72 5 76 2 76 2 72
78 16 81 16 81 20 78 20 78 16
73 28 77 28 77 30 73 30 73 28
29 61 31 61 31 65 29 65 29 61
93 79 97 79 97 81 93 81 93 79
44 30 47 30 47 32 44 32 44 30
71 52 73 52 73 56 71 56 71 52
53 29 56 29 56 33 53 33 53 29
63 50 65 50 65 54 63 54 63 50
56 61 58 61 58 63 56 63 56 61
12 94 16 94 16 98 12 98 12 94
46 62 49 62 49 65 46 65 46 62
39 84 42 84 42 87 39 87 39 84
26 27 28 27 28 31 26 31 26 27
77 3 80 3 80 5 77 5 77 3
7 47 10 47 10 50 7 50 7 47
32 82 34 82 34 84 32 84 32 82
