70 76 72 76 72 79 70 79 70 76
32 77 34 77 34 81 32 81 32 77
62 26 65 26 65 29 62 29 62 26
28 82 32 82 32 86 28 86 28 82
40 95 42 95 42 98 40 98 40 95
16 57 18 57 18 61 16 61 16 57
16 48 18 48 18 51 16 51 16 48
46 90 48 90 48 93 46 93 46 90
73 39 76 39 76 41 73 41 73 39
66 68 70 68 70 72 66 72 66 68
51 82 55 82 55 86 51 86 51 82
77 25 81 25 81 29 77 29 77 25
83 87 87 87 87 89 83 89 83 87
35 78 39 78 39 80 35 80 35 78
68 40 71 40 71 43 68 43 68 40
79 54 82 54 82 58 79 58 79 54
23 62 27 62 27 65 23 65 23 62
44 27 46 27 46 31 44 31 44 27
53 64 56 64 56 66 53 66 53 64
52 36 56 36 56 39 52 39 52 36
25 69 29 69 29 71 25 71 25 69
10 57 14 57 14 60 10 60 10 57
12 14 15 14 15 17 12 17 12 14
76 75 78 75 78 77 76 77 76 75
3 81 6 81 6 84 3 84 3 81
46 59 50 59 50 63 46 63 46 59
96 29 98 29 98 33 96 33 96 29
83 56 85 56 85 60 83 60 83 56
25 15 28 15 28 17 25 17 25 15
54 61 56 61 56 63 54 63 54 61
37 35 40 35 40 38 37 38 37 35
55 90 58 90 58 93 55 93 55 90
20 47 22 47 22 50 20 50 20 47
3 58 5 58 5 60 3 60 3 58
73 18 76 18 76 21 73 21 73 18
52 55 56 55 56 58 52 58 52 55
90 96 92 96 92 98 90 98 90 96
17 30 20 30 20 32 17 32 17 30
78 64 82 64 82 67 78 67 78 64
22 56 26 56 26 58 22 58 22 56
67 75 69 75 69 78 67 78 67 75
30 89 32 89 32 91 30 91 30 89
86 38 90 38 90 40 86 40 86 38
28 30 30 30 30 32 28 32 28 30
95 63 97 63 97 67 95 67 95 63
75 57 78 57 78 59 75 59 75 57
32 73 35 73 35 76 32 76 32 73
62 70 65 70 65 74 62 74 62 70
87 77 91 77 91 80 87 80 87 77
41 34 44 34 44 36 41 36 41 34
33 14 35 14 35 17 33 17 33 14
71 85 73 85 73 88 71 88 71 85
58 12 60 12 60 16 58 16 58 12
55 21 58 21 58 23 55 23 55 21
95 24 97 24 97 26 95 26 95 24
39 58 41 58 41 61 39 61 39 58
43 89 45 89 45 91 43 91 43 89
36 94 38 94 38 98 36 98 36 94
92 42 95 42 95 46 92 46 92 42
64 89 67 89 67 93 64 93 64 89
50 15 53 15 53 17 50 17 50 15
40 4 44 4 44 8 40 8 40 4
63 12 65 12 65 16 63 16 63 12
90 32 92 32 92 36 90 36 90 32
9 2 13 2 13 6 9 6 9 2
92 57 95 57 95 60 92 60 92 57
74 83 78 83 78 85 74 85 74 83
90 23 94 23 94 27 90 27 90 23
55 71 59 71 59 73 55 73 55 71
36 68 38 68 38 70 36 70 36 68
22 5 26 5 26 8 22 8 22 5
89 64 93 64 93 68 89 68 89 64
87 55 90 55 90 58 87 58 87 55
26 66 29 66 29 68 26 68 26 66
95 35 97 35 97 39 95 39 95 35
52 95 55 95 55 97 52 97 52 95
50 69 54 69 54 73 50 73 50 69
36 9 39 9 39 12 36 12 36 9
36 56 38 56 38 60 36 60 36 56
82 77 86 77 86 81 82 81 82 77
5 27 8 27 8 31 5 31 5 27
65 81 67 81 67 84 65 84 65 81
91 92 93 92 93 95 91 95 91 92
93 7 95 7 95 9 93 9 93 7
25 28 27 28 27 31 25 31 25 28
56 46 60 46 60 50 56 50 56 46
42 85 44 85 44 88 42 88 42 85
67 2 70 2 70 4 67 4 67 2
95 47 98 47 98 51 95 51 95 47
61 48 63 48 63 52 61 52 61 48
20 79 23 79 23 82 20 82 20 79
74 64 76 64 76 67 74 67 74 64
14 24 18 24 18 27 14 27 14 24
38 15 41 15 41 18 38 18 38 15
95 3 97 3 97 5 95 5 95 3
46 11 50 11 50 13 46 13 46 11
7 45 9 45 9 47 7 47 7 45
77 93 80 93 80 95 77 95 77 93
58 40 62 40 62 44 58 44 58 40
65 55 67 55 67 58 65 58 65 55
71 90 75 90 75 93 71 93 71 90
2 65 5 65 5 67 2 67 2 65
76 36 80 36 80 38 76 38 76 36
4 94 7 94 7 98 4 98 4 94
33 27 37 27 37 30 33 30 33 27
81 44 85 44 85 47 81 47 81 44
53 5 56 5 56 8 53 8 53 5
36 20 38 20 38 23 36 23 36 20
6 67 10 67 10 69 6 69 6 67
12 43 15 43 15 47 12 47 12 43
48 25 50 25 50 27 48 27 48 25
16 37 19 37 19 41 16 41 16 37
87 41 89 41 89 44 87 44 87 41
66 5 70 5 70 9 66 9 66 5
2 10 6 10 6 13 2 13 2 10
14 84 18 84 18 88 14 88 14 84
30 4 32 4 32 7 30 7 30 4
70 50 74 50 74 52 70 52 70 50
60 63 62 63 62 66 60 66 60 63
50 77 53 77 53 79 50 79 50 77
9 31 12 31 12 34 9 34 9 31
44 41 48 41 48 45 44 45 44 41
18 19 21 19 21 22 18 22 18 19
7 12 9 12 9 15 7 15 7 12
47 49 51 49 51 51 47 51 47 49
19 62 22 62 22 66 19 66 19 62
43 68 47 68 47 70 43 70 43 68
7 20 9 20 9 23 7 23 7 20
25 44 29 44 29 47 25 47 25 44
14 73 16 73 16 76 14 76 14 73
86 31 88 31 88 34 86 34 86 31
54 30 57 30 57 32 54 32 54 30
4 15 6 15 6 18 4 18 4 15
88 4 92 4 92 7 88 7 88 4
27 24 31 24 31 27 27 27 27 24
19 4 21 4 21 6 19 6 19 4
19 85 21 85 21 88 19 88 19 85
89 85 91 85 91 89 89 89 89 85
2 68 4 68 4 72 2 72 2 68
81 5 83 5 83 7 81 7 81 5
91 52 95 52 95 54 91 54 91 52
70 44 73 44 73 46 70 46 70 44
36 75 38 75 38 77 36 77 36 75
81 13 85 13 85 15 81 15 81 13
90 15 93 15 93 17 90 17 90 15
40 24 42 24 42 28 40 28 40 24
86 45 90 45 90 48 86 48 86 45
75 86 78 86 78 88 75 88 75 86
4 74 8 74 8 76 4 76 4 74
74 45 78 45 78 48 74 48 74 45
74 8 77 8 77 11 74 11 74 8
16 65 18 65 18 67 16 67 16 65
69 55 72 55 72 57 69 57 69 55
77 16 80 16 80 18 77 18 77 16
49 34 51 34 51 37 49 37 49 34
22 40 24 40 24 43 22 43 22 40
59 77 63 77 63 79 59 79 59 77
72 60 74 60 74 62 72 62 72 60
67 18 70 18 70 21 67 21 67 18
61 35 63 35 63 38 61 38 61 35
46 21 49 21 49 23 46 23 46 21
26 18 30 18 30 22 26 22 26 18
64 64 68 64 68 67 64 67 64 64
3 35 6 35 6 37 3 37 3 35
59 93 62 93 62 97 59 97 59 93
19 44 23 44 23 46 19 46 19 44
3 51 5 51 5 53 3 53 3 51
95 74 98 74 98 76 95 76 95 74
77 69 81 69 81 72 77 72 77 69
81 93 85 93 85 95 81 95 81 93
76 2 79 2 79 6 76 6 76 2
46 79 48 79 48 82 46 82 46 79
81 18 85 18 85 22 81 22 81 18
46 5 49 5 49 9 46 9 46 5
20 59 22 59 22 61 20 61 20 59
45 32 48 32 48 34 45 34 45 32
35 42 37 42 37 45 35 45 35 42
44 52 48 52 48 56 44 56 44 52
63 61 66 61 66 63 63 63 63 61
83 69 87 69 87 73 83 73 83 69
41 29 43 29 43 31 41 31 41 29
31 44 33 44 33 48 31 48 31 44
58 53 60 53 60 56 58 56 58 53
29 94 31 94 31 97 29 97 29 94
86 62 88 62 88 64 86 64 86 62
13 50 15 50 15 53 13 53 13 50
69 94 72 94 72 98 69 98 69 94
50 91 54 91 54 94 50 94 50 91
9 80 11 80 11 84 9 84 9 80
3 47 5 47 5 50 3 50 3 47
71 33 74 33 74 37 71 37 71 33
84 50 87 50 87 53 84 53 84 50
41 49 45 49 45 51 41 51 41 49
22 11 24 11 24 13 22 13 22 11
24 52 27 52 27 54 24 54 24 52
95 84 98 84 98 87 95 87 95 84
78 49 80 49 80 53 78 53 78 49
42 62 45 62 45 64 42 64 42 62
35 48 38 48 38 51 35 51 35 48
50 87 52 87 52 90 50 90 50 87
20 25 23 25 23 28 20 28 20 25
14 9 18 9 18 12 14 12 14 9
96 92 98 92 98 96 96 96 96 92
12 37 14 37 14 39 12 39 12 37
46 84 50 84 50 86 46 86 46 84
73 23 76 23 76 25 73 25 73 23
77 21 79 21 79 24 77 24 77 21
24 76 26 76 26 80 24 80 24 76
39 41 41 41 41 43 39 43 39 41
15 93 19 93 19 96 15 96 15 93
66 27 69 27 69 29 66 29 66 27
8 7 12 7 12 10 8 10 8 7
20 69 22 69 22 73 20 73 20 69
89 18 93 18 93 21 89 21 89 18
31 64 34 64 34 66 31 66 31 64
33 4 36 4 36 8 33 8 33 4
79 82 83 82 83 86 79 86 79 82
56 85 60 85 60 89 56 89 56 85
58 60 61 60 61 62 58 62 58 60
8 89 11 89 11 92 8 92 8 89
22 90 24 90 24 93 22 93 22 90
71 11 73 11 73 15 71 15 71 11
12 78 16 78 16 81 12 81 12 78
58 29 61 29 61 33 58 33 58 29
6 70 10 70 10 72 6 72 6 70
34 35 36 35 36 38 34 38 34 35
7 38 10 38 10 42 7 42 7 38
84 74 86 74 86 76 84 76 84 74
68 12 70 12 70 14 68 14 68 12
43 17 47 17 47 20 43 20 43 17
29 36 33 36 33 38 29 38 29 36
86 20 88 20 88 24 86 24 86 20
58 7 62 7 62 9 58 9 58 7
38 53 41 53 41 55 38 55 38 53
19 7 21 7 21 9 19 9 19 7
48 66 50 66 50 68 48 68 48 66
64 32 68 32 68 36 64 36 64 32
10 22 12 22 12 25 10 25 10 22
87 8 90 8 90 10 87 10 87 8
61 3 64 3 64 5 61 5 61 3
12 54 16 54 16 56 12 56 12 54
65 47 68 47 68 50 65 50 65 47
22 94 24 94 24 96 22 96 22 94
31 59 34 59 34 61 31 61 31 59
31 9 33 9 33 11 31 11 31 9
5 2 8 2 8 5 5 5 5 2
79 32 83 32 83 34 79 34 79 32
73 30 76 30 76 32 73 32 73 30
58 80 62 80 62 84 58 84 58 80
67 59 71 59 71 63 67 63 67 59
