76 86 78 86 78 90 76 90 76 86
67 54 71 54 71 58 67 58 67 54
93 30 96 30 96 34 93 34 93 30
23 33 27 33 27 36 23 36 23 33
57 53 60 53 60 57 57 57 57 53
50 59 53 59 53 61 50 61 50 59
86 49 89 49 89 53 86 53 86 49
83 75 86 75 86 77 83 77 83 75
30 88 32 88 32 90 30 90 30 88
18 18 21 18 21 22 18 22 18 18
52 45 54 45 54 47 52 47 52 45
71 72 74 72 74 76 71 76 71 72
22 67 24 67 24 71 22 71 22 67
64 79 67 79 67 81 64 81 64 79
54 16 58 16 58 20 54 20 54 16
4 31 6 31 6 33 4 33 4 31
42 89 45 89 45 91 42 91 42 89
38 77 41 77 41 79 38 79 38 77
45 21 47 21 47 25 45 25 45 21
12 57 14 57 14 60 12 60 12 57
46 4 50 4 50 7 46 7 46 4
94 54 98 54 98 56 94 56 94 54
20 5 22 5 22 8 20 8 20 5
70 17 73 17 73 19 70 19 70 17
66 70 68 70 68 74 66 74 66 70
75 41 79 41 79 43 75 43 75 41
53 33 56 33 56 37 53 37 53 33
64 50 67 50 67 52 64 52 64 50
67 41 70 41 70 45 67 45 67 41
11 93 15 93 15 96 11 96 11 93
35 48 37 48 37 51 35 51 35 48
79 21 82 21 82 24 79 24 79 21
7 84 9 84 9 87 7 87 7 84
37 15 39 15 39 19 37 19 37 15
65 9 67 9 67 12 65 12 65 9
25 13 28 13 28 16 25 16 25 13
61 6 64 6 64 10 61 10 61 6
27 37 31 37 31 41 27 41 27 37
54 62 57 62 57 66 54 66 54 62
47 12 51 12 51 15 47 15 47 12
27 64 31 64 31 68 27 68 27 64
74 23 76 23 76 25 74 25 74 23
55 92 59 92 59 96 55 96 55 92
6 37 10 37 10 40 6 40 6 37
44 33 48 33 48 35 44 35 44 33
70 85 72 85 72 88 70 88 70 85
47 26 51 26 51 30 47 30 47 26
39 52 43 52 43 56 39 56 39 52
17 66 21 66 21 69 17 69 17 66
90 85 93 85 93 87 90 87 90 85
78 4 82 4 82 6 78 6 78 4
42 67 46 67 46 70 42 70 42 67
38 70 41 70 41 73 38 73 38 70
37 7 39 7 39 10 37 10 37 7
93 63 97 63 97 67 93 67 93 63
72 56 74 56 74 59 72 59 72 56
70 37 72 37 72 39 70 39 70 37
23 6 26 6 26 10 23 10 23 6
77 38 79 38 79 40 77 40 77 38
61 90 63 90 63 94 61 94 61 90
73 29 75 29 75 33 73 33 73 29
93 26 95 26 95 29 93 29 93 26
42 71 45 71 45 73 42 73 42 71
41 25 43 25 43 28 41 28 41 25
59 39 63 39 63 43 59 43 59 39
27 57 29 57 29 61 27 61 27 57
43 37 46 37 46 40 43 40 43 37
12 43 14 43 14 46 12 46 12 43
85 58 88 58 88 62 85 62 85 58
24 46 28 46 28 49 24 49 24 46
88 76 92 76 92 78 88 78 88 76
95 77 98 77 98 81 95 81 95 77
88 22 91 22 91 26 88 26 88 22
83 84 86 84 86 86 83 86 83 84
28 52 30 52 30 55 28 55 28 52
36 65 38 65 38 67 36 67 36 65
79 62 81 62 81 66 79 66 79 62
30 21 32 21 32 23 30 23 30 21
33 11 35 11 35 13 33 13 33 11
33 89 35 89 35 92 33 92 33 89
74 94 76 94 76 98 74 98 74 94
47 43 51 43 51 45 47 45 47 43
8 51 11 51 11 53 8 53 8 51
53 77 55 77 55 81 53 81 53 77
59 16 63 16 63 19 59 19 59 16
6 19 10 19 10 21 6 21 6 19
32 6 35 6 35 9 32 9 32 6
33 71 37 71 37 74 33 74 33 71
78 32 80 32 80 35 78 35 78 32
34 41 38 41 38 43 34 43 34 41
12 50 15 50 15 53 12 53 12 50
26 85 29 85 29 87 26 87 26 85
2 4 6 4 6 8 2 8 2 4
36 2 40 2 40 6 36 6 36 2
80 43 82 43 82 47 80 47 80 43
28 24 31 24 31 27 28 27 28 24
10 72 13 72 13 74 10 74 10 72
55 85 58 85 58 87 55 87 55 85
48 53 52 53 52 56 48 56 48 53
77 15 81 15 81 17 77 17 77 15
88 39 91 39 91 41 88 41 88 39
81 56 84 56 84 60 81 60 81 56
23 91 25 91 25 93 23 93 23 91
47 84 51 84 51 87 47 87 47 84
32 94 35 94 35 98 32 98 32 94
69 77 73 77 73 80 69 80 69 77
76 26 79 26 79 28 76 28 76 26
2 35 5 35 5 39 2 39 2 35
13 20 17 20 17 24 13 24 13 20
13 88 17 88 17 92 13 92 13 88
27 43 29 43 29 45 27 45 27 43
16 13 19 13 19 16 16 16 16 13
74 44 78 44 78 48 74 48 74 44
49 63 51 63 51 66 49 66 49 63
68 47 71 47 71 50 68 50 68 47
19 50 22 50 22 54 19 54 19 50
40 19 43 19 43 21 40 21 40 19
78 10 81 10 81 14 78 14 78 10
56 72 58 72 58 76 56 76 56 72
36 92 40 92 40 95 36 95 36 92
12 76 16 76 16 78 12 78 12 76
87 16 89 16 89 19 87 19 87 16
18 84 22 84 22 87 18 87 18 84
45 16 48 16 48 19 45 19 45 16
3 88 7 88 7 90 3 90 3 88
55 28 58 28 58 30 55 30 55 28
34 52 36 52 36 56 34 56 34 52
37 57 40 57 40 60 37 60 37 57
67 93 69 93 69 97 67 97 67 93
50 69 53 69 53 73 50 73 50 69
58 77 62 77 62 79 58 79 58 77
13 80 16 80 16 84 13 84 13 80
9 67 13 67 13 70 9 70 9 67
27 95 31 95 31 97 27 97 27 95
78 73 80 73 80 75 78 75 78 73
5 51 7 51 7 54 5 54 5 51
18 90 22 90 22 94 18 94 18 90
26 69 29 69 29 73 26 73 26 69
65 88 67 88 67 90 65 90 65 88
47 75 49 75 49 79 47 79 47 75
44 59 48 59 48 62 44 62 44 59
7 56 11 56 11 58 7 58 7 56
30 80 34 80 34 83 30 83 30 80
94 12 96 12 96 16 94 16 94 12
56 45 60 45 60 48 56 48 56 45
23 28 25 28 25 31 23 31 23 28
19 61 23 61 23 63 19 63 19 61
80 88 82 88 82 92 80 92 80 88
3 13 5 13 5 17 3 17 3 13
94 48 97 48 97 50 94 50 94 48
6 74 9 74 9 78 6 78 6 74
59 34 63 34 63 36 59 36 59 34
31 15 34 15 34 18 31 18 31 15
84 67 88 67 88 71 84 71 84 67
8 25 11 25 11 27 8 27 8 25
41 44 44 44 44 48 41 48 41 44
17 71 20 71 20 73 17 73 17 71
42 76 46 76 46 80 42 80 42 76
73 9 75 9 75 11 73 11 73 9
54 55 56 55 56 57 54 57 54 55
64 30 67 30 67 33 64 33 64 30
58 65 62 65 62 68 58 68 58 65
34 30 38 30 38 32 34 32 34 30
23 22 27 22 27 26 23 26 23 22
9 10 11 10 11 13 9 13 9 10
6 63 8 63 8 66 6 66 6 63
86 46 90 46 90 48 86 48 86 46
81 52 83 52 83 54 81 54 81 52
20 14 22 14 22 17 20 17 20 14
14 27 16 27 16 30 14 30 14 27
11 16 13 16 13 18 11 18 11 16
90 5 92 5 92 7 90 7 90 5
32 57 35 57 35 59 32 59 32 57
53 39 56 39 56 43 53 43 53 39
88 31 92 31 92 33 88 33 88 31
40 9 42 9 42 12 40 12 40 9
30 32 33 32 33 36 30 36 30 32
16 40 20 40 20 44 16 44 16 40
94 43 97 43 97 46 94 46 94 43
56 6 58 6 58 10 56 10 56 6
10 86 12 86 12 88 10 88 10 86
66 21 69 21 69 24 66 24 66 21
85 94 88 94 88 97 85 97 85 94
94 17 97 17 97 20 94 20 94 17
4 26 7 26 7 29 4 29 4 26
82 39 85 39 85 41 82 41 82 39
48 92 52 92 52 95 48 95 48 92
19 78 22 78 22 82 19 82 19 78
62 69 65 69 65 71 62 71 62 69
7 2 11 2 11 4 7 4 7 2
34 86 37 86 37 88 34 88 34 86
24 37 26 37 26 41 24 41 24 37
61 59 63 59 63 63 61 63 61 59
69 61 72 61 72 64 69 64 69 61
6 45 9 45 9 48 6 48 6 45
2 75 5 75 5 78 2 78 2 75
23 80 26 80 26 82 23 82 23 80
15 85 17 85 17 87 15 87 15 85
78 67 81 67 81 70 78 70 78 67
68 65 72 65 72 69 68 69 68 65
83 17 86 17 86 19 83 19 83 17
95 6 98 6 98 10 95 10 95 6
72 12 74 12 74 14 72 14 72 12
37 44 40 44 40 46 37 46 37 44
2 64 5 64 5 66 2 66 2 64
49 88 53 88 53 91 49 91 49 88
10 63 14 63 14 65 10 65 10 63
81 78 83 78 83 80 81 80 81 78
59 81 63 81 63 83 59 83 59 81
34 20 38 20 38 22 34 22 34 20
75 51 79 51 79 55 75 55 75 51
80 25 83 25 83 29 80 29 80 25
17 9 21 9 21 12 17 12 17 9
35 34 38 34 38 37 35 37 35 34
27 91 31 91 31 94 27 94 27 91
3 47 5 47 5 49 3 49 3 47
31 48 34 48 34 50 31 50 31 48
9 59 11 59 11 61 9 61 9 59
56 12 58 12 58 15 56 15 56 12
80 93 83 93 83 95 80 95 80 93
89 8 93 8 93 12 89 12 89 8
39 85 41 85 41 87 39 87 39 85
71 41 74 41 74 43 71 43 71 41
5 79 9 79 9 82 5 82 5 79
5 67 7 67 7 69 5 69 5 67
55 21 59 21 59 23 55 23 55 21
83 2 86 2 86 4 83 4 83 2
95 72 98 72 98 76 95 76 95 72
81 72 84 72 84 74 81 74 81 72
85 21 87 21 87 24 85 24 85 21
45 46 48 46 48 48 45 48 45 46
18 31 20 31 20 35 18 35 18 31
92 22 95 22 95 25 92 25 92 22
74 6 76 6 76 8 74 8 74 6
82 63 84 63 84 66 82 66 82 63
73 62 77 62 77 64 73 64 73 62
24 3 28 3 28 5 24 5 24 3
81 30 84 30 84 34 81 34 81 30
66 2 69 2 69 6 66 6 66 2
22 19 26 19 26 21 22 21 22 19
39 41 43 41 43 43 39 43 39 41
69 89 71 89 71 91 69 91 69 89
81 35 84 35 84 37 81 37 81 35
74 69 77 69 77 71 74 71 74 69
52 2 54 2 54 4 52 4 52 2
96 23 98 23 98 25 96 25 96 23
19 55 21 55 21 57 19 57 19 55
59 28 62 28 62 31 59 31 59 28
68 27 72 27 72 29 68 29 68 27
41 81 45 81 45 84 41 84 41 81
