14 49 17 49 17 51 14 51 14 49
29 9 33 9 33 12 29 12 29 9
35 52 38 52 38 55 35 55 35 52
23 5 25 5 25 8 23 8 23 5
81 24 85 24 85 28 81 28 81 24
12 2 14 2 14 6 12 6 12 2
78 85 80 85 80 89 78 89 78 85
75 23 79 23 79 27 75 27 75 23
32 85 36 85 36 89 32 89 32 85
38 42 41 42 41 44 38 44 38 42
48 75 50 75 50 79 48 79 48 75
86 26 89 26 89 29 86 29 86 26
50 42 52 42 52 45 50 45 50 42
64 80 68 80 68 82 64 82 64 80
66 6 68 6 68 9 66 9 66 6
49 94 53 94 53 97 49 97 49 94
70 37 74 37 74 39 70 39 70 37
77 38 79 38 79 42 77 42 77 38
39 21 41 21 41 24 39 24 39 21
47 89 51 89 51 93 47 93 47 89
32 39 36 39 36 41 32 41 32 39
19 47 23 47 23 51 19 51 19 47
54 58 56 58 56 62 54 62 54 58
93 28 97 28 97 32 93 32 93 28
67 75 69 75 69 79 67 79 67 75
18 19 21 19 21 22 18 22 18 19
58 61 62 61 62 64 58 64 58 61
9 40 12 40 12 43 9 43 9 40
11 69 13 69 13 73 11 73 11 69
44 64 47 64 47 68 44 68 44 64
92 4 94 4 94 8 92 8 92 4
23 26 27 26 27 29 23 29 23 26
48 25 51 25 51 28 48 28 48 25
80 30 84 30 84 34 80 34 80 30
43 71 47 71 47 74 43 74 43 71
35 36 37 36 37 38 35 38 35 36
40 13 43 13 43 16 40 16 40 13
7 6 10 6 10 8 7 8 7 6
18 2 20 2 20 4 18 4 18 2
71 81 73 81 73 83 71 83 71 81
17 36 20 36 20 39 17 39 17 36
74 68 78 68 78 70 74 70 74 68
75 43 77 43 77 46 75 46 75 43
42 24 44 24 44 28 42 28 42 24
25 85 29 85 29 88 25 88 25 85
67 48 71 48 71 50 67 50 67 48
84 39 87 39 87 42 84 42 84 39
14 66 18 66 18 68 14 68 14 66
34 43 36 43 36 47 34 47 34 43
87 8 89 8 89 10 87 10 87 8
62 37 66 37 66 39 62 39 62 37
28 19 31 19 31 21 28 21 28 19
85 45 87 45 87 47 85 47 85 45
10 48 13 48 13 52 10 52 10 48
86 63 89 63 89 66 86 66 86 63
14 21 16 21 16 23 14 23 14 21
10 89 13 89 13 93 10 93 10 89
9 19 13 19 13 23 9 23 9 19
64 14 67 14 67 16 64 16 64 14
93 23 97 23 97 27 93 27 93 23
15 27 17 27 17 30 15 30 15 27
46 21 48 21 48 23 46 23 46 21
79 92 83 92 83 96 79 96 79 92
5 82 7 82 7 86 5 86 5 82
26 48 29 48 29 51 26 51 26 48
76 75 78 75 78 78 76 78 76 75
96 85 98 85 98 88 96 88 96 85
91 65 93 65 93 69 91 69 91 65
33 24 36 24 36 26 33 26 33 24
2 63 4 63 4 67 2 67 2 63
4 38 6 38 6 40 4 40 4 38
83 12 85 12 85 15 83 15 83 12
63 91 67 91 67 95 63 95 63 91
21 57 23 57 23 60 21 60 21 57
96 76 98 76 98 78 96 78 96 76
77 3 80 3 80 5 77 5 77 3
15 43 18 43 18 47 15 47 15 43
35 94 39 94 39 96 35 96 35 94
86 93 88 93 88 97 86 97 86 93
16 59 19 59 19 63 16 63 16 59
33 5 36 5 36 8 33 8 33 5
48 37 51 37 51 39 48 39 48 37
22 18 25 18 25 22 22 22 22 18
78 61 82 61 82 65 78 65 78 61
91 82 93 82 93 86 91 86 91 82
88 53 91 53 91 57 88 57 88 53
91 76 94 76 94 80 91 80 91 76
79 78 83 78 83 81 79 81 79 78
60 28 64 28 64 30 60 30 60 28
47 17 49 17 49 19 47 19 47 17
81 19 85 19 85 23 81 23 81 19
73 71 76 71 76 73 73 73 73 71
56 44 58 44 58 46 56 46 56 44
62 42 65 42 65 44 62 44 62 42
41 53 43 53 43 55 41 55 41 53
73 9 76 9 76 13 73 13 73 9
89 39 92 39 92 42 89 42 89 39
40 35 42 35 42 37 40 37 40 35
63 24 65 24 65 27 63 27 63 24
78 54 80 54 80 56 78 56 78 54
54 27 57 27 57 30 54 30 54 27
21 72 23 72 23 76 21 76 21 72
66 45 68 45 68 47 66 47 66 45
11 28 13 28 13 32 11 32 11 28
95 12 97 12 97 15 95 15 95 12
25 78 29 78 29 80 25 80 25 78
26 81 28 81 28 84 26 84 26 81
58 38 60 38 60 42 58 42 58 38
52 36 56 36 56 38 52 38 52 36
65 29 68 29 68 33 65 33 65 29
27 58 30 58 30 62 27 62 27 58
69 22 71 22 71 25 69 25 69 22
79 6 82 6 82 8 79 8 79 6
19 78 21 78 21 82 19 82 19 78
24 14 28 14 28 17 24 17 24 14
2 54 5 54 5 58 2 58 2 54
9 74 11 74 11 78 9 78 9 74
48 81 51 81 51 85 48 85 48 81
41 81 45 81 45 85 41 85 41 81
18 25 22 25 22 29 18 29 18 25
71 27 73 27 73 30 71 30 71 27
8 57 11 57 11 61 8 61 8 57
38 73 40 73 40 76 38 76 38 73
93 92 95 92 95 95 93 95 93 92
89 20 92 20 92 22 89 22 89 20
73 84 76 84 76 88 73 88 73 84
59 47 62 47 62 50 59 50 59 47
61 85 64 85 64 89 61 89 61 85
84 4 88 4 88 7 84 7 84 4
23 94 27 94 27 97 23 97 23 94
18 94 20 94 20 98 18 98 18 94
44 11 47 11 47 13 44 13 44 11
42 91 46 91 46 95 42 95 42 91
34 66 36 66 36 70 34 70 34 66
15 6 18 6 18 9 15 9 15 6
73 57 77 57 77 60 73 60 73 57
49 65 53 65 53 68 49 68 49 65
94 71 96 71 96 73 94 73 94 71
53 86 55 86 55 89 53 89 53 86
43 88 45 88 45 90 43 90 43 88
77 48 79 48 79 52 77 52 77 48
34 18 38 18 38 21 34 21 34 18
82 54 85 54 85 58 82 58 82 54
31 33 33 33 33 35 31 35 31 33
93 36 95 36 95 38 93 38 93 36
55 82 58 82 58 84 55 84 55 82
34 48 38 48 38 51 34 51 34 48
58 5 60 5 60 7 58 7 58 5
39 2 41 2 41 6 39 6 39 2
56 17 60 17 60 20 56 20 56 17
57 73 60 73 60 75 57 75 57 73
86 59 89 59 89 62 86 62 86 59
86 83 90 83 90 85 86 85 86 83
70 68 72 68 72 72 70 72 70 68
2 95 5 95 5 97 2 97 2 95
33 80 35 80 35 83 33 83 33 80
87 35 91 35 91 37 87 37 87 35
19 30 22 30 22 33 19 33 19 30
24 90 27 90 27 93 24 93 24 90
36 14 39 14 39 17 36 17 36 14
5 44 9 44 9 48 5 48 5 44
14 78 16 78 16 81 14 81 14 78
33 74 35 74 35 76 33 76 33 74
12 11 16 11 16 15 12 15 12 11
51 53 55 53 55 55 51 55 51 53
87 67 90 67 90 69 87 69 87 67
69 55 72 55 72 59 69 59 69 55
86 31 90 31 90 34 86 34 86 31
39 56 41 56 41 59 39 59 39 56
79 75 82 75 82 77 79 77 79 75
3 19 6 19 6 21 3 21 3 19
6 33 9 33 9 36 6 36 6 33
58 22 62 22 62 24 58 24 58 22
7 79 9 79 9 81 7 81 7 79
8 28 10 28 10 31 8 31 8 28
80 39 83 39 83 42 80 42 80 39
29 54 33 54 33 56 29 56 29 54
68 18 71 18 71 20 68 20 68 18
3 69 5 69 5 71 3 71 3 69
24 30 26 30 26 32 24 32 24 30
54 47 56 47 56 51 54 51 54 47
33 29 36 29 36 32 33 32 33 29
5 65 8 65 8 67 5 67 5 65
7 68 10 68 10 70 7 70 7 68
94 61 98 61 98 65 94 65 94 61
15 96 17 96 17 98 15 98 15 96
48 9 51 9 51 12 48 12 48 9
80 43 84 43 84 45 80 45 80 43
55 12 57 12 57 15 55 15 55 12
96 19 98 19 98 21 96 21 96 19
27 68 29 68 29 70 27 70 27 68
26 43 28 43 28 45 26 45 26 43
71 43 73 43 73 45 71 45 71 43
83 72 85 72 85 75 83 75 83 72
48 57 52 57 52 61 48 61 48 57
8 94 12 94 12 98 8 98 8 94
20 13 22 13 22 16 20 16 20 13
72 2 74 2 74 4 72 4 72 2
2 23 5 23 5 26 2 26 2 23
25 38 29 38 29 40 25 40 25 38
92 49 94 49 94 53 92 53 92 49
14 83 16 83 16 87 14 87 14 83
69 61 73 61 73 64 69 64 69 61
95 81 97 81 97 84 95 84 95 81
16 70 19 70 19 74 16 74 16 70
38 78 40 78 40 81 38 81 38 78
66 83 69 83 69 87 66 87 66 83
92 10 94 10 94 13 92 13 92 10
80 71 82 71 82 74 80 74 80 71
3 9 7 9 7 11 3 11 3 9
75 15 79 15 79 17 75 17 75 15
55 90 59 90 59 94 55 94 55 90
78 9 82 9 82 13 78 13 78 9
55 65 57 65 57 69 55 69 55 65
31 93 34 93 34 96 31 96 31 93
63 77 66 77 66 79 63 79 63 77
85 90 89 90 89 92 85 92 85 90
22 53 26 53 26 55 22 55 22 53
34 56 38 56 38 59 34 59 34 56
27 33 30 33 30 36 27 36 27 33
90 87 92 87 92 90 90 90 90 87
32 77 35 77 35 79 32 79 32 77
20 63 22 63 22 66 20 66 20 63
55 4 57 4 57 8 55 8 55 4
70 73 72 73 72 76 70 76 70 73
69 40 72 40 72 42 69 42 69 40
38 68 42 68 42 72 38 72 38 68
46 40 48 40 48 42 46 42 46 40
47 43 49 43 49 45 47 45 47 43
51 3 53 3 53 7 51 7 51 3
11 33 14 33 14 35 11 35 11 33
53 73 56 73 56 77 53 77 53 73
3 30 6 30 6 32 3 32 3 30
12 7 14 7 14 10 12 10 12 7
17 86 19 86 19 88 17 88 17 86
2 73 5 73 5 77 2 77 2 73
86 48 89 48 89 52 86 52 86 48
43 60 45 60 45 62 43 62 43 60
95 45 97 45 97 49 95 49 95 45
28 73 31 73 31 77 28 77 28 73
32 14 34 14 34 17 32 17 32 14
66 67 69 67 69 70 66 70 66 67
64 20 66 20 66 22 64 22 64 20
46 33 49 33 49 36 46 36 46 33
38 60 42 60 42 63 38 63 38 60
87 12 89 12 89 15 87 15 87 12
11 16 14 16 14 18 11 18 11 16
83 16 85 16 85 18 83 18 83 16
21 41 24 41 24 44 21 44 21 41
60 53 64 53 64 57 60 57 60 53
