51 14 55 14 55 16 51 16 51 14
85 67 87 67 87 70 85 70 85 67
45 21 47 21 47 25 45 25 45 21
91 94 94 94 94 96 91 96 91 94
68 33 70 33 70 36 68 36 68 33
51 34 55 34 55 37 51 37 51 34
59 69 62 69 62 73 59 73 59 69
93 19 96 19 96 22 93 22 93 19
34 59 36 59 36 61 34 61 34 59
27 81 31 81 31 84 27 84 27 81
3 44 7 44 7 46 3 46 3 44
39 4 41 4 41 7 39 7 39 4
37 93 41 93 41 96 37 96 37 93
27 88 31 88 31 92 27 92 27 88
58 66 61 66 61 68 58 68 58 66
86 73 88 73 88 77 86 77 86 73
33 14 36 14 36 17 33 17 33 14
32 37 36 37 36 41 32 41 32 37
41 43 45 43 45 47 41 47 41 43
37 15 40 15 40 19 37 19 37 15
4 56 7 56 7 59 4 59 4 56
23 81 25 81 25 83 23 83 23 81
55 11 59 11 59 13 55 13 55 11
26 69 28 69 28 72 26 72 26 69
57 83 61 83 61 85 57 85 57 83
20 15 23 15 23 18 20 18 20 15
59 41 63 41 63 44 59 44 59 41
65 12 69 12 69 14 65 14 65 12
94 38 97 38 97 42 94 42 94 38
49 27 53 27 53 30 49 30 49 27
70 19 74 19 74 22 70 22 70 19
34 8 38 8 38 11 34 11 34 8
50 93 52 93 52 97 50 97 50 93
2 50 6 50 6 54 2 54 2 50
63 91 66 91 66 94 63 94 63 91
29 54 33 54 33 56 29 56 29 54
82 46 86 46 86 49 82 49 82 46
34 53 36 53 36 56 34 56 34 53
73 82 75 82 75 86 73 86 73 82
90 48 93 48 93 50 90 50 90 48
42 91 45 91 45 94 42 94 42 91
42 15 44 15 44 17 42 17 42 15
7 67 10 67 10 70 7 70 7 67
21 73 23 73 23 75 21 75 21 73
26 19 30 19 30 22 26 22 26 19
4 9 7 9 7 11 4 11 4 9
96 2 98 2 98 5 96 5 96 2
70 15 74 15 74 18 70 18 70 15
88 57 90 57 90 61 88 61 88 57
76 63 80 63 80 67 76 67 76 63
73 26 77 26 77 28 73 28 73 26
7 18 9 18 9 20 7 20 7 18
21 68 25 68 25 70 21 70 21 68
6 81 9 81 9 85 6 85 6 81
62 50 65 50 65 53 62 53 62 50
13 57 17 57 17 59 13 59 13 57
66 79 70 79 70 83 66 83 66 79
48 4 50 4 50 8 48 8 48 4
53 66 56 66 56 68 53 68 53 66
47 83 49 83 49 87 47 87 47 83
41 36 44 36 44 38 41 38 41 36
71 33 73 33 73 36 71 36 71 33
75 29 77 29 77 33 75 33 75 29
20 7 22 7 22 9 20 9 20 7
74 56 77 56 77 59 74 59 74 56
89 2 93 2 93 6 89 6 89 2
67 6 69 6 69 9 67 9 67 6
22 84 25 84 25 87 22 87 22 84
92 57 96 57 96 60 92 60 92 57
14 84 16 84 16 86 14 86 14 84
86 84 89 84 89 88 86 88 86 84
42 29 46 29 46 33 42 33 42 29
22 88 25 88 25 92 22 92 22 88
61 33 63 33 63 36 61 36 61 33
39 81 42 81 42 84 39 84 39 81
51 52 54 52 54 54 51 54 51 52
23 63 26 63 26 67 23 67 23 63
93 67 95 67 95 70 93 70 93 67
56 48 58 48 58 51 56 51 56 48
81 95 83 95 83 98 81 98 81 95
76 86 79 86 79 90 76 90 76 86
80 89 82 89 82 91 80 91 80 89
64 69 68 69 68 71 64 71 64 69
33 84 35 84 35 87 33 87 33 84
51 3 53 3 53 6 51 6 51 3
58 38 61 38 61 40 58 40 58 38
47 70 49 70 49 73 47 73 47 70
40 49 44 49 44 51 40 51 40 49
49 19 52 19 52 22 49 22 49 19
34 48 37 48 37 52 34 52 34 48
70 59 72 59 72 61 70 61 70 59
30 78 34 78 34 80 30 80 30 78
27 30 30 30 30 33 27 33 27 30
90 41 93 41 93 44 90 44 90 41
90 17 92 17 92 21 90 21 90 17
96 85 98 85 98 88 96 88 96 85
15 94 17 94 17 98 15 98 15 94
74 93 76 93 76 97 74 97 74 93
11 36 13 36 13 38 11 38 11 36
21 49 24 49 24 51 21 51 21 49
53 82 55 82 55 84 53 84 53 82
43 52 45 52 45 55 43 55 43 52
38 56 40 56 40 59 38 59 38 56
49 46 52 46 52 49 49 49 49 46
82 35 84 35 84 39 82 39 82 35
85 2 87 2 87 5 85 5 85 2
61 27 64 27 64 29 61 29 61 27
12 70 15 70 15 72 12 72 12 70
15 41 18 41 18 45 15 45 15 41
88 10 92 10 92 12 88 12 88 10
74 7 78 7 78 11 74 11 74 7
66 47 70 47 70 50 66 50 66 47
88 34 92 34 92 37 88 37 88 34
69 23 73 23 73 25 69 25 69 23
57 87 60 87 60 91 57 91 57 87
56 95 58 95 58 98 56 98 56 95
27 16 31 16 31 18 27 18 27 16
12 63 16 63 16 67 12 67 12 63
92 26 96 26 96 30 92 30 92 26
23 77 25 77 25 80 23 80 23 77
4 76 8 76 8 79 4 79 4 76
3 29 5 29 5 33 3 33 3 29
7 40 11 40 11 43 7 43 7 40
46 50 50 50 50 53 46 53 46 50
11 82 13 82 13 85 11 85 11 82
10 93 12 93 12 96 10 96 10 93
54 20 56 20 56 22 54 22 54 20
2 66 4 66 4 70 2 70 2 66
59 45 61 45 61 47 59 47 59 45
70 39 72 39 72 41 70 41 70 39
56 56 58 56 58 60 56 60 56 56
39 73 41 73 41 77 39 77 39 73
83 90 85 90 85 92 83 92 83 90
25 39 29 39 29 41 25 41 25 39
29 25 31 25 31 28 29 28 29 25
90 74 92 74 92 78 90 78 90 74
10 50 14 50 14 54 10 54 10 50
43 62 46 62 46 65 43 65 43 62
4 36 8 36 8 38 4 38 4 36
36 43 40 43 40 45 36 45 36 43
91 51 93 51 93 54 91 54 91 51
70 43 73 43 73 45 70 45 70 43
78 12 80 12 80 14 78 14 78 12
25 58 27 58 27 60 25 60 25 58
37 27 39 27 39 30 37 30 37 27
23 36 27 36 27 38 23 38 23 36
38 22 42 22 42 25 38 25 38 22
18 60 21 60 21 63 18 63 18 60
16 46 20 46 20 49 16 49 16 46
74 73 78 73 78 75 74 75 74 73
19 78 22 78 22 82 19 82 19 78
96 77 98 77 98 80 96 80 96 77
66 51 70 51 70 53 66 53 66 51
29 46 31 46 31 49 29 49 29 46
69 89 72 89 72 92 69 92 69 89
66 86 68 86 68 90 66 90 66 86
36 80 38 80 38 84 36 84 36 80
38 39 40 39 40 41 38 41 38 39
94 47 96 47 96 50 94 50 94 47
3 18 5 18 5 20 3 20 3 18
16 4 18 4 18 6 16 6 16 4
51 38 54 38 54 42 51 42 51 38
21 44 24 44 24 47 21 47 21 44
94 51 96 51 96 54 94 54 94 51
58 17 60 17 60 20 58 20 58 17
79 80 82 80 82 84 79 84 79 80
27 42 31 42 31 45 27 45 27 42
51 60 54 60 54 62 51 62 51 60
80 52 84 52 84 55 80 55 80 52
78 17 81 17 81 19 78 19 78 17
62 62 66 62 66 66 62 66 62 62
63 23 66 23 66 25 63 25 63 23
79 3 82 3 82 6 79 6 79 3
74 47 77 47 77 49 74 49 74 47
16 73 20 73 20 76 16 76 16 73
27 65 31 65 31 68 27 68 27 65
35 72 37 72 37 74 35 74 35 72
24 11 28 11 28 13 24 13 24 11
50 9 54 9 54 13 50 13 50 9
31 96 34 96 34 98 31 98 31 96
64 16 66 16 66 20 64 20 64 16
85 29 88 29 88 31 85 31 85 29
70 72 73 72 73 74 70 74 70 72
28 58 32 58 32 61 28 61 28 58
74 50 77 50 77 52 74 52 74 50
27 7 31 7 31 10 27 10 27 7
44 3 47 3 47 5 44 5 44 3
20 32 23 32 23 35 20 35 20 32
64 55 67 55 67 57 64 57 64 55
93 8 95 8 95 12 93 12 93 8
16 36 20 36 20 38 16 38 16 36
11 78 13 78 13 80 11 80 11 78
87 89 89 89 89 91 87 91 87 89
17 20 21 20 21 23 17 23 17 20
31 31 33 31 33 33 31 33 31 31
9 29 11 29 11 33 9 33 9 29
86 52 88 52 88 54 86 54 86 52
3 88 5 88 5 92 3 92 3 88
91 31 93 31 93 33 91 33 91 31
64 38 68 38 68 42 64 42 64 38
26 73 28 73 28 77 26 77 26 73
46 39 49 39 49 43 46 43 46 39
67 59 69 59 69 61 67 61 67 59
82 10 85 10 85 14 82 14 82 10
62 74 66 74 66 78 62 78 62 74
55 92 57 92 57 94 55 94 55 92
87 41 89 41 89 44 87 44 87 41
72 66 74 66 74 68 72 68 72 66
30 72 34 72 34 75 30 75 30 72
22 95 25 95 25 97 22 97 22 95
81 22 84 22 84 24 81 24 81 22
86 22 88 22 88 25 86 25 86 22
94 72 98 72 98 76 94 76 94 72
53 85 56 85 56 89 53 89 53 85
43 56 46 56 46 58 43 58 43 56
55 8 58 8 58 10 55 10 55 8
94 15 97 15 97 18 94 18 94 15
19 11 22 11 22 14 19 14 19 11
28 50 32 50 32 52 28 52 28 50
32 3 34 3 34 6 32 6 32 3
33 90 35 90 35 92 33 92 33 90
58 4 61 4 61 6 58 6 58 4
68 3 72 3 72 5 68 5 68 3
48 90 51 90 51 92 48 92 48 90
11 73 15 73 15 76 11 76 11 73
39 67 42 67 42 69 39 69 39 67
71 96 73 96 73 98 71 98 71 96
55 25 59 25 59 27 55 27 55 25
19 92 21 92 21 95 19 95 19 92
31 69 35 69 35 71 31 71 31 69
88 94 90 94 90 97 88 97 88 94
3 83 5 83 5 87 3 87 3 83
81 77 83 77 83 79 81 79 81 77
95 91 98 91 98 93 95 93 95 91
49 64 51 64 51 67 49 67 49 64
15 7 18 7 18 11 15 11 15 7
20 55 23 55 23 57 20 57 20 55
41 8 44 8 44 10 41 10 41 8
54 5 57 5 57 7 54 7 54 5
7 92 9 92 9 94 7 94 7 92
65 95 69 95 69 98 65 98 65 95
60 79 63 79 63 82 60 82 60 79
82 16 84 16 84 20 82 20 82 16
75 38 78 38 78 42 75 42 75 38
22 40 24 40 24 43 22 43 22 40
10 88 13 88 13 91 10 91 10 88
82 41 84 41 84 45 82 45 82 41
78 59 80 59 80 61 78 61 78 59
19 28 21 28 21 30 19 30 19 28
90 87 92 87 92 90 90 90 90 87
