75 85 79 85 79 88 75 88 75 85
95 89 97 89 97 92 95 92 95 89
35 53 38 53 38 55 35 55 35 53
30 92 33 92 33 94 30 94 30 92
33 16 35 16 35 18 33 18 33 16
2 74 4 74 4 77 2 77 2 74
42 49 44 49 44 53 42 53 42 49
35 23 37 23 37 27 35 27 35 23
12 42 15 42 15 45 12 45 12 42
96 59 98 59 98 63 96 63 96 59
52 11 55 11 55 15 52 15 52 11
57 38 60 38 60 41 57 41 57 38
13 93 16 93 16 97 13 97 13 93
42 70 46 70 46 74 42 74 42 70
93 68 95 68 95 70 93 70 93 68
11 56 13 56 13 59 11 59 11 56
57 3 61 3 61 5 57 5 57 3
44 23 46 23 46 25 44 25 44 23
62 70 66 70 66 73 62 73 62 70
63 46 65 46 65 48 63 48 63 46
16 5 18 5 18 9 16 9 16 5
73 93 77 93 77 95 73 95 73 93
49 69 52 69 52 73 49 73 49 69
14 26 18 26 18 28 14 28 14 26
29 37 33 37 33 40 29 40 29 37
60 53 62 53 62 57 60 57 60 53
23 37 27 37 27 41 23 41 23 37
83 30 85 30 85 34 83 34 83 30
35 78 37 78 37 80 35 80 35 78
71 25 73 25 73 29 71 29 71 25
12 17 15 17 15 21 12 21 12 17
54 21 56 21 56 23 54 23 54 21
68 79 70 79 70 81 68 81 68 79
57 21 59 21 59 23 57 23 57 21
47 8 50 8 50 11 47 11 47 8
94 35 96 35 96 38 94 38 94 35
53 33 55 33 55 36 53 36 53 33
55 64 57 64 57 66 55 66 55 64
93 7 96 7 96 11 93 11 93 7
29 87 33 87 33 91 29 91 29 87
4 47 7 47 7 49 4 49 4 47
16 19 18 19 18 22 16 22 16 19
33 45 35 45 35 49 33 49 33 45
50 59 53 59 53 62 50 62 50 59
90 76 93 76 93 79 90 79 90 76
47 36 50 36 50 40 47 40 47 36
83 7 87 7 87 9 83 9 83 7
19 14 22 14 22 18 19 18 19 14
60 84 62 84 62 88 60 88 60 84
20 54 22 54 22 57 20 57 20 54
31 81 35 81 35 85 31 85 31 81
17 46 19 46 19 48 17 48 17 46
53 40 55 40 55 44 53 44 53 40
41 61 44 61 44 65 41 65 41 61
56 46 60 46 60 48 56 48 56 46
40 57 43 57 43 59 40 59 40 57
4 39 7 39 7 42 4 42 4 39
79 57 81 57 81 61 79 61 79 57
19 63 23 63 23 67 19 67 19 63
93 82 96 82 96 85 93 85 93 82
29 56 31 56 31 58 29 58 29 56
73 72 77 72 77 74 73 74 73 72
12 74 16 74 16 77 12 77 12 74
32 7 35 7 35 9 32 9 32 7
80 83 83 83 83 85 80 85 80 83
55 29 59 29 59 31 55 31 55 29
3 67 6 67 6 70 3 70 3 67
68 34 71 34 71 38 68 38 68 34
13 13 17 13 17 16 13 16 13 13
46 86 48 86 48 90 46 90 46 86
69 12 71 12 71 16 69 16 69 12
41 11 44 11 44 15 41 15 41 11
79 52 82 52 82 56 79 56 79 52
25 68 29 68 29 70 25 70 25 68
83 56 85 56 85 58 83 58 83 56
47 32 49 32 49 34 47 34 47 32
70 82 74 82 74 84 70 84 70 82
58 81 61 81 61 83 58 83 58 81
38 43 42 43 42 47 38 47 38 43
65 26 69 26 69 30 65 30 65 26
61 34 63 34 63 38 61 38 61 34
66 94 69 94 69 97 66 97 66 94
22 32 26 32 26 36 22 36 22 32
13 10 16 10 16 12 13 12 13 10
54 92 56 92 56 95 54 95 54 92
63 93 65 93 65 97 63 97 63 93
88 25 92 25 92 29 88 29 88 25
5 94 7 94 7 98 5 98 5 94
24 26 27 26 27 30 24 30 24 26
84 13 88 13 88 16 84 16 84 13
38 27 42 27 42 30 38 30 38 27
6 21 8 21 8 23 6 23 6 21
9 12 11 12 11 16 9 16 9 12
44 66 48 66 48 69 44 69 44 66
16 87 18 87 18 91 16 91 16 87
32 95 34 95 34 97 32 97 32 95
28 26 31 26 31 30 28 30 28 26
51 47 55 47 55 49 51 49 51 47
88 71 91 71 91 73 88 73 88 71
66 85 70 85 70 87 66 87 66 85
59 43 63 43 63 45 59 45 59 43
38 31 42 31 42 33 38 33 38 31
57 88 59 88 59 90 57 90 57 88
8 18 11 18 11 20 8 20 8 18
49 24 51 24 51 26 49 26 49 24
12 36 15 36 15 38 12 38 12 36
3 27 6 27 6 30 3 30 3 27
92 39 94 39 94 43 92 43 92 39
8 63 10 63 10 65 8 65 8 63
93 73 97 73 97 75 93 75 93 73
6 34 9 34 9 38 6 38 6 34
6 88 8 88 8 91 6 91 6 88
58 11 61 11 61 13 58 13 58 11
45 3 48 3 48 7 45 7 45 3
50 89 53 89 53 92 50 92 50 89
36 71 40 71 40 74 36 74 36 71
83 69 85 69 85 72 83 72 83 69
62 18 65 18 65 22 62 22 62 18
87 38 90 38 90 42 87 42 87 38
30 70 32 70 32 74 30 74 30 70
50 94 53 94 53 98 50 98 50 94
17 71 21 71 21 75 17 75 17 71
5 72 8 72 8 74 5 74 5 72
47 28 51 28 51 30 47 30 47 28
72 36 74 36 74 40 72 40 72 36
9 26 12 26 12 29 9 29 9 26
67 59 70 59 70 63 67 63 67 59
84 75 88 75 88 77 84 77 84 75
17 10 21 10 21 12 17 12 17 10
40 4 43 4 43 8 40 8 40 4
30 19 32 19 32 23 30 23 30 19
94 26 96 26 96 30 94 30 94 26
76 2 78 2 78 6 76 6 76 2
22 91 24 91 24 94 22 94 22 91
17 31 21 31 21 33 17 33 17 31
40 22 43 22 43 26 40 26 40 22
13 29 15 29 15 33 13 33 13 29
66 88 68 88 68 90 66 90 66 88
80 91 83 91 83 95 80 95 80 91
69 52 72 52 72 55 69 55 69 52
67 70 71 70 71 74 67 74 67 70
65 50 68 50 68 53 65 53 65 50
77 37 81 37 81 41 77 41 77 37
25 85 28 85 28 89 25 89 25 85
13 81 17 81 17 83 13 83 13 81
20 49 23 49 23 53 20 53 20 49
62 30 64 30 64 32 62 32 62 30
24 48 28 48 28 51 24 51 24 48
94 3 96 3 96 5 94 5 94 3
82 47 86 47 86 50 82 50 82 47
81 15 83 15 83 18 81 18 81 15
65 33 67 33 67 36 65 36 65 33
64 65 68 65 68 68 64 68 64 65
27 20 29 20 29 22 27 22 27 20
67 42 70 42 70 44 67 44 67 42
57 7 61 7 61 9 57 9 57 7
72 57 75 57 75 60 72 60 72 57
82 42 85 42 85 44 82 44 82 42
76 31 79 31 79 35 76 35 76 31
85 91 87 91 87 94 85 94 85 91
48 43 50 43 50 47 48 47 48 43
75 42 78 42 78 46 75 46 75 42
67 6 71 6 71 8 67 8 67 6
20 79 22 79 22 82 20 82 20 79
36 11 39 11 39 14 36 14 36 11
23 3 27 3 27 6 23 6 23 3
53 83 57 83 57 86 53 86 53 83
6 54 8 54 8 56 6 56 6 54
26 44 28 44 28 47 26 47 26 44
88 56 92 56 92 60 88 60 88 56
64 11 68 11 68 15 64 15 64 11
53 69 57 69 57 72 53 72 53 69
81 86 85 86 85 88 81 88 81 86
43 94 45 94 45 97 43 97 43 94
18 38 22 38 22 41 18 41 18 38
25 74 29 74 29 78 25 78 25 74
4 84 7 84 7 87 4 87 4 84
78 77 82 77 82 81 78 81 78 77
88 86 91 86 91 89 88 89 88 86
34 87 37 87 37 91 34 91 34 87
87 81 89 81 89 84 87 84 87 81
37 15 39 15 39 19 37 19 37 15
40 80 42 80 42 82 40 82 40 80
45 19 49 19 49 21 45 21 45 19
26 79 28 79 28 81 26 81 26 79
39 68 41 68 41 70 39 70 39 68
17 58 19 58 19 62 17 62 17 58
12 63 15 63 15 65 12 65 12 63
64 2 66 2 66 5 64 5 64 2
85 95 88 95 88 98 85 98 85 95
8 2 11 2 11 5 8 5 8 2
23 16 27 16 27 19 23 19 23 16
12 22 14 22 14 25 12 25 12 22
61 76 64 76 64 80 61 80 61 76
92 91 94 91 94 95 92 95 92 91
51 75 54 75 54 79 51 79 51 75
13 69 15 69 15 72 13 72 13 69
9 79 12 79 12 82 9 82 9 79
46 61 48 61 48 64 46 64 46 61
31 65 34 65 34 68 31 68 31 65
75 63 79 63 79 66 75 66 75 63
84 78 86 78 86 81 84 81 84 78
48 12 51 12 51 15 48 15 48 12
2 2 4 2 4 4 2 4 2 2
58 61 62 61 62 63 58 63 58 61
84 17 88 17 88 20 84 20 84 17
74 20 76 20 76 24 74 24 74 20
32 50 34 50 34 54 32 54 32 50
10 92 12 92 12 96 10 96 10 92
73 8 77 8 77 10 73 10 73 8
62 39 65 39 65 42 62 42 62 39
48 52 51 52 51 54 48 54 48 52
58 67 60 67 60 70 58 70 58 67
78 9 80 9 80 13 78 13 78 9
22 68 24 68 24 71 22 71 22 68
75 15 78 15 78 19 75 19 75 15
24 10 26 10 26 13 24 13 24 10
92 64 94 64 94 67 92 67 92 64
14 49 16 49 16 51 14 51 14 49
57 25 60 25 60 27 57 27 57 25
44 42 47 42 47 44 44 44 44 42
95 47 97 47 97 50 95 50 95 47
86 51 90 51 90 53 86 53 86 51
74 76 77 76 77 78 74 78 74 76
63 6 66 6 66 8 63 8 63 6
84 64 88 64 88 68 84 68 84 64
41 87 44 87 44 90 41 90 41 87
28 52 30 52 30 54 28 54 28 52
52 64 54 64 54 68 52 68 52 64
67 2 71 2 71 5 67 5 67 2
46 55 48 55 48 59 46 59 46 55
74 26 76 26 76 28 74 28 74 26
53 52 55 52 55 56 53 56 53 52
28 63 30 63 30 65 28 65 28 63
83 23 86 23 86 25 83 25 83 23
70 90 73 90 73 92 70 92 70 90
32 28 36 28 36 30 32 30 32 28
80 62 82 62 82 66 80 66 80 62
41 17 44 17 44 19 41 19 41 17
75 69 77 69 77 71 75 71 75 69
2 15 5 15 5 17 2 17 2 15
31 78 33 78 33 80 31 80 31 78
86 31 89 31 89 35 86 35 86 31
35 64 37 64 37 67 35 67 35 64
14 78 17 78 17 80 14 80 14 78
55 74 57 74 57 78 55 78 55 74
52 26 56 26 56 28 52 28 52 26
46 94 48 94 48 96 46 96 46 94
94 14 97 14 97 18 94 18 94 14
22 21 26 21 26 23 22 23 22 21
