46 80 50 80 50 82 46 82 46 80
75 95 79 95 79 98 75 98 75 95
23 87 25 87 25 91 23 91 23 87
4 94 8 94 8 97 4 97 4 94
25 65 27 65 27 67 25 67 25 65
16 19 19 19 19 21 16 21 16 19
93 51 96 51 96 53 93 53 93 51
31 29 33 29 33 31 31 31 31 29
24 51 27 51 27 55 24 55 24 51
39 64 42 64 42 67 39 67 39 64
59 87 63 87 63 89 59 89 59 87
53 26 57 26 57 30 53 30 53 26
45 31 49 31 49 33 45 33 45 31
18 14 20 14 20 16 18 16 18 14
66 20 70 20 70 23 66 23 66 20
49 66 53 66 53 68 49 68 49 66
17 84 20 84 20 86 17 86 17 84
48 76 50 76 50 78 48 78 48 76
45 90 49 90 49 94 45 94 45 90
13 69 17 69 17 72 13 72 13 69
89 4 92 4 92 8 89 8 89 4
71 83 75 83 75 85 71 85 71 83
67 36 69 36 69 39 67 39 67 36
13 46 17 46 17 48 13 48 13 46
65 15 67 15 67 19 65 19 65 15
6 84 8 84 8 86 6 86 6 84
82 62 86 62 86 66 82 66 82 62
32 21 34 21 34 25 32 25 32 21
36 75 38 75 38 79 36 79 36 75
11 32 13 32 13 34 11 34 11 32
78 43 81 43 81 45 78 45 78 43
84 55 88 55 88 59 84 59 84 55
18 64 21 64 21 67 18 67 18 64
85 37 87 37 87 41 85 41 85 37
90 34 92 34 92 36 90 36 90 34
9 95 11 95 11 97 9 97 9 95
47 5 49 5 49 7 47 7 47 5
78 61 81 61 81 63 78 63 78 61
36 84 39 84 39 86 36 86 36 84
79 46 81 46 81 49 79 49 79 46
59 64 61 64 61 67 59 67 59 64
69 59 71 59 71 62 69 62 69 59
73 37 76 37 76 39 73 39 73 37
75 2 78 2 78 4 75 4 75 2
2 76 5 76 5 79 2 79 2 76
40 75 42 75 42 79 40 79 40 75
34 8 36 8 36 11 34 11 34 8
45 50 48 50 48 53 45 53 45 50
90 75 93 75 93 78 90 78 90 75
66 27 69 27 69 29 66 29 66 27
29 37 33 37 33 41 29 41 29 37
28 60 30 60 30 62 28 62 28 60
36 57 40 57 40 61 36 61 36 57
32 62 36 62 36 66 32 66 32 62
70 26 72 26 72 30 70 30 70 26
27 14 30 14 30 16 27 16 27 14
52 19 56 19 56 22 52 22 52 19
17 5 20 5 20 9 17 9 17 5
68 78 71 78 71 80 68 80 68 78
14 51 17 51 17 53 14 53 14 51
65 41 67 41 67 45 65 45 65 41
60 36 63 36 63 40 60 40 60 36
96 11 98 11 98 14 96 14 96 11
27 80 29 80 29 82 27 82 27 80
73 80 75 80 75 82 73 82 73 80
94 64 96 64 96 67 94 67 94 64
6 51 10 51 10 55 6 55 6 51
9 63 11 63 11 67 9 67 9 63
12 61 15 61 15 63 12 63 12 61
41 38 43 38 43 42 41 42 41 38
50 63 53 63 53 65 50 65 50 63
28 75 31 75 31 78 28 78 28 75
27 47 29 47 29 49 27 49 27 47
45 9 48 9 48 13 45 13 45 9
58 96 60 96 60 98 58 98 58 96
66 49 70 49 70 52 66 52 66 49
72 9 75 9 75 13 72 13 72 9
7 80 10 80 10 82 7 82 7 80
77 56 79 56 79 60 77 60 77 56
54 82 57 82 57 85 54 85 54 82
17 34 19 34 19 38 17 38 17 34
24 3 26 3 26 7 24 7 24 3
66 95 69 95 69 98 66 98 66 95
5 61 7 61 7 65 5 65 5 61
42 16 44 16 44 20 42 20 42 16
73 46 75 46 75 48 73 48 73 46
7 36 11 36 11 39 7 39 7 36
32 26 35 26 35 28 32 28 32 26
15 30 19 30 19 33 15 33 15 30
77 84 79 84 79 86 77 86 77 84
83 84 85 84 85 87 83 87 83 84
20 25 22 25 22 29 20 29 20 25
68 16 71 16 71 18 68 18 68 16
12 39 16 39 16 41 12 41 12 39
23 38 25 38 25 42 23 42 23 38
10 17 14 17 14 21 10 21 10 17
90 23 92 23 92 27 90 27 90 23
62 3 66 3 66 7 62 7 62 3
41 89 44 89 44 93 41 93 41 89
39 15 41 15 41 17 39 17 39 15
5 88 9 88 9 90 5 90 5 88
12 92 16 92 16 96 12 96 12 92
95 91 98 91 98 94 95 94 95 91
81 52 83 52 83 54 81 54 81 52
67 10 71 10 71 12 67 12 67 10
88 17 90 17 90 20 88 20 88 17
88 42 91 42 91 44 88 44 88 42
53 51 56 51 56 54 53 54 53 51
68 53 72 53 72 55 68 55 68 53
78 25 82 25 82 28 78 28 78 25
93 33 97 33 97 35 93 35 93 33
77 5 79 5 79 7 77 7 77 5
37 4 39 4 39 8 37 8 37 4
82 18 84 18 84 20 82 20 82 18
79 10 83 10 83 12 79 12 79 10
4 29 8 29 8 33 4 33 4 29
40 6 42 6 42 9 40 9 40 6
88 45 90 45 90 49 88 49 88 45
14 24 16 24 16 28 14 28 14 24
21 84 24 84 24 86 21 86 21 84
91 65 93 65 93 69 91 69 91 65
14 79 16 79 16 83 14 83 14 79
58 48 60 48 60 51 58 51 58 48
4 4 8 4 8 6 4 6 4 4
70 3 72 3 72 5 70 5 70 3
24 34 28 34 28 37 24 37 24 34
55 92 59 92 59 94 55 94 55 92
95 79 97 79 97 83 95 83 95 79
7 11 9 11 9 14 7 14 7 11
46 95 48 95 48 97 46 97 46 95
21 71 23 71 23 74 21 74 21 71
18 70 20 70 20 73 18 73 18 70
89 29 92 29 92 32 89 32 89 29
33 51 36 51 36 55 33 55 33 51
32 94 34 94 34 96 32 96 32 94
87 12 90 12 90 16 87 16 87 12
41 32 43 32 43 36 41 36 41 32
11 8 14 8 14 11 11 11 11 8
62 45 64 45 64 48 62 48 62 45
13 75 17 75 17 77 13 77 13 75
19 77 22 77 22 80 19 80 19 77
59 26 63 26 63 28 59 28 59 26
2 18 4 18 4 21 2 21 2 18
39 47 42 47 42 50 39 50 39 47
28 20 31 20 31 24 28 24 28 20
67 73 69 73 69 76 67 76 67 73
35 68 39 68 39 71 35 71 35 68
83 69 85 69 85 71 83 71 83 69
56 43 60 43 60 45 56 45 56 43
79 15 81 15 81 19 79 19 79 15
83 21 87 21 87 25 83 25 83 21
24 10 26 10 26 14 24 14 24 10
76 73 78 73 78 77 76 77 76 73
41 94 43 94 43 98 41 98 41 94
16 58 19 58 19 60 16 60 16 58
67 82 70 82 70 85 67 85 67 82
49 56 52 56 52 60 49 60 49 56
48 69 50 69 50 71 48 71 48 69
15 16 17 16 17 18 15 18 15 16
91 14 94 14 94 18 91 18 91 14
28 2 31 2 31 4 28 4 28 2
80 91 82 91 82 94 80 94 80 91
72 18 74 18 74 21 72 21 72 18
55 59 58 59 58 63 55 63 55 59
32 56 34 56 34 60 32 60 32 56
38 34 40 34 40 38 38 38 38 34
15 42 17 42 17 44 15 44 15 42
10 84 12 84 12 87 10 87 10 84
63 92 65 92 65 96 63 96 63 92
71 71 75 71 75 75 71 75 71 71
87 94 89 94 89 98 87 98 87 94
52 32 56 32 56 35 52 35 52 32
49 15 52 15 52 17 49 17 49 15
61 19 63 19 63 23 61 23 61 19
35 88 39 88 39 91 35 91 35 88
20 19 22 19 22 23 20 23 20 19
64 87 66 87 66 90 64 90 64 87
6 41 8 41 8 44 6 44 6 41
64 60 68 60 68 62 64 62 64 60
2 82 5 82 5 86 2 86 2 82
9 26 12 26 12 28 9 28 9 26
30 69 34 69 34 71 30 71 30 69
17 90 19 90 19 92 17 92 17 90
5 46 8 46 8 48 5 48 5 46
38 53 41 53 41 56 38 56 38 53
36 44 39 44 39 46 36 46 36 44
71 32 73 32 73 36 71 36 71 32
6 19 8 19 8 23 6 23 6 19
52 70 55 70 55 74 52 74 52 70
34 32 36 32 36 35 34 35 34 32
64 30 68 30 68 32 64 32 64 30
33 2 36 2 36 5 33 5 33 2
77 20 79 20 79 23 77 23 77 20
77 79 79 79 79 83 77 83 77 79
58 4 60 4 60 6 58 6 58 4
3 37 6 37 6 40 3 40 3 37
58 9 61 9 61 12 58 12 58 9
94 36 96 36 96 40 94 40 94 36
48 43 52 43 52 45 48 45 48 43
6 72 8 72 8 76 6 76 6 72
60 53 62 53 62 56 60 56 60 53
61 82 64 82 64 86 61 86 61 82
27 87 30 87 30 91 27 91 27 87
81 74 83 74 83 77 81 77 81 74
90 80 93 80 93 82 90 82 90 80
8 57 10 57 10 60 8 60 8 57
83 31 86 31 86 35 83 35 83 31
28 51 30 51 30 53 28 53 28 51
75 15 77 15 77 18 75 18 75 15
83 46 86 46 86 49 83 49 83 46
43 23 46 23 46 27 43 27 43 23
47 40 49 40 49 42 47 42 47 40
6 15 9 15 9 18 6 18 6 15
50 36 54 36 54 40 50 40 50 36
80 3 84 3 84 5 80 5 80 3
16 10 20 10 20 13 16 13 16 10
45 19 49 19 49 21 45 21 45 19
27 17 29 17 29 19 27 19 27 17
21 32 23 32 23 36 21 36 21 32
4 91 6 91 6 93 4 93 4 91
80 40 83 40 83 42 80 42 80 40
19 95 21 95 21 97 19 97 19 95
92 54 95 54 95 56 92 56 92 54
79 30 81 30 81 33 79 33 79 30
49 50 52 50 52 53 49 53 49 50
59 32 62 32 62 34 59 34 59 32
28 28 30 28 30 31 28 31 28 28
58 70 61 70 61 73 58 73 58 70
44 58 48 58 48 61 44 61 44 58
62 72 65 72 65 76 62 76 62 72
31 45 35 45 35 49 31 49 31 45
94 85 98 85 98 88 94 88 94 85
63 53 67 53 67 57 63 57 63 53
95 96 97 96 97 98 95 98 95 96
71 93 73 93 73 95 71 95 71 93
10 3 14 3 14 7 10 7 10 3
89 59 93 59 93 61 89 61 89 59
49 10 52 10 52 14 49 14 49 10
83 80 87 80 87 82 83 82 83 80
94 59 98 59 98 63 94 63 94 59
37 92 39 92 39 96 37 96 37 92
56 15 58 15 58 17 56 17 56 15
22 64 24 64 24 67 22 67 22 64
75 31 78 31 78 33 75 33 75 31
95 74 98 74 98 77 95 77 95 74
34 13 36 13 36 17 34 17 34 13
82 6 85 6 85 9 82 9 82 6
70 65 74 65 74 67 70 67 70 65
27 95 29 95 29 97 27 97 27 95
88 69 90 69 90 72 88 72 88 69
