75 75 79 75 79 77 75 77 75 75
65 52 67 52 67 54 65 54 65 52
66 26 68 26 68 28 66 28 66 26
37 69 39 69 39 72 37 72 37 69
65 64 68 64 68 68 65 68 65 64
64 21 67 21 67 25 64 25 64 21
25 30 29 30 29 32 25 32 25 30
83 58 86 58 86 60 83 60 83 58
84 44 86 44 86 48 84 48 84 44
14 38 18 38 18 41 14 41 14 38
3 36 5 36 5 39 3 39 3 36
59 44 61 44 61 48 59 48 59 44
3 74 5 74 5 77 3 77 3 74
5 85 9 85 9 87 5 87 5 85
43 43 45 43 45 46 43 46 43 43
88 14 90 14 90 17 88 17 88 14
36 25 40 25 40 28 36 28 36 25
70 53 73 53 73 55 70 55 70 53
49 84 52 84 52 86 49 86 49 84
59 59 62 59 62 63 59 63 59 59
44 2 48 2 48 5 44 5 44 2
46 94 49 94 49 96 46 96 46 94
8 67 11 67 11 70 8 70 8 67
47 74 49 74 49 78 47 78 47 74
28 18 32 18 32 21 28 21 28 18
3 53 6 53 6 55 3 55 3 53
13 13 16 13 16 15 13 15 13 13
15 82 18 82 18 85 15 85 15 82
77 62 81 62 81 66 77 66 77 62
30 34 34 34 34 37 30 37 30 34
56 64 58 64 58 66 56 66 56 64
20 74 22 74 22 77 20 77 20 74
27 76 30 76 30 80 27 80 27 76
71 38 73 38 73 41 71 41 71 38
39 80 42 80 42 84 39 84 39 80
54 23 58 23 58 27 54 27 54 23
84 22 88 22 88 26 84 26 84 22
25 49 29 49 29 53 25 53 25 49
87 41 89 41 89 43 87 43 87 41
21 86 25 86 25 90 21 90 21 86
4 94 8 94 8 96 4 96 4 94
8 91 12 91 12 93 8 93 8 91
32 15 35 15 35 17 32 17 32 15
2 10 4 10 4 12 2 12 2 10
79 89 81 89 81 91 79 91 79 89
72 20 76 20 76 23 72 23 72 20
14 50 18 50 18 53 14 53 14 50
15 94 19 94 19 97 15 97 15 94
55 14 59 14 59 17 55 17 55 14
30 82 32 82 32 85 30 85 30 82
93 73 97 73 97 76 93 76 93 73
85 35 87 35 87 37 85 37 85 35
89 8 92 8 92 12 89 12 89 8
11 74 13 74 13 78 11 78 11 74
48 29 50 29 50 33 48 33 48 29
94 69 98 69 98 72 94 72 94 69
4 59 8 59 8 63 4 63 4 59
19 52 23 52 23 56 19 56 19 52
78 92 82 92 82 96 78 96 78 92
78 44 82 44 82 48 78 48 78 44
19 62 23 62 23 66 19 66 19 62
41 27 44 27 44 31 41 31 41 27
87 48 89 48 89 51 87 51 87 48
11 58 15 58 15 61 11 61 11 58
2 24 4 24 4 28 2 28 2 24
87 75 91 75 91 79 87 79 87 75
47 69 51 69 51 72 47 72 47 69
80 72 84 72 84 76 80 76 80 72
33 6 36 6 36 9 33 9 33 6
64 94 68 94 68 97 64 97 64 94
19 16 21 16 21 20 19 20 19 16
92 78 95 78 95 82 92 82 92 78
47 50 50 50 50 52 47 52 47 50
83 62 86 62 86 64 83 64 83 62
34 21 37 21 37 24 34 24 34 21
93 5 95 5 95 8 93 8 93 5
12 7 16 7 16 11 12 11 12 7
26 33 28 33 28 35 26 35 26 33
64 85 67 85 67 87 64 87 64 85
54 56 57 56 57 58 54 58 54 56
62 79 66 79 66 83 62 83 62 79
58 96 62 96 62 98 58 98 58 96
29 39 32 39 32 41 29 41 29 39
53 59 55 59 55 61 53 61 53 59
34 95 38 95 38 98 34 98 34 95
71 92 73 92 73 96 71 96 71 92
93 21 96 21 96 23 93 23 93 21
30 94 32 94 32 96 30 96 30 94
6 5 10 5 10 9 6 9 6 5
2 5 4 5 4 8 2 8 2 5
42 24 45 24 45 26 42 26 42 24
25 56 27 56 27 60 25 60 25 56
62 2 65 2 65 5 62 5 62 2
96 43 98 43 98 47 96 47 96 43
24 40 26 40 26 43 24 43 24 40
9 25 13 25 13 29 9 29 9 25
27 91 31 91 31 93 27 93 27 91
15 43 18 43 18 45 15 45 15 43
82 53 86 53 86 55 82 55 82 53
79 11 83 11 83 15 79 15 79 11
57 32 60 32 60 36 57 36 57 32
86 91 90 91 90 95 86 95 86 91
90 26 93 26 93 30 90 30 90 26
24 67 27 67 27 70 24 70 24 67
51 89 54 89 54 93 51 93 51 89
51 9 53 9 53 11 51 11 51 9
55 10 59 10 59 12 55 12 55 10
77 49 80 49 80 52 77 52 77 49
67 5 69 5 69 8 67 8 67 5
92 39 95 39 95 42 92 42 92 39
74 36 76 36 76 40 74 40 74 36
46 17 48 17 48 20 46 20 46 17
6 20 10 20 10 23 6 23 6 20
62 52 64 52 64 55 62 55 62 52
55 92 58 92 58 94 55 94 55 92
50 38 53 38 53 40 50 40 50 38
81 8 84 8 84 10 81 10 81 8
50 24 53 24 53 28 50 28 50 24
35 52 39 52 39 56 35 56 35 52
88 61 92 61 92 63 88 63 88 61
82 17 84 17 84 19 82 19 82 17
70 11 74 11 74 13 70 13 70 11
53 44 56 44 56 47 53 47 53 44
82 84 85 84 85 88 82 88 82 84
78 56 81 56 81 58 78 58 78 56
40 8 42 8 42 10 40 10 40 8
59 88 62 88 62 91 59 91 59 88
77 86 81 86 81 88 77 88 77 86
35 44 39 44 39 47 35 47 35 44
75 31 78 31 78 33 75 33 75 31
69 18 71 18 71 20 69 20 69 18
94 94 98 94 98 97 94 97 94 94
26 64 28 64 28 66 26 66 26 64
44 53 47 53 47 55 44 55 44 53
54 31 56 31 56 35 54 35 54 31
69 34 71 34 71 36 69 36 69 34
14 66 17 66 17 70 14 70 14 66
37 32 39 32 39 36 37 36 37 32
14 23 18 23 18 25 14 25 14 23
79 40 83 40 83 43 79 43 79 40
40 45 42 45 42 48 40 48 40 45
51 20 55 20 55 22 51 22 51 20
28 86 32 86 32 90 28 90 28 86
42 74 46 74 46 78 42 78 42 74
21 69 23 69 23 72 21 72 21 69
74 43 76 43 76 46 74 46 74 43
30 60 33 60 33 62 30 62 30 60
81 21 83 21 83 23 81 23 81 21
65 88 68 88 68 91 65 91 65 88
96 32 98 32 98 35 96 35 96 32
71 26 73 26 73 30 71 30 71 26
47 44 51 44 51 46 47 46 47 44
81 31 83 31 83 34 81 34 81 31
18 9 22 9 22 11 18 11 18 9
16 87 18 87 18 91 16 91 16 87
60 73 62 73 62 75 60 75 60 73
72 56 75 56 75 58 72 58 72 56
17 33 19 33 19 35 17 35 17 33
5 17 9 17 9 19 5 19 5 17
72 14 76 14 76 16 72 16 72 14
80 68 83 68 83 70 80 70 80 68
40 21 42 21 42 23 40 23 40 21
72 73 74 73 74 76 72 76 72 73
2 88 5 88 5 91 2 91 2 88
11 79 14 79 14 83 11 83 11 79
20 42 23 42 23 46 20 46 20 42
12 55 14 55 14 57 12 57 12 55
65 48 68 48 68 50 65 50 65 48
57 67 59 67 59 70 57 70 57 67
38 75 41 75 41 78 38 78 38 75
37 85 39 85 39 87 37 87 37 85
15 29 19 29 19 32 15 32 15 29
62 35 64 35 64 37 62 37 62 35
69 21 71 21 71 24 69 24 69 21
55 87 58 87 58 90 55 90 55 87
89 45 92 45 92 47 89 47 89 45
67 80 70 80 70 84 67 84 67 80
65 60 67 60 67 62 65 62 65 60
23 93 25 93 25 95 23 95 23 93
2 41 6 41 6 44 2 44 2 41
20 4 23 4 23 6 20 6 20 4
56 81 58 81 58 83 56 83 56 81
87 82 89 82 89 86 87 86 87 82
40 63 44 63 44 67 40 67 40 63
45 56 47 56 47 59 45 59 45 56
28 7 32 7 32 9 28 9 28 7
89 71 92 71 92 73 89 73 89 71
24 12 26 12 26 15 24 15 24 12
53 76 57 76 57 80 53 80 53 76
30 65 33 65 33 67 30 67 30 65
32 70 36 70 36 74 32 74 32 70
43 8 45 8 45 11 43 11 43 8
37 8 39 8 39 10 37 10 37 8
80 77 84 77 84 79 80 79 80 77
35 58 39 58 39 61 35 61 35 58
74 3 78 3 78 7 74 7 74 3
7 81 9 81 9 84 7 84 7 81
42 88 45 88 45 90 42 90 42 88
21 21 25 21 25 23 21 23 21 21
69 70 71 70 71 72 69 72 69 70
61 14 65 14 65 16 61 16 61 14
3 30 5 30 5 33 3 33 3 30
3 68 6 68 6 72 3 72 3 68
60 28 63 28 63 30 60 30 60 28
28 56 31 56 31 58 28 58 28 56
31 11 34 11 34 14 31 14 31 11
76 68 79 68 79 70 76 70 76 68
20 31 24 31 24 33 20 33 20 31
78 18 80 18 80 22 78 22 78 18
44 48 46 48 46 50 44 50 44 48
83 27 87 27 87 29 83 29 83 27
92 88 94 88 94 92 92 92 92 88
27 44 31 44 31 46 27 46 27 44
40 55 42 55 42 57 40 57 40 55
52 51 55 51 55 54 52 54 52 51
47 81 49 81 49 83 47 83 47 81
27 2 29 2 29 4 27 4 27 2
34 77 36 77 36 80 34 80 34 77
93 31 95 31 95 33 93 33 93 31
58 77 60 77 60 80 58 80 58 77
87 55 89 55 89 59 87 59 87 55
43 19 45 19 45 21 43 21 43 19
55 39 59 39 59 41 55 41 55 39
44 35 48 35 48 37 44 37 44 35
8 39 10 39 10 42 8 42 8 39
10 86 14 86 14 90 10 90 10 86
38 90 41 90 41 93 38 93 38 90
50 78 52 78 52 80 50 80 50 78
65 40 67 40 67 43 65 43 65 40
63 44 66 44 66 46 63 46 63 44
93 60 97 60 97 63 93 63 93 60
67 77 70 77 70 79 67 79 67 77
19 81 21 81 21 85 19 85 19 81
35 18 39 18 39 20 35 20 35 18
33 87 36 87 36 90 33 90 33 87
78 25 82 25 82 28 78 28 78 25
96 52 98 52 98 56 96 56 96 52
51 63 55 63 55 66 51 66 51 63
71 2 73 2 73 5 71 5 71 2
35 62 39 62 39 65 35 65 35 62
42 39 45 39 45 42 42 42 42 39
67 14 69 14 69 16 67 16 67 14
9 31 12 31 12 33 9 33 9 31
70 59 73 59 73 61 70 61 70 59
59 2 61 2 61 6 59 6 59 2
75 78 78 78 78 80 75 80 75 78
42 14 45 14 45 16 42 16 42 14
66 2 68 2 68 4 66 4 66 2
27 10 30 10 30 13 27 13 27 10
45 63 49 63 49 67 45 67 45 63
