14 14 17 14 17 17 14 17 14 14
22 12 24 12 24 15 22 15 22 12
81 75 83 75 83 77 81 77 81 75
19 41 22 41 22 43 19 43 19 41
9 21 12 21 12 25 9 25 9 21
85 34 88 34 88 38 85 38 85 34
53 52 56 52 56 54 53 54 53 52
79 14 83 14 83 18 79 18 79 14
29 58 32 58 32 60 29 60 29 58
71 65 74 65 74 69 71 69 71 65
41 10 44 10 44 14 41 14 41 10
51 82 54 82 54 84 51 84 51 82
3 3 7 3 7 5 3 5 3 3
37 87 41 87 41 90 37 90 37 87
40 53 42 53 42 56 40 56 40 53
68 37 72 37 72 39 68 39 68 37
8 30 11 30 11 32 8 32 8 30
40 94 44 94 44 96 40 96 40 94
76 36 80 36 80 39 76 39 76 36
39 73 43 73 43 77 39 77 39 73
61 6 63 6 63 10 61 10 61 6
60 14 62 14 62 16 60 16 60 14
51 35 54 35 54 37 51 37 51 35
7 37 10 37 10 40 7 40 7 37
31 47 33 47 33 50 31 50 31 47
68 58 70 58 70 60 68 60 68 58
64 70 66 70 66 72 64 72 64 70
84 52 87 52 87 55 84 55 84 52
87 81 90 81 90 85 87 85 87 81
50 66 52 66 52 69 50 69 50 66
24 47 28 47 28 50 24 50 24 47
18 80 20 80 20 82 18 82 18 80
33 68 35 68 35 71 33 71 33 68
49 22 51 22 51 26 49 26 49 22
30 89 34 89 34 91 30 91 30 89
44 4 48 4 48 8 44 8 44 4
85 64 87 64 87 68 85 68 85 64
66 46 68 46 68 48 66 48 66 46
68 87 72 87 72 89 68 89 68 87
87 76 89 76 89 78 87 78 87 76
80 20 83 20 83 22 80 22 80 20
58 43 61 43 61 46 58 46 58 43
29 55 33 55 33 57 29 57 29 55
19 35 22 35 22 38 19 38 19 35
34 10 36 10 36 12 34 12 34 10
57 82 59 82 59 84 57 84 57 82
26 64 29 64 29 67 26 67 26 64
95 8 97 8 97 12 95 12 95 8
63 18 66 18 66 20 63 20 63 18
50 31 54 31 54 34 50 34 50 31
7 27 11 27 11 29 7 29 7 27
64 79 66 79 66 82 64 82 64 79
5 9 9 9 9 12 5 12 5 9
28 84 32 84 32 87 28 87 28 84
16 70 20 70 20 73 16 73 16 70
90 31 93 31 93 35 90 35 90 31
18 63 20 63 20 67 18 67 18 63
46 27 49 27 49 31 46 31 46 27
46 11 49 11 49 14 46 14 46 11
42 43 45 43 45 47 42 47 42 43
64 31 68 31 68 33 64 33 64 31
26 51 28 51 28 55 26 55 26 51
81 26 85 26 85 30 81 30 81 26
61 32 63 32 63 36 61 36 61 32
43 39 47 39 47 42 43 42 43 39
65 50 68 50 68 52 65 52 65 50
58 35 60 35 60 37 58 37 58 35
49 76 51 76 51 78 49 78 49 76
9 95 12 95 12 97 9 97 9 95
34 64 36 64 36 67 34 67 34 64
29 93 33 93 33 95 29 95 29 93
54 59 56 59 56 61 54 61 54 59
82 10 84 10 84 13 82 13 82 10
48 62 52 62 52 65 48 65 48 62
65 65 69 65 69 69 65 69 65 65
57 75 60 75 60 77 57 77 57 75
85 70 89 70 89 74 85 74 85 70
76 17 78 17 78 20 76 20 76 17
4 55 8 55 8 57 4 57 4 55
21 19 25 19 25 22 21 22 21 19
35 46 37 46 37 50 35 50 35 46
44 20 46 20 46 22 44 22 44 20
35 13 38 13 38 16 35 16 35 13
27 22 29 22 29 24 27 24 27 22
41 36 44 36 44 38 41 38 41 36
32 30 34 30 34 34 32 34 32 30
85 19 87 19 87 22 85 22 85 19
4 65 7 65 7 69 4 69 4 65
59 52 63 52 63 55 59 55 59 52
75 23 79 23 79 25 75 25 75 23
36 32 39 32 39 34 36 34 36 32
11 73 13 73 13 75 11 75 11 73
90 52 94 52 94 56 90 56 90 52
76 8 78 8 78 11 76 11 76 8
65 22 67 22 67 25 65 25 65 22
94 42 96 42 96 46 94 46 94 42
21 89 25 89 25 92 21 92 21 89
79 92 82 92 82 94 79 94 79 92
14 61 16 61 16 64 14 64 14 61
84 93 88 93 88 96 84 96 84 93
92 48 96 48 96 50 92 50 92 48
17 5 21 5 21 7 17 7 17 5
84 86 86 86 86 89 84 89 84 86
96 56 98 56 98 58 96 58 96 56
82 6 84 6 84 9 82 9 82 6
46 82 50 82 50 84 46 84 46 82
11 48 15 48 15 51 11 51 11 48
3 44 6 44 6 46 3 46 3 44
38 27 42 27 42 31 38 31 38 27
91 71 93 71 93 73 91 73 91 71
63 83 65 83 65 86 63 86 63 83
83 90 86 90 86 92 83 92 83 90
77 81 81 81 81 84 77 84 77 81
53 66 55 66 55 70 53 70 53 66
50 10 52 10 52 12 50 12 50 10
23 33 25 33 25 36 23 36 23 33
23 57 26 57 26 60 23 60 23 57
53 88 55 88 55 90 53 90 53 88
29 76 32 76 32 79 29 79 29 76
33 38 36 38 36 40 33 40 33 38
39 21 42 21 42 24 39 24 39 21
74 26 78 26 78 28 74 28 74 26
87 46 91 46 91 48 87 48 87 46
72 94 75 94 75 98 72 98 72 94
27 25 29 25 29 28 27 28 27 25
5 85 8 85 8 89 5 89 5 85
80 57 83 57 83 61 80 61 80 57
28 42 30 42 30 46 28 46 28 42
71 45 75 45 75 48 71 48 71 45
70 3 72 3 72 5 70 5 70 3
44 73 46 73 46 76 44 76 44 73
75 31 78 31 78 34 75 34 75 31
55 31 58 31 58 34 55 34 55 31
94 35 96 35 96 37 94 37 94 35
15 56 19 56 19 59 15 59 15 56
59 38 63 38 63 41 59 41 59 38
8 66 11 66 11 69 8 69 8 66
78 43 82 43 82 47 78 47 78 43
13 87 15 87 15 89 13 89 13 87
43 52 45 52 45 55 43 55 43 52
58 91 60 91 60 95 58 95 58 91
3 31 5 31 5 34 3 34 3 31
19 48 23 48 23 51 19 51 19 48
9 16 12 16 12 18 9 18 9 16
95 68 98 68 98 71 95 71 95 68
60 25 64 25 64 29 60 29 60 25
14 28 16 28 16 30 14 30 14 28
73 49 77 49 77 53 73 53 73 49
60 62 64 62 64 64 60 64 60 62
54 75 56 75 56 78 54 78 54 75
35 20 38 20 38 22 35 22 35 20
88 87 90 87 90 91 88 91 88 87
2 35 6 35 6 39 2 39 2 35
69 19 72 19 72 22 69 22 69 19
38 47 40 47 40 51 38 51 38 47
19 84 22 84 22 86 19 86 19 84
11 33 15 33 15 37 11 37 11 33
56 7 60 7 60 9 56 9 56 7
45 95 48 95 48 98 45 98 45 95
79 54 82 54 82 56 79 56 79 54
70 15 73 15 73 18 70 18 70 15
56 10 58 10 58 13 56 13 56 10
52 3 54 3 54 5 52 5 52 3
9 91 12 91 12 93 9 93 9 91
36 58 40 58 40 61 36 61 36 58
86 40 89 40 89 43 86 43 86 40
76 66 80 66 80 69 76 69 76 66
5 75 8 75 8 78 5 78 5 75
83 80 86 80 86 84 83 84 83 80
3 61 6 61 6 63 3 63 3 61
34 74 36 74 36 77 34 77 34 74
95 64 98 64 98 66 95 66 95 64
73 73 76 73 76 75 73 75 73 73
54 24 57 24 57 27 54 27 54 24
70 11 72 11 72 13 70 13 70 11
91 16 95 16 95 19 91 19 91 16
88 65 91 65 91 68 88 68 88 65
87 25 91 25 91 28 87 28 87 25
52 48 54 48 54 50 52 50 52 48
27 32 29 32 29 36 27 36 27 32
93 83 97 83 97 87 93 87 93 83
47 71 50 71 50 73 47 73 47 71
54 79 58 79 58 81 54 81 54 79
45 85 48 85 48 88 45 88 45 85
90 39 92 39 92 42 90 42 90 39
77 85 81 85 81 87 77 87 77 85
43 32 47 32 47 35 43 35 43 32
23 81 26 81 26 85 23 85 23 81
9 62 13 62 13 64 9 64 9 62
21 53 25 53 25 56 21 56 21 53
66 6 69 6 69 8 66 8 66 6
30 23 33 23 33 27 30 27 30 23
89 93 91 93 91 96 89 96 89 93
55 14 59 14 59 17 55 17 55 14
29 6 32 6 32 10 29 10 29 6
16 49 18 49 18 52 16 52 16 49
91 3 93 3 93 7 91 7 91 3
11 4 13 4 13 8 11 8 11 4
35 78 37 78 37 81 35 81 35 78
81 37 84 37 84 40 81 40 81 37
41 82 44 82 44 85 41 85 41 82
72 77 74 77 74 80 72 80 72 77
2 52 5 52 5 54 2 54 2 52
18 94 21 94 21 97 18 97 18 94
44 77 48 77 48 81 44 81 44 77
73 59 77 59 77 62 73 62 73 59
65 90 67 90 67 94 65 94 65 90
87 60 90 60 90 62 87 62 87 60
23 41 25 41 25 43 23 43 23 41
6 22 8 22 8 24 6 24 6 22
3 49 7 49 7 51 3 51 3 49
66 73 69 73 69 75 66 75 66 73
38 5 40 5 40 9 38 9 38 5
94 77 97 77 97 79 94 79 94 77
52 6 55 6 55 8 52 8 52 6
60 67 63 67 63 70 60 70 60 67
63 42 66 42 66 45 63 45 63 42
71 40 73 40 73 44 71 44 71 40
45 17 49 17 49 19 45 19 45 17
34 43 38 43 38 45 34 45 34 43
21 61 24 61 24 63 21 63 21 61
64 36 66 36 66 40 64 40 64 36
50 16 54 16 54 20 50 20 50 16
94 29 97 29 97 31 94 31 94 29
5 79 8 79 8 83 5 83 5 79
35 5 37 5 37 7 35 7 35 5
57 70 59 70 59 72 57 72 57 70
52 43 56 43 56 45 52 45 52 43
21 28 23 28 23 30 21 30 21 28
66 27 69 27 69 29 66 29 66 27
72 55 76 55 76 58 72 58 72 55
17 18 20 18 20 22 17 22 17 18
64 9 67 9 67 13 64 13 64 9
27 14 30 14 30 18 27 18 27 14
88 13 91 13 91 15 88 15 88 13
92 25 94 25 94 27 92 27 92 25
69 83 72 83 72 85 69 85 69 83
91 60 93 60 93 64 91 64 91 60
59 56 62 56 62 58 59 58 59 56
17 8 20 8 20 11 17 11 17 8
86 4 90 4 90 7 86 7 86 4
80 31 83 31 83 34 80 34 80 31
84 14 87 14 87 16 84 16 84 14
78 71 81 71 81 74 78 74 78 71
3 13 5 13 5 16 3 16 3 13
9 76 13 76 13 78 9 78 9 76
12 43 14 43 14 47 12 47 12 43
7 41 11 41 11 43 7 43 7 41
71 8 73 8 73 10 71 10 71 8
93 93 97 93 97 96 93 96 93 93
