4 23 8 23 8 26 4 26 4 23
39 59 43 59 43 62 39 62 39 59
64 76 68 76 68 80 64 80 64 76
35 48 38 48 38 50 35 50 35 48
92 90 94 90 94 93 92 93 92 90
11 71 14 71 14 73 11 73 11 71
86 63 88 63 88 65 86 65 86 63
23 72 27 72 27 74 23 74 23 72
49 74 52 74 52 78 49 78 49 74
4 38 7 38 7 40 4 40 4 38
86 36 90 36 90 40 86 40 86 36
26 62 29 62 29 64 26 64 26 62
33 19 37 19 37 23 33 23 33 19
81 10 85 10 85 12 81 12 81 10
73 38 77 38 77 42 73 42 73 38
74 64 78 64 78 66 74 66 74 64
72 19 76 19 76 23 72 23 72 19
81 73 83 73 83 76 81 76 81 73
93 27 97 27 97 31 93 31 93 27
37 15 39 15 39 18 37 18 37 15
53 36 56 36 56 38 53 38 53 36
35 93 37 93 37 95 35 95 35 93
58 31 61 31 61 35 58 35 58 31
68 8 71 8 71 11 68 11 68 8
27 18 29 18 29 21 27 21 27 18
92 76 96 76 96 78 92 78 92 76
4 15 7 15 7 18 4 18 4 15
30 2 34 2 34 5 30 5 30 2
39 63 43 63 43 66 39 66 39 63
56 72 58 72 58 76 56 76 56 72
4 73 8 73 8 77 4 77 4 73
81 25 83 25 83 27 81 27 81 25
44 53 47 53 47 55 44 55 44 53
29 41 32 41 32 43 29 43 29 41
56 82 60 82 60 86 56 86 56 82
85 30 87 30 87 34 85 34 85 30
93 19 96 19 96 23 93 23 93 19
92 84 96 84 96 87 92 87 92 84
58 40 61 40 61 44 58 44 58 40
66 82 68 82 68 85 66 85 66 82
35 67 38 67 38 70 35 70 35 67
44 63 47 63 47 66 44 66 44 63
48 13 50 13 50 16 48 16 48 13
54 2 56 2 56 5 54 5 54 2
85 96 87 96 87 98 85 98 85 96
48 84 50 84 50 87 48 87 48 84
59 89 62 89 62 92 59 92 59 89
14 4 17 4 17 7 14 7 14 4
24 29 28 29 28 31 24 31 24 29
32 68 34 68 34 72 32 72 32 68
65 30 67 30 67 33 65 33 65 30
8 37 12 37 12 40 8 40 8 37
3 95 7 95 7 97 3 97 3 95
25 9 28 9 28 11 25 11 25 9
37 72 40 72 40 74 37 74 37 72
9 64 12 64 12 66 9 66 9 64
64 44 68 44 68 48 64 48 64 44
39 78 42 78 42 81 39 81 39 78
73 26 77 26 77 30 73 30 73 26
36 87 38 87 38 90 36 90 36 87
44 29 48 29 48 33 44 33 44 29
2 91 4 91 4 93 2 93 2 91
4 29 8 29 8 33 4 33 4 29
56 47 60 47 60 51 56 51 56 47
35 33 37 33 37 35 35 35 35 33
64 64 66 64 66 68 64 68 64 64
94 56 98 56 98 60 94 60 94 56
48 18 50 18 50 20 48 20 48 18
57 56 60 56 60 58 57 58 57 56
82 16 86 16 86 19 82 19 82 16
45 35 47 35 47 38 45 38 45 35
83 42 85 42 85 46 83 46 83 42
66 22 69 22 69 25 66 25 66 22
79 40 81 40 81 43 79 43 79 40
58 66 60 66 60 69 58 69 58 66
23 60 25 60 25 63 23 63 23 60
21 14 25 14 25 16 21 16 21 14
5 8 8 8 8 11 5 11 5 8
74 78 78 78 78 82 74 82 74 78
39 39 41 39 41 41 39 41 39 39
43 47 47 47 47 51 43 51 43 47
12 46 14 46 14 50 12 50 12 46
54 41 56 41 56 45 54 45 54 41
83 57 87 57 87 60 83 60 83 57
86 72 88 72 88 76 86 76 86 72
19 74 21 74 21 76 19 76 19 74
20 7 24 7 24 10 20 10 20 7
49 31 53 31 53 33 49 33 49 31
24 55 26 55 26 59 24 59 24 55
13 20 15 20 15 24 13 24 13 20
48 92 52 92 52 94 48 94 48 92
6 82 8 82 8 84 6 84 6 82
21 17 23 17 23 20 21 20 21 17
38 24 41 24 41 28 38 28 38 24
32 78 35 78 35 80 32 80 32 78
48 62 50 62 50 64 48 64 48 62
37 5 41 5 41 7 37 7 37 5
29 12 32 12 32 14 29 14 29 12
15 82 18 82 18 86 15 86 15 82
19 67 23 67 23 69 19 69 19 67
30 47 34 47 34 51 30 51 30 47
82 34 84 34 84 37 82 37 82 34
46 80 50 80 50 83 46 83 46 80
17 13 20 13 20 16 17 16 17 13
69 34 71 34 71 37 69 37 69 34
72 61 75 61 75 63 72 63 72 61
3 19 5 19 5 22 3 22 3 19
5 44 9 44 9 48 5 48 5 44
91 62 95 62 95 66 91 66 91 62
21 31 23 31 23 34 21 34 21 31
45 73 48 73 48 77 45 77 45 73
93 48 97 48 97 52 93 52 93 48
10 84 12 84 12 86 10 86 10 84
28 55 30 55 30 58 28 58 28 55
2 80 4 80 4 82 2 82 2 80
65 56 67 56 67 58 65 58 65 56
70 3 72 3 72 7 70 7 70 3
58 52 62 52 62 54 58 54 58 52
7 49 9 49 9 51 7 51 7 49
67 16 70 16 70 18 67 18 67 16
78 57 81 57 81 59 78 59 78 57
84 66 87 66 87 68 84 68 84 66
72 68 75 68 75 70 72 70 72 68
43 5 47 5 47 7 43 7 43 5
26 14 28 14 28 16 26 16 26 14
75 51 78 51 78 55 75 55 75 51
66 35 68 35 68 38 66 38 66 35
34 63 37 63 37 66 34 66 34 63
61 17 65 17 65 21 61 21 61 17
32 90 34 90 34 94 32 94 32 90
23 76 27 76 27 78 23 78 23 76
12 52 15 52 15 56 12 56 12 52
68 68 70 68 70 72 68 72 68 68
82 53 84 53 84 55 82 55 82 53
30 35 33 35 33 39 30 39 30 35
78 95 80 95 80 98 78 98 78 95
15 30 19 30 19 32 15 32 15 30
17 22 20 22 20 25 17 25 17 22
17 94 19 94 19 96 17 96 17 94
24 49 27 49 27 51 24 51 24 49
20 54 22 54 22 56 20 56 20 54
54 77 58 77 58 80 54 80 54 77
39 36 43 36 43 38 39 38 39 36
9 89 11 89 11 93 9 93 9 89
78 67 81 67 81 70 78 70 78 67
90 11 93 11 93 15 90 15 90 11
89 41 91 41 91 44 89 44 89 41
88 53 92 53 92 57 88 57 88 53
69 89 72 89 72 92 69 92 69 89
87 16 89 16 89 20 87 20 87 16
49 2 53 2 53 5 49 5 49 2
71 43 75 43 75 45 71 45 71 43
70 49 72 49 72 51 70 51 70 49
86 46 88 46 88 49 86 49 86 46
63 59 66 59 66 63 63 63 63 59
75 14 77 14 77 18 75 18 75 14
68 26 72 26 72 30 68 30 68 26
78 28 82 28 82 31 78 31 78 28
58 3 60 3 60 6 58 6 58 3
28 80 31 80 31 83 28 83 28 80
49 43 51 43 51 45 49 45 49 43
56 11 60 11 60 14 56 14 56 11
91 7 95 7 95 9 91 9 91 7
39 11 43 11 43 14 39 14 39 11
12 88 16 88 16 92 12 92 12 88
31 24 35 24 35 26 31 26 31 24
73 93 75 93 75 95 73 95 73 93
96 93 98 93 98 96 96 96 96 93
66 91 68 91 68 93 66 93 66 91
76 4 79 4 79 7 76 7 76 4
12 75 16 75 16 77 12 77 12 75
5 53 8 53 8 56 5 56 5 53
8 14 12 14 12 16 8 16 8 14
25 38 28 38 28 40 25 40 25 38
15 39 17 39 17 42 15 42 15 39
95 32 97 32 97 35 95 35 95 32
28 76 30 76 30 78 28 78 28 76
27 90 30 90 30 93 27 93 27 90
62 7 64 7 64 10 62 10 62 7
34 39 37 39 37 41 34 41 34 39
16 61 18 61 18 63 16 63 16 61
19 59 21 59 21 61 19 61 19 59
19 63 22 63 22 66 19 66 19 63
75 86 77 86 77 90 75 90 75 86
68 94 71 94 71 96 68 96 68 94
13 67 17 67 17 70 13 70 13 67
34 53 37 53 37 56 34 56 34 53
88 29 91 29 91 31 88 31 88 29
18 34 20 34 20 38 18 38 18 34
88 95 92 95 92 97 88 97 88 95
24 46 27 46 27 48 24 48 24 46
20 43 22 43 22 46 20 46 20 43
51 81 53 81 53 84 51 84 51 81
26 96 29 96 29 98 26 98 26 96
89 81 92 81 92 83 89 83 89 81
2 44 4 44 4 46 2 46 2 44
7 3 9 3 9 7 7 7 7 3
73 8 76 8 76 10 73 10 73 8
33 59 35 59 35 62 33 62 33 59
58 23 62 23 62 25 58 25 58 23
95 11 98 11 98 15 95 15 95 11
95 81 97 81 97 83 95 83 95 81
78 36 81 36 81 39 78 39 78 36
49 89 52 89 52 91 49 91 49 89
41 71 43 71 43 73 41 73 41 71
59 28 63 28 63 30 59 30 59 28
39 52 43 52 43 54 39 54 39 52
53 7 57 7 57 9 53 9 53 7
44 8 47 8 47 11 44 11 44 8
44 90 46 90 46 93 44 93 44 90
43 17 46 17 46 19 43 19 43 17
5 85 8 85 8 88 5 88 5 85
39 43 43 43 43 46 39 46 39 43
49 52 51 52 51 54 49 54 49 52
55 60 57 60 57 63 55 63 55 60
25 67 28 67 28 71 25 71 25 67
70 78 72 78 72 82 70 82 70 78
43 23 46 23 46 27 43 27 43 23
77 45 79 45 79 49 77 49 77 45
85 24 89 24 89 28 85 28 85 24
21 39 24 39 24 41 21 41 21 39
43 87 45 87 45 89 43 89 43 87
62 39 64 39 64 42 62 42 62 39
21 21 24 21 24 24 21 24 21 21
20 92 22 92 22 94 20 94 20 92
89 88 91 88 91 91 89 91 89 88
51 12 53 12 53 15 51 15 51 12
2 65 5 65 5 67 2 67 2 65
30 16 33 16 33 18 30 18 30 16
80 89 82 89 82 93 80 93 80 89
19 81 21 81 21 85 19 85 19 81
84 78 88 78 88 82 84 82 84 78
48 66 52 66 52 68 48 68 48 66
93 67 97 67 97 71 93 71 93 67
80 21 82 21 82 24 80 24 80 21
72 31 76 31 76 33 72 33 72 31
11 43 14 43 14 45 11 45 11 43
13 15 15 15 15 17 13 17 13 15
46 42 48 42 48 45 46 45 46 42
7 79 10 79 10 81 7 81 7 79
48 38 51 38 51 40 48 40 48 38
49 69 51 69 51 73 49 73 49 69
9 31 11 31 11 35 9 35 9 31
54 15 56 15 56 18 54 18 54 15
74 73 78 73 78 76 74 76 74 73
8 94 10 94 10 97 8 97 8 94
94 43 97 43 97 45 94 45 94 43
71 58 73 58 73 60 71 60 71 58
89 70 91 70 91 72 89 72 89 70
54 28 57 28 57 31 54 31 54 28
