25 58 27 58 27 61 25 61 25 58
35 61 37 61 37 64 35 64 35 61
81 44 85 44 85 47 81 47 81 44
39 57 43 57 43 60 39 60 39 57
85 87 89 87 89 89 85 89 85 87
32 33 35 33 35 37 32 37 32 33
45 69 48 69 48 71 45 71 45 69
3 53 5 53 5 56 3 56 3 53
59 3 62 3 62 6 59 6 59 3
47 20 51 20 51 22 47 22 47 20
78 72 81 72 81 75 78 75 78 72
60 86 64 86 64 89 60 89 60 86
19 29 22 29 22 32 19 32 19 29
18 52 20 52 20 54 18 54 18 52
50 70 52 70 52 74 50 74 50 70
73 39 75 39 75 42 73 42 73 39
59 67 62 67 62 69 59 69 59 67
40 69 42 69 42 71 40 71 40 69
56 38 60 38 60 42 56 42 56 38
67 47 70 47 70 50 67 50 67 47
12 52 14 52 14 56 12 56 12 52
68 37 71 37 71 40 68 40 68 37
76 14 79 14 79 17 76 17 76 14
39 76 43 76 43 78 39 78 39 76
14 15 18 15 18 19 14 19 14 15
62 13 66 13 66 16 62 16 62 13
12 65 16 65 16 67 12 67 12 65
2 90 6 90 6 92 2 92 2 90
4 84 8 84 8 86 4 86 4 84
53 90 57 90 57 92 53 92 53 90
66 31 70 31 70 35 66 35 66 31
46 61 48 61 48 64 46 64 46 61
24 90 27 90 27 92 24 92 24 90
28 40 30 40 30 43 28 43 28 40
24 54 28 54 28 56 24 56 24 54
44 28 46 28 46 32 44 32 44 28
59 60 61 60 61 64 59 64 59 60
91 49 94 49 94 51 91 51 91 49
87 46 89 46 89 48 87 48 87 46
20 46 23 46 23 49 20 49 20 46
2 79 6 79 6 82 2 82 2 79
81 76 85 76 85 79 81 79 81 76
25 87 27 87 27 89 25 89 25 87
33 27 35 27 35 29 33 29 33 27
71 77 75 77 75 79 71 79 71 77
79 66 83 66 83 70 79 70 79 66
42 81 44 81 44 85 42 85 42 81
30 17 33 17 33 21 30 21 30 17
44 23 46 23 46 27 44 27 44 23
65 88 69 88 69 90 65 90 65 88
51 56 55 56 55 60 51 60 51 56
21 13 24 13 24 17 21 17 21 13
30 74 34 74 34 76 30 76 30 74
15 77 18 77 18 80 15 80 15 77
75 35 78 35 78 38 75 38 75 35
24 78 28 78 28 80 24 80 24 78
34 15 38 15 38 19 34 19 34 15
94 86 96 86 96 90 94 90 94 86
20 82 22 82 22 84 20 84 20 82
74 64 77 64 77 67 74 67 74 64
92 12 94 12 94 14 92 14 92 12
12 4 14 4 14 8 12 8 12 4
94 68 98 68 98 72 94 72 94 68
30 11 32 11 32 14 30 14 30 11
30 48 34 48 34 52 30 52 30 48
17 36 19 36 19 39 17 39 17 36
33 10 35 10 35 14 33 14 33 10
26 3 29 3 29 5 26 5 26 3
62 61 66 61 66 63 62 63 62 61
9 79 11 79 11 83 9 83 9 79
92 27 94 27 94 30 92 30 92 27
50 17 53 17 53 19 50 19 50 17
36 86 40 86 40 88 36 88 36 86
60 80 64 80 64 83 60 83 60 80
64 75 67 75 67 78 64 78 64 75
91 5 93 5 93 9 91 9 91 5
91 16 94 16 94 18 91 18 91 16
12 35 16 35 16 38 12 38 12 35
7 62 9 62 9 66 7 66 7 62
55 21 58 21 58 24 55 24 55 21
56 75 60 75 60 78 56 78 56 75
19 42 21 42 21 45 19 45 19 42
68 53 72 53 72 55 68 55 68 53
76 87 80 87 80 91 76 91 76 87
86 26 88 26 88 28 86 28 86 26
83 55 85 55 85 58 83 58 83 55
54 46 56 46 56 50 54 50 54 46
53 61 56 61 56 64 53 64 53 61
88 60 92 60 92 63 88 63 88 60
8 12 11 12 11 15 8 15 8 12
58 31 61 31 61 35 58 35 58 31
52 3 56 3 56 6 52 6 52 3
6 71 10 71 10 74 6 74 6 71
15 43 17 43 17 46 15 46 15 43
75 28 77 28 77 31 75 31 75 28
45 76 49 76 49 79 45 79 45 76
89 32 91 32 91 34 89 34 89 32
81 15 83 15 83 18 81 18 81 15
87 20 90 20 90 24 87 24 87 20
48 38 52 38 52 42 48 42 48 38
55 29 57 29 57 33 55 33 55 29
4 35 8 35 8 37 4 37 4 35
56 16 58 16 58 19 56 19 56 16
60 54 63 54 63 56 60 56 60 54
42 14 44 14 44 16 42 16 42 14
65 41 68 41 68 44 65 44 65 41
93 20 95 20 95 22 93 22 93 20
9 95 11 95 11 98 9 98 9 95
31 80 35 80 35 82 31 82 31 80
92 74 95 74 95 77 92 77 92 74
29 91 33 91 33 93 29 93 29 91
60 25 64 25 64 29 60 29 60 25
49 33 52 33 52 37 49 37 49 33
8 45 11 45 11 49 8 49 8 45
37 12 40 12 40 14 37 14 37 12
43 89 45 89 45 91 43 91 43 89
32 42 35 42 35 45 32 45 32 42
19 18 22 18 22 21 19 21 19 18
30 64 34 64 34 68 30 68 30 64
4 46 6 46 6 50 4 50 4 46
31 86 34 86 34 90 31 90 31 86
51 95 53 95 53 98 51 98 51 95
11 27 14 27 14 31 11 31 11 27
45 66 48 66 48 68 45 68 45 66
96 9 98 9 98 13 96 13 96 9
38 42 40 42 40 46 38 46 38 42
9 41 11 41 11 43 9 43 9 41
64 57 68 57 68 60 64 60 64 57
58 9 61 9 61 13 58 13 58 9
18 66 21 66 21 69 18 69 18 66
42 33 46 33 46 37 42 37 42 33
66 7 68 7 68 11 66 11 66 7
78 83 81 83 81 86 78 86 78 83
71 59 73 59 73 62 71 62 71 59
26 26 29 26 29 28 26 28 26 26
35 89 37 89 37 91 35 91 35 89
96 96 98 96 98 98 96 98 96 96
50 8 54 8 54 11 50 11 50 8
53 42 55 42 55 45 53 45 53 42
39 27 41 27 41 31 39 31 39 27
44 57 48 57 48 59 44 59 44 57
82 39 84 39 84 41 82 41 82 39
67 21 69 21 69 24 67 24 67 21
92 35 96 35 96 37 92 37 92 35
74 44 77 44 77 48 74 48 74 44
15 48 17 48 17 50 15 50 15 48
43 53 45 53 45 56 43 56 43 53
50 80 54 80 54 84 50 84 50 80
5 18 8 18 8 20 5 20 5 18
2 67 4 67 4 71 2 71 2 67
35 51 38 51 38 54 35 54 35 51
75 21 79 21 79 23 75 23 75 21
94 63 96 63 96 67 94 67 94 63
6 27 8 27 8 31 6 31 6 27
41 5 44 5 44 7 41 7 41 5
85 9 87 9 87 11 85 11 85 9
22 36 25 36 25 40 22 40 22 36
41 96 45 96 45 98 41 98 41 96
26 14 29 14 29 17 26 17 26 14
66 83 69 83 69 86 66 86 66 83
27 69 30 69 30 72 27 72 27 69
6 51 9 51 9 53 6 53 6 51
71 8 73 8 73 11 71 11 71 8
86 80 88 80 88 82 86 82 86 80
89 80 93 80 93 82 89 82 89 80
10 84 12 84 12 87 10 87 10 84
5 23 8 23 8 25 5 25 5 23
24 9 26 9 26 12 24 12 24 9
27 7 31 7 31 9 27 9 27 7
18 60 20 60 20 62 18 62 18 60
91 54 95 54 95 56 91 56 91 54
78 39 80 39 80 42 78 42 78 39
59 91 63 91 63 95 59 95 59 91
21 95 25 95 25 98 21 98 21 95
35 2 39 2 39 4 35 4 35 2
31 53 34 53 34 55 31 55 31 53
37 83 39 83 39 85 37 85 37 83
74 4 76 4 76 8 74 8 74 4
23 62 25 62 25 64 23 64 23 62
7 91 10 91 10 94 7 94 7 91
61 36 63 36 63 38 61 38 61 36
50 48 52 48 52 50 50 50 50 48
3 73 5 73 5 76 3 76 3 73
47 90 51 90 51 94 47 94 47 90
44 8 48 8 48 12 44 12 44 8
2 13 4 13 4 15 2 15 2 13
13 88 15 88 15 92 13 92 13 88
76 56 78 56 78 60 76 60 76 56
88 92 90 92 90 96 88 96 88 92
84 4 87 4 87 8 84 8 84 4
26 65 28 65 28 68 26 68 26 65
51 65 53 65 53 68 51 68 51 65
25 47 29 47 29 51 25 51 25 47
85 61 87 61 87 63 85 63 85 61
88 75 90 75 90 78 88 78 88 75
22 41 24 41 24 45 22 45 22 41
83 92 87 92 87 95 83 95 83 92
67 13 71 13 71 17 67 17 67 13
6 58 8 58 8 61 6 61 6 58
54 93 56 93 56 95 54 95 54 93
73 71 77 71 77 74 73 74 73 71
21 23 25 23 25 27 21 27 21 23
40 50 42 50 42 53 40 53 40 50
21 4 24 4 24 7 21 7 21 4
46 3 48 3 48 5 46 5 46 3
88 29 90 29 90 31 88 31 88 29
5 13 7 13 7 17 5 17 5 13
17 85 19 85 19 89 17 89 17 85
77 94 79 94 79 96 77 96 77 94
88 42 91 42 91 44 88 44 88 42
36 37 40 37 40 41 36 41 36 37
15 5 19 5 19 7 15 7 15 5
47 26 50 26 50 30 47 30 47 26
84 70 88 70 88 74 84 74 84 70
22 85 24 85 24 88 22 88 22 85
41 43 44 43 44 45 41 45 41 43
80 51 82 51 82 54 80 54 80 51
25 29 27 29 27 33 25 33 25 29
77 3 81 3 81 7 77 7 77 3
41 86 44 86 44 88 41 88 41 86
84 17 86 17 86 19 84 19 84 17
3 28 5 28 5 32 3 32 3 28
51 25 53 25 53 29 51 29 51 25
32 58 35 58 35 60 32 60 32 58
26 84 29 84 29 86 26 86 26 84
19 72 21 72 21 75 19 75 19 72
36 69 39 69 39 73 36 73 36 69
62 18 66 18 66 20 62 20 62 18
95 45 97 45 97 47 95 47 95 45
26 35 28 35 28 38 26 38 26 35
72 14 75 14 75 18 72 18 72 14
6 67 10 67 10 69 6 69 6 67
6 2 10 2 10 4 6 4 6 2
47 52 49 52 49 54 47 54 47 52
9 20 11 20 11 22 9 22 9 20
64 52 66 52 66 55 64 55 64 52
7 7 10 7 10 10 7 10 7 7
94 31 98 31 98 33 94 33 94 31
66 67 69 67 69 71 66 71 66 67
53 87 57 87 57 89 53 89 53 87
69 42 72 42 72 46 69 46 69 42
38 89 40 89 40 92 38 92 38 89
13 70 16 70 16 72 13 72 13 70
67 25 70 25 70 29 67 29 67 25
35 94 38 94 38 98 35 98 35 94
12 93 16 93 16 97 12 97 12 93
30 24 32 24 32 27 30 27 30 24
10 75 13 75 13 77 10 77 10 75
37 21 41 21 41 24 37 24 37 21
58 50 60 50 60 52 58 52 58 50
