61 33 65 33 65 36 61 36 61 33
43 94 46 94 46 97 43 97 43 94
78 25 80 25 80 27 78 27 78 25
86 74 88 74 88 77 86 77 86 74
38 31 40 31 40 33 38 33 38 31
6 12 10 12 10 16 6 16 6 12
29 55 33 55 33 58 29 58 29 55
50 3 52 3 52 5 50 5 50 3
40 78 42 78 42 80 40 80 40 78
53 61 57 61 57 64 53 64 53 61
93 74 97 74 97 78 93 78 93 74
67 68 71 68 71 72 67 72 67 68
24 46 28 46 28 50 24 50 24 46
49 79 52 79 52 81 49 81 49 79
94 82 97 82 97 85 94 85 94 82
60 48 62 48 62 51 60 51 60 48
10 19 12 19 12 21 10 21 10 19
70 75 73 75 73 79 70 79 70 75
43 66 47 66 47 69 43 69 43 66
12 4 15 4 15 7 12 7 12 4
84 49 88 49 88 51 84 51 84 49
2 73 4 73 4 75 2 75 2 73
93 12 97 12 97 14 93 14 93 12
95 56 98 56 98 58 95 58 95 56
22 54 25 54 25 56 22 56 22 54
67 32 71 32 71 34 67 34 67 32
6 31 10 31 10 35 6 35 6 31
19 57 21 57 21 60 19 60 19 57
13 56 16 56 16 59 13 59 13 56
10 61 14 61 14 65 10 65 10 61
12 70 14 70 14 72 12 72 12 70
85 31 88 31 88 34 85 34 85 31
5 57 7 57 7 61 5 61 5 57
15 36 17 36 17 39 15 39 15 36
92 95 94 95 94 98 92 98 92 95
56 37 60 37 60 41 56 41 56 37
7 83 11 83 11 87 7 87 7 83
15 25 19 25 19 28 15 28 15 25
94 69 98 69 98 72 94 72 94 69
75 21 79 21 79 24 75 24 75 21
78 39 82 39 82 41 78 41 78 39
75 47 79 47 79 49 75 49 75 47
43 87 47 87 47 91 43 91 43 87
76 72 80 72 80 74 76 74 76 72
42 71 44 71 44 74 42 74 42 71
93 5 97 5 97 9 93 9 93 5
44 6 46 6 46 9 44 9 44 6
54 88 58 88 58 92 54 92 54 88
75 57 77 57 77 61 75 61 75 57
33 88 37 88 37 91 33 91 33 88
35 92 39 92 39 94 35 94 35 92
78 87 81 87 81 90 78 90 78 87
45 49 48 49 48 52 45 52 45 49
16 89 18 89 18 93 16 93 16 89
50 39 54 39 54 41 50 41 50 39
27 90 31 90 31 93 27 93 27 90
26 74 29 74 29 78 26 78 26 74
64 28 68 28 68 31 64 31 64 28
79 82 81 82 81 85 79 85 79 82
15 31 17 31 17 33 15 33 15 31
12 77 15 77 15 81 12 81 12 77
51 68 53 68 53 72 51 72 51 68
17 43 20 43 20 45 17 45 17 43
20 69 23 69 23 73 20 73 20 69
35 11 38 11 38 15 35 15 35 11
9 93 11 93 11 95 9 95 9 93
89 41 91 41 91 45 89 45 89 41
45 42 49 42 49 45 45 45 45 42
54 16 58 16 58 18 54 18 54 16
90 49 93 49 93 51 90 51 90 49
80 94 84 94 84 98 80 98 80 94
49 24 52 24 52 28 49 28 49 24
65 54 68 54 68 57 65 57 65 54
30 17 34 17 34 20 30 20 30 17
59 95 61 95 61 98 59 98 59 95
11 89 13 89 13 91 11 91 11 89
86 28 90 28 90 30 86 30 86 28
47 19 49 19 49 22 47 22 47 19
73 83 75 83 75 86 73 86 73 83
11 39 13 39 13 43 11 43 11 39
28 85 30 85 30 88 28 88 28 85
91 68 93 68 93 71 91 71 91 68
49 61 52 61 52 63 49 63 49 61
63 41 66 41 66 44 63 44 63 41
33 29 35 29 35 32 33 32 33 29
4 37 6 37 6 39 4 39 4 37
32 41 34 41 34 44 32 44 32 41
78 5 82 5 82 7 78 7 78 5
81 44 85 44 85 47 81 47 81 44
32 3 35 3 35 7 32 7 32 3
29 33 31 33 31 35 29 35 29 33
38 47 41 47 41 51 38 51 38 47
69 58 71 58 71 60 69 60 69 58
62 93 64 93 64 96 62 96 62 93
44 21 46 21 46 23 44 23 44 21
34 53 36 53 36 56 34 56 34 53
50 55 53 55 53 59 50 59 50 55
32 95 35 95 35 98 32 98 32 95
38 71 40 71 40 75 38 75 38 71
20 87 23 87 23 91 20 91 20 87
31 60 34 60 34 63 31 63 31 60
56 83 60 83 60 85 56 85 56 83
73 40 77 40 77 44 73 44 73 40
28 64 31 64 31 67 28 67 28 64
33 48 36 48 36 52 33 52 33 48
36 82 38 82 38 86 36 86 36 82
23 80 26 80 26 82 23 82 23 80
2 14 5 14 5 18 2 18 2 14
71 46 73 46 73 48 71 48 71 46
95 94 97 94 97 98 95 98 95 94
53 75 56 75 56 79 53 79 53 75
90 59 93 59 93 63 90 63 90 59
6 6 8 6 8 10 6 10 6 6
26 39 30 39 30 41 26 41 26 39
76 94 78 94 78 98 76 98 76 94
60 18 64 18 64 21 60 21 60 18
8 24 11 24 11 28 8 28 8 24
63 8 66 8 66 12 63 12 63 8
2 62 5 62 5 65 2 65 2 62
44 38 48 38 48 40 44 40 44 38
50 52 53 52 53 54 50 54 50 52
15 48 18 48 18 52 15 52 15 48
16 72 18 72 18 76 16 76 16 72
80 77 82 77 82 81 80 81 80 77
30 75 33 75 33 79 30 79 30 75
47 84 50 84 50 86 47 86 47 84
63 24 67 24 67 26 63 26 63 24
45 72 48 72 48 74 45 74 45 72
68 38 70 38 70 42 68 42 68 38
38 21 42 21 42 23 38 23 38 21
94 16 96 16 96 19 94 19 94 16
13 21 15 21 15 24 13 24 13 21
48 31 52 31 52 33 48 33 48 31
53 21 56 21 56 25 53 25 53 21
37 5 41 5 41 8 37 8 37 5
72 69 74 69 74 71 72 71 72 69
80 29 82 29 82 33 80 33 80 29
72 52 76 52 76 55 72 55 72 52
5 43 9 43 9 45 5 45 5 43
16 9 18 9 18 12 16 12 16 9
2 89 4 89 4 91 2 91 2 89
3 70 7 70 7 72 3 72 3 70
45 27 47 27 47 29 45 29 45 27
68 5 72 5 72 7 68 7 68 5
86 82 90 82 90 85 86 85 86 82
30 24 32 24 32 26 30 26 30 24
69 93 72 93 72 97 69 97 69 93
61 60 64 60 64 62 61 62 61 60
95 47 97 47 97 50 95 50 95 47
90 34 93 34 93 38 90 38 90 34
93 30 96 30 96 32 93 32 93 30
67 90 71 90 71 92 67 92 67 90
37 34 40 34 40 38 37 38 37 34
3 84 5 84 5 87 3 87 3 84
68 11 72 11 72 15 68 15 68 11
74 77 76 77 76 79 74 79 74 77
48 6 51 6 51 9 48 9 48 6
29 68 32 68 32 72 29 72 29 68
63 70 65 70 65 72 63 72 63 70
25 21 28 21 28 25 25 25 25 21
23 6 27 6 27 9 23 9 23 6
56 28 58 28 58 30 56 30 56 28
40 16 43 16 43 20 40 20 40 16
74 9 76 9 76 13 74 13 74 9
84 40 86 40 86 43 84 43 84 40
26 17 29 17 29 19 26 19 26 17
84 22 86 22 86 26 84 26 84 22
94 20 98 20 98 22 94 22 94 20
30 28 32 28 32 32 30 32 30 28
90 92 92 92 92 94 90 94 90 92
64 2 68 2 68 4 64 4 64 2
37 17 39 17 39 19 37 19 37 17
19 19 23 19 23 23 19 23 19 19
2 19 5 19 5 22 2 22 2 19
25 27 29 27 29 30 25 30 25 27
79 54 83 54 83 57 79 57 79 54
11 36 14 36 14 38 11 38 11 36
63 75 65 75 65 77 63 77 63 75
7 64 9 64 9 66 7 66 7 64
54 33 58 33 58 35 54 35 54 33
2 27 6 27 6 29 2 29 2 27
35 40 37 40 37 43 35 43 35 40
11 47 14 47 14 51 11 51 11 47
3 11 5 11 5 13 3 13 3 11
26 52 28 52 28 54 26 54 26 52
44 16 47 16 47 18 44 18 44 16
39 26 41 26 41 29 39 29 39 26
62 87 65 87 65 91 62 91 62 87
7 67 9 67 9 69 7 69 7 67
22 57 26 57 26 60 22 60 22 57
46 54 48 54 48 56 46 56 46 54
33 69 35 69 35 72 33 72 33 69
44 10 48 10 48 14 44 14 44 10
59 10 62 10 62 12 59 12 59 10
89 87 92 87 92 90 89 90 89 87
21 42 23 42 23 45 21 45 21 42
61 78 65 78 65 82 61 82 61 78
4 46 6 46 6 48 4 48 4 46
19 66 21 66 21 68 19 68 19 66
65 63 68 63 68 66 65 66 65 63
31 82 34 82 34 86 31 86 31 82
75 30 79 30 79 34 75 34 75 30
91 17 93 17 93 19 91 19 91 17
2 3 4 3 4 5 2 5 2 3
65 94 68 94 68 96 65 96 65 94
24 84 27 84 27 87 24 87 24 84
87 12 91 12 91 15 87 15 87 12
92 44 95 44 95 46 92 46 92 44
79 13 82 13 82 16 79 16 79 13
8 73 10 73 10 75 8 75 8 73
94 60 96 60 96 63 94 63 94 60
27 95 29 95 29 98 27 98 27 95
47 34 51 34 51 36 47 36 47 34
23 61 26 61 26 63 23 63 23 61
63 48 67 48 67 52 63 52 63 48
87 35 89 35 89 38 87 38 87 35
72 26 76 26 76 29 72 29 72 26
72 49 74 49 74 51 72 51 72 49
39 42 41 42 41 46 39 46 39 42
85 88 88 88 88 92 85 92 85 88
79 64 82 64 82 66 79 66 79 64
56 95 58 95 58 98 56 98 56 95
40 87 42 87 42 89 40 89 40 87
96 42 98 42 98 45 96 45 96 42
73 87 77 87 77 91 73 91 73 87
43 82 45 82 45 84 43 84 43 82
43 53 45 53 45 57 43 57 43 53
82 61 85 61 85 63 82 63 82 61
76 2 80 2 80 4 76 4 76 2
8 70 11 70 11 72 8 72 8 70
83 78 86 78 86 80 83 80 83 78
35 77 38 77 38 80 35 80 35 77
92 52 94 52 94 54 92 54 92 52
47 76 50 76 50 78 47 78 47 76
58 3 60 3 60 7 58 7 58 3
79 9 83 9 83 12 79 12 79 9
57 71 60 71 60 74 57 74 57 71
22 93 26 93 26 95 22 95 22 93
41 37 43 37 43 39 41 39 41 37
57 19 59 19 59 22 57 22 57 19
8 53 10 53 10 57 8 57 8 53
38 65 40 65 40 67 38 67 38 65
52 12 55 12 55 14 52 14 52 12
82 73 84 73 84 75 82 75 82 73
90 5 92 5 92 7 90 7 90 5
22 11 24 11 24 13 22 13 22 11
69 63 72 63 72 66 69 66 69 63
56 8 58 8 58 12 56 12 56 8
20 26 22 26 22 28 20 28 20 26
66 74 69 74 69 76 66 76 66 74
