75 15 78 15 78 18 75 18 75 15
14 94 16 94 16 98 14 98 14 94
85 19 87 19 87 22 85 22 85 19
53 62 55 62 55 64 53 64 53 62
16 41 20 41 20 43 16 43 16 41
18 55 20 55 20 57 18 57 18 55
13 22 15 22 15 26 13 26 13 22
32 66 34 66 34 69 32 69 32 66
82 6 86 6 86 9 82 9 82 6
63 72 65 72 65 74 63 74 63 72
34 15 37 15 37 18 34 18 34 15
56 62 60 62 60 65 56 65 56 62
66 76 70 76 70 79 66 79 66 76
43 25 45 25 45 27 43 27 43 25
31 59 33 59 33 61 31 61 31 59
3 39 6 39 6 41 3 41 3 39
11 32 14 32 14 36 11 36 11 32
47 20 49 20 49 24 47 24 47 20
83 39 85 39 85 43 83 43 83 39
83 68 86 68 86 70 83 70 83 68
45 95 49 95 49 98 45 98 45 95
89 30 93 30 93 34 89 34 89 30
69 66 72 66 72 70 69 70 69 66
34 7 38 7 38 9 34 9 34 7
3 53 5 53 5 57 3 57 3 53
8 82 10 82 10 86 8 86 8 82
18 60 22 60 22 63 18 63 18 60
62 26 66 26 66 30 62 30 62 26
44 64 46 64 46 67 44 67 44 64
30 32 33 32 33 36 30 36 30 32
40 71 43 71 43 74 40 74 40 71
24 13 27 13 27 17 24 17 24 13
95 43 97 43 97 46 95 46 95 43
26 90 28 90 28 93 26 93 26 90
6 64 9 64 9 67 6 67 6 64
3 47 5 47 5 51 3 51 3 47
61 47 64 47 64 50 61 50 61 47
91 20 95 20 95 24 91 24 91 20
19 81 22 81 22 84 19 84 19 81
71 25 75 25 75 29 71 29 71 25
67 73 71 73 71 75 67 75 67 73
38 90 41 90 41 92 38 92 38 90
61 52 63 52 63 55 61 55 61 52
37 51 40 51 40 55 37 55 37 51
32 50 34 50 34 52 32 52 32 50
76 71 79 71 79 75 76 75 76 71
44 6 48 6 48 8 44 8 44 6
96 28 98 28 98 30 96 30 96 28
18 4 21 4 21 7 18 7 18 4
55 23 59 23 59 25 55 25 55 23
87 71 89 71 89 75 87 75 87 71
78 11 82 11 82 13 78 13 78 11
40 34 44 34 44 38 40 38 40 34
24 40 27 40 27 44 24 44 24 40
40 8 43 8 43 10 40 10 40 8
12 44 16 44 16 46 12 46 12 44
67 27 70 27 70 30 67 30 67 27
44 47 46 47 46 51 44 51 44 47
19 86 23 86 23 89 19 89 19 86
15 67 18 67 18 69 15 69 15 67
7 3 10 3 10 5 7 5 7 3
12 15 14 15 14 17 12 17 12 15
49 50 53 50 53 54 49 54 49 50
45 90 48 90 48 92 45 92 45 90
71 87 75 87 75 91 71 91 71 87
54 2 57 2 57 4 54 4 54 2
6 32 8 32 8 34 6 34 6 32
47 16 49 16 49 19 47 19 47 16
38 39 42 39 42 41 38 41 38 39
59 6 61 6 61 8 59 8 59 6
34 83 37 83 37 85 34 85 34 83
15 33 18 33 18 36 15 36 15 33
50 5 54 5 54 9 50 9 50 5
49 87 53 87 53 89 49 89 49 87
70 37 74 37 74 39 70 39 70 37
21 94 23 94 23 97 21 97 21 94
14 70 17 70 17 73 14 73 14 70
20 47 23 47 23 49 20 49 20 47
2 79 6 79 6 81 2 81 2 79
79 22 83 22 83 26 79 26 79 22
67 19 71 19 71 23 67 23 67 19
54 77 58 77 58 80 54 80 54 77
24 59 26 59 26 61 24 61 24 59
39 21 41 21 41 23 39 23 39 21
7 13 10 13 10 15 7 15 7 13
85 78 88 78 88 80 85 80 85 78
14 51 18 51 18 54 14 54 14 51
28 86 31 86 31 89 28 89 28 86
45 59 49 59 49 63 45 63 45 59
81 83 83 83 83 85 81 85 81 83
85 90 89 90 89 92 85 92 85 90
19 50 21 50 21 53 19 53 19 50
35 77 38 77 38 79 35 79 35 77
28 41 31 41 31 43 28 43 28 41
27 64 31 64 31 66 27 66 27 64
75 62 78 62 78 64 75 64 75 62
94 94 96 94 96 97 94 97 94 94
77 51 79 51 79 54 77 54 77 51
56 36 58 36 58 39 56 39 56 36
30 47 32 47 32 49 30 49 30 47
41 54 45 54 45 57 41 57 41 54
44 70 46 70 46 74 44 74 44 70
16 28 19 28 19 32 16 32 16 28
48 79 52 79 52 83 48 83 48 79
39 77 42 77 42 81 39 81 39 77
63 13 67 13 67 15 63 15 63 13
11 64 14 64 14 68 11 68 11 64
39 43 43 43 43 45 39 45 39 43
52 55 54 55 54 59 52 59 52 55
68 9 70 9 70 13 68 13 68 9
29 54 32 54 32 58 29 58 29 54
19 70 22 70 22 74 19 74 19 70
14 81 18 81 18 83 14 83 14 81
90 12 94 12 94 16 90 16 90 12
49 43 53 43 53 46 49 46 49 43
39 15 43 15 43 18 39 18 39 15
70 14 74 14 74 16 70 16 70 14
85 30 88 30 88 34 85 34 85 30
73 34 75 34 75 36 73 36 73 34
50 73 52 73 52 77 50 77 50 73
67 39 69 39 69 43 67 43 67 39
54 47 57 47 57 51 54 51 54 47
7 44 10 44 10 47 7 47 7 44
31 13 33 13 33 15 31 15 31 13
26 50 28 50 28 52 26 52 26 50
90 90 93 90 93 94 90 94 90 90
59 17 63 17 63 20 59 20 59 17
62 90 66 90 66 92 62 92 62 90
3 33 5 33 5 35 3 35 3 33
92 53 96 53 96 55 92 55 92 53
87 26 91 26 91 28 87 28 87 26
47 68 49 68 49 72 47 72 47 68
94 86 96 86 96 90 94 90 94 86
81 27 84 27 84 30 81 30 81 27
79 93 81 93 81 95 79 95 79 93
80 50 84 50 84 53 80 53 80 50
88 85 92 85 92 88 88 88 88 85
61 41 64 41 64 43 61 43 61 41
91 56 93 56 93 58 91 58 91 56
94 63 98 63 98 65 94 65 94 63
62 10 64 10 64 12 62 12 62 10
51 16 54 16 54 20 51 20 51 16
30 79 32 79 32 82 30 82 30 79
79 15 82 15 82 17 79 17 79 15
18 12 21 12 21 14 18 14 18 12
71 44 75 44 75 47 71 47 71 44
9 75 11 75 11 77 9 77 9 75
57 83 59 83 59 86 57 86 57 83
57 56 61 56 61 58 57 58 57 56
50 30 53 30 53 33 50 33 50 30
96 68 98 68 98 70 96 70 96 68
24 21 28 21 28 23 24 23 24 21
65 93 67 93 67 97 65 97 65 93
2 75 5 75 5 77 2 77 2 75
95 75 98 75 98 79 95 79 95 75
6 55 8 55 8 57 6 57 6 55
24 8 27 8 27 10 24 10 24 8
53 13 56 13 56 15 53 15 53 13
40 67 43 67 43 70 40 70 40 67
41 11 44 11 44 13 41 13 41 11
67 33 71 33 71 36 67 36 67 33
55 94 59 94 59 98 55 98 55 94
19 19 22 19 22 21 19 21 19 19
65 2 68 2 68 6 65 6 65 2
31 26 34 26 34 29 31 29 31 26
11 56 13 56 13 59 11 59 11 56
90 7 92 7 92 9 90 9 90 7
57 40 60 40 60 44 57 44 57 40
88 44 92 44 92 46 88 46 88 44
79 44 82 44 82 47 79 47 79 44
12 75 16 75 16 79 12 79 12 75
29 38 31 38 31 40 29 40 29 38
60 77 64 77 64 81 60 81 60 77
69 94 71 94 71 96 69 96 69 94
90 61 92 61 92 65 90 65 90 61
31 21 33 21 33 24 31 24 31 21
78 32 82 32 82 36 78 36 78 32
26 68 28 68 28 72 26 72 26 68
62 21 66 21 66 25 62 25 62 21
39 64 42 64 42 66 39 66 39 64
10 19 14 19 14 21 10 21 10 19
66 83 70 83 70 87 66 87 66 83
68 59 70 59 70 61 68 61 68 59
23 27 26 27 26 30 23 30 23 27
91 77 94 77 94 79 91 79 91 77
60 72 62 72 62 75 60 75 60 72
85 65 88 65 88 67 85 67 85 65
25 35 28 35 28 38 25 38 25 35
23 4 26 4 26 7 23 7 23 4
82 74 85 74 85 77 82 77 82 74
96 57 98 57 98 61 96 61 96 57
42 91 44 91 44 95 42 95 42 91
77 4 81 4 81 6 77 6 77 4
20 24 23 24 23 26 20 26 20 24
71 7 74 7 74 11 71 11 71 7
11 93 13 93 13 95 11 95 11 93
94 5 96 5 96 7 94 7 94 5
9 88 12 88 12 92 9 92 9 88
86 81 88 81 88 84 86 84 86 81
23 63 26 63 26 67 23 67 23 63
8 26 12 26 12 28 8 28 8 26
91 47 94 47 94 50 91 50 91 47
95 34 97 34 97 38 95 38 95 34
14 9 17 9 17 11 14 11 14 9
83 10 86 10 86 12 83 12 83 10
45 11 48 11 48 14 45 14 45 11
46 34 48 34 48 37 46 37 46 34
37 56 39 56 39 58 37 58 37 56
35 71 39 71 39 75 35 75 35 71
71 59 73 59 73 61 71 61 71 59
54 89 57 89 57 92 54 92 54 89
93 25 95 25 95 27 93 27 93 25
29 44 33 44 33 46 29 46 29 44
7 9 10 9 10 12 7 12 7 9
34 86 37 86 37 88 34 88 34 86
7 6 10 6 10 8 7 8 7 6
56 7 58 7 58 10 56 10 56 7
33 2 37 2 37 4 33 4 33 2
71 53 75 53 75 57 71 57 71 53
24 95 27 95 27 98 24 98 24 95
38 47 41 47 41 50 38 50 38 47
11 39 15 39 15 41 11 41 11 39
87 4 89 4 89 7 87 7 87 4
60 2 63 2 63 5 60 5 60 2
42 2 46 2 46 5 42 5 42 2
94 80 98 80 98 83 94 83 94 80
85 51 88 51 88 53 85 53 85 51
83 94 87 94 87 96 83 96 83 94
32 89 36 89 36 92 32 92 32 89
5 17 8 17 8 20 5 20 5 17
62 35 66 35 66 38 62 38 62 35
33 93 37 93 37 95 33 95 33 93
51 69 54 69 54 71 51 71 51 69
74 94 76 94 76 96 74 96 74 94
80 79 83 79 83 82 80 82 80 79
52 66 55 66 55 68 52 68 52 66
61 64 64 64 64 66 61 66 61 64
81 57 84 57 84 61 81 61 81 57
65 62 68 62 68 65 65 65 65 62
20 29 22 29 22 31 20 31 20 29
3 12 5 12 5 15 3 15 3 12
3 44 6 44 6 46 3 46 3 44
12 3 16 3 16 7 12 7 12 3
90 2 93 2 93 4 90 4 90 2
54 27 58 27 58 29 54 29 54 27
23 77 25 77 25 80 23 80 23 77
80 62 84 62 84 66 80 66 80 62
33 37 37 37 37 40 33 40 33 37
3 60 6 60 6 62 3 62 3 60
90 95 93 95 93 98 90 98 90 95
