37 7 41 7 41 10 37 10 37 7
41 55 44 55 44 58 41 58 41 55
94 48 96 48 96 51 94 51 94 48
33 59 36 59 36 61 33 61 33 59
75 46 78 46 78 50 75 50 75 46
45 49 49 49 49 53 45 53 45 49
56 6 59 6 59 10 56 10 56 6
8 41 11 41 11 44 8 44 8 41
46 54 50 54 50 58 46 58 46 54
13 20 15 20 15 23 13 23 13 20
19 68 23 68 23 70 19 70 19 68
14 16 17 16 17 19 14 19 14 16
65 28 67 28 67 31 65 31 65 28
35 20 38 20 38 24 35 24 35 20
27 82 31 82 31 85 27 85 27 82
36 45 39 45 39 48 36 48 36 45
65 90 69 90 69 94 65 94 65 90
23 39 27 39 27 42 23 42 23 39
67 77 69 77 69 79 67 79 67 77
24 70 27 70 27 72 24 72 24 70
57 85 59 85 59 89 57 89 57 85
87 25 90 25 90 27 87 27 87 25
3 17 5 17 5 20 3 20 3 17
47 82 51 82 51 85 47 85 47 82
52 62 56 62 56 64 52 64 52 62
29 43 33 43 33 46 29 46 29 43
28 18 30 18 30 20 28 20 28 18
66 95 69 95 69 98 66 98 66 95
20 43 22 43 22 45 20 45 20 43
61 68 64 68 64 70 61 70 61 68
74 87 76 87 76 91 74 91 74 87
69 19 71 19 71 23 69 23 69 19
81 27 83 27 83 31 81 31 81 27
70 42 74 42 74 46 70 46 70 42
60 2 62 2 62 4 60 4 60 2
2 92 5 92 5 95 2 95 2 92
56 93 58 93 58 96 56 96 56 93
12 52 16 52 16 55 12 55 12 52
79 39 82 39 82 41 79 41 79 39
81 2 84 2 84 5 81 5 81 2
5 70 7 70 7 74 5 74 5 70
29 52 31 52 31 54 29 54 29 52
44 66 46 66 46 70 44 70 44 66
50 65 52 65 52 67 50 67 50 65
4 23 8 23 8 27 4 27 4 23
26 28 28 28 28 30 26 30 26 28
51 58 55 58 55 61 51 61 51 58
24 56 27 56 27 58 24 58 24 56
38 68 42 68 42 70 38 70 38 68
33 34 36 34 36 36 33 36 33 34
53 52 55 52 55 55 53 55 53 52
10 14 13 14 13 16 10 16 10 14
40 46 44 46 44 49 40 49 40 46
85 84 88 84 88 88 85 88 85 84
82 10 84 10 84 12 82 12 82 10
64 44 66 44 66 47 64 47 64 44
96 87 98 87 98 89 96 89 96 87
84 56 88 56 88 59 84 59 84 56
7 8 11 8 11 11 7 11 7 8
93 31 97 31 97 34 93 34 93 31
9 18 11 18 11 20 9 20 9 18
6 47 8 47 8 49 6 49 6 47
69 56 73 56 73 60 69 60 69 56
94 3 98 3 98 6 94 6 94 3
61 59 65 59 65 61 61 61 61 59
46 76 49 76 49 79 46 79 46 76
79 94 82 94 82 96 79 96 79 94
92 96 96 96 96 98 92 98 92 96
63 73 65 73 65 77 63 77 63 73
33 75 35 75 35 79 33 79 33 75
62 89 64 89 64 91 62 91 62 89
65 62 68 62 68 65 65 65 65 62
57 69 60 69 60 73 57 73 57 69
57 45 59 45 59 48 57 48 57 45
19 32 22 32 22 35 19 35 19 32
13 61 17 61 17 65 13 65 13 61
51 15 53 15 53 19 51 19 51 15
78 35 81 35 81 38 78 38 78 35
78 17 82 17 82 19 78 19 78 17
76 60 78 60 78 64 76 64 76 60
75 76 78 76 78 79 75 79 75 76
12 7 14 7 14 11 12 11 12 7
53 75 57 75 57 79 53 79 53 75
60 34 63 34 63 38 60 38 60 34
50 38 52 38 52 42 50 42 50 38
95 64 97 64 97 67 95 67 95 64
9 33 13 33 13 37 9 37 9 33
2 40 5 40 5 43 2 43 2 40
39 95 42 95 42 97 39 97 39 95
15 84 17 84 17 86 15 86 15 84
88 5 90 5 90 7 88 7 88 5
70 68 73 68 73 71 70 71 70 68
73 19 75 19 75 22 73 22 73 19
20 55 22 55 22 58 20 58 20 55
61 84 64 84 64 86 61 86 61 84
13 77 15 77 15 80 13 80 13 77
11 87 15 87 15 89 11 89 11 87
23 93 26 93 26 97 23 97 23 93
49 32 51 32 51 35 49 35 49 32
59 22 63 22 63 25 59 25 59 22
9 74 11 74 11 77 9 77 9 74
14 91 17 91 17 95 14 95 14 91
84 47 87 47 87 51 84 51 84 47
17 96 20 96 20 98 17 98 17 96
13 66 16 66 16 69 13 69 13 66
85 16 89 16 89 20 85 20 85 16
45 59 47 59 47 62 45 62 45 59
64 39 68 39 68 42 64 42 64 39
77 70 81 70 81 72 77 72 77 70
37 84 40 84 40 87 37 87 37 84
16 75 20 75 20 77 16 77 16 75
85 68 87 68 87 71 85 71 85 68
28 93 32 93 32 96 28 96 28 93
32 15 34 15 34 19 32 19 32 15
54 81 58 81 58 84 54 84 54 81
48 87 50 87 50 90 48 90 48 87
68 84 70 84 70 88 68 88 68 84
91 89 94 89 94 91 91 91 91 89
36 16 38 16 38 19 36 19 36 16
14 41 17 41 17 43 14 43 14 41
5 29 8 29 8 32 5 32 5 29
45 2 48 2 48 5 45 5 45 2
40 77 42 77 42 79 40 79 40 77
24 31 26 31 26 35 24 35 24 31
14 28 16 28 16 32 14 32 14 28
57 12 59 12 59 15 57 15 57 12
29 11 33 11 33 14 29 14 29 11
23 5 26 5 26 9 23 9 23 5
50 23 53 23 53 26 50 26 50 23
75 66 79 66 79 69 75 69 75 66
19 59 23 59 23 62 19 62 19 59
88 50 90 50 90 54 88 54 88 50
54 26 56 26 56 29 54 29 54 26
10 93 13 93 13 96 10 96 10 93
69 7 73 7 73 10 69 10 69 7
20 82 22 82 22 86 20 86 20 82
79 78 82 78 82 80 79 80 79 78
38 34 41 34 41 38 38 38 38 34
51 68 55 68 55 71 51 71 51 68
87 60 90 60 90 64 87 64 87 60
24 11 27 11 27 15 24 15 24 11
33 25 37 25 37 28 33 28 33 25
93 7 97 7 97 10 93 10 93 7
80 81 84 81 84 83 80 83 80 81
91 83 93 83 93 86 91 86 91 83
85 75 88 75 88 79 85 79 85 75
3 33 7 33 7 36 3 36 3 33
61 7 63 7 63 9 61 9 61 7
18 12 20 12 20 16 18 16 18 12
75 7 78 7 78 11 75 11 75 7
66 50 69 50 69 53 66 53 66 50
89 79 93 79 93 82 89 82 89 79
42 31 45 31 45 33 42 33 42 31
27 4 31 4 31 6 27 6 27 4
78 84 80 84 80 88 78 88 78 84
93 39 97 39 97 41 93 41 93 39
88 29 92 29 92 32 88 32 88 29
27 25 30 25 30 27 27 27 27 25
20 26 22 26 22 30 20 30 20 26
33 86 36 86 36 88 33 88 33 86
12 25 14 25 14 27 12 27 12 25
52 89 55 89 55 92 52 92 52 89
33 65 36 65 36 68 33 68 33 65
70 52 73 52 73 54 70 54 70 52
34 49 38 49 38 51 34 51 34 49
90 9 92 9 92 12 90 12 90 9
44 91 48 91 48 95 44 95 44 91
87 90 89 90 89 92 87 92 87 90
53 3 56 3 56 5 53 5 53 3
50 45 52 45 52 49 50 49 50 45
49 3 52 3 52 6 49 6 49 3
66 10 68 10 68 12 66 12 66 10
58 28 61 28 61 32 58 32 58 28
92 16 95 16 95 18 92 18 92 16
19 51 23 51 23 53 19 53 19 51
17 23 19 23 19 27 17 27 17 23
4 78 6 78 6 80 4 80 4 78
44 34 48 34 48 37 44 37 44 34
41 51 43 51 43 54 41 54 41 51
34 39 36 39 36 42 34 42 34 39
11 2 13 2 13 6 11 6 11 2
42 86 45 86 45 89 42 89 42 86
26 59 30 59 30 63 26 63 26 59
64 80 66 80 66 82 64 82 64 80
9 70 11 70 11 73 9 73 9 70
21 72 23 72 23 76 21 76 21 72
4 53 6 53 6 56 4 56 4 53
55 16 58 16 58 18 55 18 55 16
45 46 49 46 49 48 45 48 45 46
42 81 45 81 45 85 42 85 42 81
73 93 75 93 75 95 73 95 73 93
53 41 55 41 55 44 53 44 53 41
79 50 82 50 82 53 79 53 79 50
22 16 24 16 24 19 22 19 22 16
82 90 84 90 84 92 82 92 82 90
72 61 75 61 75 63 72 63 72 61
89 36 91 36 91 39 89 39 89 36
56 40 60 40 60 42 56 42 56 40
6 62 8 62 8 66 6 66 6 62
96 42 98 42 98 46 96 46 96 42
14 56 17 56 17 58 14 58 14 56
57 52 60 52 60 56 57 56 57 52
8 56 10 56 10 58 8 58 8 56
40 14 43 14 43 18 40 18 40 14
9 62 12 62 12 65 9 65 9 62
57 57 59 57 59 60 57 60 57 57
79 23 82 23 82 25 79 25 79 23
91 72 93 72 93 76 91 76 91 72
72 26 75 26 75 29 72 29 72 26
63 56 67 56 67 58 63 58 63 56
45 27 47 27 47 30 45 30 45 27
29 47 31 47 31 51 29 51 29 47
84 33 87 33 87 35 84 35 84 33
94 73 98 73 98 76 94 76 94 73
54 37 57 37 57 39 54 39 54 37
91 24 95 24 95 27 91 27 91 24
74 13 77 13 77 15 74 15 74 13
81 6 83 6 83 9 81 9 81 6
22 22 26 22 26 24 22 24 22 22
58 61 60 61 60 65 58 65 58 61
8 86 10 86 10 90 8 90 8 86
94 58 97 58 97 61 94 61 94 58
14 47 16 47 16 49 14 49 14 47
72 31 75 31 75 35 72 35 72 31
70 3 74 3 74 5 70 5 70 3
14 72 18 72 18 74 14 74 14 72
96 25 98 25 98 27 96 27 96 25
57 49 60 49 60 51 57 51 57 49
42 19 46 19 46 22 42 22 42 19
4 57 7 57 7 59 4 59 4 57
16 8 20 8 20 11 16 11 16 8
32 81 34 81 34 83 32 83 32 81
95 53 97 53 97 56 95 56 95 53
83 93 87 93 87 95 83 95 83 93
3 82 6 82 6 84 3 84 3 82
24 49 26 49 26 52 24 52 24 49
25 65 27 65 27 68 25 68 25 65
77 91 79 91 79 93 77 93 77 91
28 77 32 77 32 79 28 79 28 77
60 46 63 46 63 48 60 48 60 46
49 9 51 9 51 11 49 11 49 9
65 32 69 32 69 36 65 36 65 32
90 43 93 43 93 46 90 46 90 43
71 39 74 39 74 41 71 41 71 39
90 66 94 66 94 68 90 68 90 66
44 6 47 6 47 10 44 10 44 6
38 28 40 28 40 31 38 31 38 28
72 48 74 48 74 50 72 50 72 48
18 89 22 89 22 92 18 92 18 89
67 13 71 13 71 17 67 17 67 13
