23 78 25 78 25 80 23 80 23 78
30 19 33 19 33 21 30 21 30 19
66 80 70 80 70 84 66 84 66 80
34 74 38 74 38 77 34 77 34 74
21 67 23 67 23 70 21 70 21 67
67 22 71 22 71 25 67 25 67 22
13 32 16 32 16 34 13 34 13 32
80 89 82 89 82 93 80 93 80 89
63 10 67 10 67 14 63 14 63 10
78 49 81 49 81 51 78 51 78 49
72 74 76 74 76 77 72 77 72 74
6 45 8 45 8 47 6 47 6 45
74 61 78 61 78 64 74 64 74 61
61 84 64 84 64 88 61 88 61 84
69 49 72 49 72 51 69 51 69 49
6 33 8 33 8 36 6 36 6 33
79 81 82 81 82 83 79 83 79 81
54 93 56 93 56 96 54 96 54 93
55 21 57 21 57 23 55 23 55 21
5 6 9 6 9 9 5 9 5 6
65 17 68 17 68 19 65 19 65 17
66 40 69 40 69 44 66 44 66 40
76 22 78 22 78 25 76 25 76 22
22 83 24 83 24 87 22 87 22 83
90 47 93 47 93 49 90 49 90 47
64 26 66 26 66 30 64 30 64 26
67 70 70 70 70 74 67 74 67 70
45 34 48 34 48 36 45 36 45 34
30 11 32 11 32 14 30 14 30 11
33 83 36 83 36 86 33 86 33 83
81 8 85 8 85 11 81 11 81 8
55 44 57 44 57 46 55 46 55 44
71 16 74 16 74 19 71 19 71 16
86 49 88 49 88 53 86 53 86 49
10 26 13 26 13 28 10 28 10 26
10 59 14 59 14 63 10 63 10 59
56 15 59 15 59 17 56 17 56 15
23 38 27 38 27 40 23 40 23 38
83 36 86 36 86 38 83 38 83 36
52 52 55 52 55 56 52 56 52 52
2 72 6 72 6 76 2 76 2 72
71 56 75 56 75 58 71 58 71 56
83 23 87 23 87 25 83 25 83 23
35 92 38 92 38 96 35 96 35 92
31 87 33 87 33 90 31 90 31 87
92 62 96 62 96 64 92 64 92 62
42 84 44 84 44 88 42 88 42 84
7 15 11 15 11 17 7 17 7 15
35 10 39 10 39 12 35 12 35 10
94 70 96 70 96 73 94 73 94 70
10 18 12 18 12 22 10 22 10 18
94 80 97 80 97 82 94 82 94 80
27 84 30 84 30 87 27 87 27 84
15 46 17 46 17 50 15 50 15 46
19 58 21 58 21 62 19 62 19 58
23 20 26 20 26 22 23 22 23 20
36 50 39 50 39 54 36 54 36 50
20 78 22 78 22 82 20 82 20 78
75 95 79 95 79 98 75 98 75 95
16 59 18 59 18 62 16 62 16 59
88 59 90 59 90 61 88 61 88 59
80 39 84 39 84 41 80 41 80 39
49 46 53 46 53 48 49 48 49 46
25 5 27 5 27 9 25 9 25 5
23 93 27 93 27 96 23 96 23 93
57 54 60 54 60 56 57 56 57 54
46 47 48 47 48 49 46 49 46 47
86 63 89 63 89 65 86 65 86 63
84 19 88 19 88 22 84 22 84 19
18 45 22 45 22 49 18 49 18 45
49 92 53 92 53 95 49 95 49 92
39 69 41 69 41 71 39 71 39 69
32 30 35 30 35 33 32 33 32 30
50 65 54 65 54 69 50 69 50 65
57 41 60 41 60 43 57 43 57 41
61 72 65 72 65 74 61 74 61 72
62 92 64 92 64 94 62 94 62 92
73 31 77 31 77 34 73 34 73 31
9 94 13 94 13 96 9 96 9 94
43 25 46 25 46 29 43 29 43 25
76 65 78 65 78 67 76 67 76 65
42 90 44 90 44 93 42 93 42 90
21 7 23 7 23 11 21 11 21 7
2 16 6 16 6 18 2 18 2 16
25 50 28 50 28 54 25 54 25 50
44 75 46 75 46 77 44 77 44 75
55 24 59 24 59 27 55 27 55 24
32 50 35 50 35 52 32 52 32 50
25 69 29 69 29 73 25 73 25 69
55 48 58 48 58 50 55 50 55 48
13 2 17 2 17 6 13 6 13 2
26 55 29 55 29 58 26 58 26 55
5 55 9 55 9 59 5 59 5 55
89 29 92 29 92 32 89 32 89 29
44 4 47 4 47 7 44 7 44 4
70 43 73 43 73 46 70 46 70 43
77 13 80 13 80 15 77 15 77 13
52 57 54 57 54 59 52 59 52 57
37 31 39 31 39 35 37 35 37 31
45 38 47 38 47 40 45 40 45 38
17 94 19 94 19 98 17 98 17 94
62 3 64 3 64 7 62 7 62 3
42 51 46 51 46 55 42 55 42 51
89 86 91 86 91 88 89 88 89 86
13 54 15 54 15 56 13 56 13 54
81 32 85 32 85 35 81 35 81 32
8 3 10 3 10 5 8 5 8 3
4 29 8 29 8 31 4 31 4 29
19 23 21 23 21 26 19 26 19 23
94 49 97 49 97 53 94 53 94 49
51 19 54 19 54 21 51 21 51 19
60 32 64 32 64 35 60 35 60 32
2 62 5 62 5 64 2 64 2 62
81 26 83 26 83 28 81 28 81 26
90 71 92 71 92 75 90 75 90 71
82 49 85 49 85 53 82 53 82 49
16 36 18 36 18 40 16 40 16 36
80 76 83 76 83 78 80 78 80 76
25 13 29 13 29 15 25 15 25 13
87 95 91 95 91 97 87 97 87 95
96 18 98 18 98 22 96 22 96 18
31 75 33 75 33 77 31 77 31 75
26 45 28 45 28 47 26 47 26 45
41 13 43 13 43 15 41 15 41 13
20 34 24 34 24 36 20 36 20 34
35 55 39 55 39 58 35 58 35 55
74 35 78 35 78 39 74 39 74 35
8 70 10 70 10 72 8 72 8 70
33 14 37 14 37 18 33 18 33 14
68 92 72 92 72 96 68 96 68 92
6 66 9 66 9 69 6 69 6 66
2 50 5 50 5 54 2 54 2 50
44 9 46 9 46 11 44 11 44 9
41 16 45 16 45 18 41 18 41 16
30 46 33 46 33 49 30 49 30 46
92 54 95 54 95 57 92 57 92 54
63 54 65 54 65 57 63 57 63 54
94 33 98 33 98 35 94 35 94 33
11 7 13 7 13 10 11 10 11 7
39 40 41 40 41 43 39 43 39 40
95 25 98 25 98 27 95 27 95 25
22 60 25 60 25 63 22 63 22 60
50 82 52 82 52 86 50 86 50 82
26 65 30 65 30 67 26 67 26 65
30 80 32 80 32 82 30 82 30 80
39 20 43 20 43 22 39 22 39 20
37 61 41 61 41 63 37 63 37 61
58 79 60 79 60 81 58 81 58 79
71 4 75 4 75 8 71 8 71 4
76 17 78 17 78 21 76 21 76 17
84 71 87 71 87 73 84 73 84 71
44 58 46 58 46 60 44 60 44 58
20 71 23 71 23 75 20 75 20 71
71 78 75 78 75 80 71 80 71 78
8 10 10 10 10 13 8 13 8 10
95 92 97 92 97 94 95 94 95 92
65 45 68 45 68 47 65 47 65 45
72 86 74 86 74 90 72 90 72 86
53 35 57 35 57 39 53 39 53 35
80 86 82 86 82 88 80 88 80 86
75 90 78 90 78 94 75 94 75 90
52 8 54 8 54 11 52 11 52 8
62 81 65 81 65 83 62 83 62 81
45 30 49 30 49 32 45 32 45 30
63 77 65 77 65 80 63 80 63 77
57 89 60 89 60 91 57 91 57 89
40 65 44 65 44 68 40 68 40 65
2 93 6 93 6 95 2 95 2 93
43 69 47 69 47 72 43 72 43 69
3 81 6 81 6 83 3 83 3 81
67 31 69 31 69 33 67 33 67 31
34 38 38 38 38 40 34 40 34 38
40 77 43 77 43 81 40 81 40 77
59 10 61 10 61 14 59 14 59 10
86 45 88 45 88 47 86 47 86 45
13 67 16 67 16 69 13 69 13 67
70 9 73 9 73 12 70 12 70 9
7 83 10 83 10 87 7 87 7 83
88 66 90 66 90 70 88 70 88 66
37 4 39 4 39 7 37 7 37 4
67 58 70 58 70 60 67 60 67 58
66 75 70 75 70 78 66 78 66 75
50 13 52 13 52 17 50 17 50 13
83 63 85 63 85 65 83 65 83 63
34 69 37 69 37 71 34 71 34 69
76 53 80 53 80 56 76 56 76 53
30 38 32 38 32 40 30 40 30 38
16 11 20 11 20 14 16 14 16 11
94 45 97 45 97 48 94 48 94 45
70 37 73 37 73 40 70 40 70 37
49 35 51 35 51 39 49 39 49 35
83 5 86 5 86 7 83 7 83 5
90 89 94 89 94 91 90 91 90 89
86 88 88 88 88 91 86 91 86 88
17 76 19 76 19 79 17 79 17 76
45 83 48 83 48 87 45 87 45 83
45 89 47 89 47 93 45 93 45 89
88 4 91 4 91 6 88 6 88 4
61 25 63 25 63 29 61 29 61 25
10 79 12 79 12 81 10 81 10 79
74 44 78 44 78 46 74 46 74 44
25 42 29 42 29 44 25 44 25 42
26 24 28 24 28 26 26 26 26 24
7 41 10 41 10 43 7 43 7 41
3 45 5 45 5 47 3 47 3 45
12 23 16 23 16 25 12 25 12 23
64 67 67 67 67 69 64 69 64 67
47 74 50 74 50 77 47 77 47 74
88 92 91 92 91 94 88 94 88 92
66 48 68 48 68 52 66 52 66 48
58 69 60 69 60 72 58 72 58 69
17 30 19 30 19 33 17 33 17 30
9 45 11 45 11 48 9 48 9 45
17 53 19 53 19 55 17 55 17 53
64 89 67 89 67 91 64 91 64 89
14 70 16 70 16 72 14 72 14 70
15 42 17 42 17 44 15 44 15 42
51 40 55 40 55 43 51 43 51 40
50 78 52 78 52 81 50 81 50 78
33 5 35 5 35 9 33 9 33 5
4 22 7 22 7 25 4 25 4 22
92 84 96 84 96 88 92 88 92 84
55 59 59 59 59 61 55 61 55 59
88 36 92 36 92 40 88 40 88 36
21 27 23 27 23 29 21 29 21 27
87 11 89 11 89 15 87 15 87 11
13 16 17 16 17 19 13 19 13 16
31 25 34 25 34 29 31 29 31 25
57 7 61 7 61 9 57 9 57 7
37 27 41 27 41 29 37 29 37 27
3 32 5 32 5 36 3 36 3 32
15 20 19 20 19 22 15 22 15 20
26 33 30 33 30 36 26 36 26 33
48 26 50 26 50 29 48 29 48 26
59 63 61 63 61 65 59 65 59 63
81 17 83 17 83 21 81 21 81 17
61 42 64 42 64 45 61 45 61 42
70 27 72 27 72 29 70 29 70 27
2 55 4 55 4 59 2 59 2 55
91 10 94 10 94 12 91 12 91 10
75 69 77 69 77 72 75 72 75 69
58 95 60 95 60 97 58 97 58 95
46 42 48 42 48 45 46 45 46 42
5 77 9 77 9 80 5 80 5 77
80 58 84 58 84 60 80 60 80 58
80 2 82 2 82 6 80 6 80 2
70 65 73 65 73 69 70 69 70 65
6 37 9 37 9 40 6 40 6 37
21 15 24 15 24 17 21 17 21 15
17 65 20 65 20 67 17 67 17 65
