8 82 10 82 10 86 8 86 8 82
80 77 84 77 84 80 80 80 80 77
82 8 85 8 85 12 82 12 82 8
56 15 60 15 60 18 56 18 56 15
78 87 81 87 81 89 78 89 78 87
80 38 84 38 84 40 80 40 80 38
78 61 81 61 81 65 78 65 78 61
70 60 74 60 74 62 70 62 70 60
42 39 44 39 44 41 42 41 42 39
27 58 29 58 29 61 27 61 27 58
96 91 98 91 98 95 96 95 96 91
92 14 96 14 96 16 92 16 92 14
61 56 64 56 64 58 61 58 61 56
17 43 19 43 19 45 17 45 17 43
70 16 72 16 72 20 70 20 70 16
59 94 62 94 62 98 59 98 59 94
85 87 89 87 89 91 85 91 85 87
36 42 39 42 39 46 36 46 36 42
86 11 89 11 89 15 86 15 86 11
27 44 31 44 31 48 27 48 27 44
46 3 48 3 48 6 46 6 46 3
33 9 35 9 35 11 33 11 33 9
89 51 91 51 91 55 89 55 89 51
93 86 97 86 97 90 93 90 93 86
95 5 98 5 98 7 95 7 95 5
8 74 10 74 10 77 8 77 8 74
47 50 51 50 51 52 47 52 47 50
59 48 62 48 62 50 59 50 59 48
6 10 8 10 8 12 6 12 6 10
15 20 17 20 17 23 15 23 15 20
71 26 73 26 73 28 71 28 71 26
74 43 78 43 78 47 74 47 74 43
45 55 48 55 48 59 45 59 45 55
11 42 13 42 13 44 11 44 11 42
52 31 56 31 56 33 52 33 52 31
52 64 55 64 55 68 52 68 52 64
55 23 58 23 58 27 55 27 55 23
44 77 46 77 46 79 44 79 44 77
3 37 7 37 7 40 3 40 3 37
80 26 82 26 82 29 80 29 80 26
82 21 86 21 86 24 82 24 82 21
63 78 65 78 65 80 63 80 63 78
10 32 13 32 13 36 10 36 10 32
61 15 64 15 64 18 61 18 61 15
52 7 54 7 54 10 52 10 52 7
34 95 36 95 36 98 34 98 34 95
16 17 20 17 20 19 16 19 16 17
96 23 98 23 98 27 96 27 96 23
56 79 59 79 59 83 56 83 56 79
30 61 34 61 34 65 30 65 30 61
69 32 71 32 71 34 69 34 69 32
27 75 30 75 30 77 27 77 27 75
92 32 96 32 96 34 92 34 92 32
45 71 47 71 47 73 45 73 45 71
74 23 77 23 77 25 74 25 74 23
93 69 97 69 97 71 93 71 93 69
73 71 77 71 77 75 73 75 73 71
37 36 41 36 41 38 37 38 37 36
47 13 49 13 49 17 47 17 47 13
31 22 33 22 33 26 31 26 31 22
66 86 69 86 69 89 66 89 66 86
86 68 89 68 89 71 86 71 86 68
92 72 95 72 95 76 92 76 92 72
86 47 88 47 88 50 86 50 86 47
42 54 44 54 44 57 42 57 42 54
40 4 44 4 44 7 40 7 40 4
39 9 41 9 41 12 39 12 39 9
44 30 48 30 48 34 44 34 44 30
84 41 86 41 86 45 84 45 84 41
45 44 49 44 49 46 45 46 45 44
7 17 9 17 9 20 7 20 7 17
88 4 90 4 90 6 88 6 88 4
66 74 68 74 68 78 66 78 66 74
44 21 48 21 48 24 44 24 44 21
74 94 77 94 77 98 74 98 74 94
19 62 23 62 23 64 19 64 19 62
37 17 40 17 40 21 37 21 37 17
33 81 37 81 37 85 33 85 33 81
21 22 24 22 24 26 21 26 21 22
69 41 72 41 72 43 69 43 69 41
2 63 6 63 6 67 2 67 2 63
57 74 61 74 61 77 57 77 57 74
37 58 41 58 41 61 37 61 37 58
75 59 77 59 77 61 75 61 75 59
34 68 36 68 36 70 34 70 34 68
10 53 13 53 13 56 10 56 10 53
33 72 36 72 36 75 33 75 33 72
35 51 39 51 39 53 35 53 35 51
5 31 9 31 9 34 5 34 5 31
80 68 82 68 82 72 80 72 80 68
36 24 39 24 39 26 36 26 36 24
7 55 9 55 9 57 7 57 7 55
19 85 23 85 23 87 19 87 19 85
31 34 33 34 33 37 31 37 31 34
20 48 24 48 24 50 20 50 20 48
21 69 24 69 24 73 21 73 21 69
15 10 17 10 17 13 15 13 15 10
31 90 35 90 35 94 31 94 31 90
30 14 33 14 33 17 30 17 30 14
27 2 30 2 30 4 27 4 27 2
62 25 66 25 66 29 62 29 62 25
93 59 95 59 95 63 93 63 93 59
50 58 53 58 53 60 50 60 50 58
53 85 57 85 57 89 53 89 53 85
72 64 74 64 74 67 72 67 72 64
2 55 5 55 5 57 2 57 2 55
3 86 7 86 7 89 3 89 3 86
72 30 74 30 74 33 72 33 72 30
8 27 12 27 12 29 8 29 8 27
23 10 25 10 25 13 23 13 23 10
7 3 10 3 10 5 7 5 7 3
47 87 50 87 50 90 47 90 47 87
14 59 16 59 16 61 14 61 14 59
27 34 30 34 30 36 27 36 27 34
10 9 12 9 12 11 10 11 10 9
26 51 30 51 30 54 26 54 26 51
76 48 80 48 80 52 76 52 76 48
15 64 17 64 17 66 15 66 15 64
40 92 44 92 44 94 40 94 40 92
22 93 26 93 26 95 22 95 22 93
2 90 4 90 4 94 2 94 2 90
55 5 57 5 57 8 55 8 55 5
54 20 58 20 58 22 54 22 54 20
86 80 88 80 88 84 86 84 86 80
14 49 16 49 16 51 14 51 14 49
79 9 81 9 81 12 79 12 79 9
2 74 6 74 6 78 2 78 2 74
86 33 90 33 90 37 86 37 86 33
66 38 70 38 70 40 66 40 66 38
48 63 51 63 51 67 48 67 48 63
68 92 70 92 70 95 68 95 68 92
55 58 59 58 59 62 55 62 55 58
82 62 84 62 84 65 82 65 82 62
92 54 96 54 96 57 92 57 92 54
16 84 18 84 18 88 16 88 16 84
16 69 19 69 19 73 16 73 16 69
67 82 70 82 70 85 67 85 67 82
74 11 76 11 76 14 74 14 74 11
11 18 13 18 13 22 11 22 11 18
75 36 79 36 79 40 75 40 75 36
15 74 18 74 18 76 15 76 15 74
67 24 70 24 70 28 67 28 67 24
41 71 43 71 43 74 41 74 41 71
14 95 16 95 16 97 14 97 14 95
70 8 73 8 73 12 70 12 70 8
7 91 11 91 11 93 7 93 7 91
85 16 89 16 89 20 85 20 85 16
11 57 13 57 13 60 11 60 11 57
12 4 15 4 15 6 12 6 12 4
61 38 65 38 65 42 61 42 61 38
42 51 46 51 46 53 42 53 42 51
87 22 89 22 89 24 87 24 87 22
21 41 24 41 24 44 21 44 21 41
59 88 62 88 62 91 59 91 59 88
2 11 5 11 5 15 2 15 2 11
54 51 57 51 57 53 54 53 54 51
38 81 41 81 41 85 38 85 38 81
90 27 93 27 93 31 90 31 90 27
75 8 77 8 77 10 75 10 75 8
51 93 55 93 55 97 51 97 51 93
68 52 72 52 72 54 68 54 68 52
48 72 52 72 52 75 48 75 48 72
2 45 5 45 5 49 2 49 2 45
43 36 45 36 45 38 43 38 43 36
91 78 94 78 94 81 91 81 91 78
37 31 39 31 39 35 37 35 37 31
54 42 56 42 56 46 54 46 54 42
28 28 32 28 32 32 28 32 28 28
45 66 47 66 47 69 45 69 45 66
20 53 24 53 24 56 20 56 20 53
18 29 21 29 21 31 18 31 18 29
65 11 69 11 69 15 65 15 65 11
63 91 66 91 66 93 63 93 63 91
11 79 15 79 15 82 11 82 11 79
60 81 62 81 62 84 60 84 60 81
33 54 36 54 36 58 33 58 33 54
35 27 39 27 39 29 35 29 35 27
20 6 23 6 23 9 20 9 20 6
12 88 15 88 15 92 12 92 12 88
28 38 32 38 32 40 28 40 28 38
52 90 55 90 55 92 52 92 52 90
40 86 44 86 44 89 40 89 40 86
31 96 33 96 33 98 31 98 31 96
69 96 72 96 72 98 69 98 69 96
87 77 90 77 90 79 87 79 87 77
74 53 76 53 76 55 74 55 74 53
60 7 63 7 63 11 60 11 60 7
24 14 26 14 26 16 24 16 24 14
77 83 79 83 79 85 77 85 77 83
71 83 74 83 74 87 71 87 71 83
58 32 61 32 61 36 58 36 58 32
27 84 31 84 31 86 27 86 27 84
29 78 31 78 31 80 29 80 29 78
88 92 92 92 92 96 88 96 88 92
46 26 50 26 50 28 46 28 46 26
41 45 43 45 43 48 41 48 41 45
14 32 18 32 18 34 14 34 14 32
24 30 27 30 27 32 24 32 24 30
82 95 86 95 86 97 82 97 82 95
22 88 25 88 25 90 22 90 22 88
37 75 39 75 39 78 37 78 37 75
41 65 43 65 43 67 41 67 41 65
49 78 53 78 53 82 49 82 49 78
9 68 12 68 12 70 9 70 9 68
92 11 95 11 95 13 92 13 92 11
58 66 60 66 60 69 58 69 58 66
77 17 80 17 80 19 77 19 77 17
65 61 67 61 67 64 65 64 65 61
91 45 94 45 94 47 91 47 91 45
3 41 5 41 5 44 3 44 3 41
61 65 64 65 64 69 61 69 61 65
59 70 62 70 62 72 59 72 59 70
9 12 13 12 13 15 9 15 9 12
27 23 30 23 30 26 27 26 27 23
27 92 30 92 30 96 27 96 27 92
86 61 88 61 88 65 86 65 86 61
72 77 74 77 74 81 72 81 72 77
85 27 89 27 89 31 85 31 85 27
30 66 32 66 32 69 30 69 30 66
4 81 6 81 6 85 4 85 4 81
42 81 46 81 46 83 42 83 42 81
42 59 44 59 44 61 42 61 42 59
11 94 13 94 13 97 11 97 11 94
80 44 82 44 82 46 80 46 80 44
80 74 83 74 83 76 80 76 80 74
79 32 82 32 82 35 79 35 79 32
60 20 63 20 63 23 60 23 60 20
41 20 43 20 43 24 41 24 41 20
53 36 55 36 55 38 53 38 53 36
13 68 15 68 15 70 13 70 13 68
7 48 9 48 9 52 7 52 7 48
43 15 46 15 46 17 43 17 43 15
53 72 56 72 56 76 53 76 53 72
36 63 38 63 38 66 36 66 36 63
63 30 67 30 67 33 63 33 63 30
69 69 71 69 71 73 69 73 69 69
9 39 13 39 13 41 9 41 9 39
36 2 39 2 39 5 36 5 36 2
3 95 7 95 7 97 3 97 3 95
74 5 76 5 76 7 74 7 74 5
92 38 96 38 96 40 92 40 92 38
30 57 32 57 32 59 30 59 30 57
31 2 33 2 33 4 31 4 31 2
40 26 42 26 42 29 40 29 40 26
47 92 50 92 50 95 47 95 47 92
14 37 18 37 18 41 14 41 14 37
71 57 73 57 73 59 71 59 71 57
12 45 14 45 14 48 12 48 12 45
78 55 80 55 80 59 78 59 78 55
2 16 5 16 5 20 2 20 2 16
