8 71 10 71 10 75 8 75 8 71
25 72 27 72 27 75 25 75 25 72
61 20 64 20 64 24 61 24 61 20
13 52 17 52 17 55 13 55 13 52
81 46 84 46 84 49 81 49 81 46
24 83 26 83 26 86 24 86 24 83
55 13 59 13 59 16 55 16 55 13
86 95 89 95 89 97 86 97 86 95
15 82 17 82 17 86 15 86 15 82
34 48 36 48 36 50 34 50 34 48
4 26 6 26 6 30 4 30 4 26
28 55 31 55 31 58 28 58 28 55
12 36 16 36 16 40 12 40 12 36
32 77 35 77 35 80 32 80 32 77
59 42 63 42 63 46 59 46 59 42
91 83 95 83 95 85 91 85 91 83
50 87 53 87 53 91 50 91 50 87
14 68 17 68 17 71 14 71 14 68
24 16 27 16 27 20 24 20 24 16
19 34 22 34 22 36 19 36 19 34
12 72 16 72 16 74 12 74 12 72
14 77 16 77 16 80 14 80 14 77
61 75 63 75 63 79 61 79 61 75
44 28 48 28 48 30 44 30 44 28
45 17 48 17 48 19 45 19 45 17
84 70 88 70 88 72 84 72 84 70
48 74 50 74 50 76 48 76 48 74
73 90 75 90 75 94 73 94 73 90
19 13 22 13 22 17 19 17 19 13
30 17 32 17 32 19 30 19 30 17
8 11 10 11 10 14 8 14 8 11
88 79 91 79 91 81 88 81 88 79
24 91 27 91 27 94 24 94 24 91
79 32 81 32 81 35 79 35 79 32
50 20 53 20 53 22 50 22 50 20
39 20 42 20 42 23 39 23 39 20
88 45 90 45 90 47 88 47 88 45
36 69 39 69 39 73 36 73 36 69
36 53 38 53 38 56 36 56 36 53
85 13 88 13 88 15 85 15 85 13
34 33 37 33 37 37 34 37 34 33
56 49 60 49 60 53 56 53 56 49
69 46 72 46 72 49 69 49 69 46
24 88 26 88 26 90 24 90 24 88
3 95 6 95 6 97 3 97 3 95
48 79 51 79 51 82 48 82 48 79
92 73 94 73 94 77 92 77 92 73
7 45 10 45 10 48 7 48 7 45
94 49 97 49 97 52 94 52 94 49
96 8 98 8 98 10 96 10 96 8
96 31 98 31 98 34 96 34 96 31
65 60 69 60 69 62 65 62 65 60
55 17 57 17 57 19 55 19 55 17
37 9 40 9 40 11 37 11 37 9
54 77 57 77 57 79 54 79 54 77
27 67 29 67 29 69 27 69 27 67
75 38 79 38 79 41 75 41 75 38
69 78 72 78 72 80 69 80 69 78
38 4 42 4 42 6 38 6 38 4
3 65 5 65 5 68 3 68 3 65
33 65 35 65 35 68 33 68 33 65
76 84 78 84 78 86 76 86 76 84
89 14 91 14 91 16 89 16 89 14
27 8 29 8 29 10 27 10 27 8
46 40 50 40 50 42 46 42 46 40
39 47 43 47 43 49 39 49 39 47
52 63 54 63 54 67 52 67 52 63
62 81 64 81 64 84 62 84 62 81
22 63 26 63 26 65 22 65 22 63
46 59 49 59 49 62 46 62 46 59
14 31 18 31 18 35 14 35 14 31
38 66 42 66 42 68 38 68 38 66
19 19 23 19 23 23 19 23 19 19
84 6 88 6 88 8 84 8 84 6
81 72 83 72 83 74 81 74 81 72
36 58 39 58 39 60 36 60 36 58
77 90 80 90 80 93 77 93 77 90
71 56 73 56 73 58 71 58 71 56
78 28 80 28 80 30 78 30 78 28
14 60 17 60 17 62 14 62 14 60
23 25 27 25 27 27 23 27 23 25
82 54 86 54 86 56 82 56 82 54
83 18 86 18 86 21 83 21 83 18
46 67 49 67 49 71 46 71 46 67
28 11 31 11 31 13 28 13 28 11
73 77 76 77 76 80 73 80 73 77
2 45 4 45 4 48 2 48 2 45
71 81 74 81 74 83 71 83 71 81
35 25 37 25 37 28 35 28 35 25
43 89 47 89 47 93 43 93 43 89
86 63 89 63 89 65 86 65 86 63
52 54 55 54 55 56 52 56 52 54
62 85 64 85 64 88 62 88 62 85
60 11 63 11 63 13 60 13 60 11
9 90 12 90 12 92 9 92 9 90
45 22 48 22 48 24 45 24 45 22
15 26 19 26 19 30 15 30 15 26
86 32 89 32 89 34 86 34 86 32
19 93 21 93 21 95 19 95 19 93
9 19 12 19 12 22 9 22 9 19
25 43 29 43 29 47 25 47 25 43
33 19 36 19 36 21 33 21 33 19
78 3 82 3 82 5 78 5 78 3
76 17 80 17 80 19 76 19 76 17
86 37 88 37 88 40 86 40 86 37
14 2 18 2 18 5 14 5 14 2
9 30 12 30 12 33 9 33 9 30
68 15 71 15 71 17 68 17 68 15
53 93 56 93 56 96 53 96 53 93
95 38 97 38 97 42 95 42 95 38
40 14 43 14 43 18 40 18 40 14
66 84 69 84 69 86 66 86 66 84
5 52 8 52 8 56 5 56 5 52
63 56 66 56 66 59 63 59 63 56
30 89 32 89 32 91 30 91 30 89
50 60 53 60 53 62 50 62 50 60
30 23 33 23 33 26 30 26 30 23
67 91 71 91 71 93 67 93 67 91
62 65 66 65 66 68 62 68 62 65
95 44 97 44 97 48 95 48 95 44
5 60 9 60 9 64 5 64 5 60
93 20 96 20 96 22 93 22 93 20
85 74 89 74 89 76 85 76 85 74
19 9 23 9 23 11 19 11 19 9
68 52 71 52 71 54 68 54 68 52
27 51 30 51 30 54 27 54 27 51
81 27 85 27 85 29 81 29 81 27
38 29 40 29 40 33 38 33 38 29
9 66 13 66 13 69 9 69 9 66
9 26 11 26 11 29 9 29 9 26
35 90 39 90 39 93 35 93 35 90
96 16 98 16 98 18 96 18 96 16
81 41 85 41 85 43 81 43 81 41
68 63 71 63 71 65 68 65 68 63
71 73 73 73 73 76 71 76 71 73
65 8 69 8 69 12 65 12 65 8
58 2 60 2 60 6 58 6 58 2
81 6 83 6 83 8 81 8 81 6
23 2 27 2 27 4 23 4 23 2
4 4 8 4 8 6 4 6 4 4
14 96 18 96 18 98 14 98 14 96
96 89 98 89 98 93 96 93 96 89
3 11 7 11 7 13 3 13 3 11
63 89 66 89 66 92 63 92 63 89
89 26 93 26 93 28 89 28 89 26
79 85 83 85 83 89 79 89 79 85
20 69 24 69 24 72 20 72 20 69
66 35 68 35 68 39 66 39 66 35
74 60 76 60 76 64 74 64 74 60
16 47 20 47 20 50 16 50 16 47
61 49 65 49 65 52 61 52 61 49
38 63 40 63 40 65 38 65 38 63
14 41 17 41 17 45 14 45 14 41
32 58 34 58 34 60 32 60 32 58
5 32 7 32 7 36 5 36 5 32
46 7 48 7 48 11 46 11 46 7
92 61 94 61 94 63 92 63 92 61
28 30 31 30 31 32 28 32 28 30
76 71 79 71 79 73 76 73 76 71
49 37 52 37 52 39 49 39 49 37
59 93 63 93 63 97 59 97 59 93
52 69 54 69 54 71 52 71 52 69
81 75 83 75 83 77 81 77 81 75
13 14 15 14 15 16 13 16 13 14
74 43 78 43 78 45 74 45 74 43
3 78 6 78 6 81 3 81 3 78
58 31 62 31 62 34 58 34 58 31
54 26 58 26 58 28 54 28 54 26
38 84 42 84 42 88 38 88 38 84
44 51 48 51 48 54 44 54 44 51
57 82 61 82 61 86 57 86 57 82
77 49 80 49 80 52 77 52 77 49
9 35 11 35 11 38 9 38 9 35
67 95 69 95 69 98 67 98 67 95
2 59 4 59 4 62 2 62 2 59
70 70 73 70 73 72 70 72 70 70
67 26 70 26 70 30 67 30 67 26
85 87 87 87 87 90 85 90 85 87
78 95 81 95 81 97 78 97 78 95
87 67 91 67 91 69 87 69 87 67
9 95 11 95 11 98 9 98 9 95
68 31 72 31 72 34 68 34 68 31
67 87 71 87 71 89 67 89 67 87
18 76 21 76 21 78 18 78 18 76
76 12 80 12 80 16 76 16 76 12
29 70 31 70 31 72 29 72 29 70
74 50 76 50 76 54 74 54 74 50
80 78 83 78 83 81 80 81 80 78
42 73 44 73 44 76 42 76 42 73
53 9 55 9 55 12 53 12 53 9
9 23 11 23 11 25 9 25 9 23
56 64 60 64 60 67 56 67 56 64
3 89 7 89 7 93 3 93 3 89
74 5 77 5 77 7 74 7 74 5
56 56 59 56 59 60 56 60 56 56
66 20 68 20 68 24 66 24 66 20
68 40 72 40 72 43 68 43 68 40
52 33 56 33 56 36 52 36 52 33
91 53 94 53 94 56 91 56 91 53
35 29 37 29 37 31 35 31 35 29
84 82 86 82 86 85 84 85 84 82
91 92 94 92 94 96 91 96 91 92
30 42 33 42 33 44 30 44 30 42
68 75 70 75 70 77 68 77 68 75
70 2 72 2 72 4 70 4 70 2
56 61 60 61 60 63 56 63 56 61
75 65 79 65 79 67 75 67 75 65
5 16 9 16 9 18 5 18 5 16
2 40 4 40 4 42 2 42 2 40
31 74 33 74 33 76 31 76 31 74
19 51 23 51 23 54 19 54 19 51
93 58 96 58 96 60 93 60 93 58
49 49 53 49 53 51 49 51 49 49
28 33 32 33 32 35 28 35 28 33
93 67 97 67 97 70 93 70 93 67
90 58 92 58 92 60 90 60 90 58
90 42 92 42 92 44 90 44 90 42
42 9 44 9 44 12 42 12 42 9
6 65 8 65 8 68 6 68 6 65
95 61 98 61 98 63 95 63 95 61
69 36 72 36 72 38 69 38 69 36
15 63 19 63 19 65 15 65 15 63
89 3 91 3 91 7 89 7 89 3
21 28 25 28 25 31 21 31 21 28
9 84 12 84 12 86 9 86 9 84
63 37 65 37 65 39 63 39 63 37
91 34 93 34 93 38 91 38 91 34
23 78 26 78 26 82 23 82 23 78
24 32 27 32 27 34 24 34 24 32
41 60 44 60 44 64 41 64 41 60
29 63 31 63 31 65 29 65 29 63
24 36 26 36 26 39 24 39 24 36
67 71 69 71 69 73 67 73 67 71
36 43 38 43 38 45 36 45 36 43
86 57 88 57 88 59 86 59 86 57
42 33 46 33 46 36 42 36 42 33
2 84 6 84 6 88 2 88 2 84
19 81 22 81 22 85 19 85 19 81
72 12 75 12 75 15 72 15 72 12
9 49 12 49 12 53 9 53 9 49
85 45 87 45 87 47 85 47 85 45
16 88 18 88 18 90 16 90 16 88
80 60 82 60 82 63 80 63 80 60
35 95 38 95 38 97 35 97 35 95
38 81 40 81 40 83 38 83 38 81
41 43 44 43 44 46 41 46 41 43
23 55 25 55 25 57 23 57 23 55
58 17 60 17 60 19 58 19 58 17
27 84 30 84 30 87 27 87 27 84
76 22 79 22 79 26 76 26 76 22
