39 13 43 13 43 15 39 15 39 13
55 39 58 39 58 42 55 42 55 39
52 26 55 26 55 29 52 29 52 26
62 93 64 93 64 95 62 95 62 93
92 30 95 30 95 32 92 32 92 30
13 79 17 79 17 81 13 81 13 79
19 55 23 55 23 57 19 57 19 55
82 76 85 76 85 78 82 78 82 76
76 88 80 88 80 90 76 90 76 88
20 5 24 5 24 8 20 8 20 5
94 4 98 4 98 7 94 7 94 4
88 84 91 84 91 88 88 88 88 84
73 75 77 75 77 78 73 78 73 75
81 94 85 94 85 98 81 98 81 94
58 78 61 78 61 82 58 82 58 78
82 12 86 12 86 14 82 14 82 12
85 89 87 89 87 93 85 93 85 89
51 17 53 17 53 20 51 20 51 17
92 89 96 89 96 91 92 91 92 89
73 26 76 26 76 30 73 30 73 26
39 16 42 16 42 19 39 19 39 16
16 46 18 46 18 49 16 49 16 46
36 43 39 43 39 45 36 45 36 43
71 6 74 6 74 9 71 9 71 6
43 95 47 95 47 97 43 97 43 95
12 73 14 73 14 76 12 76 12 73
20 83 23 83 23 85 20 85 20 83
26 58 29 58 29 62 26 62 26 58
36 21 38 21 38 25 36 25 36 21
2 86 6 86 6 88 2 88 2 86
92 84 96 84 96 86 92 86 92 84
73 64 77 64 77 68 73 68 73 64
55 43 59 43 59 45 55 45 55 43
65 12 69 12 69 14 65 14 65 12
31 72 34 72 34 76 31 76 31 72
55 7 57 7 57 10 55 10 55 7
72 32 74 32 74 34 72 34 72 32
17 9 21 9 21 13 17 13 17 9
51 93 55 93 55 95 51 95 51 93
3 59 7 59 7 62 3 62 3 59
91 63 93 63 93 67 91 67 91 63
37 93 40 93 40 95 37 95 37 93
88 89 91 89 91 92 88 92 88 89
82 58 85 58 85 60 82 60 82 58
36 8 39 8 39 10 36 10 36 8
67 61 70 61 70 63 67 63 67 61
25 14 28 14 28 18 25 18 25 14
7 85 9 85 9 87 7 87 7 85
70 57 73 57 73 60 70 60 70 57
46 81 48 81 48 85 46 85 46 81
39 22 43 22 43 26 39 26 39 22
92 56 94 56 94 58 92 58 92 56
56 25 58 25 58 27 56 27 56 25
6 21 9 21 9 23 6 23 6 21
43 9 45 9 45 12 43 12 43 9
81 45 85 45 85 49 81 49 81 45
6 71 10 71 10 74 6 74 6 71
70 39 72 39 72 42 70 42 70 39
64 85 68 85 68 87 64 87 64 85
11 62 15 62 15 66 11 66 11 62
7 45 9 45 9 48 7 48 7 45
44 57 47 57 47 61 44 61 44 57
29 30 33 30 33 33 29 33 29 30
70 12 73 12 73 14 70 14 70 12
18 23 22 23 22 26 18 26 18 23
74 36 78 36 78 40 74 40 74 36
3 26 7 26 7 29 3 29 3 26
39 67 42 67 42 69 39 69 39 67
6 92 10 92 10 94 6 94 6 92
29 7 31 7 31 10 29 10 29 7
61 54 65 54 65 57 61 57 61 54
55 20 58 20 58 24 55 24 55 20
13 9 16 9 16 12 13 12 13 9
9 67 12 67 12 69 9 69 9 67
23 21 26 21 26 24 23 24 23 21
33 53 36 53 36 57 33 57 33 53
13 84 17 84 17 86 13 86 13 84
8 75 10 75 10 77 8 77 8 75
43 47 47 47 47 51 43 51 43 47
68 5 70 5 70 7 68 7 68 5
59 9 63 9 63 12 59 12 59 9
93 93 97 93 97 96 93 96 93 93
48 75 50 75 50 79 48 79 48 75
89 10 93 10 93 14 89 14 89 10
49 87 51 87 51 91 49 91 49 87
19 86 21 86 21 88 19 88 19 86
79 67 83 67 83 69 79 69 79 67
32 90 34 90 34 94 32 94 32 90
93 45 97 45 97 48 93 48 93 45
68 64 71 64 71 68 68 68 68 64
24 76 26 76 26 79 24 79 24 76
44 67 48 67 48 71 44 71 44 67
49 29 51 29 51 33 49 33 49 29
42 30 44 30 44 32 42 32 42 30
36 62 39 62 39 66 36 66 36 62
61 87 63 87 63 90 61 90 61 87
72 80 75 80 75 82 72 82 72 80
44 89 46 89 46 93 44 93 44 89
48 10 52 10 52 13 48 13 48 10
40 73 44 73 44 75 40 75 40 73
36 85 40 85 40 87 36 87 36 85
36 39 40 39 40 41 36 41 36 39
49 82 53 82 53 86 49 86 49 82
66 92 69 92 69 96 66 96 66 92
70 92 74 92 74 96 70 96 70 92
88 69 90 69 90 72 88 72 88 69
67 16 70 16 70 20 67 20 67 16
76 41 80 41 80 45 76 45 76 41
64 43 68 43 68 45 64 45 64 43
8 18 11 18 11 20 8 20 8 18
4 81 8 81 8 84 4 84 4 81
55 64 57 64 57 68 55 68 55 64
6 31 8 31 8 35 6 35 6 31
83 3 85 3 85 5 83 5 83 3
59 23 63 23 63 27 59 27 59 23
83 38 86 38 86 42 83 42 83 38
3 71 5 71 5 74 3 74 3 71
71 51 75 51 75 53 71 53 71 51
32 7 34 7 34 11 32 11 32 7
92 79 96 79 96 81 92 81 92 79
23 60 25 60 25 63 23 63 23 60
65 72 69 72 69 74 65 74 65 72
73 46 77 46 77 50 73 50 73 46
50 54 52 54 52 58 50 58 50 54
16 32 20 32 20 34 16 34 16 32
6 41 10 41 10 44 6 44 6 41
42 62 46 62 46 64 42 64 42 62
42 77 44 77 44 80 42 80 42 77
50 4 54 4 54 8 50 8 50 4
66 75 68 75 68 78 66 78 66 75
27 22 29 22 29 26 27 26 27 22
60 38 62 38 62 40 60 40 60 38
15 59 18 59 18 61 15 61 15 59
44 34 48 34 48 36 44 36 44 34
18 17 20 17 20 19 18 19 18 17
44 2 48 2 48 6 44 6 44 2
37 3 41 3 41 7 37 7 37 3
24 93 26 93 26 95 24 95 24 93
4 67 8 67 8 69 4 69 4 67
23 65 26 65 26 67 23 67 23 65
24 96 27 96 27 98 24 98 24 96
90 35 94 35 94 38 90 38 90 35
21 77 23 77 23 81 21 81 21 77
49 48 51 48 51 51 49 51 49 48
65 31 69 31 69 34 65 34 65 31
53 60 56 60 56 62 53 62 53 60
60 50 64 50 64 52 60 52 60 50
59 92 61 92 61 94 59 94 59 92
23 32 27 32 27 36 23 36 23 32
78 5 81 5 81 9 78 9 78 5
15 92 19 92 19 96 15 96 15 92
78 57 80 57 80 61 78 61 78 57
29 63 31 63 31 66 29 66 29 63
68 25 70 25 70 29 68 29 68 25
89 47 91 47 91 49 89 49 89 47
85 30 87 30 87 33 85 33 85 30
20 46 24 46 24 49 20 49 20 46
86 58 90 58 90 60 86 60 86 58
30 38 32 38 32 40 30 40 30 38
37 31 40 31 40 35 37 35 37 31
90 39 94 39 94 42 90 42 90 39
3 47 5 47 5 51 3 51 3 47
8 95 12 95 12 98 8 98 8 95
24 28 27 28 27 30 24 30 24 28
15 72 17 72 17 76 15 76 15 72
12 41 14 41 14 45 12 45 12 41
54 32 57 32 57 36 54 36 54 32
77 14 80 14 80 18 77 18 77 14
63 80 66 80 66 82 63 82 63 80
28 85 30 85 30 88 28 88 28 85
27 52 31 52 31 55 27 55 27 52
83 50 85 50 85 53 83 53 83 50
77 20 79 20 79 23 77 23 77 20
95 54 97 54 97 58 95 58 95 54
11 51 13 51 13 53 11 53 11 51
55 13 58 13 58 17 55 17 55 13
55 50 59 50 59 53 55 53 55 50
60 61 64 61 64 63 60 63 60 61
16 63 19 63 19 67 16 67 16 63
13 29 15 29 15 33 13 33 13 29
25 5 27 5 27 9 25 9 25 5
80 70 82 70 82 74 80 74 80 70
28 91 31 91 31 94 28 94 28 91
46 42 50 42 50 46 46 46 46 42
86 4 88 4 88 8 86 8 86 4
58 47 60 47 60 49 58 49 58 47
84 22 86 22 86 26 84 26 84 22
62 18 64 18 64 21 62 21 62 18
41 42 45 42 45 44 41 44 41 42
49 34 51 34 51 37 49 37 49 34
78 32 81 32 81 35 78 35 78 32
82 55 86 55 86 57 82 57 82 55
91 15 95 15 95 19 91 19 91 15
33 2 35 2 35 4 33 4 33 2
50 61 52 61 52 64 50 64 50 61
87 76 89 76 89 78 87 78 87 76
95 9 97 9 97 11 95 11 95 9
12 21 15 21 15 24 12 24 12 21
4 13 8 13 8 16 4 16 4 13
17 41 19 41 19 44 17 44 17 41
51 76 54 76 54 79 51 79 51 76
81 63 84 63 84 66 81 66 81 63
3 40 5 40 5 43 3 43 3 40
83 84 86 84 86 88 83 88 83 84
5 54 8 54 8 57 5 57 5 54
78 50 82 50 82 54 78 54 78 50
38 50 40 50 40 53 38 53 38 50
9 24 11 24 11 26 9 26 9 24
20 35 22 35 22 38 20 38 20 35
34 81 37 81 37 84 34 84 34 81
24 81 27 81 27 85 24 85 24 81
8 60 10 60 10 62 8 62 8 60
78 25 81 25 81 27 78 27 78 25
87 51 90 51 90 53 87 53 87 51
50 72 52 72 52 74 50 74 50 72
9 28 11 28 11 30 9 30 9 28
66 58 68 58 68 60 66 60 66 58
30 47 34 47 34 49 30 49 30 47
8 7 12 7 12 9 8 9 8 7
14 87 17 87 17 90 14 90 14 87
72 19 76 19 76 23 72 23 72 19
17 36 19 36 19 38 17 38 17 36
33 58 36 58 36 60 33 60 33 58
42 37 46 37 46 39 42 39 42 37
91 50 93 50 93 54 91 54 91 50
87 22 91 22 91 24 87 24 87 22
53 56 56 56 56 58 53 58 53 56
72 86 75 86 75 88 72 88 72 86
9 13 11 13 11 16 9 16 9 13
84 69 87 69 87 72 84 72 84 69
47 15 50 15 50 18 47 18 47 15
56 86 60 86 60 90 56 90 56 86
49 66 52 66 52 69 49 69 49 66
94 27 96 27 96 29 94 29 94 27
16 4 19 4 19 7 16 7 16 4
44 26 46 26 46 29 44 29 44 26
91 69 93 69 93 71 91 71 91 69
27 46 29 46 29 50 27 50 27 46
53 73 55 73 55 75 53 75 53 73
13 47 15 47 15 50 13 50 13 47
2 5 4 5 4 8 2 8 2 5
17 68 21 68 21 71 17 71 17 68
35 17 38 17 38 20 35 20 35 17
3 77 6 77 6 79 3 79 3 77
17 52 19 52 19 54 17 54 17 52
6 38 10 38 10 40 6 40 6 38
89 73 91 73 91 75 89 75 89 73
61 31 64 31 64 33 61 33 61 31
79 80 83 80 83 82 79 82 79 80
91 4 93 4 93 8 91 8 91 4
