73 45 77 45 77 49 73 49 73 45
68 14 71 14 71 18 68 18 68 14
47 57 51 57 51 61 47 61 47 57
42 19 46 19 46 23 42 23 42 19
9 4 12 4 12 6 9 6 9 4
38 39 40 39 40 43 38 43 38 39
84 27 87 27 87 30 84 30 84 27
62 46 64 46 64 50 62 50 62 46
3 56 7 56 7 58 3 58 3 56
53 91 57 91 57 95 53 95 53 91
10 69 12 69 12 73 10 73 10 69
73 86 75 86 75 90 73 90 73 86
26 51 28 51 28 54 26 54 26 51
78 5 81 5 81 9 78 9 78 5
53 16 55 16 55 20 53 20 53 16
62 68 66 68 66 70 62 70 62 68
24 32 28 32 28 35 24 35 24 32
24 45 27 45 27 49 24 49 24 45
14 49 18 49 18 52 14 52 14 49
35 35 38 35 38 37 35 37 35 35
86 42 89 42 89 46 86 46 86 42
47 40 49 40 49 42 47 42 47 40
56 9 58 9 58 11 56 11 56 9
92 53 94 53 94 56 92 56 92 53
3 90 6 90 6 94 3 94 3 90
26 95 28 95 28 97 26 97 26 95
37 72 41 72 41 76 37 76 37 72
4 4 8 4 8 8 4 8 4 4
47 76 49 76 49 80 47 80 47 76
23 65 25 65 25 67 23 67 23 65
19 58 21 58 21 60 19 60 19 58
13 61 16 61 16 65 13 65 13 61
33 66 36 66 36 69 33 69 33 66
61 24 64 24 64 26 61 26 61 24
28 7 32 7 32 10 28 10 28 7
84 33 86 33 86 37 84 37 84 33
81 45 83 45 83 48 81 48 81 45
63 94 67 94 67 96 63 96 63 94
90 61 92 61 92 65 90 65 90 61
69 37 72 37 72 41 69 41 69 37
70 94 74 94 74 97 70 97 70 94
18 84 22 84 22 88 18 88 18 84
29 28 33 28 33 30 29 30 29 28
30 37 34 37 34 41 30 41 30 37
64 35 67 35 67 37 64 37 64 35
41 69 43 69 43 71 41 71 41 69
63 82 67 82 67 86 63 86 63 82
46 92 49 92 49 96 46 96 46 92
19 31 23 31 23 34 19 34 19 31
13 32 17 32 17 35 13 35 13 32
59 64 61 64 61 66 59 66 59 64
59 70 61 70 61 72 59 72 59 70
63 77 66 77 66 80 63 80 63 77
27 60 30 60 30 62 27 62 27 60
84 94 88 94 88 98 84 98 84 94
41 61 43 61 43 65 41 65 41 61
26 12 29 12 29 14 26 14 26 12
60 4 62 4 62 6 60 6 60 4
74 31 77 31 77 33 74 33 74 31
9 76 12 76 12 80 9 80 9 76
8 19 11 19 11 21 8 21 8 19
18 26 20 26 20 30 18 30 18 26
2 75 5 75 5 78 2 78 2 75
23 80 25 80 25 82 23 82 23 80
86 69 88 69 88 71 86 71 86 69
56 85 60 85 60 88 56 88 56 85
11 12 13 12 13 14 11 14 11 12
26 67 28 67 28 70 26 70 26 67
34 5 38 5 38 8 34 8 34 5
13 67 15 67 15 69 13 69 13 67
33 70 36 70 36 73 33 73 33 70
86 59 88 59 88 62 86 62 86 59
64 12 67 12 67 14 64 14 64 12
45 53 48 53 48 56 45 56 45 53
46 10 48 10 48 13 46 13 46 10
41 48 45 48 45 51 41 51 41 48
44 65 48 65 48 68 44 68 44 65
91 30 94 30 94 33 91 33 91 30
41 93 43 93 43 97 41 97 41 93
92 23 94 23 94 26 92 26 92 23
88 35 90 35 90 37 88 37 88 35
83 79 85 79 85 81 83 81 83 79
57 80 59 80 59 84 57 84 57 80
70 83 72 83 72 86 70 86 70 83
49 5 52 5 52 9 49 9 49 5
36 30 40 30 40 34 36 34 36 30
68 48 71 48 71 52 68 52 68 48
64 61 66 61 66 63 64 63 64 61
92 87 94 87 94 91 92 91 92 87
67 79 70 79 70 81 67 81 67 79
85 87 88 87 88 89 85 89 85 87
40 13 43 13 43 16 40 16 40 13
73 80 76 80 76 84 73 84 73 80
95 14 98 14 98 17 95 17 95 14
20 42 22 42 22 45 20 45 20 42
59 29 63 29 63 33 59 33 59 29
94 64 96 64 96 67 94 67 94 64
6 23 9 23 9 25 6 25 6 23
30 33 33 33 33 35 30 35 30 33
7 32 10 32 10 34 7 34 7 32
24 84 26 84 26 88 24 88 24 84
22 25 24 25 24 29 22 29 22 25
49 22 53 22 53 25 49 25 49 22
56 75 59 75 59 77 56 77 56 75
94 74 98 74 98 78 94 78 94 74
52 49 55 49 55 52 52 52 52 49
38 86 41 86 41 89 38 89 38 86
61 57 63 57 63 59 61 59 61 57
22 75 26 75 26 78 22 78 22 75
79 32 82 32 82 34 79 34 79 32
90 38 94 38 94 41 90 41 90 38
32 24 34 24 34 27 32 27 32 24
11 8 13 8 13 11 11 11 11 8
60 19 62 19 62 22 60 22 60 19
9 51 12 51 12 53 9 53 9 51
17 75 19 75 19 79 17 79 17 75
74 22 76 22 76 25 74 25 74 22
29 16 32 16 32 20 29 20 29 16
84 3 88 3 88 6 84 6 84 3
91 14 93 14 93 16 91 16 91 14
90 8 92 8 92 11 90 11 90 8
26 56 29 56 29 58 26 58 26 56
3 65 6 65 6 68 3 68 3 65
8 88 12 88 12 90 8 90 8 88
48 29 52 29 52 32 48 32 48 29
55 31 58 31 58 35 55 35 55 31
30 77 33 77 33 79 30 79 30 77
73 59 76 59 76 62 73 62 73 59
3 48 6 48 6 50 3 50 3 48
78 78 81 78 81 80 78 80 78 78
36 57 40 57 40 59 36 59 36 57
89 93 91 93 91 95 89 95 89 93
37 15 39 15 39 19 37 19 37 15
15 36 17 36 17 40 15 40 15 36
38 23 41 23 41 26 38 26 38 23
64 4 68 4 68 8 64 8 64 4
79 84 81 84 81 87 79 87 79 84
73 76 77 76 77 78 73 78 73 76
61 88 64 88 64 91 61 91 61 88
73 2 77 2 77 5 73 5 73 2
50 37 52 37 52 40 50 40 50 37
93 47 96 47 96 49 93 49 93 47
9 38 13 38 13 40 9 40 9 38
53 70 57 70 57 74 53 74 53 70
2 29 6 29 6 32 2 32 2 29
26 18 28 18 28 21 26 21 26 18
65 71 69 71 69 75 65 75 65 71
8 45 12 45 12 49 8 49 8 45
41 57 44 57 44 60 41 60 41 57
18 18 22 18 22 21 18 21 18 18
69 42 72 42 72 45 69 45 69 42
43 76 46 76 46 78 43 78 43 76
75 73 79 73 79 75 75 75 75 73
31 42 33 42 33 45 31 45 31 42
3 80 6 80 6 83 3 83 3 80
64 38 67 38 67 41 64 41 64 38
92 82 96 82 96 85 92 85 92 82
69 54 73 54 73 58 69 58 69 54
53 4 55 4 55 6 53 6 53 4
5 13 8 13 8 17 5 17 5 13
55 42 59 42 59 46 55 46 55 42
74 66 76 66 76 69 74 69 74 66
9 29 11 29 11 31 9 31 9 29
63 52 67 52 67 56 63 56 63 52
75 16 78 16 78 19 75 19 75 16
69 29 73 29 73 31 69 31 69 29
52 53 54 53 54 56 52 56 52 53
83 38 87 38 87 40 83 40 83 38
19 68 23 68 23 72 19 72 19 68
80 11 84 11 84 14 80 14 80 11
45 86 49 86 49 89 45 89 45 86
39 2 42 2 42 4 39 4 39 2
75 95 77 95 77 97 75 97 75 95
80 49 82 49 82 52 80 52 80 49
85 76 89 76 89 78 85 78 85 76
85 14 88 14 88 17 85 17 85 14
78 92 81 92 81 96 78 96 78 92
20 51 24 51 24 53 20 53 20 51
95 9 97 9 97 12 95 12 95 9
58 49 60 49 60 52 58 52 58 49
2 11 4 11 4 13 2 13 2 11
84 64 87 64 87 68 84 68 84 64
59 10 61 10 61 12 59 12 59 10
25 8 27 8 27 10 25 10 25 8
55 63 58 63 58 65 55 65 55 63
86 79 88 79 88 82 86 82 86 79
44 32 46 32 46 34 44 34 44 32
28 2 30 2 30 4 28 4 28 2
81 72 85 72 85 74 81 74 81 72
80 19 82 19 82 23 80 23 80 19
4 18 6 18 6 22 4 22 4 18
68 20 71 20 71 22 68 22 68 20
69 63 73 63 73 65 69 65 69 63
72 10 75 10 75 12 72 12 72 10
79 35 83 35 83 37 79 37 79 35
14 12 18 12 18 16 14 16 14 12
81 57 85 57 85 61 81 61 81 57
37 63 40 63 40 66 37 66 37 63
56 53 60 53 60 57 56 57 56 53
93 92 95 92 95 95 93 95 93 92
57 15 59 15 59 18 57 18 57 15
58 37 60 37 60 39 58 39 58 37
89 71 93 71 93 74 89 74 89 71
78 42 82 42 82 44 78 44 78 42
39 7 42 7 42 11 39 11 39 7
20 46 22 46 22 50 20 50 20 46
44 25 47 25 47 29 44 29 44 25
8 85 11 85 11 87 8 87 8 85
32 81 35 81 35 85 32 85 32 81
3 41 5 41 5 44 3 44 3 41
62 15 64 15 64 18 62 18 62 15
64 30 66 30 66 33 64 33 64 30
20 6 23 6 23 9 20 9 20 6
31 48 33 48 33 52 31 52 31 48
36 80 39 80 39 82 36 82 36 80
69 9 71 9 71 11 69 11 69 9
47 34 49 34 49 38 47 38 47 34
75 34 77 34 77 38 75 38 75 34
23 3 27 3 27 5 23 5 23 3
4 52 7 52 7 55 4 55 4 52
6 41 10 41 10 43 6 43 6 41
41 79 45 79 45 81 41 81 41 79
17 90 21 90 21 94 17 94 17 90
77 65 81 65 81 69 77 69 77 65
30 87 32 87 32 90 30 90 30 87
51 65 53 65 53 69 51 69 51 65
96 23 98 23 98 27 96 27 96 23
24 38 27 38 27 40 24 40 24 38
55 60 58 60 58 62 55 62 55 60
74 53 76 53 76 56 74 56 74 53
45 71 49 71 49 74 45 74 45 71
10 22 12 22 12 25 10 25 10 22
85 10 89 10 89 13 85 13 85 10
84 19 88 19 88 22 84 22 84 19
50 76 52 76 52 78 50 78 50 76
35 94 37 94 37 96 35 96 35 94
95 52 98 52 98 54 95 54 95 52
14 26 16 26 16 29 14 29 14 26
27 76 29 76 29 80 27 80 27 76
8 62 12 62 12 66 8 66 8 62
88 29 90 29 90 31 88 31 88 29
35 49 37 49 37 53 35 53 35 49
54 25 56 25 56 28 54 28 54 25
31 94 34 94 34 96 31 96 31 94
2 59 4 59 4 63 2 63 2 59
50 11 53 11 53 13 50 13 50 11
81 27 83 27 83 30 81 30 81 27
74 26 78 26 78 29 74 29 74 26
57 4 59 4 59 7 57 7 57 4
22 61 24 61 24 64 22 64 22 61
