75 33 78 33 78 36 75 36 75 33
95 61 97 61 97 65 95 65 95 61
73 12 77 12 77 14 73 14 73 12
90 22 94 22 94 26 90 26 90 22
19 69 23 69 23 72 19 72 19 69
44 85 46 85 46 87 44 87 44 85
65 80 68 80 68 82 65 82 65 80
80 95 83 95 83 98 80 98 80 95
60 96 63 96 63 98 60 98 60 96
9 53 11 53 11 55 9 55 9 53
75 78 79 78 79 82 75 82 75 78
48 53 52 53 52 57 48 57 48 53
38 4 40 4 40 6 38 6 38 4
84 20 87 20 87 23 84 23 84 20
16 10 19 10 19 12 16 12 16 10
9 34 13 34 13 38 9 38 9 34
51 11 53 11 53 14 51 14 51 11
90 36 93 36 93 38 90 38 90 36
5 49 9 49 9 52 5 52 5 49
70 85 74 85 74 88 70 88 70 85
96 77 98 77 98 79 96 79 96 77
12 3 15 3 15 7 12 7 12 3
2 52 4 52 4 56 2 56 2 52
2 16 6 16 6 20 2 20 2 16
32 92 35 92 35 94 32 94 32 92
62 74 65 74 65 77 62 77 62 74
30 60 32 60 32 62 30 62 30 60
16 38 18 38 18 42 16 42 16 38
92 47 94 47 94 49 92 49 92 47
40 22 43 22 43 26 40 26 40 22
3 58 6 58 6 61 3 61 3 58
32 85 35 85 35 87 32 87 32 85
15 60 18 60 18 64 15 64 15 60
20 15 23 15 23 19 20 19 20 15
16 17 19 17 19 20 16 20 16 17
55 36 58 36 58 39 55 39 55 36
84 69 86 69 86 73 84 73 84 69
91 41 95 41 95 44 91 44 91 41
82 84 86 84 86 87 82 87 82 84
44 64 47 64 47 67 44 67 44 64
79 20 83 20 83 24 79 24 79 20
38 48 42 48 42 50 38 50 38 48
52 15 55 15 55 19 52 19 52 15
57 57 60 57 60 60 57 60 57 57
85 55 87 55 87 58 85 58 85 55
19 77 23 77 23 81 19 81 19 77
44 26 46 26 46 28 44 28 44 26
8 73 11 73 11 77 8 77 8 73
89 94 92 94 92 96 89 96 89 94
51 43 53 43 53 45 51 45 51 43
45 93 47 93 47 96 45 96 45 93
49 77 53 77 53 80 49 80 49 77
53 64 57 64 57 68 53 68 53 64
20 63 24 63 24 65 20 65 20 63
27 20 31 20 31 24 27 24 27 20
7 27 9 27 9 31 7 31 7 27
25 54 27 54 27 57 25 57 25 54
50 89 54 89 54 93 50 93 50 89
70 42 74 42 74 46 70 46 70 42
69 76 72 76 72 78 69 78 69 76
2 5 5 5 5 8 2 8 2 5
83 9 87 9 87 12 83 12 83 9
42 16 44 16 44 20 42 20 42 16
25 32 29 32 29 36 25 36 25 32
86 64 90 64 90 66 86 66 86 64
73 70 75 70 75 73 73 73 73 70
86 27 88 27 88 30 86 30 86 27
52 37 54 37 54 41 52 41 52 37
73 26 77 26 77 29 73 29 73 26
36 70 40 70 40 74 36 74 36 70
51 83 54 83 54 86 51 86 51 83
48 64 50 64 50 66 48 66 48 64
35 59 37 59 37 62 35 62 35 59
87 74 90 74 90 77 87 77 87 74
32 31 36 31 36 35 32 35 32 31
89 80 91 80 91 82 89 82 89 80
50 3 52 3 52 5 50 5 50 3
26 48 29 48 29 51 26 51 26 48
69 21 73 21 73 24 69 24 69 21
26 5 29 5 29 8 26 8 26 5
36 51 38 51 38 54 36 54 36 51
31 75 35 75 35 78 31 78 31 75
79 67 82 67 82 71 79 71 79 67
29 25 32 25 32 27 29 27 29 25
73 59 77 59 77 61 73 61 73 59
54 2 56 2 56 6 54 6 54 2
23 11 26 11 26 13 23 13 23 11
2 79 4 79 4 81 2 81 2 79
44 39 48 39 48 43 44 43 44 39
57 77 61 77 61 79 57 79 57 77
77 2 81 2 81 6 77 6 77 2
82 16 86 16 86 18 82 18 82 16
67 41 69 41 69 44 67 44 67 41
81 33 84 33 84 37 81 37 81 33
60 12 62 12 62 15 60 15 60 12
89 58 93 58 93 60 89 60 89 58
30 55 34 55 34 57 30 57 30 55
3 9 6 9 6 13 3 13 3 9
94 90 97 90 97 92 94 92 94 90
2 85 6 85 6 89 2 89 2 85
63 65 65 65 65 67 63 67 63 65
64 18 66 18 66 20 64 20 64 18
87 67 91 67 91 71 87 71 87 67
15 95 19 95 19 97 15 97 15 95
45 8 49 8 49 12 45 12 45 8
4 92 7 92 7 96 4 96 4 92
4 36 6 36 6 40 4 40 4 36
51 22 54 22 54 24 51 24 51 22
56 89 59 89 59 91 56 91 56 89
72 36 74 36 74 38 72 38 72 36
11 46 14 46 14 50 11 50 11 46
43 54 47 54 47 56 43 56 43 54
76 7 79 7 79 10 76 10 76 7
81 27 84 27 84 29 81 29 81 27
2 67 5 67 5 71 2 71 2 67
62 47 65 47 65 50 62 50 62 47
76 41 78 41 78 45 76 45 76 41
92 7 96 7 96 9 92 9 92 7
18 31 22 31 22 35 18 35 18 31
18 45 22 45 22 49 18 49 18 45
30 69 34 69 34 73 30 73 30 69
19 25 22 25 22 27 19 27 19 25
31 14 35 14 35 18 31 18 31 14
37 17 40 17 40 21 37 21 37 17
87 49 89 49 89 53 87 53 87 49
86 44 88 44 88 47 86 47 86 44
39 38 43 38 43 40 39 40 39 38
7 40 11 40 11 43 7 43 7 40
33 65 36 65 36 68 33 68 33 65
94 17 96 17 96 21 94 21 94 17
87 87 89 87 89 89 87 89 87 87
36 78 39 78 39 82 36 82 36 78
73 62 75 62 75 64 73 64 73 62
74 54 77 54 77 57 74 57 74 54
78 47 81 47 81 49 78 49 78 47
64 13 68 13 68 16 64 16 64 13
2 82 4 82 4 84 2 84 2 82
55 40 59 40 59 44 55 44 55 40
24 95 28 95 28 98 24 98 24 95
14 65 18 65 18 68 14 68 14 65
39 28 41 28 41 31 39 31 39 28
12 92 16 92 16 94 12 94 12 92
74 91 78 91 78 95 74 95 74 91
63 89 66 89 66 92 63 92 63 89
78 52 80 52 80 56 78 56 78 52
61 56 63 56 63 58 61 58 61 56
60 21 63 21 63 25 60 25 60 21
13 53 17 53 17 55 13 55 13 53
74 66 77 66 77 69 74 69 74 66
24 81 28 81 28 85 24 85 24 81
72 8 75 8 75 11 72 11 72 8
65 35 69 35 69 38 65 38 65 35
63 51 67 51 67 54 63 54 63 51
61 32 63 32 63 34 61 34 61 32
50 25 53 25 53 29 50 29 50 25
64 55 66 55 66 59 64 59 64 55
27 42 30 42 30 44 27 44 27 42
42 57 45 57 45 59 42 59 42 57
37 13 41 13 41 16 37 16 37 13
91 75 93 75 93 78 91 78 91 75
8 15 10 15 10 19 8 19 8 15
82 48 84 48 84 51 82 51 82 48
79 14 81 14 81 18 79 18 79 14
95 57 97 57 97 60 95 60 95 57
5 62 7 62 7 65 5 65 5 62
86 96 88 96 88 98 86 98 86 96
39 43 41 43 41 47 39 47 39 43
32 79 34 79 34 81 32 81 32 79
22 21 26 21 26 24 22 24 22 21
10 78 14 78 14 80 10 80 10 78
61 26 63 26 63 30 61 30 61 26
44 22 47 22 47 24 44 24 44 22
82 42 84 42 84 45 82 45 82 42
31 47 34 47 34 49 31 49 31 47
10 9 14 9 14 12 10 12 10 9
59 2 62 2 62 4 59 4 59 2
45 73 49 73 49 76 45 76 45 73
69 9 71 9 71 11 69 11 69 9
26 16 29 16 29 18 26 18 26 16
26 76 29 76 29 78 26 78 26 76
37 63 40 63 40 66 37 66 37 63
7 3 10 3 10 6 7 6 7 3
40 7 43 7 43 11 40 11 40 7
93 3 95 3 95 6 93 6 93 3
48 19 50 19 50 21 48 21 48 19
70 62 72 62 72 64 70 64 70 62
32 40 34 40 34 44 32 44 32 40
14 30 17 30 17 34 14 34 14 30
39 56 41 56 41 59 39 59 39 56
62 6 66 6 66 8 62 8 62 6
38 83 42 83 42 87 38 87 38 83
70 4 73 4 73 7 70 7 70 4
12 87 16 87 16 91 12 91 12 87
2 72 5 72 5 75 2 75 2 72
11 68 13 68 13 70 11 70 11 68
20 87 24 87 24 90 20 90 20 87
69 66 71 66 71 68 69 68 69 66
21 51 23 51 23 54 21 54 21 51
76 73 79 73 79 75 76 75 76 73
37 8 39 8 39 12 37 12 37 8
94 93 98 93 98 95 94 95 94 93
66 23 68 23 68 25 66 25 66 23
32 6 35 6 35 8 32 8 32 6
58 82 61 82 61 84 58 84 58 82
22 37 24 37 24 40 22 40 22 37
27 39 30 39 30 41 27 41 27 39
56 31 60 31 60 34 56 34 56 31
47 49 51 49 51 51 47 51 47 49
48 36 50 36 50 38 48 38 48 36
50 6 52 6 52 8 50 8 50 6
15 81 18 81 18 83 15 83 15 81
19 2 22 2 22 4 19 4 19 2
34 26 36 26 36 29 34 29 34 26
76 16 78 16 78 20 76 20 76 16
95 37 97 37 97 39 95 39 95 37
29 83 31 83 31 87 29 87 29 83
58 66 61 66 61 70 58 70 58 66
13 13 16 13 16 15 13 15 13 13
44 33 48 33 48 35 44 35 44 33
39 88 41 88 41 90 39 90 39 88
67 56 69 56 69 59 67 59 67 56
38 94 42 94 42 98 38 98 38 94
69 29 72 29 72 33 69 33 69 29
20 8 22 8 22 10 20 10 20 8
55 23 59 23 59 27 55 27 55 23
18 50 20 50 20 54 18 54 18 50
80 63 83 63 83 65 80 65 80 63
84 92 87 92 87 95 84 95 84 92
95 68 98 68 98 71 95 71 95 68
23 46 25 46 25 50 23 50 23 46
89 27 92 27 92 29 89 29 89 27
15 25 18 25 18 29 15 29 15 25
92 82 94 82 94 85 92 85 92 82
32 19 34 19 34 22 32 22 32 19
53 70 57 70 57 73 53 73 53 70
70 53 72 53 72 55 70 55 70 53
64 60 68 60 68 62 64 62 64 60
47 83 50 83 50 85 47 85 47 83
26 66 28 66 28 70 26 70 26 66
76 22 78 22 78 24 76 24 76 22
58 51 62 51 62 54 58 54 58 51
4 32 7 32 7 34 4 34 4 32
25 89 29 89 29 93 25 93 25 89
47 59 49 59 49 63 47 63 47 59
68 26 72 26 72 28 68 28 68 26
27 28 29 28 29 30 27 30 27 28
58 92 61 92 61 95 58 95 58 92
44 50 46 50 46 52 44 52 44 50
66 93 69 93 69 96 66 96 66 93
11 17 13 17 13 19 11 19 11 17
