94 47 98 47 98 50 94 50 94 47
77 58 79 58 79 60 77 60 77 58
44 19 47 19 47 23 44 23 44 19
15 15 18 15 18 19 15 19 15 15
3 10 7 10 7 14 3 14 3 10
44 67 48 67 48 69 44 69 44 67
85 48 89 48 89 50 85 50 85 48
11 67 13 67 13 70 11 70 11 67
14 6 18 6 18 10 14 10 14 6
18 74 21 74 21 77 18 77 18 74
90 39 94 39 94 43 90 43 90 39
49 41 53 41 53 45 49 45 49 41
8 89 12 89 12 92 8 92 8 89
37 71 40 71 40 75 37 75 37 71
38 45 41 45 41 48 38 48 38 45
52 37 54 37 54 40 52 40 52 37
36 52 39 52 39 54 36 54 36 52
27 74 29 74 29 78 27 78 27 74
14 58 17 58 17 60 14 60 14 58
76 20 78 20 78 22 76 22 76 20
92 91 94 91 94 94 92 94 92 91
37 16 41 16 41 20 37 20 37 16
53 31 57 31 57 33 53 33 53 31
83 34 85 34 85 37 83 37 83 34
9 35 11 35 11 37 9 37 9 35
26 44 28 44 28 46 26 46 26 44
64 3 67 3 67 5 64 5 64 3
95 77 97 77 97 81 95 81 95 77
94 73 97 73 97 75 94 75 94 73
5 30 9 30 9 33 5 33 5 30
64 83 68 83 68 87 64 87 64 83
18 28 20 28 20 32 18 32 18 28
28 7 32 7 32 11 28 11 28 7
11 11 13 11 13 14 11 14 11 11
13 63 15 63 15 65 13 65 13 63
93 70 96 70 96 72 93 72 93 70
54 7 58 7 58 9 54 9 54 7
35 28 37 28 37 32 35 32 35 28
4 85 8 85 8 87 4 87 4 85
25 58 28 58 28 62 25 62 25 58
22 10 24 10 24 13 22 13 22 10
80 64 83 64 83 68 80 68 80 64
71 5 73 5 73 7 71 7 71 5
34 93 37 93 37 95 34 95 34 93
84 6 88 6 88 10 84 10 84 6
71 76 75 76 75 80 71 80 71 76
87 31 91 31 91 33 87 33 87 31
89 9 91 9 91 13 89 13 89 9
91 61 95 61 95 65 91 65 91 61
84 66 88 66 88 70 84 70 84 66
79 94 82 94 82 96 79 96 79 94
57 23 60 23 60 25 57 25 57 23
64 36 67 36 67 39 64 39 64 36
30 93 32 93 32 97 30 97 30 93
96 38 98 38 98 41 96 41 96 38
92 86 94 86 94 89 92 89 92 86
32 19 34 19 34 22 32 22 32 19
17 78 21 78 21 82 17 82 17 78
14 50 17 50 17 52 14 52 14 50
59 8 62 8 62 12 59 12 59 8
95 31 97 31 97 35 95 35 95 31
45 54 49 54 49 56 45 56 45 54
73 46 77 46 77 50 73 50 73 46
25 80 28 80 28 84 25 84 25 80
20 33 24 33 24 35 20 35 20 33
42 86 45 86 45 88 42 88 42 86
17 11 19 11 19 14 17 14 17 11
49 10 53 10 53 12 49 12 49 10
49 4 53 4 53 7 49 7 49 4
4 34 6 34 6 37 4 37 4 34
67 70 69 70 69 72 67 72 67 70
56 37 60 37 60 40 56 40 56 37
35 41 39 41 39 44 35 44 35 41
46 91 49 91 49 94 46 94 46 91
26 20 30 20 30 24 26 24 26 20
90 82 93 82 93 84 90 84 90 82
19 51 23 51 23 53 19 53 19 51
28 36 31 36 31 40 28 40 28 36
78 35 80 35 80 38 78 38 78 35
27 14 30 14 30 18 27 18 27 14
3 91 6 91 6 93 3 93 3 91
66 59 69 59 69 62 66 62 66 59
78 41 82 41 82 45 78 45 78 41
91 50 93 50 93 54 91 54 91 50
82 18 85 18 85 21 82 21 82 18
59 26 63 26 63 29 59 29 59 26
44 77 47 77 47 79 44 79 44 77
49 67 51 67 51 69 49 69 49 67
63 94 67 94 67 96 63 96 63 94
90 77 93 77 93 79 90 79 90 77
74 63 76 63 76 65 74 65 74 63
3 64 7 64 7 67 3 67 3 64
5 55 9 55 9 57 5 57 5 55
85 91 88 91 88 93 85 93 85 91
56 18 59 18 59 20 56 20 56 18
73 51 75 51 75 53 73 53 73 51
86 77 89 77 89 79 86 79 86 77
59 71 61 71 61 73 59 73 59 71
8 59 11 59 11 62 8 62 8 59
3 40 5 40 5 44 3 44 3 40
43 34 46 34 46 36 43 36 43 34
93 56 97 56 97 58 93 58 93 56
22 46 25 46 25 48 22 48 22 46
31 55 34 55 34 59 31 59 31 55
80 57 82 57 82 59 80 59 80 57
50 26 53 26 53 28 50 28 50 26
83 44 85 44 85 46 83 46 83 44
37 89 39 89 39 92 37 92 37 89
82 80 84 80 84 83 82 83 82 80
94 13 98 13 98 17 94 17 94 13
47 29 51 29 51 32 47 32 47 29
65 89 68 89 68 92 65 92 65 89
69 16 72 16 72 19 69 19 69 16
13 40 16 40 16 44 13 44 13 40
45 9 48 9 48 11 45 11 45 9
50 80 52 80 52 82 50 82 50 80
2 73 6 73 6 77 2 77 2 73
45 14 48 14 48 17 45 17 45 14
19 61 22 61 22 63 19 63 19 61
71 21 73 21 73 23 71 23 71 21
10 52 13 52 13 56 10 56 10 52
53 55 56 55 56 59 53 59 53 55
29 65 33 65 33 68 29 68 29 65
80 3 84 3 84 5 80 5 80 3
79 7 82 7 82 11 79 11 79 7
30 87 32 87 32 91 30 91 30 87
5 70 9 70 9 72 5 72 5 70
77 85 79 85 79 88 77 88 77 85
22 64 26 64 26 67 22 67 22 64
81 48 84 48 84 50 81 50 81 48
16 34 19 34 19 36 16 36 16 34
67 78 70 78 70 80 67 80 67 78
64 47 67 47 67 50 64 50 64 47
56 87 60 87 60 90 56 90 56 87
52 20 55 20 55 24 52 24 52 20
82 13 84 13 84 16 82 16 82 13
61 42 63 42 63 44 61 44 61 42
85 95 89 95 89 98 85 98 85 95
9 75 11 75 11 79 9 79 9 75
9 18 13 18 13 20 9 20 9 18
56 65 59 65 59 69 56 69 56 65
40 58 43 58 43 60 40 60 40 58
64 7 68 7 68 11 64 11 64 7
68 39 70 39 70 41 68 41 68 39
31 79 33 79 33 81 31 81 31 79
87 20 91 20 91 24 87 24 87 20
53 49 55 49 55 52 53 52 53 49
17 89 19 89 19 91 17 91 17 89
57 58 60 58 60 62 57 62 57 58
54 42 58 42 58 46 54 46 54 42
18 37 21 37 21 41 18 41 18 37
73 56 75 56 75 59 73 59 73 56
14 88 16 88 16 91 14 91 14 88
25 52 28 52 28 56 25 56 25 52
61 34 63 34 63 38 61 38 61 34
60 17 64 17 64 21 60 21 60 17
90 70 92 70 92 73 90 73 90 70
40 26 42 26 42 29 40 29 40 26
13 77 15 77 15 79 13 79 13 77
3 50 6 50 6 53 3 53 3 50
68 56 70 56 70 58 68 58 68 56
14 96 18 96 18 98 14 98 14 96
44 27 46 27 46 30 44 30 44 27
64 25 68 25 68 27 64 27 64 25
2 16 5 16 5 20 2 20 2 16
53 91 56 91 56 94 53 94 53 91
42 80 44 80 44 84 42 84 42 80
92 66 96 66 96 68 92 68 92 66
68 28 71 28 71 32 68 32 68 28
66 20 68 20 68 22 66 22 66 20
76 26 80 26 80 28 76 28 76 26
26 29 28 29 28 32 26 32 26 29
52 96 56 96 56 98 52 98 52 96
6 38 8 38 8 42 6 42 6 38
81 76 84 76 84 79 81 79 81 76
68 65 72 65 72 69 68 69 68 65
35 11 37 11 37 15 35 15 35 11
64 78 66 78 66 81 64 81 64 78
3 82 7 82 7 84 3 84 3 82
61 39 63 39 63 41 61 41 61 39
11 24 15 24 15 28 11 28 11 24
2 59 6 59 6 63 2 63 2 59
64 69 66 69 66 73 64 73 64 69
33 47 36 47 36 49 33 49 33 47
71 9 75 9 75 11 71 11 71 9
69 87 73 87 73 90 69 90 69 87
69 33 72 33 72 35 69 35 69 33
68 44 71 44 71 46 68 46 68 44
38 80 41 80 41 83 38 83 38 80
83 25 86 25 86 29 83 29 83 25
40 77 42 77 42 79 40 79 40 77
55 2 57 2 57 4 55 4 55 2
64 31 67 31 67 34 64 34 64 31
21 85 23 85 23 87 21 87 21 85
80 52 83 52 83 55 80 55 80 52
5 94 9 94 9 98 5 98 5 94
29 50 31 50 31 54 29 54 29 50
3 45 7 45 7 49 3 49 3 45
85 2 87 2 87 4 85 4 85 2
53 71 55 71 55 74 53 74 53 71
22 71 25 71 25 75 22 75 22 71
87 26 89 26 89 28 87 28 87 26
88 61 90 61 90 63 88 63 88 61
60 63 63 63 63 65 60 65 60 63
58 53 62 53 62 57 58 57 58 53
33 3 37 3 37 6 33 6 33 3
88 57 91 57 91 59 88 59 88 57
68 4 70 4 70 6 68 6 68 4
39 31 41 31 41 35 39 35 39 31
87 88 89 88 89 90 87 90 87 88
12 29 16 29 16 32 12 32 12 29
25 38 27 38 27 41 25 41 25 38
46 51 50 51 50 53 46 53 46 51
17 43 19 43 19 45 17 45 17 43
26 25 29 25 29 28 26 28 26 25
40 93 43 93 43 97 40 97 40 93
39 5 41 5 41 9 39 9 39 5
26 87 29 87 29 89 26 89 26 87
14 83 16 83 16 87 14 87 14 83
14 53 17 53 17 56 14 56 14 53
44 58 47 58 47 60 44 60 44 58
32 62 35 62 35 64 32 64 32 62
27 69 30 69 30 73 27 73 27 69
58 47 61 47 61 51 58 51 58 47
56 80 59 80 59 84 56 84 56 80
43 64 47 64 47 66 43 66 43 64
73 16 75 16 75 18 73 18 73 16
22 21 25 21 25 23 22 23 22 21
10 6 12 6 12 10 10 10 10 6
94 9 98 9 98 11 94 11 94 9
38 23 41 23 41 25 38 25 38 23
51 13 53 13 53 17 51 17 51 13
50 59 52 59 52 61 50 61 50 59
72 70 74 70 74 73 72 73 72 70
63 12 67 12 67 14 63 14 63 12
67 51 69 51 69 55 67 55 67 51
4 7 6 7 6 9 4 9 4 7
10 93 13 93 13 95 10 95 10 93
85 85 89 85 89 87 85 87 85 85
93 22 95 22 95 24 93 24 93 22
95 51 97 51 97 53 95 53 95 51
31 32 33 32 33 35 31 35 31 32
18 66 20 66 20 68 18 68 18 66
79 19 81 19 81 23 79 23 79 19
43 5 47 5 47 7 43 7 43 5
54 13 58 13 58 15 54 15 54 13
20 94 24 94 24 97 20 97 20 94
47 73 49 73 49 76 47 76 47 73
23 27 25 27 25 29 23 29 23 27
92 30 94 30 94 34 92 34 92 30
