69 76 71 76 71 78 69 78 69 76
78 73 81 73 81 77 78 77 78 73
29 43 32 43 32 47 29 47 29 43
57 90 59 90 59 93 57 93 57 90
79 93 82 93 82 97 79 97 79 93
28 79 32 79 32 83 28 83 28 79
58 24 62 24 62 26 58 26 58 24
94 33 97 33 97 36 94 36 94 33
21 20 25 20 25 23 21 23 21 20
11 93 15 93 15 97 11 97 11 93
86 57 88 57 88 60 86 60 86 57
36 29 40 29 40 31 36 31 36 29
53 16 56 16 56 20 53 20 53 16
49 52 52 52 52 54 49 54 49 52
48 92 50 92 50 95 48 95 48 92
70 70 74 70 74 72 70 72 70 70
91 64 93 64 93 68 91 68 91 64
58 55 61 55 61 59 58 59 58 55
13 29 16 29 16 32 13 32 13 29
59 61 61 61 61 64 59 64 59 61
78 32 80 32 80 35 78 35 78 32
84 73 86 73 86 77 84 77 84 73
65 33 68 33 68 36 65 36 65 33
3 65 7 65 7 67 3 67 3 65
22 96 26 96 26 98 22 98 22 96
29 51 33 51 33 53 29 53 29 51
84 63 88 63 88 65 84 65 84 63
28 58 31 58 31 62 28 62 28 58
56 80 58 80 58 83 56 83 56 80
74 83 78 83 78 87 74 87 74 83
58 73 61 73 61 77 58 77 58 73
29 38 32 38 32 41 29 41 29 38
89 47 93 47 93 50 89 50 89 47
11 84 14 84 14 87 11 87 11 84
42 45 46 45 46 49 42 49 42 45
26 47 28 47 28 49 26 49 26 47
31 87 33 87 33 91 31 91 31 87
49 23 53 23 53 27 49 27 49 23
62 29 65 29 65 32 62 32 62 29
77 90 81 90 81 92 77 92 77 90
76 27 78 27 78 30 76 30 76 27
14 57 18 57 18 59 14 59 14 57
32 67 36 67 36 70 32 70 32 67
87 33 90 33 90 35 87 35 87 33
22 59 25 59 25 63 22 63 22 59
34 90 38 90 38 93 34 93 34 90
12 8 16 8 16 10 12 10 12 8
5 10 9 10 9 12 5 12 5 10
9 37 13 37 13 39 9 39 9 37
36 40 39 40 39 43 36 43 36 40
17 32 20 32 20 34 17 34 17 32
22 43 26 43 26 45 22 45 22 43
21 67 24 67 24 69 21 69 21 67
45 29 49 29 49 33 45 33 45 29
69 79 71 79 71 83 69 83 69 79
20 46 23 46 23 50 20 50 20 46
17 8 20 8 20 12 17 12 17 8
76 13 79 13 79 17 76 17 76 13
47 83 51 83 51 86 47 86 47 83
40 38 42 38 42 42 40 42 40 38
60 66 64 66 64 70 60 70 60 66
90 90 93 90 93 92 90 92 90 90
73 38 77 38 77 40 73 40 73 38
47 13 51 13 51 17 47 17 47 13
52 62 56 62 56 66 52 66 52 62
29 16 32 16 32 18 29 18 29 16
2 85 5 85 5 88 2 88 2 85
52 30 54 30 54 33 52 33 52 30
8 59 12 59 12 63 8 63 8 59
83 92 86 92 86 95 83 95 83 92
95 84 97 84 97 88 95 88 95 84
43 60 47 60 47 62 43 62 43 60
44 41 48 41 48 43 44 43 44 41
56 36 58 36 58 39 56 39 56 36
51 88 54 88 54 90 51 90 51 88
35 83 39 83 39 86 35 86 35 83
44 55 48 55 48 59 44 59 44 55
16 94 19 94 19 96 16 96 16 94
60 89 62 89 62 93 60 93 60 89
40 75 44 75 44 78 40 78 40 75
59 13 61 13 61 16 59 16 59 13
68 27 71 27 71 31 68 31 68 27
16 48 18 48 18 52 16 52 16 48
6 81 10 81 10 85 6 85 6 81
51 67 55 67 55 69 51 69 51 67
42 88 44 88 44 92 42 92 42 88
2 22 6 22 6 24 2 24 2 22
46 8 50 8 50 12 46 12 46 8
82 68 86 68 86 70 82 70 82 68
50 4 52 4 52 7 50 7 50 4
67 58 69 58 69 60 67 60 67 58
34 78 37 78 37 82 34 82 34 78
75 44 77 44 77 46 75 46 75 44
5 33 8 33 8 36 5 36 5 33
86 85 89 85 89 88 86 88 86 85
88 41 92 41 92 44 88 44 88 41
64 37 68 37 68 41 64 41 64 37
17 63 19 63 19 65 17 65 17 63
68 93 70 93 70 95 68 95 68 93
66 4 68 4 68 6 66 6 66 4
63 52 67 52 67 55 63 55 63 52
34 48 36 48 36 52 34 52 34 48
66 87 68 87 68 89 66 89 66 87
14 20 18 20 18 23 14 23 14 20
11 14 15 14 15 18 11 18 11 14
26 36 28 36 28 38 26 38 26 36
9 51 11 51 11 55 9 55 9 51
57 50 61 50 61 52 57 52 57 50
41 79 43 79 43 83 41 83 41 79
41 13 45 13 45 15 41 15 41 13
73 33 77 33 77 35 73 35 73 33
94 95 96 95 96 97 94 97 94 95
69 87 71 87 71 90 69 90 69 87
4 18 7 18 7 21 4 21 4 18
17 88 19 88 19 92 17 92 17 88
84 7 86 7 86 9 84 9 84 7
13 69 17 69 17 73 13 73 13 69
72 57 76 57 76 59 72 59 72 57
89 38 92 38 92 40 89 40 89 38
61 84 65 84 65 86 61 86 61 84
94 65 97 65 97 68 94 68 94 65
33 96 35 96 35 98 33 98 33 96
5 70 9 70 9 74 5 74 5 70
36 25 38 25 38 28 36 28 36 25
29 7 32 7 32 9 29 9 29 7
44 19 46 19 46 21 44 21 44 19
75 80 79 80 79 82 75 82 75 80
90 85 92 85 92 88 90 88 90 85
78 19 80 19 80 21 78 21 78 19
27 3 31 3 31 6 27 6 27 3
23 91 25 91 25 95 23 95 23 91
45 3 47 3 47 7 45 7 45 3
53 12 55 12 55 14 53 14 53 12
93 37 97 37 97 39 93 39 93 37
23 86 25 86 25 88 23 88 23 86
6 15 9 15 9 17 6 17 6 15
19 70 22 70 22 72 19 72 19 70
40 4 44 4 44 6 40 6 40 4
23 13 25 13 25 17 23 17 23 13
3 13 5 13 5 17 3 17 3 13
42 50 46 50 46 52 42 52 42 50
55 31 58 31 58 35 55 35 55 31
43 66 46 66 46 68 43 68 43 66
2 60 6 60 6 64 2 64 2 60
75 67 77 67 77 69 75 69 75 67
79 50 81 50 81 54 79 54 79 50
17 29 20 29 20 31 17 31 17 29
71 73 74 73 74 75 71 75 71 73
9 44 11 44 11 47 9 47 9 44
4 46 8 46 8 50 4 50 4 46
25 31 27 31 27 33 25 33 25 31
36 17 39 17 39 19 36 19 36 17
53 44 57 44 57 48 53 48 53 44
82 13 86 13 86 15 82 15 82 13
84 48 88 48 88 52 84 52 84 48
40 16 42 16 42 18 40 18 40 16
78 55 81 55 81 57 78 57 78 55
80 25 83 25 83 29 80 29 80 25
88 25 90 25 90 28 88 28 88 25
66 11 69 11 69 13 66 13 66 11
88 14 91 14 91 17 88 17 88 14
36 53 38 53 38 56 36 56 36 53
78 65 81 65 81 67 78 67 78 65
94 46 98 46 98 48 94 48 94 46
13 40 17 40 17 42 13 42 13 40
86 45 88 45 88 47 86 47 86 45
50 38 52 38 52 40 50 40 50 38
75 64 77 64 77 66 75 66 75 64
2 38 6 38 6 41 2 41 2 38
36 5 39 5 39 8 36 8 36 5
51 79 54 79 54 82 51 82 51 79
83 34 86 34 86 38 83 38 83 34
59 38 62 38 62 40 59 40 59 38
68 47 71 47 71 49 68 49 68 47
60 7 63 7 63 10 60 10 60 7
93 6 96 6 96 10 93 10 93 6
14 60 17 60 17 62 14 62 14 60
66 19 68 19 68 22 66 22 66 19
6 29 10 29 10 31 6 31 6 29
92 20 96 20 96 24 92 24 92 20
30 33 32 33 32 35 30 35 30 33
5 90 7 90 7 93 5 93 5 90
19 53 23 53 23 57 19 57 19 53
78 58 82 58 82 61 78 61 78 58
28 92 31 92 31 94 28 94 28 92
38 67 41 67 41 69 38 69 38 67
79 7 83 7 83 10 79 10 79 7
2 56 5 56 5 58 2 58 2 56
26 52 28 52 28 54 26 54 26 52
10 71 12 71 12 75 10 75 10 71
57 84 60 84 60 88 57 88 57 84
19 4 22 4 22 7 19 7 19 4
28 24 31 24 31 28 28 28 28 24
93 58 95 58 95 61 93 61 93 58
35 64 37 64 37 66 35 66 35 64
51 55 54 55 54 58 51 58 51 55
15 81 19 81 19 85 15 85 15 81
27 69 31 69 31 72 27 72 27 69
81 30 83 30 83 33 81 33 81 30
3 96 6 96 6 98 3 98 3 96
96 41 98 41 98 43 96 43 96 41
41 85 44 85 44 87 41 87 41 85
66 71 68 71 68 73 66 73 66 71
77 41 80 41 80 43 77 43 77 41
73 19 75 19 75 22 73 22 73 19
8 41 12 41 12 43 8 43 8 41
15 44 19 44 19 47 15 47 15 44
80 81 83 81 83 85 80 85 80 81
39 93 43 93 43 96 39 96 39 93
34 44 36 44 36 47 34 47 34 44
54 2 58 2 58 5 54 5 54 2
74 6 77 6 77 8 74 8 74 6
63 95 67 95 67 98 63 98 63 95
52 96 54 96 54 98 52 98 52 96
52 71 56 71 56 73 52 73 52 71
66 90 68 90 68 92 66 92 66 90
84 79 88 79 88 81 84 81 84 79
93 30 95 30 95 32 93 32 93 30
64 76 66 76 66 80 64 80 64 76
29 64 31 64 31 68 29 68 29 64
95 3 98 3 98 5 95 5 95 3
93 69 97 69 97 71 93 71 93 69
63 88 65 88 65 91 63 91 63 88
24 73 27 73 27 76 24 76 24 73
95 77 97 77 97 79 95 79 95 77
44 70 48 70 48 73 44 73 44 70
86 21 90 21 90 24 86 24 86 21
80 86 84 86 84 88 80 88 80 86
60 42 64 42 64 45 60 45 60 42
36 57 39 57 39 60 36 60 36 57
75 52 77 52 77 55 75 55 75 52
89 74 92 74 92 76 89 76 89 74
51 75 55 75 55 77 51 77 51 75
95 12 98 12 98 15 95 15 95 12
92 81 96 81 96 83 92 83 92 81
19 38 22 38 22 40 19 40 19 38
59 19 63 19 63 21 59 21 59 19
5 76 9 76 9 80 5 80 5 76
3 53 5 53 5 55 3 55 3 53
72 78 74 78 74 81 72 81 72 78
88 68 90 68 90 71 88 71 88 68
15 2 18 2 18 6 15 6 15 2
86 3 90 3 90 6 86 6 86 3
24 7 26 7 26 10 24 10 24 7
67 23 71 23 71 25 67 25 67 23
91 93 93 93 93 95 91 95 91 93
69 67 72 67 72 69 69 69 69 67
89 54 91 54 91 56 89 56 89 54
69 36 72 36 72 40 69 40 69 36
95 62 98 62 98 64 95 64 95 62
