56 44 60 44 60 47 56 47 56 44
8 35 10 35 10 37 8 37 8 35
62 62 65 62 65 65 62 65 62 62
54 8 56 8 56 10 54 10 54 8
25 6 27 6 27 8 25 8 25 6
20 41 23 41 23 43 20 43 20 41
6 40 8 40 8 42 6 42 6 40
64 38 66 38 66 40 64 40 64 38
83 64 87 64 87 68 83 68 83 64
80 69 83 69 83 71 80 71 80 69
78 34 80 34 80 37 78 37 78 34
40 73 43 73 43 75 40 75 40 73
15 29 17 29 17 31 15 31 15 29
69 14 72 14 72 17 69 17 69 14
53 69 56 69 56 72 53 72 53 69
33 52 36 52 36 54 33 54 33 52
70 48 73 48 73 52 70 52 70 48
18 22 22 22 22 26 18 26 18 22
57 37 61 37 61 39 57 39 57 37
11 26 13 26 13 29 11 29 11 26
85 94 88 94 88 97 85 97 85 94
64 13 68 13 68 17 64 17 64 13
65 3 68 3 68 5 65 5 65 3
51 29 55 29 55 33 51 33 51 29
9 67 11 67 11 69 9 69 9 67
93 66 96 66 96 69 93 69 93 66
90 31 93 31 93 34 90 34 90 31
45 37 47 37 47 40 45 40 45 37
40 85 44 85 44 88 40 88 40 85
14 32 18 32 18 35 14 35 14 32
3 28 5 28 5 32 3 32 3 28
50 81 54 81 54 84 50 84 50 81
76 10 80 10 80 12 76 12 76 10
11 75 14 75 14 79 11 79 11 75
61 44 65 44 65 47 61 47 61 44
76 5 80 5 80 8 76 8 76 5
33 19 35 19 35 23 33 23 33 19
8 56 12 56 12 59 8 59 8 56
66 54 68 54 68 57 66 57 66 54
28 75 31 75 31 79 28 79 28 75
51 94 53 94 53 98 51 98 51 94
38 34 40 34 40 38 38 38 38 34
51 90 54 90 54 92 51 92 51 90
78 51 81 51 81 53 78 53 78 51
5 65 8 65 8 68 5 68 5 65
40 50 44 50 44 54 40 54 40 50
45 65 49 65 49 67 45 67 45 65
26 96 30 96 30 98 26 98 26 96
87 15 89 15 89 17 87 17 87 15
37 41 39 41 39 43 37 43 37 41
93 45 97 45 97 48 93 48 93 45
10 14 13 14 13 16 10 16 10 14
65 6 67 6 67 9 65 9 65 6
42 94 46 94 46 96 42 96 42 94
90 22 94 22 94 25 90 25 90 22
37 79 41 79 41 83 37 83 37 79
21 16 23 16 23 20 21 20 21 16
62 50 66 50 66 52 62 52 62 50
28 7 30 7 30 9 28 9 28 7
84 2 87 2 87 4 84 4 84 2
49 56 51 56 51 60 49 60 49 56
79 76 83 76 83 78 79 78 79 76
10 6 14 6 14 9 10 9 10 6
8 71 11 71 11 74 8 74 8 71
28 22 31 22 31 25 28 25 28 22
14 84 17 84 17 88 14 88 14 84
4 75 8 75 8 77 4 77 4 75
21 56 23 56 23 58 21 58 21 56
63 68 67 68 67 70 63 70 63 68
40 69 44 69 44 71 40 71 40 69
91 90 93 90 93 92 91 92 91 90
94 2 98 2 98 5 94 5 94 2
45 32 47 32 47 36 45 36 45 32
65 31 68 31 68 33 65 33 65 31
65 84 69 84 69 86 65 86 65 84
62 35 64 35 64 37 62 37 62 35
54 18 58 18 58 21 54 21 54 18
17 78 19 78 19 81 17 81 17 78
2 24 6 24 6 27 2 27 2 24
56 94 58 94 58 96 56 96 56 94
16 57 19 57 19 61 16 61 16 57
35 5 39 5 39 8 35 8 35 5
77 46 81 46 81 48 77 48 77 46
70 85 72 85 72 88 70 88 70 85
36 49 39 49 39 51 36 51 36 49
46 26 49 26 49 28 46 28 46 26
8 47 12 47 12 51 8 51 8 47
94 15 97 15 97 18 94 18 94 15
79 40 83 40 83 43 79 43 79 40
88 82 91 82 91 86 88 86 88 82
4 95 6 95 6 97 4 97 4 95
43 3 46 3 46 7 43 7 43 3
19 62 21 62 21 64 19 64 19 62
73 95 76 95 76 97 73 97 73 95
83 87 87 87 87 89 83 89 83 87
3 7 5 7 5 11 3 11 3 7
3 83 6 83 6 85 3 85 3 83
87 19 89 19 89 23 87 23 87 19
84 32 86 32 86 34 84 34 84 32
32 66 34 66 34 68 32 68 32 66
67 39 71 39 71 43 67 43 67 39
70 63 73 63 73 66 70 66 70 63
79 62 82 62 82 65 79 65 79 62
76 85 79 85 79 87 76 87 76 85
48 75 51 75 51 77 48 77 48 75
42 78 45 78 45 80 42 80 42 78
8 44 10 44 10 46 8 46 8 44
73 36 76 36 76 39 73 39 73 36
33 56 35 56 35 60 33 60 33 56
18 65 22 65 22 69 18 69 18 65
28 84 31 84 31 88 28 88 28 84
36 25 40 25 40 29 36 29 36 25
52 14 54 14 54 17 52 17 52 14
92 9 94 9 94 11 92 11 92 9
94 92 97 92 97 96 94 96 94 92
77 91 81 91 81 93 77 93 77 91
19 94 21 94 21 96 19 96 19 94
87 71 90 71 90 74 87 74 87 71
6 10 8 10 8 12 6 12 6 10
30 11 32 11 32 13 30 13 30 11
2 15 6 15 6 19 2 19 2 15
26 12 29 12 29 16 26 16 26 12
50 19 52 19 52 22 50 22 50 19
13 64 15 64 15 68 13 68 13 64
5 61 7 61 7 63 5 63 5 61
7 26 10 26 10 30 7 30 7 26
32 41 36 41 36 44 32 44 32 41
60 76 64 76 64 80 60 80 60 76
40 57 42 57 42 61 40 61 40 57
52 46 55 46 55 48 52 48 52 46
7 31 11 31 11 34 7 34 7 31
58 13 60 13 60 16 58 16 58 13
70 4 74 4 74 8 70 8 70 4
57 82 59 82 59 85 57 85 57 82
84 90 88 90 88 92 84 92 84 90
23 66 26 66 26 70 23 70 23 66
23 83 27 83 27 87 23 87 23 83
47 89 49 89 49 93 47 93 47 89
19 70 22 70 22 74 19 74 19 70
72 42 75 42 75 44 72 44 72 42
66 74 69 74 69 76 66 76 66 74
29 61 31 61 31 63 29 63 29 61
56 58 59 58 59 61 56 61 56 58
58 91 60 91 60 93 58 93 58 91
90 75 92 75 92 78 90 78 90 75
75 79 77 79 77 81 75 81 75 79
86 77 89 77 89 79 86 79 86 77
94 86 98 86 98 88 94 88 94 86
12 95 16 95 16 97 12 97 12 95
2 33 4 33 4 35 2 35 2 33
41 44 44 44 44 46 41 46 41 44
79 2 82 2 82 4 79 4 79 2
63 72 65 72 65 74 63 74 63 72
27 65 29 65 29 67 27 67 27 65
68 34 72 34 72 37 68 37 68 34
52 86 55 86 55 89 52 89 52 86
6 3 9 3 9 7 6 7 6 3
69 10 72 10 72 13 69 13 69 10
33 87 35 87 35 91 33 91 33 87
84 50 88 50 88 52 84 52 84 50
73 70 75 70 75 72 73 72 73 70
70 22 73 22 73 25 70 25 70 22
52 54 54 54 54 58 52 58 52 54
29 17 31 17 31 19 29 19 29 17
76 75 78 75 78 78 76 78 76 75
43 14 46 14 46 16 43 16 43 14
32 92 34 92 34 94 32 94 32 92
36 71 39 71 39 75 36 75 36 71
74 23 77 23 77 27 74 27 74 23
47 47 51 47 51 49 47 49 47 47
26 3 30 3 30 5 26 5 26 3
50 34 52 34 52 37 50 37 50 34
24 59 28 59 28 61 24 61 24 59
29 37 33 37 33 40 29 40 29 37
13 90 17 90 17 92 13 92 13 90
81 24 85 24 85 28 81 28 81 24
11 35 13 35 13 37 11 37 11 35
20 47 22 47 22 50 20 50 20 47
58 30 61 30 61 33 58 33 58 30
89 61 93 61 93 63 89 63 89 61
10 18 12 18 12 22 10 22 10 18
33 62 37 62 37 64 33 64 33 62
77 72 79 72 79 74 77 74 77 72
63 22 66 22 66 25 63 25 63 22
87 56 89 56 89 60 87 60 87 56
18 10 20 10 20 12 18 12 18 10
4 78 8 78 8 80 4 80 4 78
27 90 29 90 29 94 27 94 27 90
39 13 42 13 42 17 39 17 39 13
89 46 91 46 91 48 89 48 89 46
36 12 38 12 38 15 36 15 36 12
88 7 91 7 91 9 88 9 88 7
29 51 32 51 32 54 29 54 29 51
70 89 72 89 72 93 70 93 70 89
76 57 80 57 80 60 76 60 76 57
23 33 26 33 26 36 23 36 23 33
82 44 84 44 84 47 82 47 82 44
24 50 27 50 27 52 24 52 24 50
93 72 95 72 95 76 93 76 93 72
22 9 24 9 24 13 22 13 22 9
13 21 17 21 17 23 13 23 13 21
81 7 85 7 85 10 81 10 81 7
85 41 87 41 87 44 85 44 85 41
48 14 50 14 50 18 48 18 48 14
3 70 5 70 5 74 3 74 3 70
5 90 8 90 8 92 5 92 5 90
30 56 32 56 32 58 30 58 30 56
23 71 25 71 25 73 23 73 23 71
18 16 20 16 20 19 18 19 18 16
56 51 60 51 60 54 56 54 56 51
13 17 17 17 17 20 13 20 13 17
50 61 52 61 52 63 50 63 50 61
23 27 26 27 26 30 23 30 23 27
96 26 98 26 98 29 96 29 96 26
24 89 26 89 26 91 24 91 24 89
53 40 57 40 57 43 53 43 53 40
88 11 91 11 91 13 88 13 88 11
80 18 82 18 82 21 80 21 80 18
90 52 92 52 92 56 90 56 90 52
74 16 76 16 76 19 74 19 74 16
91 39 95 39 95 42 91 42 91 39
58 5 60 5 60 9 58 9 58 5
80 72 84 72 84 75 80 75 80 72
65 88 68 88 68 91 65 91 65 88
60 84 64 84 64 86 60 86 60 84
17 36 20 36 20 39 17 39 17 36
74 31 78 31 78 33 74 33 74 31
28 71 30 71 30 73 28 73 28 71
58 27 60 27 60 29 58 29 58 27
29 32 31 32 31 34 29 34 29 32
91 26 94 26 94 30 91 30 91 26
81 35 85 35 85 37 81 37 81 35
66 77 70 77 70 81 66 81 66 77
83 81 86 81 86 85 83 85 83 81
45 83 47 83 47 87 45 87 45 83
83 19 86 19 86 22 83 22 83 19
24 39 28 39 28 42 24 42 24 39
44 61 46 61 46 63 44 63 44 61
93 83 95 83 95 85 93 85 93 83
48 51 50 51 50 53 48 53 48 51
31 70 35 70 35 74 31 74 31 70
57 87 60 87 60 90 57 90 57 87
76 62 78 62 78 66 76 66 76 62
41 34 43 34 43 36 41 36 41 34
56 75 59 75 59 78 56 78 56 75
4 43 6 43 6 45 4 45 4 43
67 25 69 25 69 28 67 28 67 25
25 44 27 44 27 47 25 47 25 44
49 41 52 41 52 44 49 44 49 41
77 54 79 54 79 56 77 56 77 54
