27 22 30 22 30 26 27 26 27 22
49 11 52 11 52 15 49 15 49 11
58 6 61 6 61 10 58 10 58 6
90 50 94 50 94 53 90 53 90 50
16 37 20 37 20 40 16 40 16 37
37 90 41 90 41 92 37 92 37 90
76 43 79 43 79 45 76 45 76 43
56 87 60 87 60 89 56 89 56 87
9 5 12 5 12 7 9 7 9 5
16 85 20 85 20 87 16 87 16 85
92 94 96 94 96 96 92 96 92 94
44 91 47 91 47 94 44 94 44 91
12 55 16 55 16 58 12 58 12 55
25 47 28 47 28 50 25 50 25 47
52 58 56 58 56 62 52 62 52 58
44 2 47 2 47 5 44 5 44 2
67 80 71 80 71 82 67 82 67 80
2 39 4 39 4 42 2 42 2 39
35 37 38 37 38 40 35 40 35 37
85 88 88 88 88 92 85 92 85 88
30 34 32 34 32 38 30 38 30 34
73 54 77 54 77 57 73 57 73 54
52 50 56 50 56 53 52 53 52 50
88 11 92 11 92 14 88 14 88 11
38 18 40 18 40 21 38 21 38 18
69 69 73 69 73 71 69 71 69 69
19 56 22 56 22 60 19 60 19 56
90 85 93 85 93 89 90 89 90 85
40 31 44 31 44 34 40 34 40 31
7 29 9 29 9 32 7 32 7 29
73 95 76 95 76 98 73 98 73 95
19 18 22 18 22 22 19 22 19 18
49 18 51 18 51 21 49 21 49 18
14 31 16 31 16 33 14 33 14 31
61 45 64 45 64 47 61 47 61 45
73 58 75 58 75 60 73 60 73 58
91 63 93 63 93 65 91 65 91 63
81 6 83 6 83 10 81 10 81 6
53 66 55 66 55 69 53 69 53 66
11 88 13 88 13 91 11 91 11 88
71 7 74 7 74 11 71 11 71 7
61 21 64 21 64 25 61 25 61 21
84 5 88 5 88 8 84 8 84 5
11 34 14 34 14 38 11 38 11 34
23 79 27 79 27 82 23 82 23 79
86 39 90 39 90 42 86 42 86 39
43 38 45 38 45 42 43 42 43 38
60 59 63 59 63 62 60 62 60 59
65 23 69 23 69 25 65 25 65 23
73 88 75 88 75 90 73 90 73 88
30 94 32 94 32 97 30 97 30 94
33 87 37 87 37 89 33 89 33 87
26 88 30 88 30 92 26 92 26 88
48 40 50 40 50 42 48 42 48 40
54 3 56 3 56 6 54 6 54 3
14 71 17 71 17 74 14 74 14 71
65 4 69 4 69 7 65 7 65 4
92 73 94 73 94 77 92 77 92 73
81 13 84 13 84 17 81 17 81 13
16 24 18 24 18 27 16 27 16 24
88 94 90 94 90 96 88 96 88 94
65 84 67 84 67 87 65 87 65 84
42 79 44 79 44 81 42 81 42 79
93 13 95 13 95 16 93 16 93 13
38 26 40 26 40 28 38 28 38 26
20 41 24 41 24 43 20 43 20 41
56 95 58 95 58 97 56 97 56 95
53 13 56 13 56 17 53 17 53 13
27 30 30 30 30 33 27 33 27 30
56 75 60 75 60 79 56 79 56 75
29 54 33 54 33 57 29 57 29 54
50 75 53 75 53 77 50 77 50 75
8 64 11 64 11 67 8 67 8 64
94 8 97 8 97 10 94 10 94 8
84 94 86 94 86 96 84 96 84 94
15 90 17 90 17 93 15 93 15 90
71 3 73 3 73 5 71 5 71 3
92 57 94 57 94 61 92 61 92 57
87 79 90 79 90 82 87 82 87 79
83 65 86 65 86 68 83 68 83 65
69 33 73 33 73 36 69 36 69 33
72 76 74 76 74 78 72 78 72 76
16 76 19 76 19 79 16 79 16 76
66 62 69 62 69 64 66 64 66 62
28 79 31 79 31 83 28 83 28 79
29 42 33 42 33 44 29 44 29 42
25 93 29 93 29 96 25 96 25 93
56 54 60 54 60 57 56 57 56 54
34 33 37 33 37 36 34 36 34 33
75 50 77 50 77 53 75 53 75 50
8 51 10 51 10 54 8 54 8 51
3 70 5 70 5 73 3 73 3 70
87 71 89 71 89 75 87 75 87 71
80 43 83 43 83 46 80 46 80 43
10 68 12 68 12 72 10 72 10 68
17 61 19 61 19 63 17 63 17 61
33 73 37 73 37 75 33 75 33 73
79 24 82 24 82 26 79 26 79 24
71 24 74 24 74 27 71 27 71 24
68 92 71 92 71 94 68 94 68 92
35 68 38 68 38 72 35 72 35 68
34 53 38 53 38 56 34 56 34 53
3 84 7 84 7 87 3 87 3 84
9 81 13 81 13 83 9 83 9 81
74 36 77 36 77 39 74 39 74 36
30 4 33 4 33 6 30 6 30 4
2 28 4 28 4 31 2 31 2 28
43 20 45 20 45 23 43 23 43 20
63 32 67 32 67 34 63 34 63 32
38 86 42 86 42 88 38 88 38 86
7 72 9 72 9 76 7 76 7 72
14 62 16 62 16 66 14 66 14 62
35 2 39 2 39 4 35 4 35 2
46 66 49 66 49 68 46 68 46 66
29 64 33 64 33 67 29 67 29 64
65 67 67 67 67 71 65 71 65 67
55 24 57 24 57 27 55 27 55 24
53 71 57 71 57 74 53 74 53 71
70 17 74 17 74 21 70 21 70 17
72 83 74 83 74 85 72 85 72 83
85 33 89 33 89 36 85 36 85 33
20 25 22 25 22 29 20 29 20 25
6 44 8 44 8 47 6 47 6 44
44 9 46 9 46 11 44 11 44 9
93 28 97 28 97 30 93 30 93 28
61 77 65 77 65 80 61 80 61 77
2 48 4 48 4 52 2 52 2 48
46 61 49 61 49 64 46 64 46 61
4 94 7 94 7 98 4 98 4 94
92 67 96 67 96 69 92 69 92 67
35 6 37 6 37 9 35 9 35 6
84 50 86 50 86 54 84 54 84 50
95 79 97 79 97 82 95 82 95 79
31 19 33 19 33 21 31 21 31 19
30 7 32 7 32 11 30 11 30 7
57 67 60 67 60 70 57 70 57 67
30 15 32 15 32 17 30 17 30 15
26 63 28 63 28 65 26 65 26 63
87 19 90 19 90 22 87 22 87 19
86 84 88 84 88 86 86 86 86 84
77 17 80 17 80 21 77 21 77 17
23 16 25 16 25 19 23 19 23 16
8 92 10 92 10 95 8 95 8 92
13 46 17 46 17 48 13 48 13 46
69 51 71 51 71 54 69 54 69 51
31 68 33 68 33 71 31 71 31 68
19 96 22 96 22 98 19 98 19 96
89 47 91 47 91 49 89 49 89 47
48 82 50 82 50 84 48 84 48 82
62 40 65 40 65 43 62 43 62 40
48 93 52 93 52 95 48 95 48 93
62 54 66 54 66 58 62 58 62 54
41 46 43 46 43 49 41 49 41 46
40 51 44 51 44 55 40 55 40 51
33 92 35 92 35 94 33 94 33 92
76 69 80 69 80 71 76 71 76 69
77 80 81 80 81 82 77 82 77 80
9 20 11 20 11 24 9 24 9 20
78 51 82 51 82 55 78 55 78 51
14 15 18 15 18 18 14 18 14 15
22 13 24 13 24 15 22 15 22 13
68 75 71 75 71 77 68 77 68 75
46 46 49 46 49 50 46 50 46 46
9 42 11 42 11 44 9 44 9 42
19 69 21 69 21 72 19 72 19 69
9 45 11 45 11 48 9 48 9 45
58 16 60 16 60 19 58 19 58 16
63 91 67 91 67 95 63 95 63 91
60 81 63 81 63 83 60 83 60 81
48 6 50 6 50 8 48 8 48 6
82 30 84 30 84 33 82 33 82 30
25 71 27 71 27 73 25 73 25 71
48 34 50 34 50 37 48 37 48 34
78 35 81 35 81 38 78 38 78 35
53 43 56 43 56 47 53 47 53 43
15 10 17 10 17 13 15 13 15 10
65 27 68 27 68 29 65 29 65 27
34 62 37 62 37 64 34 64 34 62
70 87 72 87 72 90 70 90 70 87
23 36 25 36 25 39 23 39 23 36
5 14 7 14 7 17 5 17 5 14
37 12 40 12 40 15 37 15 37 12
45 12 48 12 48 15 45 15 45 12
6 6 8 6 8 8 6 8 6 6
20 52 22 52 22 54 20 54 20 52
9 10 11 10 11 13 9 13 9 10
76 87 80 87 80 89 76 89 76 87
12 20 16 20 16 22 12 22 12 20
68 46 70 46 70 49 68 49 68 46
82 18 86 18 86 21 82 21 82 18
18 32 20 32 20 35 18 35 18 32
6 34 8 34 8 36 6 36 6 34
19 9 21 9 21 13 19 13 19 9
82 73 86 73 86 76 82 76 82 73
26 38 28 38 28 41 26 41 26 38
55 34 57 34 57 37 55 37 55 34
83 78 86 78 86 80 83 80 83 78
32 24 34 24 34 26 32 26 32 24
27 75 30 75 30 78 27 78 27 75
20 89 24 89 24 92 20 92 20 89
65 14 69 14 69 16 65 16 65 14
85 29 87 29 87 31 85 31 85 29
48 55 50 55 50 59 48 59 48 55
23 65 25 65 25 68 23 68 23 65
88 25 90 25 90 27 88 27 88 25
76 58 80 58 80 60 76 60 76 58
19 47 22 47 22 49 19 49 19 47
34 45 37 45 37 48 34 48 34 45
28 18 30 18 30 20 28 20 28 18
76 23 78 23 78 27 76 27 76 23
35 29 38 29 38 31 35 31 35 29
23 54 26 54 26 58 23 58 23 54
64 11 66 11 66 13 64 13 64 11
39 65 41 65 41 68 39 68 39 65
58 90 62 90 62 94 58 94 58 90
91 80 94 80 94 82 91 82 91 80
95 24 97 24 97 26 95 26 95 24
42 95 45 95 45 97 42 97 42 95
4 23 6 23 6 26 4 26 4 23
41 43 45 43 45 45 41 45 41 43
39 36 41 36 41 38 39 38 39 36
90 28 92 28 92 30 90 30 90 28
54 40 56 40 56 42 54 42 54 40
82 87 84 87 84 89 82 89 82 87
42 67 45 67 45 70 42 70 42 67
77 28 81 28 81 31 77 31 77 28
93 40 96 40 96 42 93 42 93 40
58 49 60 49 60 53 58 53 58 49
11 93 14 93 14 96 11 96 11 93
6 77 8 77 8 79 6 79 6 77
5 2 7 2 7 5 5 5 5 2
78 94 80 94 80 97 78 97 78 94
7 39 9 39 9 41 7 41 7 39
51 35 54 35 54 37 51 37 51 35
95 56 97 56 97 58 95 58 95 56
2 11 4 11 4 14 2 14 2 11
80 84 84 84 84 86 80 86 80 84
96 51 98 51 98 55 96 55 96 51
50 69 52 69 52 71 50 71 50 69
4 88 7 88 7 91 4 91 4 88
45 26 47 26 47 28 45 28 45 26
27 9 29 9 29 12 27 12 27 9
3 56 5 56 5 59 3 59 3 56
36 93 40 93 40 96 36 96 36 93
67 40 69 40 69 43 67 43 67 40
43 85 47 85 47 88 43 88 43 85
45 29 47 29 47 32 45 32 45 29
88 56 91 56 91 60 88 60 88 56
20 74 23 74 23 78 20 78 20 74
63 35 66 35 66 37 63 37 63 35
