53 47 56 47 56 50 53 50 53 47
90 59 92 59 92 62 90 62 90 59
85 94 87 94 87 96 85 96 85 94
8 73 10 73 10 76 8 76 8 73
65 20 68 20 68 24 65 24 65 20
31 13 35 13 35 16 31 16 31 13
61 94 64 94 64 97 61 97 61 94
54 77 57 77 57 81 54 81 54 77
96 13 98 13 98 17 96 17 96 13
80 24 84 24 84 28 80 28 80 24
81 70 83 70 83 74 81 74 81 70
83 43 86 43 86 47 83 47 83 43
37 36 41 36 41 40 37 40 37 36
14 70 18 70 18 72 14 72 14 70
71 81 75 81 75 84 71 84 71 81
27 24 29 24 29 27 27 27 27 24
94 43 98 43 98 45 94 45 94 43
86 19 88 19 88 21 86 21 86 19
56 19 60 19 60 21 56 21 56 19
90 45 93 45 93 48 90 48 90 45
26 3 28 3 28 5 26 5 26 3
44 5 47 5 47 7 44 7 44 5
8 40 11 40 11 42 8 42 8 40
64 77 67 77 67 80 64 80 64 77
20 66 22 66 22 69 20 69 20 66
85 60 88 60 88 62 85 62 85 60
89 71 91 71 91 73 89 73 89 71
74 63 76 63 76 66 74 66 74 63
68 44 72 44 72 47 68 47 68 44
84 90 87 90 87 92 84 92 84 90
68 57 72 57 72 59 68 59 68 57
23 45 25 45 25 49 23 49 23 45
5 25 9 25 9 28 5 28 5 25
69 64 72 64 72 67 69 67 69 64
35 87 37 87 37 91 35 91 35 87
50 13 52 13 52 15 50 15 50 13
57 93 60 93 60 97 57 97 57 93
84 8 87 8 87 12 84 12 84 8
45 36 48 36 48 40 45 40 45 36
61 50 63 50 63 53 61 53 61 50
14 90 17 90 17 94 14 94 14 90
77 65 79 65 79 68 77 68 77 65
79 89 82 89 82 92 79 92 79 89
51 71 53 71 53 73 51 73 51 71
71 60 73 60 73 62 71 62 71 60
55 2 59 2 59 6 55 6 55 2
92 80 96 80 96 82 92 82 92 80
45 81 47 81 47 85 45 85 45 81
89 41 92 41 92 43 89 43 89 41
12 40 16 40 16 43 12 43 12 40
69 68 71 68 71 71 69 71 69 68
70 48 73 48 73 52 70 52 70 48
78 61 82 61 82 63 78 63 78 61
3 45 5 45 5 47 3 47 3 45
85 66 89 66 89 68 85 68 85 66
91 20 93 20 93 22 91 22 91 20
67 94 70 94 70 96 67 96 67 94
55 30 58 30 58 32 55 32 55 30
75 21 78 21 78 25 75 25 75 21
88 75 90 75 90 78 88 78 88 75
76 33 79 33 79 35 76 35 76 33
77 44 81 44 81 48 77 48 77 44
65 89 67 89 67 93 65 93 65 89
24 83 28 83 28 86 24 86 24 83
76 50 79 50 79 54 76 54 76 50
43 60 45 60 45 64 43 64 43 60
45 53 47 53 47 56 45 56 45 53
42 29 46 29 46 31 42 31 42 29
13 54 17 54 17 57 13 57 13 54
47 18 49 18 49 20 47 20 47 18
61 16 63 16 63 20 61 20 61 16
69 8 71 8 71 10 69 10 69 8
35 68 39 68 39 71 35 71 35 68
32 83 35 83 35 85 32 85 32 83
5 31 8 31 8 34 5 34 5 31
64 30 67 30 67 34 64 34 64 30
69 39 71 39 71 42 69 42 69 39
8 2 12 2 12 6 8 6 8 2
94 91 96 91 96 95 94 95 94 91
74 72 76 72 76 75 74 75 74 72
25 90 29 90 29 92 25 92 25 90
13 34 17 34 17 38 13 38 13 34
26 76 28 76 28 80 26 80 26 76
21 8 24 8 24 11 21 11 21 8
52 22 54 22 54 25 52 25 52 22
47 41 51 41 51 43 47 43 47 41
18 87 22 87 22 91 18 91 18 87
35 43 38 43 38 45 35 45 35 43
52 90 55 90 55 92 52 92 52 90
19 18 23 18 23 20 19 20 19 18
40 24 43 24 43 28 40 28 40 24
12 83 15 83 15 86 12 86 12 83
27 73 31 73 31 75 27 75 27 73
64 10 67 10 67 12 64 12 64 10
55 69 59 69 59 72 55 72 55 69
2 96 6 96 6 98 2 98 2 96
95 30 98 30 98 34 95 34 95 30
56 39 60 39 60 41 56 41 56 39
13 21 17 21 17 24 13 24 13 21
31 94 35 94 35 96 31 96 31 94
63 71 66 71 66 74 63 74 63 71
8 91 10 91 10 93 8 93 8 91
57 87 59 87 59 89 57 89 57 87
58 61 62 61 62 65 58 65 58 61
11 28 15 28 15 31 11 31 11 28
64 84 67 84 67 88 64 88 64 84
44 86 46 86 46 88 44 88 44 86
84 40 87 40 87 42 84 42 84 40
51 53 55 53 55 56 51 56 51 53
74 95 77 95 77 98 74 98 74 95
31 17 34 17 34 20 31 20 31 17
13 46 17 46 17 48 13 48 13 46
93 8 95 8 95 10 93 10 93 8
18 36 21 36 21 38 18 38 18 36
5 67 7 67 7 70 5 70 5 67
45 12 48 12 48 16 45 16 45 12
5 80 9 80 9 84 5 84 5 80
81 65 84 65 84 69 81 69 81 65
46 91 48 91 48 93 46 93 46 91
90 83 93 83 93 85 90 85 90 83
15 61 19 61 19 63 15 63 15 61
80 33 83 33 83 35 80 35 80 33
68 84 70 84 70 86 68 86 68 84
75 8 78 8 78 11 75 11 75 8
8 54 11 54 11 56 8 56 8 54
57 13 59 13 59 17 57 17 57 13
25 94 29 94 29 96 25 96 25 94
79 76 83 76 83 80 79 80 79 76
60 6 63 6 63 9 60 9 60 6
39 83 41 83 41 86 39 86 39 83
54 26 58 26 58 28 54 28 54 26
87 53 91 53 91 56 87 56 87 53
23 30 27 30 27 33 23 33 23 30
3 2 6 2 6 6 3 6 3 2
93 68 95 68 95 71 93 71 93 68
54 42 58 42 58 44 54 44 54 42
79 39 83 39 83 42 79 42 79 39
46 33 49 33 49 35 46 35 46 33
84 84 88 84 88 87 84 87 84 84
53 85 55 85 55 89 53 89 53 85
83 51 86 51 86 54 83 54 83 51
24 52 27 52 27 54 24 54 24 52
27 62 29 62 29 64 27 64 27 62
75 37 78 37 78 39 75 39 75 37
76 27 78 27 78 29 76 29 76 27
36 19 39 19 39 23 36 23 36 19
81 3 83 3 83 7 81 7 81 3
11 11 14 11 14 14 11 14 11 11
27 58 29 58 29 60 27 60 27 58
85 48 87 48 87 50 85 50 85 48
3 73 5 73 5 77 3 77 3 73
15 5 18 5 18 9 15 9 15 5
38 60 40 60 40 64 38 64 38 60
49 57 52 57 52 60 49 60 49 57
40 19 43 19 43 22 40 22 40 19
19 56 23 56 23 59 19 59 19 56
14 15 17 15 17 17 14 17 14 15
40 44 42 44 42 48 40 48 40 44
55 59 57 59 57 62 55 62 55 59
13 76 16 76 16 79 13 79 13 76
26 37 28 37 28 40 26 40 26 37
42 72 45 72 45 74 42 74 42 72
49 65 53 65 53 67 49 67 49 65
7 59 11 59 11 61 7 61 7 59
35 75 39 75 39 79 35 79 35 75
27 67 29 67 29 69 27 69 27 67
73 92 77 92 77 94 73 94 73 92
22 25 25 25 25 28 22 28 22 25
20 92 24 92 24 95 20 95 20 92
51 3 54 3 54 5 51 5 51 3
53 13 56 13 56 15 53 15 53 13
40 16 43 16 43 18 40 18 40 16
8 49 10 49 10 51 8 51 8 49
49 95 53 95 53 97 49 97 49 95
15 51 18 51 18 53 15 53 15 51
34 27 38 27 38 30 34 30 34 27
77 14 80 14 80 16 77 16 77 14
30 24 34 24 34 26 30 26 30 24
46 76 50 76 50 80 46 80 46 76
28 41 32 41 32 43 28 43 28 41
33 60 37 60 37 64 33 64 33 60
92 55 95 55 95 58 92 58 92 55
31 6 33 6 33 9 31 9 31 6
7 9 9 9 9 12 7 12 7 9
45 44 49 44 49 48 45 48 45 44
27 8 30 8 30 12 27 12 27 8
17 11 20 11 20 14 17 14 17 11
50 36 52 36 52 40 50 40 50 36
61 80 63 80 63 83 61 83 61 80
73 41 76 41 76 45 73 45 73 41
31 68 33 68 33 72 31 72 31 68
30 47 34 47 34 49 30 49 30 47
50 8 54 8 54 10 50 10 50 8
74 13 76 13 76 15 74 15 74 13
61 39 63 39 63 43 61 43 61 39
19 22 23 22 23 24 19 24 19 22
92 36 95 36 95 40 92 40 92 36
63 62 66 62 66 65 63 65 63 62
52 16 54 16 54 20 52 20 52 16
2 41 6 41 6 44 2 44 2 41
6 15 9 15 9 17 6 17 6 15
67 27 70 27 70 29 67 29 67 27
64 6 67 6 67 8 64 8 64 6
38 89 40 89 40 91 38 91 38 89
10 18 12 18 12 20 10 20 10 18
27 16 30 16 30 20 27 20 27 16
6 18 8 18 8 22 6 22 6 18
38 94 42 94 42 97 38 97 38 94
29 37 32 37 32 39 29 39 29 37
20 75 23 75 23 79 20 79 20 75
87 34 89 34 89 38 87 38 87 34
71 18 73 18 73 21 71 21 71 18
21 5 23 5 23 7 21 7 21 5
94 49 96 49 96 53 94 53 94 49
21 60 25 60 25 62 21 62 21 60
79 81 81 81 81 83 79 83 79 81
37 55 39 55 39 57 37 57 37 55
61 10 63 10 63 12 61 12 61 10
82 17 85 17 85 21 82 21 82 17
45 23 47 23 47 27 45 27 45 23
65 36 67 36 67 40 65 40 65 36
42 51 44 51 44 54 42 54 42 51
61 66 64 66 64 68 61 68 61 66
31 54 33 54 33 57 31 57 31 54
50 48 52 48 52 51 50 51 50 48
88 25 90 25 90 28 88 28 88 25
65 66 68 66 68 70 65 70 65 66
2 93 6 93 6 95 2 95 2 93
63 57 65 57 65 60 63 60 63 57
79 56 83 56 83 58 79 58 79 56
45 50 48 50 48 52 45 52 45 50
59 75 63 75 63 78 59 78 59 75
72 30 76 30 76 32 72 32 72 30
21 13 24 13 24 15 21 15 21 13
24 70 26 70 26 72 24 72 24 70
89 94 91 94 91 96 89 96 89 94
35 4 37 4 37 7 35 7 35 4
62 27 66 27 66 29 62 29 62 27
33 80 36 80 36 82 33 82 33 80
76 2 78 2 78 6 76 6 76 2
29 50 31 50 31 52 29 52 29 50
96 3 98 3 98 7 96 7 96 3
89 30 91 30 91 33 89 33 89 30
74 58 76 58 76 61 74 61 74 58
46 70 48 70 48 72 46 72 46 70
59 31 63 31 63 35 59 35 59 31
92 16 94 16 94 18 92 18 92 16
43 94 47 94 47 98 43 98 43 94
41 75 43 75 43 79 41 79 41 75
92 72 96 72 96 74 92 74 92 72
