79 91 83 91 83 93 79 93 79 91
88 66 90 66 90 68 88 68 88 66
89 31 92 31 92 35 89 35 89 31
3 47 6 47 6 50 3 50 3 47
70 73 74 73 74 76 70 76 70 73
58 33 61 33 61 36 58 36 58 33
45 43 49 43 49 46 45 46 45 43
78 2 81 2 81 4 78 4 78 2
93 30 97 30 97 33 93 33 93 30
87 59 91 59 91 62 87 62 87 59
7 86 11 86 11 89 7 89 7 86
30 27 34 27 34 31 30 31 30 27
70 40 73 40 73 43 70 43 70 40
42 94 45 94 45 96 42 96 42 94
25 56 27 56 27 58 25 58 25 56
13 6 15 6 15 8 13 8 13 6
66 47 70 47 70 51 66 51 66 47
34 39 38 39 38 42 34 42 34 39
36 13 39 13 39 15 36 15 36 13
40 7 44 7 44 10 40 10 40 7
2 67 4 67 4 69 2 69 2 67
24 36 27 36 27 39 24 39 24 36
43 58 45 58 45 61 43 61 43 58
5 30 8 30 8 34 5 34 5 30
69 33 71 33 71 36 69 36 69 33
47 49 51 49 51 53 47 53 47 49
50 15 54 15 54 17 50 17 50 15
23 61 25 61 25 65 23 65 23 61
29 92 32 92 32 95 29 95 29 92
61 65 63 65 63 67 61 67 61 65
89 10 92 10 92 13 89 13 89 10
28 74 32 74 32 78 28 78 28 74
5 78 9 78 9 81 5 81 5 78
47 24 51 24 51 26 47 26 47 24
61 57 64 57 64 59 61 59 61 57
23 69 26 69 26 73 23 73 23 69
43 79 46 79 46 82 43 82 43 79
58 93 60 93 60 95 58 95 58 93
52 35 56 35 56 38 52 38 52 35
92 67 94 67 94 70 92 70 92 67
36 25 40 25 40 29 36 29 36 25
5 8 8 8 8 10 5 10 5 8
63 11 65 11 65 13 63 13 63 11
84 8 88 8 88 10 84 10 84 8
76 60 78 60 78 64 76 64 76 60
71 24 75 24 75 27 71 27 71 24
72 21 75 21 75 23 72 23 72 21
73 67 77 67 77 71 73 71 73 67
56 15 59 15 59 17 56 17 56 15
23 31 27 31 27 33 23 33 23 31
76 6 79 6 79 10 76 10 76 6
59 50 61 50 61 53 59 53 59 50
81 76 85 76 85 80 81 80 81 76
8 25 11 25 11 27 8 27 8 25
82 84 85 84 85 88 82 88 82 84
75 48 78 48 78 50 75 50 75 48
85 41 89 41 89 44 85 44 85 41
33 56 37 56 37 60 33 60 33 56
20 51 22 51 22 53 20 53 20 51
91 36 95 36 95 40 91 40 91 36
77 35 79 35 79 38 77 38 77 35
51 63 54 63 54 66 51 66 51 63
23 52 26 52 26 54 23 54 23 52
27 47 29 47 29 49 27 49 27 47
17 8 19 8 19 11 17 11 17 8
95 92 97 92 97 94 95 94 95 92
13 38 16 38 16 42 13 42 13 38
16 87 18 87 18 89 16 89 16 87
37 32 40 32 40 35 37 35 37 32
37 71 39 71 39 73 37 73 37 71
2 19 4 19 4 21 2 21 2 19
71 60 74 60 74 64 71 64 71 60
59 81 63 81 63 84 59 84 59 81
60 37 62 37 62 39 60 39 60 37
72 84 75 84 75 88 72 88 72 84
44 86 46 86 46 90 44 90 44 86
67 27 69 27 69 29 67 29 67 27
90 24 94 24 94 26 90 26 90 24
3 57 6 57 6 60 3 60 3 57
83 35 86 35 86 39 83 39 83 35
88 70 91 70 91 72 88 72 88 70
55 2 57 2 57 4 55 4 55 2
88 95 91 95 91 97 88 97 88 95
23 7 25 7 25 11 23 11 23 7
47 65 50 65 50 69 47 69 47 65
57 67 60 67 60 69 57 69 57 67
53 40 57 40 57 43 53 43 53 40
83 19 87 19 87 22 83 22 83 19
27 40 29 40 29 44 27 44 27 40
90 76 93 76 93 78 90 78 90 76
16 66 19 66 19 68 16 68 16 66
62 27 66 27 66 29 62 29 62 27
24 13 26 13 26 15 24 15 24 13
27 11 31 11 31 13 27 13 27 11
61 61 65 61 65 64 61 64 61 61
19 30 22 30 22 32 19 32 19 30
44 36 48 36 48 39 44 39 44 36
35 66 38 66 38 70 35 70 35 66
9 45 13 45 13 48 9 48 9 45
76 28 78 28 78 32 76 32 76 28
15 27 18 27 18 31 15 31 15 27
86 79 89 79 89 81 86 81 86 79
6 90 10 90 10 94 6 94 6 90
54 55 57 55 57 59 54 59 54 55
64 23 67 23 67 25 64 25 64 23
51 89 54 89 54 92 51 92 51 89
59 23 63 23 63 26 59 26 59 23
6 66 8 66 8 70 6 70 6 66
67 42 69 42 69 46 67 46 67 42
66 93 68 93 68 97 66 97 66 93
82 26 85 26 85 29 82 29 82 26
49 12 53 12 53 14 49 14 49 12
39 53 42 53 42 56 39 56 39 53
11 65 15 65 15 67 11 67 11 65
77 79 80 79 80 82 77 82 77 79
22 20 26 20 26 24 22 24 22 20
13 50 17 50 17 52 13 52 13 50
81 56 83 56 83 58 81 58 81 56
7 42 9 42 9 44 7 44 7 42
62 89 66 89 66 91 62 91 62 89
93 11 97 11 97 14 93 14 93 11
67 66 71 66 71 70 67 70 67 66
28 61 30 61 30 63 28 63 28 61
84 14 88 14 88 16 84 16 84 14
42 27 45 27 45 30 42 30 42 27
69 53 71 53 71 57 69 57 69 53
23 81 25 81 25 85 23 85 23 81
50 45 53 45 53 48 50 48 50 45
31 18 34 18 34 20 31 20 31 18
35 48 38 48 38 52 35 52 35 48
94 3 96 3 96 5 94 5 94 3
51 3 54 3 54 7 51 7 51 3
38 92 40 92 40 94 38 94 38 92
57 76 60 76 60 78 57 78 57 76
19 74 22 74 22 76 19 76 19 74
33 94 35 94 35 96 33 96 33 94
18 55 22 55 22 59 18 59 18 55
41 3 43 3 43 5 41 5 41 3
45 55 48 55 48 57 45 57 45 55
17 23 21 23 21 26 17 26 17 23
50 77 53 77 53 81 50 81 50 77
43 15 46 15 46 18 43 18 43 15
38 86 41 86 41 88 38 88 38 86
51 72 55 72 55 75 51 75 51 72
24 27 28 27 28 29 24 29 24 27
15 16 18 16 18 20 15 20 15 16
85 45 88 45 88 49 85 49 85 45
30 43 32 43 32 46 30 46 30 43
18 91 21 91 21 95 18 95 18 91
58 71 60 71 60 73 58 73 58 71
27 17 30 17 30 21 27 21 27 17
75 75 78 75 78 78 75 78 75 75
21 42 23 42 23 46 21 46 21 42
66 58 70 58 70 62 66 62 66 58
7 56 11 56 11 60 7 60 7 56
10 61 14 61 14 64 10 64 10 61
65 16 69 16 69 19 65 19 65 16
53 93 55 93 55 97 53 97 53 93
5 71 7 71 7 75 5 75 5 71
49 38 51 38 51 40 49 40 49 38
3 61 6 61 6 65 3 65 3 61
14 35 17 35 17 37 14 37 14 35
95 49 97 49 97 51 95 51 95 49
6 14 8 14 8 17 6 17 6 14
76 22 78 22 78 25 76 25 76 22
96 42 98 42 98 46 96 46 96 42
80 45 84 45 84 48 80 48 80 45
6 20 8 20 8 24 6 24 6 20
70 17 74 17 74 19 70 19 70 17
79 52 83 52 83 55 79 55 79 52
11 95 15 95 15 98 11 98 11 95
47 85 50 85 50 89 47 89 47 85
89 86 93 86 93 89 89 89 89 86
63 50 65 50 65 54 63 54 63 50
61 73 63 73 63 75 61 75 61 73
66 83 68 83 68 87 66 87 66 83
47 21 49 21 49 23 47 23 47 21
12 86 15 86 15 88 12 88 12 86
84 96 87 96 87 98 84 98 84 96
26 64 28 64 28 66 26 66 26 64
30 48 33 48 33 51 30 51 30 48
68 21 71 21 71 23 68 23 68 21
9 34 13 34 13 37 9 37 9 34
20 63 22 63 22 65 20 65 20 63
11 72 14 72 14 75 11 75 11 72
70 8 74 8 74 10 70 10 70 8
75 2 77 2 77 4 75 4 75 2
14 21 16 21 16 24 14 24 14 21
2 78 4 78 4 82 2 82 2 78
17 82 19 82 19 86 17 86 17 82
86 84 88 84 88 88 86 88 86 84
71 5 74 5 74 7 71 7 71 5
32 8 36 8 36 10 32 10 32 8
91 79 95 79 95 83 91 83 91 79
27 2 31 2 31 4 27 4 27 2
92 62 96 62 96 64 92 64 92 62
88 92 92 92 92 94 88 94 88 92
93 7 95 7 95 9 93 9 93 7
75 40 79 40 79 43 75 43 75 40
2 86 6 86 6 89 2 89 2 86
72 51 76 51 76 55 72 55 72 51
53 84 56 84 56 86 53 86 53 84
27 81 29 81 29 83 27 83 27 81
33 4 37 4 37 6 33 6 33 4
81 66 83 66 83 68 81 68 81 66
62 68 65 68 65 71 62 71 62 68
42 76 46 76 46 78 42 78 42 76
45 8 49 8 49 10 45 10 45 8
85 55 87 55 87 58 85 58 85 55
64 37 68 37 68 39 64 39 64 37
68 89 71 89 71 92 68 92 68 89
52 20 54 20 54 22 52 22 52 20
26 93 28 93 28 96 26 96 26 93
30 23 34 23 34 25 30 25 30 23
14 45 17 45 17 49 14 49 14 45
56 18 60 18 60 22 56 22 56 18
94 75 96 75 96 77 94 77 94 75
85 68 87 68 87 71 85 71 85 68
94 16 98 16 98 20 94 20 94 16
72 94 75 94 75 98 72 98 72 94
52 25 54 25 54 27 52 27 52 25
3 35 6 35 6 39 3 39 3 35
22 87 26 87 26 90 22 90 22 87
79 11 83 11 83 15 79 15 79 11
58 47 60 47 60 49 58 49 58 47
37 18 40 18 40 21 37 21 37 18
55 63 57 63 57 65 55 65 55 63
50 9 54 9 54 11 50 11 50 9
39 65 41 65 41 69 39 69 39 65
27 6 30 6 30 8 27 8 27 6
37 81 41 81 41 85 37 85 37 81
28 68 30 68 30 70 28 70 28 68
48 95 50 95 50 98 48 98 48 95
79 30 82 30 82 32 79 32 79 30
66 74 68 74 68 78 66 78 66 74
28 34 32 34 32 36 28 36 28 34
79 61 83 61 83 65 79 65 79 61
2 96 4 96 4 98 2 98 2 96
10 11 13 11 13 14 10 14 10 11
90 49 93 49 93 52 90 52 90 49
46 70 49 70 49 72 46 72 46 70
63 6 65 6 65 8 63 8 63 6
10 40 12 40 12 42 10 42 10 40
34 83 36 83 36 86 34 86 34 83
66 2 70 2 70 5 66 5 66 2
55 8 57 8 57 12 55 12 55 8
84 5 86 5 86 7 84 7 84 5
73 56 76 56 76 59 73 59 73 56
72 31 75 31 75 33 72 33 72 31
80 94 83 94 83 97 80 97 80 94
