91 33 93 33 93 36 91 36 91 33
88 24 90 24 90 27 88 27 88 24
46 27 49 27 49 30 46 30 46 27
56 74 59 74 59 76 56 76 56 74
20 13 24 13 24 17 20 17 20 13
33 10 36 10 36 13 33 13 33 10
44 50 47 50 47 53 44 53 44 50
83 12 87 12 87 16 83 16 83 12
37 19 41 19 41 23 37 23 37 19
47 45 49 45 49 47 47 47 47 45
19 40 22 40 22 43 19 43 19 40
54 47 58 47 58 49 54 49 54 47
57 91 60 91 60 93 57 93 57 91
72 68 74 68 74 72 72 72 72 68
18 54 20 54 20 57 18 57 18 54
67 20 69 20 69 24 67 24 67 20
40 59 44 59 44 63 40 63 40 59
4 10 6 10 6 14 4 14 4 10
51 43 53 43 53 46 51 46 51 43
90 90 93 90 93 94 90 94 90 90
81 21 84 21 84 23 81 23 81 21
50 23 52 23 52 25 50 25 50 23
43 83 47 83 47 85 43 85 43 83
43 11 46 11 46 15 43 15 43 11
21 63 25 63 25 67 21 67 21 63
7 37 11 37 11 41 7 41 7 37
28 72 30 72 30 75 28 75 28 72
94 49 98 49 98 52 94 52 94 49
45 34 49 34 49 38 45 38 45 34
58 2 60 2 60 4 58 4 58 2
85 35 87 35 87 39 85 39 85 35
47 56 51 56 51 60 47 60 47 56
19 50 21 50 21 53 19 53 19 50
88 20 90 20 90 22 88 22 88 20
93 72 97 72 97 74 93 74 93 72
22 90 26 90 26 94 22 94 22 90
65 76 68 76 68 80 65 80 65 76
12 70 15 70 15 74 12 74 12 70
26 58 29 58 29 60 26 60 26 58
71 41 75 41 75 45 71 45 71 41
31 44 34 44 34 47 31 47 31 44
8 24 12 24 12 27 8 27 8 24
96 7 98 7 98 11 96 11 96 7
43 87 45 87 45 90 43 90 43 87
29 22 32 22 32 24 29 24 29 22
67 69 71 69 71 71 67 71 67 69
93 59 97 59 97 62 93 62 93 59
85 76 89 76 89 78 85 78 85 76
84 81 87 81 87 83 84 83 84 81
87 69 89 69 89 73 87 73 87 69
55 87 58 87 58 90 55 90 55 87
64 52 67 52 67 54 64 54 64 52
33 30 35 30 35 34 33 34 33 30
63 71 66 71 66 73 63 73 63 71
40 8 42 8 42 12 40 12 40 8
60 21 64 21 64 24 60 24 60 21
52 50 55 50 55 52 52 52 52 50
74 84 78 84 78 88 74 88 74 84
77 79 80 79 80 81 77 81 77 79
50 35 52 35 52 39 50 39 50 35
65 86 67 86 67 90 65 90 65 86
95 93 98 93 98 95 95 95 95 93
15 62 19 62 19 65 15 65 15 62
29 61 33 61 33 64 29 64 29 61
74 73 77 73 77 75 74 75 74 73
25 7 29 7 29 9 25 9 25 7
21 3 23 3 23 7 21 7 21 3
81 3 84 3 84 6 81 6 81 3
8 84 10 84 10 88 8 88 8 84
72 2 76 2 76 6 72 6 72 2
10 6 12 6 12 10 10 10 10 6
30 2 33 2 33 5 30 5 30 2
10 29 14 29 14 32 10 32 10 29
33 92 36 92 36 95 33 95 33 92
76 31 78 31 78 34 76 34 76 31
40 70 42 70 42 74 40 74 40 70
72 63 76 63 76 65 72 65 72 63
69 82 73 82 73 84 69 84 69 82
11 96 15 96 15 98 11 98 11 96
79 16 81 16 81 19 79 19 79 16
77 50 80 50 80 52 77 52 77 50
34 79 36 79 36 81 34 81 34 79
9 46 12 46 12 50 9 50 9 46
2 78 6 78 6 80 2 80 2 78
24 25 27 25 27 29 24 29 24 25
4 5 8 5 8 9 4 9 4 5
39 46 42 46 42 50 39 50 39 46
93 68 97 68 97 70 93 70 93 68
75 26 77 26 77 28 75 28 75 26
51 12 54 12 54 15 51 15 51 12
17 33 20 33 20 36 17 36 17 33
80 27 84 27 84 29 80 29 80 27
86 60 89 60 89 62 86 62 86 60
27 41 31 41 31 43 27 43 27 41
53 79 57 79 57 82 53 82 53 79
42 30 44 30 44 32 42 32 42 30
91 42 94 42 94 46 91 46 91 42
90 55 93 55 93 57 90 57 90 55
56 52 60 52 60 55 56 55 56 52
93 75 96 75 96 78 93 78 93 75
69 47 73 47 73 50 69 50 69 47
33 21 35 21 35 25 33 25 33 21
67 14 70 14 70 16 67 16 67 14
90 80 93 80 93 82 90 82 90 80
4 83 7 83 7 87 4 87 4 83
52 4 54 4 54 6 52 6 52 4
59 57 62 57 62 60 59 60 59 57
83 94 86 94 86 98 83 98 83 94
49 73 51 73 51 77 49 77 49 73
31 37 33 37 33 40 31 40 31 37
94 29 96 29 96 33 94 33 94 29
30 92 32 92 32 95 30 95 30 92
76 39 80 39 80 43 76 43 76 39
38 95 40 95 40 98 38 98 38 95
64 59 66 59 66 61 64 61 64 59
5 16 9 16 9 19 5 19 5 16
55 36 59 36 59 40 55 40 55 36
71 52 73 52 73 54 71 54 71 52
8 69 11 69 11 71 8 71 8 69
13 17 17 17 17 21 13 21 13 17
88 12 92 12 92 15 88 15 88 12
94 12 98 12 98 16 94 16 94 12
46 93 48 93 48 97 46 97 46 93
43 17 47 17 47 20 43 20 43 17
38 55 42 55 42 58 38 58 38 55
43 24 47 24 47 26 43 26 43 24
34 51 38 51 38 53 34 53 34 51
39 91 43 91 43 94 39 94 39 91
46 5 50 5 50 8 46 8 46 5
61 42 63 42 63 46 61 46 61 42
62 87 64 87 64 89 62 89 62 87
67 40 70 40 70 43 67 43 67 40
86 86 89 86 89 88 86 88 86 86
73 15 75 15 75 18 73 18 73 15
82 51 86 51 86 55 82 55 82 51
36 75 40 75 40 78 36 78 36 75
18 9 21 9 21 11 18 11 18 9
52 66 56 66 56 69 52 69 52 66
57 66 60 66 60 69 57 69 57 66
70 89 74 89 74 93 70 93 70 89
5 63 8 63 8 65 5 65 5 63
39 82 42 82 42 84 39 84 39 82
82 73 84 73 84 75 82 75 82 73
43 45 45 45 45 47 43 47 43 45
25 32 28 32 28 36 25 36 25 32
55 18 58 18 58 21 55 21 55 18
23 79 26 79 26 82 23 82 23 79
2 49 6 49 6 53 2 53 2 49
89 4 92 4 92 8 89 8 89 4
21 96 24 96 24 98 21 98 21 96
19 75 22 75 22 77 19 77 19 75
83 57 85 57 85 59 83 59 83 57
54 31 57 31 57 35 54 35 54 31
46 69 49 69 49 72 46 72 46 69
66 64 69 64 69 66 66 66 66 64
55 11 58 11 58 15 55 15 55 11
20 87 24 87 24 89 20 89 20 87
72 10 74 10 74 14 72 14 72 10
65 5 69 5 69 7 65 7 65 5
62 25 66 25 66 29 62 29 62 25
11 53 13 53 13 55 11 55 11 53
39 28 41 28 41 31 39 31 39 28
20 45 24 45 24 48 20 48 20 45
19 24 23 24 23 28 19 28 19 24
6 42 9 42 9 45 6 45 6 42
8 73 10 73 10 75 8 75 8 73
17 88 19 88 19 91 17 91 17 88
75 76 77 76 77 78 75 78 75 76
61 64 63 64 63 67 61 67 61 64
78 74 81 74 81 77 78 77 78 74
65 33 67 33 67 35 65 35 65 33
71 95 74 95 74 98 71 98 71 95
3 90 7 90 7 92 3 92 3 90
20 81 22 81 22 85 20 85 20 81
7 58 9 58 9 61 7 61 7 58
2 43 5 43 5 46 2 46 2 43
80 87 84 87 84 90 80 90 80 87
27 66 30 66 30 70 27 70 27 66
26 83 28 83 28 85 26 85 26 83
74 48 76 48 76 50 74 50 74 48
37 36 39 36 39 38 37 38 37 36
23 72 27 72 27 74 23 74 23 72
9 11 13 11 13 13 9 13 9 11
94 34 97 34 97 37 94 37 94 34
45 61 47 61 47 64 45 64 45 61
72 56 75 56 75 60 72 60 72 56
52 90 54 90 54 92 52 92 52 90
13 88 16 88 16 90 13 90 13 88
61 76 64 76 64 80 61 80 61 76
79 82 83 82 83 86 79 86 79 82
54 94 58 94 58 97 54 97 54 94
85 41 88 41 88 44 85 44 85 41
31 66 35 66 35 69 31 69 31 66
12 33 15 33 15 37 12 37 12 33
86 31 90 31 90 34 86 34 86 31
17 2 19 2 19 5 17 5 17 2
33 85 36 85 36 87 33 87 33 85
78 21 80 21 80 25 78 25 78 21
62 15 64 15 64 17 62 17 62 15
54 62 58 62 58 65 54 65 54 62
59 47 63 47 63 49 59 49 59 47
39 64 42 64 42 67 39 67 39 64
12 39 14 39 14 42 12 42 12 39
49 20 51 20 51 22 49 22 49 20
34 7 38 7 38 9 34 9 34 7
67 60 71 60 71 63 67 63 67 60
77 62 81 62 81 66 77 66 77 62
48 50 50 50 50 52 48 52 48 50
9 93 11 93 11 95 9 95 9 93
71 32 74 32 74 35 71 35 71 32
49 92 51 92 51 96 49 96 49 92
2 34 4 34 4 38 2 38 2 34
37 39 39 39 39 43 37 43 37 39
52 58 55 58 55 60 52 60 52 58
4 69 6 69 6 71 4 71 4 69
61 30 64 30 64 32 61 32 61 30
48 64 50 64 50 68 48 68 48 64
58 7 61 7 61 9 58 9 58 7
16 25 18 25 18 29 16 29 16 25
40 4 44 4 44 6 40 6 40 4
51 16 53 16 53 19 51 19 51 16
29 78 33 78 33 80 29 80 29 78
9 81 11 81 11 83 9 83 9 81
25 18 28 18 28 22 25 22 25 18
21 60 23 60 23 62 21 62 21 60
61 38 65 38 65 41 61 41 61 38
40 33 44 33 44 37 40 37 40 33
65 8 68 8 68 12 65 12 65 8
43 41 46 41 46 44 43 44 43 41
67 26 70 26 70 28 67 28 67 26
92 96 94 96 94 98 92 98 92 96
5 2 9 2 9 4 5 4 5 2
25 50 27 50 27 54 25 54 25 50
19 70 22 70 22 73 19 73 19 70
42 75 45 75 45 79 42 79 42 75
16 37 20 37 20 39 16 39 16 37
15 44 19 44 19 46 15 46 15 44
4 59 6 59 6 62 4 62 4 59
21 32 24 32 24 34 21 34 21 32
21 36 24 36 24 38 21 38 21 36
5 93 7 93 7 96 5 96 5 93
78 68 81 68 81 71 78 71 78 68
84 91 87 91 87 93 84 93 84 91
23 40 25 40 25 43 23 43 23 40
82 37 84 37 84 41 82 41 82 37
36 14 38 14 38 17 36 17 36 14
59 82 62 82 62 85 59 85 59 82
15 80 19 80 19 82 15 82 15 80
43 68 45 68 45 71 43 71 43 68
50 85 53 85 53 88 50 88 50 85
