23 86 26 86 26 90 23 90 23 86
52 6 56 6 56 9 52 9 52 6
60 18 64 18 64 21 60 21 60 18
22 80 26 80 26 84 22 84 22 80
83 5 87 5 87 7 83 7 83 5
74 33 77 33 77 35 74 35 74 33
45 66 49 66 49 69 45 69 45 66
72 6 76 6 76 10 72 10 72 6
29 37 33 37 33 39 29 39 29 37
56 82 60 82 60 85 56 85 56 82
63 46 66 46 66 50 63 50 63 46
51 92 53 92 53 94 51 94 51 92
26 18 28 18 28 22 26 22 26 18
78 59 80 59 80 62 78 62 78 59
25 8 29 8 29 10 25 10 25 8
15 8 18 8 18 12 15 12 15 8
46 87 48 87 48 90 46 90 46 87
70 93 73 93 73 97 70 97 70 93
39 48 43 48 43 52 39 52 39 48
66 40 70 40 70 42 66 42 66 40
49 38 52 38 52 42 49 42 49 38
47 59 51 59 51 61 47 61 47 59
47 45 49 45 49 49 47 49 47 45
38 78 42 78 42 81 38 81 38 78
30 88 33 88 33 91 30 91 30 88
94 26 97 26 97 29 94 29 94 26
67 58 69 58 69 61 67 61 67 58
3 90 6 90 6 93 3 93 3 90
35 36 39 36 39 40 35 40 35 36
15 20 18 20 18 23 15 23 15 20
53 23 57 23 57 25 53 25 53 23
11 45 13 45 13 47 11 47 11 45
72 71 75 71 75 75 72 75 72 71
29 20 31 20 31 23 29 23 29 20
9 91 12 91 12 93 9 93 9 91
62 78 65 78 65 80 62 80 62 78
19 30 23 30 23 32 19 32 19 30
67 75 71 75 71 78 67 78 67 75
86 73 89 73 89 76 86 76 86 73
89 3 91 3 91 6 89 6 89 3
60 61 62 61 62 63 60 63 60 61
60 93 64 93 64 97 60 97 60 93
23 91 27 91 27 94 23 94 23 91
67 18 70 18 70 22 67 22 67 18
91 47 94 47 94 51 91 51 91 47
46 84 49 84 49 86 46 86 46 84
87 58 89 58 89 61 87 61 87 58
40 70 42 70 42 74 40 74 40 70
32 10 36 10 36 12 32 12 32 10
88 38 91 38 91 40 88 40 88 38
54 96 56 96 56 98 54 98 54 96
80 25 84 25 84 28 80 28 80 25
84 77 86 77 86 81 84 81 84 77
79 35 83 35 83 39 79 39 79 35
33 47 35 47 35 49 33 49 33 47
85 29 88 29 88 33 85 33 85 29
37 87 41 87 41 91 37 91 37 87
84 92 87 92 87 96 84 96 84 92
6 10 9 10 9 12 6 12 6 10
79 53 82 53 82 56 79 56 79 53
89 7 91 7 91 10 89 10 89 7
55 51 58 51 58 54 55 54 55 51
10 74 14 74 14 76 10 76 10 74
66 3 70 3 70 6 66 6 66 3
33 94 36 94 36 98 33 98 33 94
4 13 8 13 8 17 4 17 4 13
66 29 69 29 69 32 66 32 66 29
35 22 37 22 37 24 35 24 35 22
45 16 48 16 48 19 45 19 45 16
50 12 54 12 54 15 50 15 50 12
6 28 8 28 8 30 6 30 6 28
42 18 44 18 44 22 42 22 42 18
21 41 24 41 24 45 21 45 21 41
63 10 65 10 65 14 63 14 63 10
57 15 59 15 59 19 57 19 57 15
3 43 6 43 6 46 3 46 3 43
54 31 58 31 58 35 54 35 54 31
41 39 45 39 45 43 41 43 41 39
54 76 58 76 58 78 54 78 54 76
12 61 15 61 15 64 12 64 12 61
78 74 81 74 81 76 78 76 78 74
10 32 12 32 12 36 10 36 10 32
93 55 95 55 95 58 93 58 93 55
91 17 94 17 94 19 91 19 91 17
89 84 91 84 91 88 89 88 89 84
17 63 19 63 19 65 17 65 17 63
89 93 92 93 92 95 89 95 89 93
92 84 96 84 96 86 92 86 92 84
39 55 41 55 41 57 39 57 39 55
73 44 75 44 75 48 73 48 73 44
18 17 21 17 21 19 18 19 18 17
81 47 85 47 85 50 81 50 81 47
40 23 44 23 44 25 40 25 40 23
41 82 45 82 45 86 41 86 41 82
24 73 26 73 26 76 24 76 24 73
76 21 79 21 79 24 76 24 76 21
69 82 72 82 72 85 69 85 69 82
85 63 87 63 87 65 85 65 85 63
73 52 76 52 76 55 73 55 73 52
34 89 36 89 36 93 34 93 34 89
7 76 9 76 9 79 7 79 7 76
4 68 7 68 7 72 4 72 4 68
39 9 43 9 43 12 39 12 39 9
81 77 83 77 83 81 81 81 81 77
25 37 27 37 27 40 25 40 25 37
5 21 7 21 7 25 5 25 5 21
19 35 22 35 22 39 19 39 19 35
2 82 4 82 4 86 2 86 2 82
5 82 9 82 9 85 5 85 5 82
6 51 8 51 8 53 6 53 6 51
47 55 50 55 50 58 47 58 47 55
38 3 40 3 40 6 38 6 38 3
31 3 34 3 34 7 31 7 31 3
25 58 29 58 29 62 25 62 25 58
48 23 52 23 52 27 48 27 48 23
82 68 85 68 85 72 82 72 82 68
45 11 49 11 49 14 45 14 45 11
2 60 5 60 5 64 2 64 2 60
48 95 52 95 52 97 48 97 48 95
7 41 9 41 9 45 7 45 7 41
69 71 71 71 71 73 69 73 69 71
19 10 23 10 23 12 19 12 19 10
5 2 7 2 7 5 5 5 5 2
44 35 48 35 48 37 44 37 44 35
56 57 58 57 58 59 56 59 56 57
28 29 30 29 30 32 28 32 28 29
78 79 80 79 80 83 78 83 78 79
37 58 39 58 39 62 37 62 37 58
24 29 27 29 27 31 24 31 24 29
48 20 52 20 52 22 48 22 48 20
79 93 81 93 81 95 79 95 79 93
23 33 26 33 26 35 23 35 23 33
63 65 65 65 65 69 63 69 63 65
84 10 86 10 86 14 84 14 84 10
94 4 98 4 98 7 94 7 94 4
32 54 34 54 34 57 32 57 32 54
49 71 51 71 51 73 49 73 49 71
29 45 32 45 32 48 29 48 29 45
20 2 23 2 23 5 20 5 20 2
86 47 90 47 90 50 86 50 86 47
52 82 55 82 55 85 52 85 52 82
18 54 22 54 22 57 18 57 18 54
25 64 28 64 28 68 25 68 25 64
9 14 12 14 12 18 9 18 9 14
13 78 15 78 15 82 13 82 13 78
56 71 59 71 59 75 56 75 56 71
19 72 21 72 21 74 19 74 19 72
30 61 34 61 34 63 30 63 30 61
32 82 34 82 34 85 32 85 32 82
76 47 80 47 80 49 76 49 76 47
20 24 22 24 22 26 20 26 20 24
62 90 66 90 66 92 62 92 62 90
11 84 15 84 15 88 11 88 11 84
35 13 39 13 39 17 35 17 35 13
62 31 64 31 64 33 62 33 62 31
71 37 75 37 75 41 71 41 71 37
44 2 48 2 48 5 44 5 44 2
89 62 91 62 91 66 89 66 89 62
6 60 10 60 10 64 6 64 6 60
59 31 61 31 61 33 59 33 59 31
22 16 24 16 24 18 22 18 22 16
2 87 6 87 6 89 2 89 2 87
31 16 33 16 33 18 31 18 31 16
51 46 55 46 55 48 51 48 51 46
69 54 71 54 71 56 69 56 69 54
10 5 13 5 13 8 10 8 10 5
51 55 53 55 53 58 51 58 51 55
10 49 12 49 12 51 10 51 10 49
95 13 97 13 97 16 95 16 95 13
56 40 59 40 59 44 56 44 56 40
53 17 55 17 55 21 53 21 53 17
57 37 60 37 60 39 57 39 57 37
52 71 54 71 54 73 52 73 52 71
44 51 47 51 47 54 44 54 44 51
58 24 61 24 61 26 58 26 58 24
8 23 10 23 10 26 8 26 8 23
78 41 81 41 81 43 78 43 78 41
27 83 30 83 30 87 27 87 27 83
5 33 7 33 7 37 5 37 5 33
82 21 84 21 84 24 82 24 82 21
64 72 68 72 68 74 64 74 64 72
13 94 15 94 15 97 13 97 13 94
90 34 94 34 94 36 90 36 90 34
50 49 53 49 53 51 50 51 50 49
9 55 11 55 11 58 9 58 9 55
49 74 53 74 53 78 49 78 49 74
20 62 22 62 22 64 20 64 20 62
62 23 64 23 64 26 62 26 62 23
77 68 81 68 81 72 77 72 77 68
92 66 96 66 96 68 92 68 92 66
13 37 15 37 15 39 13 39 13 37
13 89 16 89 16 91 13 91 13 89
72 76 76 76 76 78 72 78 72 76
14 32 18 32 18 34 14 34 14 32
83 88 85 88 85 91 83 91 83 88
73 60 75 60 75 62 73 62 73 60
43 57 45 57 45 59 43 59 43 57
27 52 29 52 29 55 27 55 27 52
90 80 94 80 94 82 90 82 90 80
10 71 13 71 13 73 10 73 10 71
67 7 70 7 70 10 67 10 67 7
40 66 44 66 44 68 40 68 40 66
76 11 79 11 79 15 76 15 76 11
35 54 38 54 38 56 35 56 35 54
92 21 96 21 96 25 92 25 92 21
32 78 35 78 35 80 32 80 32 78
75 64 79 64 79 67 75 67 75 64
69 24 71 24 71 26 69 26 69 24
42 93 44 93 44 95 42 95 42 93
91 26 93 26 93 29 91 29 91 26
14 46 17 46 17 50 14 50 14 46
70 63 74 63 74 67 70 67 70 63
16 41 20 41 20 43 16 43 16 41
73 84 77 84 77 86 73 86 73 84
42 88 45 88 45 91 42 91 42 88
91 70 95 70 95 72 91 72 91 70
65 81 67 81 67 85 65 85 65 81
4 65 8 65 8 67 4 67 4 65
34 26 38 26 38 29 34 29 34 26
71 29 75 29 75 31 71 31 71 29
19 20 23 20 23 22 19 22 19 20
19 68 22 68 22 71 19 71 19 68
92 88 96 88 96 92 92 92 92 88
46 74 48 74 48 78 46 78 46 74
78 5 82 5 82 7 78 7 78 5
41 30 45 30 45 33 41 33 41 30
86 26 90 26 90 28 86 28 86 26
12 54 16 54 16 56 12 56 12 54
84 53 88 53 88 55 84 55 84 53
10 28 13 28 13 30 10 30 10 28
14 66 18 66 18 68 14 68 14 66
54 27 57 27 57 30 54 30 54 27
90 96 93 96 93 98 90 98 90 96
86 15 90 15 90 17 86 17 86 15
50 62 52 62 52 65 50 65 50 62
3 48 6 48 6 50 3 50 3 48
81 8 83 8 83 12 81 12 81 8
30 74 33 74 33 77 30 77 30 74
24 24 26 24 26 28 24 28 24 24
47 32 51 32 51 34 47 34 47 32
33 65 36 65 36 68 33 68 33 65
96 43 98 43 98 47 96 47 96 43
9 66 11 66 11 69 9 69 9 66
27 2 30 2 30 4 27 4 27 2
93 42 95 42 95 44 93 44 93 42
29 25 31 25 31 27 29 27 29 25
73 13 75 13 75 15 73 15 73 13
21 48 23 48 23 52 21 52 21 48
57 86 61 86 61 90 57 90 57 86
63 52 67 52 67 54 63 54 63 52
