88 5 90 5 90 7 88 7 88 5
86 92 90 92 90 96 86 96 86 92
25 90 27 90 27 92 25 92 25 90
76 79 80 79 80 81 76 81 76 79
51 49 54 49 54 52 51 52 51 49
2 93 4 93 4 95 2 95 2 93
25 71 28 71 28 74 25 74 25 71
61 80 64 80 64 83 61 83 61 80
60 75 63 75 63 77 60 77 60 75
25 29 29 29 29 32 25 32 25 29
78 87 82 87 82 89 78 89 78 87
80 46 84 46 84 50 80 50 80 46
40 29 43 29 43 32 40 32 40 29
62 54 66 54 66 56 62 56 62 54
73 57 77 57 77 61 73 61 73 57
87 28 90 28 90 32 87 32 87 28
15 89 19 89 19 92 15 92 15 89
36 45 40 45 40 49 36 49 36 45
75 35 78 35 78 37 75 37 75 35
90 38 92 38 92 40 90 40 90 38
27 65 31 65 31 67 27 67 27 65
63 31 66 31 66 33 63 33 63 31
89 19 93 19 93 22 89 22 89 19
47 12 50 12 50 15 47 15 47 12
36 31 38 31 38 33 36 33 36 31
67 76 71 76 71 80 67 80 67 76
42 77 44 77 44 81 42 81 42 77
9 22 13 22 13 25 9 25 9 22
9 11 12 11 12 13 9 13 9 11
42 46 44 46 44 49 42 49 42 46
75 8 78 8 78 11 75 11 75 8
85 39 87 39 87 42 85 42 85 39
16 32 18 32 18 34 16 34 16 32
55 77 59 77 59 79 55 79 55 77
17 39 19 39 19 42 17 42 17 39
40 69 42 69 42 72 40 72 40 69
8 80 10 80 10 83 8 83 8 80
12 85 16 85 16 88 12 88 12 85
74 52 78 52 78 56 74 56 74 52
91 15 94 15 94 17 91 17 91 15
91 92 93 92 93 95 91 95 91 92
24 40 27 40 27 42 24 42 24 40
10 53 12 53 12 57 10 57 10 53
28 95 32 95 32 97 28 97 28 95
32 82 34 82 34 85 32 85 32 82
48 4 52 4 52 6 48 6 48 4
45 16 48 16 48 19 45 19 45 16
70 27 72 27 72 31 70 31 70 27
69 18 73 18 73 21 69 21 69 18
14 65 18 65 18 69 14 69 14 65
83 69 87 69 87 71 83 71 83 69
75 75 77 75 77 78 75 78 75 75
92 84 95 84 95 88 92 88 92 84
70 2 73 2 73 4 70 4 70 2
82 7 85 7 85 11 82 11 82 7
83 20 87 20 87 24 83 24 83 20
4 54 6 54 6 57 4 57 4 54
25 77 27 77 27 80 25 80 25 77
46 30 48 30 48 33 46 33 46 30
32 49 34 49 34 53 32 53 32 49
60 7 63 7 63 9 60 9 60 7
14 75 18 75 18 79 14 79 14 75
95 77 97 77 97 81 95 81 95 77
31 14 34 14 34 16 31 16 31 14
22 14 25 14 25 16 22 16 22 14
92 71 95 71 95 74 92 74 92 71
47 26 49 26 49 29 47 29 47 26
33 41 36 41 36 44 33 44 33 41
16 50 18 50 18 53 16 53 16 50
28 22 31 22 31 24 28 24 28 22
44 8 47 8 47 10 44 10 44 8
57 53 61 53 61 55 57 55 57 53
23 86 26 86 26 88 23 88 23 86
8 36 11 36 11 38 8 38 8 36
65 9 67 9 67 11 65 11 65 9
17 12 21 12 21 15 17 15 17 12
78 21 81 21 81 25 78 25 78 21
52 93 54 93 54 96 52 96 52 93
47 77 50 77 50 79 47 79 47 77
49 39 53 39 53 42 49 42 49 39
45 83 48 83 48 87 45 87 45 83
57 39 59 39 59 41 57 41 57 39
33 74 37 74 37 76 33 76 33 74
51 20 53 20 53 22 51 22 51 20
44 60 48 60 48 63 44 63 44 60
81 79 84 79 84 83 81 83 81 79
56 69 58 69 58 71 56 71 56 69
66 46 68 46 68 50 66 50 66 46
61 21 64 21 64 23 61 23 61 21
24 58 28 58 28 61 24 61 24 58
29 3 33 3 33 6 29 6 29 3
79 67 82 67 82 71 79 71 79 67
36 13 38 13 38 16 36 16 36 13
60 25 62 25 62 27 60 27 60 25
51 83 53 83 53 86 51 86 51 83
5 39 7 39 7 42 5 42 5 39
12 40 16 40 16 42 12 42 12 40
40 73 42 73 42 75 40 75 40 73
21 2 25 2 25 6 21 6 21 2
27 84 31 84 31 88 27 88 27 84
60 37 63 37 63 39 60 39 60 37
42 89 46 89 46 92 42 92 42 89
62 57 64 57 64 59 62 59 62 57
65 57 69 57 69 61 65 61 65 57
59 60 63 60 63 64 59 64 59 60
45 56 47 56 47 59 45 59 45 56
74 39 77 39 77 41 74 41 74 39
79 18 81 18 81 20 79 20 79 18
74 95 77 95 77 98 74 98 74 95
53 26 56 26 56 30 53 30 53 26
74 42 77 42 77 45 74 45 74 42
71 81 75 81 75 83 71 83 71 81
5 6 8 6 8 9 5 9 5 6
52 67 54 67 54 71 52 71 52 67
17 16 20 16 20 19 17 19 17 16
83 54 86 54 86 58 83 58 83 54
36 77 39 77 39 79 36 79 36 77
39 59 42 59 42 62 39 62 39 59
75 12 79 12 79 14 75 14 75 12
49 89 53 89 53 91 49 91 49 89
49 55 51 55 51 58 49 58 49 55
67 63 69 63 69 65 67 65 67 63
65 88 67 88 67 91 65 91 65 88
78 62 80 62 80 64 78 64 78 62
89 64 93 64 93 68 89 68 89 64
77 30 81 30 81 32 77 32 77 30
47 66 50 66 50 68 47 68 47 66
63 26 66 26 66 30 63 30 63 26
56 2 60 2 60 5 56 5 56 2
19 28 21 28 21 31 19 31 19 28
54 22 56 22 56 25 54 25 54 22
89 59 91 59 91 62 89 62 89 59
70 6 73 6 73 9 70 9 70 6
41 11 44 11 44 14 41 14 41 11
40 20 42 20 42 24 40 24 40 20
18 62 20 62 20 64 18 64 18 62
21 92 23 92 23 94 21 94 21 92
64 95 67 95 67 97 64 97 64 95
2 69 5 69 5 73 2 73 2 69
8 42 11 42 11 44 8 44 8 42
10 96 14 96 14 98 10 98 10 96
91 43 93 43 93 45 91 45 91 43
6 48 8 48 8 50 6 50 6 48
40 35 42 35 42 38 40 38 40 35
31 54 34 54 34 57 31 57 31 54
43 41 47 41 47 45 43 45 43 41
96 30 98 30 98 32 96 32 96 30
3 36 6 36 6 38 3 38 3 36
33 91 37 91 37 93 33 93 33 91
74 3 76 3 76 6 74 6 74 3
27 25 30 25 30 28 27 28 27 25
24 35 26 35 26 37 24 37 24 35
16 20 19 20 19 23 16 23 16 20
4 78 7 78 7 80 4 80 4 78
26 12 28 12 28 16 26 16 26 12
34 65 37 65 37 67 34 67 34 65
21 74 23 74 23 76 21 76 21 74
93 23 95 23 95 26 93 26 93 23
14 44 18 44 18 48 14 48 14 44
85 86 89 86 89 89 85 89 85 86
34 21 36 21 36 25 34 25 34 21
28 34 32 34 32 38 28 38 28 34
21 47 23 47 23 50 21 50 21 47
36 9 40 9 40 12 36 12 36 9
46 94 48 94 48 98 46 98 46 94
20 35 22 35 22 38 20 38 20 35
53 33 55 33 55 37 53 37 53 33
59 88 63 88 63 90 59 90 59 88
65 2 67 2 67 5 65 5 65 2
46 72 48 72 48 74 46 74 46 72
70 89 72 89 72 93 70 93 70 89
12 7 14 7 14 10 12 10 12 7
9 29 12 29 12 32 9 32 9 29
95 11 97 11 97 13 95 13 95 11
45 36 47 36 47 39 45 39 45 36
7 18 9 18 9 20 7 20 7 18
96 87 98 87 98 89 96 89 96 87
9 66 12 66 12 68 9 68 9 66
69 69 71 69 71 73 69 73 69 69
37 50 40 50 40 52 37 52 37 50
54 63 58 63 58 65 54 65 54 63
60 29 62 29 62 32 60 32 60 29
59 96 61 96 61 98 59 98 59 96
91 9 94 9 94 12 91 12 91 9
89 70 91 70 91 73 89 73 89 70
37 41 40 41 40 43 37 43 37 41
20 9 22 9 22 11 20 11 20 9
5 95 8 95 8 98 5 98 5 95
42 4 45 4 45 7 42 7 42 4
29 60 32 60 32 64 29 64 29 60
40 15 44 15 44 18 40 18 40 15
4 81 7 81 7 85 4 85 4 81
4 87 7 87 7 89 4 89 4 87
82 73 84 73 84 77 82 77 82 73
57 46 61 46 61 50 57 50 57 46
55 42 58 42 58 45 55 45 55 42
11 76 13 76 13 79 11 79 11 76
5 11 7 11 7 15 5 15 5 11
57 35 59 35 59 37 57 37 57 35
69 45 73 45 73 49 69 49 69 45
14 25 16 25 16 27 14 27 14 25
34 2 38 2 38 6 34 6 34 2
50 25 52 25 52 28 50 28 50 25
52 58 56 58 56 61 52 61 52 58
72 23 76 23 76 26 72 26 72 23
64 34 67 34 67 37 64 37 64 34
45 51 47 51 47 54 45 54 45 51
74 15 77 15 77 17 74 17 74 15
4 32 8 32 8 35 4 35 4 32
4 21 8 21 8 24 4 24 4 21
40 25 43 25 43 28 40 28 40 25
8 73 10 73 10 76 8 76 8 73
83 3 87 3 87 6 83 6 83 3
26 50 28 50 28 54 26 54 26 50
11 90 14 90 14 94 11 94 11 90
13 81 17 81 17 84 13 84 13 81
66 6 69 6 69 8 66 8 66 6
25 9 27 9 27 11 25 11 25 9
25 68 29 68 29 70 25 70 25 68
74 88 76 88 76 90 74 90 74 88
2 59 5 59 5 61 2 61 2 59
17 57 21 57 21 61 17 61 17 57
58 12 60 12 60 15 58 15 58 12
84 12 87 12 87 15 84 15 84 12
57 20 59 20 59 23 57 23 57 20
13 2 16 2 16 6 13 6 13 2
75 67 77 67 77 71 75 71 75 67
53 72 56 72 56 75 53 75 53 72
78 26 82 26 82 28 78 28 78 26
30 68 32 68 32 71 30 71 30 68
91 80 93 80 93 82 91 82 91 80
58 91 61 91 61 95 58 95 58 91
37 86 39 86 39 90 37 90 37 86
6 70 10 70 10 72 6 72 6 70
33 61 37 61 37 63 33 63 33 61
94 42 96 42 96 45 94 45 94 42
35 56 37 56 37 60 35 60 35 56
33 28 36 28 36 30 33 30 33 28
95 51 97 51 97 54 95 54 95 51
64 40 68 40 68 44 64 44 64 40
83 28 86 28 86 32 83 32 83 28
39 65 43 65 43 68 39 68 39 65
24 17 28 17 28 20 24 20 24 17
21 24 24 24 24 27 21 27 21 24
74 64 76 64 76 66 74 66 74 64
17 70 20 70 20 74 17 74 17 70
28 91 32 91 32 93 28 93 28 91
46 20 49 20 49 22 46 22 46 20
32 7 35 7 35 9 32 9 32 7
13 52 15 52 15 56 13 56 13 52
