31 7 33 7 33 9 31 9 31 7
51 19 55 19 55 22 51 22 51 19
3 96 7 96 7 98 3 98 3 96
8 45 11 45 11 49 8 49 8 45
38 34 40 34 40 36 38 36 38 34
81 83 83 83 83 87 81 87 81 83
62 16 66 16 66 18 62 18 62 16
24 48 28 48 28 50 24 50 24 48
68 66 72 66 72 70 68 70 68 66
63 76 65 76 65 79 63 79 63 76
71 43 75 43 75 45 71 45 71 43
88 10 90 10 90 12 88 12 88 10
45 58 47 58 47 61 45 61 45 58
41 15 43 15 43 18 41 18 41 15
32 71 35 71 35 75 32 75 32 71
19 9 23 9 23 11 19 11 19 9
76 5 79 5 79 8 76 8 76 5
81 23 84 23 84 27 81 27 81 23
67 79 70 79 70 81 67 81 67 79
90 59 93 59 93 63 90 63 90 59
18 28 21 28 21 31 18 31 18 28
44 11 48 11 48 14 44 14 44 11
83 62 85 62 85 65 83 65 83 62
72 51 75 51 75 55 72 55 72 51
34 39 36 39 36 43 34 43 34 39
10 21 13 21 13 25 10 25 10 21
3 65 7 65 7 67 3 67 3 65
32 11 34 11 34 13 32 13 32 11
63 11 66 11 66 14 63 14 63 11
5 79 7 79 7 81 5 81 5 79
61 85 65 85 65 87 61 87 61 85
22 78 25 78 25 80 22 80 22 78
90 45 93 45 93 48 90 48 90 45
56 19 58 19 58 23 56 23 56 19
85 73 89 73 89 75 85 75 85 73
53 49 55 49 55 53 53 53 53 49
34 19 37 19 37 23 34 23 34 19
68 40 72 40 72 42 68 42 68 40
26 55 28 55 28 58 26 58 26 55
29 80 33 80 33 82 29 82 29 80
19 82 22 82 22 84 19 84 19 82
94 89 97 89 97 91 94 91 94 89
85 50 87 50 87 54 85 54 85 50
50 83 54 83 54 87 50 87 50 83
76 13 78 13 78 15 76 15 76 13
80 10 84 10 84 14 80 14 80 10
30 34 32 34 32 36 30 36 30 34
39 70 41 70 41 72 39 72 39 70
8 53 12 53 12 55 8 55 8 53
66 29 70 29 70 33 66 33 66 29
54 43 58 43 58 47 54 47 54 43
5 6 7 6 7 8 5 8 5 6
59 30 61 30 61 34 59 34 59 30
59 89 63 89 63 91 59 91 59 89
21 33 25 33 25 37 21 37 21 33
33 65 35 65 35 67 33 67 33 65
67 60 70 60 70 64 67 64 67 60
53 70 57 70 57 72 53 72 53 70
17 48 20 48 20 52 17 52 17 48
13 85 17 85 17 88 13 88 13 85
45 50 49 50 49 53 45 53 45 50
10 91 14 91 14 94 10 94 10 91
61 5 64 5 64 7 61 7 61 5
32 86 35 86 35 89 32 89 32 86
68 74 70 74 70 78 68 78 68 74
51 10 55 10 55 14 51 14 51 10
9 40 11 40 11 43 9 43 9 40
95 84 97 84 97 87 95 87 95 84
59 10 62 10 62 13 59 13 59 10
58 64 60 64 60 67 58 67 58 64
84 47 88 47 88 49 84 49 84 47
88 81 92 81 92 83 88 83 88 81
66 53 68 53 68 57 66 57 66 53
38 3 42 3 42 6 38 6 38 3
13 15 15 15 15 18 13 18 13 15
93 12 96 12 96 15 93 15 93 12
72 81 75 81 75 85 72 85 72 81
35 55 39 55 39 58 35 58 35 55
81 68 85 68 85 72 81 72 81 68
16 41 18 41 18 45 16 45 16 41
32 46 34 46 34 50 32 50 32 46
27 68 30 68 30 71 27 71 27 68
16 2 20 2 20 6 16 6 16 2
66 94 70 94 70 98 66 98 66 94
3 21 6 21 6 25 3 25 3 21
31 27 34 27 34 29 31 29 31 27
22 3 25 3 25 6 22 6 22 3
44 83 48 83 48 86 44 86 44 83
83 76 87 76 87 80 83 80 83 76
89 87 91 87 91 91 89 91 89 87
44 89 48 89 48 93 44 93 44 89
52 58 56 58 56 60 52 60 52 58
41 50 43 50 43 54 41 54 41 50
27 73 29 73 29 75 27 75 27 73
87 17 89 17 89 21 87 21 87 17
73 28 76 28 76 32 73 32 73 28
11 32 13 32 13 35 11 35 11 32
61 24 63 24 63 27 61 27 61 24
22 90 24 90 24 94 22 94 22 90
8 56 12 56 12 59 8 59 8 56
54 34 56 34 56 38 54 38 54 34
33 30 36 30 36 32 33 32 33 30
87 69 90 69 90 71 87 71 87 69
3 14 6 14 6 17 3 17 3 14
27 63 30 63 30 65 27 65 27 63
19 20 21 20 21 24 19 24 19 20
48 68 51 68 51 71 48 71 48 68
10 4 14 4 14 7 10 7 10 4
41 45 44 45 44 49 41 49 41 45
49 41 53 41 53 43 49 43 49 41
26 15 29 15 29 17 26 17 26 15
94 50 97 50 97 53 94 53 94 50
82 15 84 15 84 17 82 17 82 15
14 57 16 57 16 61 14 61 14 57
2 77 4 77 4 79 2 79 2 77
93 24 95 24 95 28 93 28 93 24
13 75 17 75 17 77 13 77 13 75
91 21 93 21 93 23 91 23 91 21
83 32 87 32 87 34 83 34 83 32
57 76 60 76 60 78 57 78 57 76
94 79 98 79 98 83 94 83 94 79
42 25 45 25 45 29 42 29 42 25
81 55 85 55 85 57 81 57 81 55
24 82 26 82 26 84 24 84 24 82
82 2 84 2 84 5 82 5 82 2
89 52 91 52 91 56 89 56 89 52
17 67 21 67 21 69 17 69 17 67
8 11 12 11 12 14 8 14 8 11
51 94 55 94 55 97 51 97 51 94
79 19 81 19 81 21 79 21 79 19
77 59 79 59 79 62 77 62 77 59
12 67 16 67 16 71 12 71 12 67
48 57 50 57 50 59 48 59 48 57
76 51 78 51 78 53 76 53 76 51
31 56 33 56 33 58 31 58 31 56
60 54 64 54 64 56 60 56 60 54
39 94 41 94 41 97 39 97 39 94
13 38 16 38 16 40 13 40 13 38
13 78 17 78 17 82 13 82 13 78
32 4 36 4 36 6 32 6 32 4
76 79 79 79 79 82 76 82 76 79
93 37 95 37 95 41 93 41 93 37
3 38 6 38 6 42 3 42 3 38
65 2 69 2 69 4 65 4 65 2
78 72 80 72 80 76 78 76 78 72
57 38 60 38 60 41 57 41 57 38
76 46 80 46 80 49 76 49 76 46
12 42 14 42 14 46 12 46 12 42
47 79 49 79 49 81 47 81 47 79
48 44 52 44 52 46 48 46 48 44
23 72 25 72 25 76 23 76 23 72
81 28 84 28 84 31 81 31 81 28
69 6 72 6 72 8 69 8 69 6
57 93 61 93 61 96 57 96 57 93
28 84 31 84 31 86 28 86 28 84
25 89 29 89 29 93 25 93 25 89
6 60 9 60 9 64 6 64 6 60
61 59 65 59 65 63 61 63 61 59
47 74 49 74 49 76 47 76 47 74
90 32 94 32 94 34 90 34 90 32
95 5 97 5 97 8 95 8 95 5
30 92 33 92 33 96 30 96 30 92
4 82 7 82 7 85 4 85 4 82
82 89 85 89 85 91 82 91 82 89
39 41 43 41 43 44 39 44 39 41
72 62 74 62 74 64 72 64 72 62
73 37 75 37 75 40 73 40 73 37
36 89 39 89 39 92 36 92 36 89
49 25 53 25 53 28 49 28 49 25
30 51 34 51 34 55 30 55 30 51
63 42 66 42 66 45 63 45 63 42
76 22 78 22 78 26 76 26 76 22
72 71 75 71 75 73 72 73 72 71
65 20 69 20 69 24 65 24 65 20
47 36 50 36 50 39 47 39 47 36
8 73 12 73 12 75 8 75 8 73
15 33 19 33 19 37 15 37 15 33
57 15 59 15 59 18 57 18 57 15
79 39 83 39 83 43 79 43 79 39
57 53 59 53 59 57 57 57 57 53
19 58 23 58 23 60 19 60 19 58
36 75 39 75 39 77 36 77 36 75
31 39 33 39 33 41 31 41 31 39
92 5 94 5 94 7 92 7 92 5
45 21 49 21 49 24 45 24 45 21
23 40 27 40 27 42 23 42 23 40
96 44 98 44 98 48 96 48 96 44
66 83 68 83 68 87 66 87 66 83
67 89 71 89 71 91 67 91 67 89
74 89 77 89 77 93 74 93 74 89
95 68 98 68 98 72 95 72 95 68
51 75 54 75 54 79 51 79 51 75
36 51 39 51 39 53 36 53 36 51
69 35 72 35 72 39 69 39 69 35
7 33 10 33 10 36 7 36 7 33
39 11 41 11 41 13 39 13 39 11
63 29 65 29 65 32 63 32 63 29
38 85 40 85 40 88 38 88 38 85
73 66 75 66 75 70 73 70 73 66
40 63 42 63 42 66 40 66 40 63
38 7 42 7 42 9 38 9 38 7
6 88 8 88 8 92 6 92 6 88
28 26 30 26 30 28 28 28 28 26
60 71 64 71 64 75 60 75 60 71
46 30 50 30 50 32 46 32 46 30
41 81 43 81 43 83 41 83 41 81
7 68 10 68 10 70 7 70 7 68
22 43 25 43 25 46 22 46 22 43
43 4 46 4 46 8 43 8 43 4
62 38 64 38 64 41 62 41 62 38
77 86 80 86 80 88 77 88 77 86
58 6 60 6 60 8 58 8 58 6
85 25 88 25 88 29 85 29 85 25
18 15 22 15 22 17 18 17 18 15
82 50 84 50 84 52 82 52 82 50
66 47 70 47 70 50 66 50 66 47
35 35 37 35 37 38 35 38 35 35
74 17 76 17 76 20 74 20 74 17
29 19 33 19 33 22 29 22 29 19
52 4 56 4 56 6 52 6 52 4
75 96 77 96 77 98 75 98 75 96
77 33 81 33 81 35 77 35 77 33
24 18 28 18 28 22 24 22 24 18
2 48 4 48 4 52 2 52 2 48
3 28 7 28 7 32 3 32 3 28
85 36 89 36 89 38 85 38 85 36
64 68 66 68 66 70 64 70 64 68
86 39 90 39 90 43 86 43 86 39
46 25 48 25 48 29 46 29 46 25
16 9 18 9 18 13 16 13 16 9
2 73 6 73 6 76 2 76 2 73
25 10 27 10 27 13 25 13 25 10
82 35 84 35 84 38 82 38 82 35
26 35 29 35 29 39 26 39 26 35
95 55 97 55 97 59 95 59 95 55
35 45 37 45 37 48 35 48 35 45
71 93 73 93 73 95 71 95 71 93
16 22 18 22 18 25 16 25 16 22
41 31 44 31 44 33 41 33 41 31
86 64 90 64 90 68 86 68 86 64
37 59 39 59 39 63 37 63 37 59
83 92 85 92 85 96 83 96 83 92
47 4 51 4 51 8 47 8 47 4
22 25 26 25 26 29 22 29 22 25
18 77 20 77 20 80 18 80 18 77
63 94 65 94 65 97 63 97 63 94
91 72 93 72 93 76 91 76 91 72
55 82 57 82 57 85 55 85 55 82
21 63 25 63 25 66 21 66 21 63
83 6 85 6 85 9 83 9 83 6
