70 72 72 72 72 75 70 75 70 72
18 61 21 61 21 63 18 63 18 61
74 19 78 19 78 23 74 23 74 19
15 7 19 7 19 10 15 10 15 7
56 20 58 20 58 24 56 24 56 20
88 67 91 67 91 69 88 69 88 67
33 51 35 51 35 55 33 55 33 51
23 24 26 24 26 26 23 26 23 24
86 43 89 43 89 47 86 47 86 43
63 66 67 66 67 69 63 69 63 66
73 2 75 2 75 5 73 5 73 2
23 32 25 32 25 35 23 35 23 32
49 92 53 92 53 95 49 95 49 92
17 91 19 91 19 93 17 93 17 91
35 93 39 93 39 96 35 96 35 93
59 11 61 11 61 15 59 15 59 11
13 31 16 31 16 34 13 34 13 31
64 24 67 24 67 27 64 27 64 24
89 12 91 12 91 15 89 15 89 12
11 64 14 64 14 68 11 68 11 64
57 45 61 45 61 48 57 48 57 45
37 51 41 51 41 55 37 55 37 51
44 41 46 41 46 45 44 45 44 41
52 48 56 48 56 51 52 51 52 48
25 53 27 53 27 55 25 55 25 53
34 12 38 12 38 15 34 15 34 12
57 74 61 74 61 77 57 77 57 74
25 42 29 42 29 46 25 46 25 42
84 38 87 38 87 42 84 42 84 38
61 17 63 17 63 20 61 20 61 17
86 85 88 85 88 87 86 87 86 85
19 77 22 77 22 80 19 80 19 77
20 17 22 17 22 19 20 19 20 17
56 89 59 89 59 92 56 92 56 89
2 46 4 46 4 48 2 48 2 46
35 5 37 5 37 8 35 8 35 5
91 51 95 51 95 54 91 54 91 51
96 55 98 55 98 58 96 58 96 55
13 76 17 76 17 79 13 79 13 76
45 21 47 21 47 25 45 25 45 21
39 35 43 35 43 37 39 37 39 35
41 62 43 62 43 66 41 66 41 62
13 41 15 41 15 43 13 43 13 41
63 86 67 86 67 90 63 90 63 86
62 41 64 41 64 44 62 44 62 41
79 79 81 79 81 83 79 83 79 79
67 92 71 92 71 96 67 96 67 92
81 15 84 15 84 18 81 18 81 15
24 90 26 90 26 92 24 92 24 90
9 18 13 18 13 21 9 21 9 18
46 46 48 46 48 50 46 50 46 46
61 36 64 36 64 40 61 40 61 36
82 92 86 92 86 94 82 94 82 92
59 22 63 22 63 26 59 26 59 22
18 12 20 12 20 16 18 16 18 12
30 10 33 10 33 12 30 12 30 10
8 60 12 60 12 62 8 62 8 60
83 62 86 62 86 65 83 65 83 62
28 47 31 47 31 49 28 49 28 47
75 84 79 84 79 88 75 88 75 84
44 10 47 10 47 13 44 13 44 10
50 69 53 69 53 71 50 71 50 69
16 54 20 54 20 57 16 57 16 54
69 13 73 13 73 16 69 16 69 13
82 56 85 56 85 58 82 58 82 56
23 95 25 95 25 97 23 97 23 95
82 47 84 47 84 49 82 49 82 47
15 71 19 71 19 74 15 74 15 71
40 13 42 13 42 17 40 17 40 13
29 23 32 23 32 27 29 27 29 23
18 23 20 23 20 27 18 27 18 23
70 84 74 84 74 87 70 87 70 84
19 3 21 3 21 5 19 5 19 3
4 33 6 33 6 37 4 37 4 33
5 24 8 24 8 28 5 28 5 24
9 50 12 50 12 52 9 52 9 50
39 67 41 67 41 71 39 71 39 67
51 29 55 29 55 33 51 33 51 29
32 18 35 18 35 22 32 22 32 18
70 54 72 54 72 56 70 56 70 54
46 71 49 71 49 73 46 73 46 71
22 37 26 37 26 41 22 41 22 37
52 84 54 84 54 86 52 86 52 84
95 27 98 27 98 31 95 31 95 27
77 7 79 7 79 11 77 11 77 7
92 84 94 84 94 86 92 86 92 84
83 6 85 6 85 9 83 9 83 6
77 96 81 96 81 98 77 98 77 96
24 3 26 3 26 5 24 5 24 3
52 21 54 21 54 25 52 25 52 21
40 93 43 93 43 95 40 95 40 93
36 32 39 32 39 34 36 34 36 32
57 39 60 39 60 41 57 41 57 39
85 96 88 96 88 98 85 98 85 96
39 27 43 27 43 29 39 29 39 27
92 43 95 43 95 45 92 45 92 43
4 57 7 57 7 60 4 60 4 57
75 47 79 47 79 49 75 49 75 47
64 53 66 53 66 57 64 57 64 53
65 80 67 80 67 84 65 84 65 80
94 2 98 2 98 6 94 6 94 2
57 50 59 50 59 52 57 52 57 50
4 21 8 21 8 23 4 23 4 21
25 6 29 6 29 8 25 8 25 6
42 87 44 87 44 91 42 91 42 87
68 67 71 67 71 69 68 69 68 67
10 4 13 4 13 7 10 7 10 4
93 35 96 35 96 38 93 38 93 35
80 66 82 66 82 68 80 68 80 66
89 19 91 19 91 21 89 21 89 19
86 4 90 4 90 6 86 6 86 4
10 78 12 78 12 80 10 80 10 78
13 56 15 56 15 59 13 59 13 56
93 59 95 59 95 63 93 63 93 59
50 12 52 12 52 14 50 14 50 12
43 54 46 54 46 58 43 58 43 54
15 50 19 50 19 53 15 53 15 50
29 51 31 51 31 54 29 54 29 51
67 9 70 9 70 11 67 11 67 9
67 40 71 40 71 43 67 43 67 40
91 88 93 88 93 92 91 92 91 88
40 42 42 42 42 45 40 45 40 42
52 41 54 41 54 45 52 45 52 41
46 36 48 36 48 38 46 38 46 36
28 28 31 28 31 30 28 30 28 28
81 10 84 10 84 14 81 14 81 10
50 6 53 6 53 8 50 8 50 6
95 10 98 10 98 13 95 13 95 10
65 28 67 28 67 30 65 30 65 28
69 18 71 18 71 20 69 20 69 18
49 75 51 75 51 78 49 78 49 75
30 78 34 78 34 80 30 80 30 78
71 49 74 49 74 53 71 53 71 49
6 9 10 9 10 12 6 12 6 9
87 63 90 63 90 65 87 65 87 63
61 50 64 50 64 52 61 52 61 50
89 70 93 70 93 73 89 73 89 70
72 77 74 77 74 80 72 80 72 77
75 55 79 55 79 58 75 58 75 55
25 13 27 13 27 15 25 15 25 13
56 63 59 63 59 66 56 66 56 63
5 90 7 90 7 92 5 92 5 90
34 64 36 64 36 66 34 66 34 64
78 92 80 92 80 94 78 94 78 92
88 79 91 79 91 82 88 82 88 79
56 28 58 28 58 31 56 31 56 28
14 89 16 89 16 91 14 91 14 89
79 43 81 43 81 46 79 46 79 43
44 75 47 75 47 79 44 79 44 75
50 59 53 59 53 63 50 63 50 59
61 60 64 60 64 63 61 63 61 60
3 74 5 74 5 77 3 77 3 74
54 10 58 10 58 14 54 14 54 10
74 30 77 30 77 33 74 33 74 30
65 44 68 44 68 47 65 47 65 44
50 65 52 65 52 68 50 68 50 65
57 95 59 95 59 97 57 97 57 95
55 58 57 58 57 62 55 62 55 58
35 86 38 86 38 89 35 89 35 86
15 84 19 84 19 88 15 88 15 84
80 23 83 23 83 27 80 27 80 23
44 60 48 60 48 63 44 63 44 60
95 77 97 77 97 81 95 81 95 77
30 33 34 33 34 37 30 37 30 33
82 44 84 44 84 46 82 46 82 44
20 58 24 58 24 60 20 60 20 58
28 89 30 89 30 91 28 91 28 89
7 95 9 95 9 98 7 98 7 95
95 65 98 65 98 68 95 68 95 65
46 29 49 29 49 33 46 33 46 29
58 86 60 86 60 88 58 88 58 86
59 80 63 80 63 83 59 83 59 80
55 4 58 4 58 8 55 8 55 4
94 15 97 15 97 17 94 17 94 15
31 92 34 92 34 96 31 96 31 92
51 2 54 2 54 5 51 5 51 2
5 85 7 85 7 87 5 87 5 85
94 71 97 71 97 75 94 75 94 71
18 96 22 96 22 98 18 98 18 96
37 20 40 20 40 24 37 24 37 20
32 42 35 42 35 46 32 46 32 42
89 38 91 38 91 42 89 42 89 38
7 43 9 43 9 46 7 46 7 43
27 95 30 95 30 97 27 97 27 95
82 3 84 3 84 5 82 5 82 3
30 4 32 4 32 6 30 6 30 4
8 38 12 38 12 41 8 41 8 38
30 69 32 69 32 71 30 71 30 69
89 84 91 84 91 86 89 86 89 84
96 84 98 84 98 87 96 87 96 84
5 53 9 53 9 55 5 55 5 53
61 6 65 6 65 10 61 10 61 6
88 35 90 35 90 37 88 37 88 35
3 80 7 80 7 84 3 84 3 80
36 58 40 58 40 61 36 61 36 58
64 71 66 71 66 74 64 74 64 71
23 87 27 87 27 89 23 89 23 87
14 44 17 44 17 48 14 48 14 44
62 11 66 11 66 13 62 13 62 11
3 11 5 11 5 14 3 14 3 11
31 88 34 88 34 90 31 90 31 88
75 71 78 71 78 73 75 73 75 71
90 24 92 24 92 28 90 28 90 24
21 6 24 6 24 10 21 10 21 6
24 61 27 61 27 64 24 64 24 61
78 59 80 59 80 62 78 62 78 59
30 81 32 81 32 83 30 83 30 81
74 60 76 60 76 63 74 63 74 60
84 31 86 31 86 33 84 33 84 31
67 33 69 33 69 35 67 35 67 33
68 77 70 77 70 79 68 79 68 77
90 75 93 75 93 77 90 77 90 75
12 94 14 94 14 96 12 96 12 94
5 30 7 30 7 32 5 32 5 30
26 84 30 84 30 86 26 86 26 84
90 94 92 94 92 98 90 98 90 94
72 37 76 37 76 41 72 41 72 37
54 76 56 76 56 80 54 80 54 76
83 70 87 70 87 74 83 74 83 70
27 16 29 16 29 19 27 19 27 16
27 70 29 70 29 72 27 72 27 70
18 67 22 67 22 69 18 69 18 67
4 4 6 4 6 8 4 8 4 4
45 66 47 66 47 68 45 68 45 66
39 82 43 82 43 85 39 85 39 82
30 38 33 38 33 40 30 40 30 38
49 96 52 96 52 98 49 98 49 96
8 85 11 85 11 88 8 88 8 85
55 82 57 82 57 86 55 86 55 82
82 78 84 78 84 82 82 82 82 78
30 58 34 58 34 60 30 60 30 58
34 67 38 67 38 71 34 71 34 67
11 8 14 8 14 11 11 11 11 8
46 6 48 6 48 8 46 8 46 6
48 54 52 54 52 57 48 57 48 54
45 81 49 81 49 85 45 85 45 81
2 71 4 71 4 73 2 73 2 71
50 88 52 88 52 90 50 90 50 88
93 55 95 55 95 57 93 57 93 55
87 8 91 8 91 11 87 11 87 8
85 88 89 88 89 91 85 91 85 88
5 68 8 68 8 72 5 72 5 68
15 64 17 64 17 66 15 66 15 64
9 90 12 90 12 92 9 92 9 90
29 74 31 74 31 76 29 76 29 74
55 36 58 36 58 38 55 38 55 36
89 58 92 58 92 62 89 62 89 58
94 32 97 32 97 34 94 34 94 32
82 86 84 86 84 89 82 89 82 86
16 19 18 19 18 21 16 21 16 19
