5 25 8 25 8 27 5 27 5 25
78 15 82 15 82 18 78 18 78 15
77 90 80 90 80 92 77 92 77 90
73 39 76 39 76 43 73 43 73 39
35 12 38 12 38 15 35 15 35 12
72 71 75 71 75 75 72 75 72 71
14 66 18 66 18 69 14 69 14 66
82 87 85 87 85 91 82 91 82 87
78 3 82 3 82 5 78 5 78 3
9 44 13 44 13 46 9 46 9 44
15 91 17 91 17 93 15 93 15 91
80 76 84 76 84 78 80 78 80 76
42 57 44 57 44 61 42 61 42 57
45 68 47 68 47 72 45 72 45 68
72 85 75 85 75 87 72 87 72 85
86 21 88 21 88 23 86 23 86 21
43 27 46 27 46 29 43 29 43 27
19 34 21 34 21 38 19 38 19 34
10 89 13 89 13 93 10 93 10 89
46 83 50 83 50 87 46 87 46 83
52 64 54 64 54 66 52 66 52 64
49 17 52 17 52 21 49 21 49 17
39 87 42 87 42 90 39 90 39 87
87 69 89 69 89 73 87 73 87 69
32 63 35 63 35 65 32 65 32 63
53 12 55 12 55 16 53 16 53 12
40 8 44 8 44 12 40 12 40 8
25 52 28 52 28 54 25 54 25 52
39 91 41 91 41 93 39 93 39 91
61 10 64 10 64 13 61 13 61 10
7 48 10 48 10 52 7 52 7 48
5 80 7 80 7 83 5 83 5 80
55 58 59 58 59 61 55 61 55 58
66 23 70 23 70 27 66 27 66 23
94 21 98 21 98 23 94 23 94 21
54 51 56 51 56 54 54 54 54 51
52 71 55 71 55 75 52 75 52 71
13 49 16 49 16 52 13 52 13 49
50 79 53 79 53 81 50 81 50 79
53 44 55 44 55 47 53 47 53 44
2 89 4 89 4 91 2 91 2 89
38 49 42 49 42 53 38 53 38 49
28 6 30 6 30 9 28 9 28 6
63 77 65 77 65 80 63 80 63 77
21 94 23 94 23 96 21 96 21 94
9 53 12 53 12 57 9 57 9 53
96 12 98 12 98 16 96 16 96 12
3 37 5 37 5 41 3 41 3 37
27 84 30 84 30 86 27 86 27 84
21 10 23 10 23 12 21 12 21 10
63 94 66 94 66 98 63 98 63 94
6 67 8 67 8 71 6 71 6 67
32 36 35 36 35 40 32 40 32 36
37 54 40 54 40 56 37 56 37 54
43 22 45 22 45 24 43 24 43 22
10 3 14 3 14 5 10 5 10 3
64 5 68 5 68 7 64 7 64 5
52 29 56 29 56 31 52 31 52 29
58 80 60 80 60 83 58 83 58 80
3 61 6 61 6 63 3 63 3 61
12 23 14 23 14 26 12 26 12 23
20 81 24 81 24 83 20 83 20 81
87 29 90 29 90 32 87 32 87 29
57 75 60 75 60 77 57 77 57 75
36 34 40 34 40 36 36 36 36 34
43 35 46 35 46 39 43 39 43 35
58 18 62 18 62 22 58 22 58 18
11 18 15 18 15 20 11 20 11 18
76 53 79 53 79 57 76 57 76 53
30 22 34 22 34 25 30 25 30 22
15 62 18 62 18 64 15 64 15 62
90 38 92 38 92 40 90 40 90 38
61 89 64 89 64 91 61 91 61 89
70 58 74 58 74 62 70 62 70 58
20 27 22 27 22 30 20 30 20 27
31 58 34 58 34 62 31 62 31 58
24 22 26 22 26 24 24 24 24 22
61 41 63 41 63 44 61 44 61 41
30 45 32 45 32 49 30 49 30 45
3 75 5 75 5 79 3 79 3 75
2 29 5 29 5 32 2 32 2 29
88 14 90 14 90 18 88 18 88 14
22 64 24 64 24 66 22 66 22 64
73 15 77 15 77 17 73 17 73 15
45 45 48 45 48 47 45 47 45 45
10 83 12 83 12 86 10 86 10 83
50 67 52 67 52 70 50 70 50 67
83 69 85 69 85 73 83 73 83 69
14 8 18 8 18 11 14 11 14 8
19 71 21 71 21 75 19 75 19 71
54 6 58 6 58 9 54 9 54 6
65 66 67 66 67 69 65 69 65 66
72 89 74 89 74 93 72 93 72 89
65 40 67 40 67 43 65 43 65 40
61 73 64 73 64 76 61 76 61 73
6 91 9 91 9 94 6 94 6 91
9 36 12 36 12 40 9 40 9 36
73 6 77 6 77 8 73 8 73 6
83 46 86 46 86 50 83 50 83 46
35 71 37 71 37 75 35 75 35 71
12 28 16 28 16 30 12 30 12 28
36 82 39 82 39 85 36 85 36 82
19 47 23 47 23 51 19 51 19 47
53 19 56 19 56 23 53 23 53 19
36 63 38 63 38 65 36 65 36 63
75 64 79 64 79 67 75 67 75 64
92 54 96 54 96 57 92 57 92 54
12 32 14 32 14 35 12 35 12 32
65 58 68 58 68 62 65 62 65 58
42 83 45 83 45 85 42 85 42 83
64 83 67 83 67 85 64 85 64 83
32 19 35 19 35 21 32 21 32 19
42 74 46 74 46 76 42 76 42 74
74 96 76 96 76 98 74 98 74 96
92 93 95 93 95 95 92 95 92 93
78 10 82 10 82 13 78 13 78 10
49 39 51 39 51 41 49 41 49 39
26 89 30 89 30 91 26 91 26 89
15 23 17 23 17 25 15 25 15 23
48 3 50 3 50 6 48 6 48 3
24 27 27 27 27 30 24 30 24 27
28 16 32 16 32 18 28 18 28 16
37 28 41 28 41 32 37 32 37 28
75 44 78 44 78 47 75 47 75 44
58 67 61 67 61 69 58 69 58 67
91 75 95 75 95 78 91 78 91 75
54 25 58 25 58 28 54 28 54 25
94 38 98 38 98 41 94 41 94 38
28 77 32 77 32 81 28 81 28 77
73 28 77 28 77 30 73 30 73 28
55 39 58 39 58 43 55 43 55 39
21 7 25 7 25 9 21 9 21 7
96 85 98 85 98 87 96 87 96 85
92 48 96 48 96 50 92 50 92 48
83 11 85 11 85 15 83 15 83 11
51 56 54 56 54 59 51 59 51 56
11 77 13 77 13 80 11 80 11 77
25 58 27 58 27 62 25 62 25 58
3 11 5 11 5 13 3 13 3 11
34 44 36 44 36 48 34 48 34 44
41 16 44 16 44 20 41 20 41 16
8 6 12 6 12 9 8 9 8 6
3 17 6 17 6 20 3 20 3 17
81 35 83 35 83 37 81 37 81 35
52 86 55 86 55 89 52 89 52 86
93 3 97 3 97 6 93 6 93 3
58 11 60 11 60 13 58 13 58 11
34 78 36 78 36 80 34 80 34 78
87 85 91 85 91 88 87 88 87 85
31 51 33 51 33 54 31 54 31 51
86 54 90 54 90 56 86 56 86 54
39 64 42 64 42 67 39 67 39 64
53 67 57 67 57 70 53 70 53 67
32 85 35 85 35 88 32 88 32 85
20 88 22 88 22 92 20 92 20 88
57 51 61 51 61 54 57 54 57 51
33 7 37 7 37 10 33 10 33 7
24 34 28 34 28 36 24 36 24 34
20 60 24 60 24 62 20 62 20 60
65 46 69 46 69 48 65 48 65 46
27 10 31 10 31 13 27 13 27 10
48 71 50 71 50 74 48 74 48 71
84 34 87 34 87 37 84 37 84 34
6 87 9 87 9 90 6 90 6 87
75 33 78 33 78 36 75 36 75 33
13 72 15 72 15 76 13 76 13 72
67 33 70 33 70 37 67 37 67 33
9 65 11 65 11 68 9 68 9 65
86 90 90 90 90 92 86 92 86 90
56 95 59 95 59 97 56 97 56 95
75 20 78 20 78 22 75 22 75 20
57 87 60 87 60 89 57 89 57 87
86 64 89 64 89 67 86 67 86 64
77 39 81 39 81 41 77 41 77 39
6 73 10 73 10 77 6 77 6 73
49 26 51 26 51 30 49 30 49 26
67 86 70 86 70 89 67 89 67 86
73 79 77 79 77 83 73 83 73 79
70 64 72 64 72 66 70 66 70 64
80 55 83 55 83 59 80 59 80 55
46 91 49 91 49 95 46 95 46 91
87 60 90 60 90 62 87 62 87 60
70 8 72 8 72 11 70 11 70 8
90 9 94 9 94 13 90 13 90 9
70 19 74 19 74 21 70 21 70 19
2 43 6 43 6 45 2 45 2 43
53 92 55 92 55 96 53 96 53 92
77 95 81 95 81 98 77 98 77 95
3 95 7 95 7 97 3 97 3 95
24 42 26 42 26 44 24 44 24 42
38 57 40 57 40 59 38 59 38 57
40 40 43 40 43 42 40 42 40 40
84 7 86 7 86 10 84 10 84 7
46 22 49 22 49 24 46 24 46 22
49 8 52 8 52 10 49 10 49 8
16 58 19 58 19 61 16 61 16 58
36 17 40 17 40 19 36 19 36 17
91 34 95 34 95 36 91 36 91 34
68 75 70 75 70 77 68 77 68 75
49 34 53 34 53 36 49 36 49 34
14 41 17 41 17 45 14 45 14 41
45 54 49 54 49 58 45 58 45 54
42 77 46 77 46 81 42 81 42 77
86 11 88 11 88 13 86 13 86 11
45 40 47 40 47 42 45 42 45 40
2 6 5 6 5 8 2 8 2 6
30 28 32 28 32 32 30 32 30 28
7 59 11 59 11 63 7 63 7 59
85 78 88 78 88 80 85 80 85 78
92 81 94 81 94 85 92 85 92 81
59 5 62 5 62 7 59 7 59 5
13 94 17 94 17 97 13 97 13 94
64 55 66 55 66 57 64 57 64 55
92 29 94 29 94 33 92 33 92 29
2 54 4 54 4 58 2 58 2 54
47 76 49 76 49 79 47 79 47 76
26 45 28 45 28 47 26 47 26 45
6 10 9 10 9 12 6 12 6 10
50 49 53 49 53 53 50 53 50 49
61 26 65 26 65 29 61 29 61 26
69 53 72 53 72 57 69 57 69 53
73 12 75 12 75 14 73 14 73 12
92 16 94 16 94 18 92 18 92 16
21 16 24 16 24 20 21 20 21 16
90 64 94 64 94 67 90 67 90 64
19 21 21 21 21 23 19 23 19 21
63 31 66 31 66 33 63 33 63 31
96 70 98 70 98 73 96 73 96 70
39 43 41 43 41 45 39 45 39 43
3 86 5 86 5 88 3 88 3 86
57 33 60 33 60 36 57 36 57 33
87 43 91 43 91 45 87 45 87 43
68 40 71 40 71 43 68 43 68 40
53 2 56 2 56 4 53 4 53 2
66 12 70 12 70 14 66 14 66 12
36 3 38 3 38 5 36 5 36 3
76 75 78 75 78 78 76 78 76 75
73 2 77 2 77 5 73 5 73 2
87 95 91 95 91 97 87 97 87 95
83 18 87 18 87 20 83 20 83 18
45 49 47 49 47 53 45 53 45 49
63 19 65 19 65 22 63 22 63 19
31 94 35 94 35 98 31 98 31 94
69 95 73 95 73 97 69 97 69 95
43 62 46 62 46 64 43 64 43 62
86 25 88 25 88 28 86 28 86 25
94 43 98 43 98 46 94 46 94 43
87 48 89 48 89 52 87 52 87 48
39 23 41 23 41 25 39 25 39 23
78 82 82 82 82 85 78 85 78 82
