6 7 8 7 8 10 6 10 6 7
91 21 94 21 94 25 91 25 91 21
66 51 70 51 70 54 66 54 66 51
58 39 60 39 60 42 58 42 58 39
6 65 10 65 10 68 6 68 6 65
18 72 20 72 20 74 18 74 18 72
89 27 92 27 92 30 89 30 89 27
79 15 82 15 82 18 79 18 79 15
54 93 57 93 57 97 54 97 54 93
58 5 61 5 61 7 58 7 58 5
53 56 57 56 57 58 53 58 53 56
29 55 32 55 32 59 29 59 29 55
56 9 59 9 59 12 56 12 56 9
77 91 81 91 81 94 77 94 77 91
19 18 23 18 23 20 19 20 19 18
33 73 37 73 37 76 33 76 33 73
66 3 68 3 68 6 66 6 66 3
9 78 12 78 12 82 9 82 9 78
35 14 38 14 38 17 35 17 35 14
70 23 72 23 72 25 70 25 70 23
33 50 35 50 35 54 33 54 33 50
42 52 45 52 45 56 42 56 42 52
20 49 23 49 23 53 20 53 20 49
29 20 32 20 32 23 29 23 29 20
71 51 73 51 73 55 71 55 71 51
3 51 7 51 7 55 3 55 3 51
52 34 54 34 54 38 52 38 52 34
30 72 32 72 32 76 30 76 30 72
14 34 17 34 17 37 14 37 14 34
84 11 87 11 87 15 84 15 84 11
17 10 20 10 20 14 17 14 17 10
30 44 32 44 32 46 30 46 30 44
35 89 39 89 39 93 35 93 35 89
24 54 27 54 27 56 24 56 24 54
27 82 30 82 30 86 27 86 27 82
17 25 19 25 19 29 17 29 17 25
36 68 39 68 39 71 36 71 36 68
79 33 81 33 81 35 79 35 79 33
77 10 81 10 81 12 77 12 77 10
93 27 95 27 95 31 93 31 93 27
7 48 10 48 10 50 7 50 7 48
17 81 21 81 21 85 17 85 17 81
10 18 12 18 12 21 10 21 10 18
45 39 48 39 48 41 45 41 45 39
86 48 90 48 90 50 86 50 86 48
83 88 87 88 87 90 83 90 83 88
37 51 40 51 40 54 37 54 37 51
33 33 36 33 36 36 33 36 33 33
77 6 79 6 79 9 77 9 77 6
45 78 47 78 47 82 45 82 45 78
26 90 28 90 28 92 26 92 26 90
92 38 96 38 96 42 92 42 92 38
31 89 33 89 33 91 31 91 31 89
34 18 37 18 37 22 34 22 34 18
9 93 11 93 11 97 9 97 9 93
32 63 35 63 35 67 32 67 32 63
80 43 83 43 83 45 80 45 80 43
44 44 48 44 48 47 44 47 44 44
90 55 94 55 94 58 90 58 90 55
11 88 14 88 14 90 11 90 11 88
95 74 97 74 97 76 95 76 95 74
37 94 39 94 39 98 37 98 37 94
37 10 41 10 41 13 37 13 37 10
55 17 59 17 59 20 55 20 55 17
18 5 20 5 20 7 18 7 18 5
60 76 64 76 64 80 60 80 60 76
65 24 69 24 69 26 65 26 65 24
25 25 27 25 27 29 25 29 25 25
44 21 46 21 46 23 44 23 44 21
38 80 41 80 41 84 38 84 38 80
85 92 88 92 88 95 85 95 85 92
69 62 72 62 72 64 69 64 69 62
86 36 88 36 88 38 86 38 86 36
62 94 65 94 65 96 62 96 62 94
14 54 17 54 17 57 14 57 14 54
76 58 78 58 78 61 76 61 76 58
38 31 40 31 40 35 38 35 38 31
24 39 28 39 28 43 24 43 24 39
27 35 31 35 31 37 27 37 27 35
7 69 11 69 11 73 7 73 7 69
28 47 32 47 32 51 28 51 28 47
78 70 80 70 80 74 78 74 78 70
52 25 56 25 56 29 52 29 52 25
74 51 78 51 78 55 74 55 74 51
21 65 24 65 24 68 21 68 21 65
13 62 17 62 17 64 13 64 13 62
33 8 36 8 36 12 33 12 33 8
71 92 73 92 73 95 71 95 71 92
54 74 58 74 58 78 54 78 54 74
39 16 42 16 42 19 39 19 39 16
79 27 81 27 81 31 79 31 79 27
64 36 66 36 66 40 64 40 64 36
10 36 12 36 12 38 10 38 10 36
24 47 27 47 27 51 24 51 24 47
63 29 66 29 66 31 63 31 63 29
45 35 47 35 47 38 45 38 45 35
3 39 7 39 7 43 3 43 3 39
75 44 79 44 79 48 75 48 75 44
41 70 43 70 43 74 41 74 41 70
41 87 43 87 43 91 41 91 41 87
66 90 69 90 69 94 66 94 66 90
89 7 93 7 93 11 89 11 89 7
84 65 86 65 86 69 84 69 84 65
23 70 27 70 27 72 23 72 23 70
93 65 97 65 97 67 93 67 93 65
31 93 34 93 34 97 31 97 31 93
64 62 68 62 68 65 64 65 64 62
43 15 46 15 46 19 43 19 43 15
6 11 10 11 10 15 6 15 6 11
28 78 30 78 30 81 28 81 28 78
69 73 71 73 71 76 69 76 69 73
25 16 27 16 27 18 25 18 25 16
29 16 32 16 32 18 29 18 29 16
73 13 75 13 75 16 73 16 73 13
48 68 52 68 52 72 48 72 48 68
25 32 28 32 28 34 25 34 25 32
4 24 8 24 8 28 4 28 4 24
93 82 96 82 96 86 93 86 93 82
79 52 83 52 83 54 79 54 79 52
70 83 72 83 72 85 70 85 70 83
4 95 7 95 7 98 4 98 4 95
41 36 43 36 43 38 41 38 41 36
19 36 21 36 21 38 19 38 19 36
45 59 48 59 48 61 45 61 45 59
62 70 64 70 64 73 62 73 62 70
22 58 24 58 24 61 22 61 22 58
54 88 58 88 58 92 54 92 54 88
25 87 28 87 28 89 25 89 25 87
87 83 91 83 91 85 87 85 87 83
24 7 27 7 27 9 24 9 24 7
65 76 67 76 67 80 65 80 65 76
64 55 68 55 68 57 64 57 64 55
43 24 47 24 47 27 43 27 43 24
85 45 87 45 87 47 85 47 85 45
47 10 51 10 51 14 47 14 47 10
48 20 52 20 52 22 48 22 48 20
50 48 54 48 54 51 50 51 50 48
58 30 62 30 62 34 58 34 58 30
81 65 83 65 83 68 81 68 81 65
51 82 53 82 53 84 51 84 51 82
82 38 84 38 84 41 82 41 82 38
60 59 62 59 62 63 60 63 60 59
41 6 43 6 43 8 41 8 41 6
70 6 74 6 74 9 70 9 70 6
59 45 62 45 62 48 59 48 59 45
13 46 17 46 17 48 13 48 13 46
45 84 48 84 48 88 45 88 45 84
2 63 5 63 5 67 2 67 2 63
85 59 89 59 89 62 85 62 85 59
45 65 47 65 47 69 45 69 45 65
95 56 98 56 98 60 95 60 95 56
60 10 63 10 63 12 60 12 60 10
69 68 73 68 73 71 69 71 69 68
14 71 16 71 16 73 14 73 14 71
53 5 57 5 57 8 53 8 53 5
61 85 63 85 63 87 61 87 61 85
94 11 97 11 97 14 94 14 94 11
67 29 69 29 69 32 67 32 67 29
45 5 49 5 49 8 45 8 45 5
86 5 88 5 88 9 86 9 86 5
54 80 58 80 58 83 54 83 54 80
15 88 18 88 18 90 15 90 15 88
39 20 42 20 42 23 39 23 39 20
25 12 27 12 27 14 25 14 25 12
72 2 75 2 75 5 72 5 72 2
35 45 39 45 39 49 35 49 35 45
76 23 78 23 78 26 76 26 76 23
72 80 76 80 76 82 72 82 72 80
93 94 95 94 95 98 93 98 93 94
3 78 6 78 6 80 3 80 3 78
29 68 33 68 33 71 29 71 29 68
91 3 94 3 94 6 91 6 91 3
68 17 72 17 72 20 68 20 68 17
42 9 45 9 45 11 42 11 42 9
17 42 19 42 19 44 17 44 17 42
42 92 46 92 46 96 42 96 42 92
2 21 5 21 5 23 2 23 2 21
35 40 37 40 37 44 35 44 35 40
93 34 96 34 96 37 93 37 93 34
68 47 71 47 71 50 68 50 68 47
12 49 15 49 15 53 12 53 12 49
88 63 92 63 92 67 88 67 88 63
86 20 90 20 90 22 86 22 86 20
4 72 6 72 6 75 4 75 4 72
5 31 9 31 9 35 5 35 5 31
81 74 83 74 83 77 81 77 81 74
30 7 32 7 32 10 30 10 30 7
82 95 84 95 84 98 82 98 82 95
55 52 58 52 58 55 55 55 55 52
37 3 39 3 39 5 37 5 37 3
86 53 89 53 89 55 86 55 86 53
85 75 89 75 89 77 85 77 85 75
94 87 96 87 96 89 94 89 94 87
20 25 22 25 22 28 20 28 20 25
60 22 63 22 63 26 60 26 60 22
96 24 98 24 98 27 96 27 96 24
37 60 40 60 40 62 37 62 37 60
55 33 57 33 57 35 55 35 55 33
11 28 13 28 13 32 11 32 11 28
90 15 93 15 93 18 90 18 90 15
11 8 15 8 15 10 11 10 11 8
45 73 47 73 47 77 45 77 45 73
34 78 36 78 36 81 34 81 34 78
30 27 33 27 33 31 30 31 30 27
27 61 31 61 31 65 27 65 27 61
4 82 6 82 6 86 4 86 4 82
68 12 70 12 70 15 68 15 68 12
71 41 74 41 74 43 71 43 71 41
91 43 94 43 94 46 91 46 91 43
13 23 16 23 16 26 13 26 13 23
93 68 95 68 95 71 93 71 93 68
81 78 84 78 84 82 81 82 81 78
79 58 83 58 83 62 79 62 79 58
80 85 82 85 82 87 80 87 80 85
62 2 65 2 65 4 62 4 62 2
87 68 89 68 89 70 87 70 87 68
17 50 19 50 19 52 17 52 17 50
11 40 13 40 13 42 11 42 11 40
90 75 92 75 92 79 90 79 90 75
91 48 94 48 94 52 91 52 91 48
34 3 36 3 36 6 34 6 34 3
54 43 56 43 56 45 54 45 54 43
71 32 75 32 75 36 71 36 71 32
49 65 52 65 52 67 49 67 49 65
9 58 13 58 13 60 9 60 9 58
49 33 51 33 51 36 49 36 49 33
60 64 63 64 63 68 60 68 60 64
25 73 28 73 28 77 25 77 25 73
52 60 56 60 56 64 52 64 52 60
74 86 78 86 78 88 74 88 74 86
91 87 93 87 93 90 91 90 91 87
19 86 22 86 22 88 19 88 19 86
32 37 34 37 34 39 32 39 32 37
3 9 5 9 5 13 3 13 3 9
62 81 65 81 65 84 62 84 62 81
53 13 57 13 57 15 53 15 53 13
12 14 16 14 16 16 12 16 12 14
2 32 4 32 4 36 2 36 2 32
30 12 32 12 32 15 30 15 30 12
13 91 17 91 17 93 13 93 13 91
53 68 57 68 57 71 53 71 53 68
15 3 17 3 17 6 15 6 15 3
80 22 83 22 83 26 80 26 80 22
23 3 27 3 27 6 23 6 23 3
41 28 45 28 45 32 41 32 41 28
47 50 49 50 49 52 47 52 47 50
69 86 72 86 72 88 69 88 69 86
55 21 57 21 57 24 55 24 55 21
95 16 97 16 97 18 95 18 95 16
51 89 53 89 53 92 51 92 51 89
