87 84 91 84 91 88 87 88 87 84
77 28 81 28 81 31 77 31 77 28
82 10 86 10 86 12 82 12 82 10
8 18 11 18 11 22 8 22 8 18
19 31 21 31 21 33 19 33 19 31
15 14 19 14 19 18 15 18 15 14
20 11 24 11 24 15 20 15 20 11
40 14 42 14 42 18 40 18 40 14
25 9 27 9 27 11 25 11 25 9
22 31 24 31 24 33 22 33 22 31
49 89 53 89 53 92 49 92 49 89
20 92 23 92 23 96 20 96 20 92
7 51 9 51 9 53 7 53 7 51
71 73 75 73 75 75 71 75 71 73
85 91 87 91 87 95 85 95 85 91
6 69 8 69 8 72 6 72 6 69
79 53 81 53 81 56 79 56 79 53
84 42 87 42 87 44 84 44 84 42
32 96 34 96 34 98 32 98 32 96
70 41 73 41 73 45 70 45 70 41
32 86 35 86 35 90 32 90 32 86
55 30 58 30 58 34 55 34 55 30
54 68 58 68 58 70 54 70 54 68
67 6 70 6 70 9 67 9 67 6
86 25 88 25 88 28 86 28 86 25
22 76 26 76 26 78 22 78 22 76
3 30 6 30 6 34 3 34 3 30
61 58 64 58 64 62 61 62 61 58
70 30 72 30 72 32 70 32 70 30
22 47 24 47 24 49 22 49 22 47
72 84 76 84 76 86 72 86 72 84
60 48 64 48 64 52 60 52 60 48
66 35 70 35 70 37 66 37 66 35
65 15 67 15 67 17 65 17 65 15
74 22 77 22 77 26 74 26 74 22
3 78 5 78 5 80 3 80 3 78
26 43 30 43 30 46 26 46 26 43
28 61 32 61 32 65 28 65 28 61
10 81 14 81 14 84 10 84 10 81
10 74 14 74 14 76 10 76 10 74
63 32 67 32 67 34 63 34 63 32
77 46 81 46 81 50 77 50 77 46
40 26 43 26 43 30 40 30 40 26
70 64 73 64 73 67 70 67 70 64
71 10 74 10 74 13 71 13 71 10
43 42 46 42 46 44 43 44 43 42
38 7 40 7 40 10 38 10 38 7
54 22 58 22 58 24 54 24 54 22
8 86 11 86 11 89 8 89 8 86
92 32 95 32 95 36 92 36 92 32
55 93 57 93 57 96 55 96 55 93
80 88 83 88 83 91 80 91 80 88
82 68 86 68 86 72 82 72 82 68
54 41 58 41 58 44 54 44 54 41
27 31 29 31 29 34 27 34 27 31
86 63 90 63 90 67 86 67 86 63
48 5 50 5 50 8 48 8 48 5
74 36 76 36 76 38 74 38 74 36
77 62 79 62 79 64 77 64 77 62
94 61 97 61 97 63 94 63 94 61
95 91 97 91 97 95 95 95 95 91
57 49 59 49 59 52 57 52 57 49
55 15 57 15 57 18 55 18 55 15
51 57 53 57 53 60 51 60 51 57
20 69 22 69 22 72 20 72 20 69
50 50 53 50 53 53 50 53 50 50
52 80 55 80 55 83 52 83 52 80
74 16 76 16 76 18 74 18 74 16
65 63 67 63 67 66 65 66 65 63
78 75 80 75 80 78 78 78 78 75
33 8 36 8 36 11 33 11 33 8
77 93 79 93 79 97 77 97 77 93
93 83 96 83 96 86 93 86 93 83
19 81 23 81 23 85 19 85 19 81
44 9 46 9 46 11 44 11 44 9
85 55 87 55 87 58 85 58 85 55
7 42 10 42 10 45 7 45 7 42
19 4 22 4 22 8 19 8 19 4
50 29 53 29 53 32 50 32 50 29
23 52 27 52 27 55 23 55 23 52
69 60 73 60 73 62 69 62 69 60
64 93 67 93 67 95 64 95 64 93
34 51 38 51 38 55 34 55 34 51
80 35 83 35 83 37 80 37 80 35
44 74 48 74 48 76 44 76 44 74
40 61 42 61 42 64 40 64 40 61
89 39 93 39 93 42 89 42 89 39
44 63 48 63 48 66 44 66 44 63
20 38 23 38 23 42 20 42 20 38
33 14 37 14 37 17 33 17 33 14
33 44 36 44 36 47 33 47 33 44
15 3 17 3 17 7 15 7 15 3
7 75 9 75 9 79 7 79 7 75
13 57 15 57 15 61 13 61 13 57
64 11 68 11 68 13 64 13 64 11
56 76 60 76 60 78 56 78 56 76
94 46 96 46 96 49 94 49 94 46
50 33 53 33 53 36 50 36 50 33
60 87 63 87 63 90 60 90 60 87
36 19 38 19 38 23 36 23 36 19
85 36 88 36 88 39 85 39 85 36
82 92 84 92 84 94 82 94 82 92
95 4 98 4 98 7 95 7 95 4
92 92 94 92 94 94 92 94 92 92
11 12 14 12 14 14 11 14 11 12
27 28 29 28 29 30 27 30 27 28
60 15 63 15 63 17 60 17 60 15
33 33 35 33 35 37 33 37 33 33
12 62 14 62 14 66 12 66 12 62
6 64 9 64 9 66 6 66 6 64
93 72 95 72 95 74 93 74 93 72
80 23 84 23 84 26 80 26 80 23
85 16 88 16 88 20 85 20 85 16
10 32 12 32 12 34 10 34 10 32
58 35 60 35 60 37 58 37 58 35
70 96 73 96 73 98 70 98 70 96
19 46 21 46 21 49 19 49 19 46
63 43 67 43 67 46 63 46 63 43
42 39 45 39 45 41 42 41 42 39
78 3 81 3 81 5 78 5 78 3
54 59 56 59 56 61 54 61 54 59
66 18 68 18 68 20 66 20 66 18
58 25 62 25 62 28 58 28 58 25
35 71 38 71 38 73 35 73 35 71
75 42 77 42 77 45 75 45 75 42
89 95 92 95 92 97 89 97 89 95
13 19 17 19 17 22 13 22 13 19
37 45 41 45 41 49 37 49 37 45
55 6 59 6 59 8 55 8 55 6
26 87 30 87 30 90 26 90 26 87
63 39 66 39 66 41 63 41 63 39
33 28 37 28 37 30 33 30 33 28
74 87 77 87 77 90 74 90 74 87
48 56 50 56 50 58 48 58 48 56
26 15 28 15 28 18 26 18 26 15
83 78 86 78 86 80 83 80 83 78
70 19 73 19 73 21 70 21 70 19
90 8 92 8 92 12 90 12 90 8
51 94 53 94 53 97 51 97 51 94
71 92 73 92 73 94 71 94 71 92
86 46 89 46 89 48 86 48 86 46
40 78 43 78 43 81 40 81 40 78
92 53 96 53 96 55 92 55 92 53
91 19 94 19 94 23 91 23 91 19
11 3 14 3 14 7 11 7 11 3
13 77 16 77 16 80 13 80 13 77
60 68 62 68 62 72 60 72 60 68
47 41 49 41 49 44 47 44 47 41
32 23 35 23 35 25 32 25 32 23
23 24 27 24 27 27 23 27 23 24
21 87 25 87 25 89 21 89 21 87
17 60 20 60 20 63 17 63 17 60
11 42 13 42 13 45 11 45 11 42
52 12 54 12 54 15 52 15 52 12
31 57 33 57 33 60 31 60 31 57
7 11 10 11 10 14 7 14 7 11
91 24 93 24 93 28 91 28 91 24
81 38 83 38 83 41 81 41 81 38
82 82 86 82 86 85 82 85 82 82
7 26 9 26 9 28 7 28 7 26
93 64 96 64 96 68 93 68 93 64
18 26 20 26 20 28 18 28 18 26
34 63 38 63 38 66 34 66 34 63
16 87 19 87 19 90 16 90 16 87
10 67 13 67 13 69 10 69 10 67
41 83 44 83 44 85 41 85 41 83
74 51 78 51 78 54 74 54 74 51
78 13 80 13 80 15 78 15 78 13
2 23 6 23 6 25 2 25 2 23
3 56 5 56 5 59 3 59 3 56
72 2 75 2 75 5 72 5 72 2
20 64 23 64 23 67 20 67 20 64
53 45 56 45 56 48 53 48 53 45
69 54 72 54 72 57 69 57 69 54
51 20 53 20 53 24 51 24 51 20
3 19 7 19 7 22 3 22 3 19
65 28 67 28 67 30 65 30 65 28
49 63 51 63 51 67 49 67 49 63
8 56 10 56 10 59 8 59 8 56
71 35 73 35 73 38 71 38 71 35
63 67 66 67 66 70 63 70 63 67
25 19 28 19 28 21 25 21 25 19
32 93 34 93 34 95 32 95 32 93
39 66 41 66 41 68 39 68 39 66
34 80 37 80 37 82 34 82 34 80
8 36 11 36 11 39 8 39 8 36
68 50 72 50 72 52 68 52 68 50
18 77 21 77 21 79 18 79 18 77
63 77 67 77 67 81 63 81 63 77
24 39 28 39 28 42 24 42 24 39
90 58 92 58 92 62 90 62 90 58
70 68 72 68 72 72 70 72 70 68
42 68 45 68 45 71 42 71 42 68
48 78 50 78 50 80 48 80 48 78
22 19 24 19 24 21 22 21 22 19
75 76 77 76 77 80 75 80 75 76
52 54 56 54 56 56 52 56 52 54
6 3 10 3 10 7 6 7 6 3
87 50 91 50 91 53 87 53 87 50
91 78 95 78 95 82 91 82 91 78
24 79 27 79 27 82 24 82 24 79
69 15 73 15 73 18 69 18 69 15
12 46 16 46 16 48 12 48 12 46
58 62 60 62 60 65 58 65 58 62
28 11 31 11 31 13 28 13 28 11
65 89 69 89 69 91 65 91 65 89
54 2 58 2 58 4 54 4 54 2
51 2 53 2 53 4 51 4 51 2
88 89 90 89 90 92 88 92 88 89
38 94 40 94 40 98 38 98 38 94
46 88 48 88 48 92 46 92 46 88
37 11 39 11 39 13 37 13 37 11
43 13 47 13 47 16 43 16 43 13
59 19 62 19 62 23 59 23 59 19
3 48 5 48 5 51 3 51 3 48
68 76 70 76 70 79 68 79 68 76
89 4 92 4 92 6 89 6 89 4
2 85 4 85 4 88 2 88 2 85
30 31 32 31 32 34 30 34 30 31
30 4 33 4 33 7 30 7 30 4
27 83 29 83 29 85 27 85 27 83
74 48 76 48 76 50 74 50 74 48
55 63 57 63 57 65 55 65 55 63
46 93 49 93 49 95 46 95 46 93
57 9 59 9 59 13 57 13 57 9
85 31 88 31 88 35 85 35 85 31
70 81 74 81 74 83 70 83 70 81
61 10 63 10 63 12 61 12 61 10
46 27 48 27 48 31 46 31 46 27
12 95 14 95 14 97 12 97 12 95
41 50 44 50 44 53 41 53 41 50
45 19 47 19 47 22 45 22 45 19
38 33 41 33 41 35 38 35 38 33
37 56 39 56 39 60 37 60 37 56
49 73 51 73 51 75 49 75 49 73
15 94 19 94 19 97 15 97 15 94
13 23 16 23 16 27 13 27 13 23
25 66 27 66 27 68 25 68 25 66
25 3 28 3 28 6 25 6 25 3
78 6 82 6 82 8 78 8 78 6
18 54 21 54 21 56 18 56 18 54
79 83 81 83 81 86 79 86 79 83
94 10 98 10 98 13 94 13 94 10
78 39 80 39 80 41 78 41 78 39
27 74 30 74 30 77 27 77 27 74
18 21 20 21 20 24 18 24 18 21
14 49 16 49 16 53 14 53 14 49
49 46 52 46 52 48 49 48 49 46
93 16 95 16 95 18 93 18 93 16
23 70 25 70 25 74 23 74 23 70
