45 83 47 83 47 86 45 86 45 83
78 4 82 4 82 6 78 6 78 4
18 52 21 52 21 54 18 54 18 52
81 20 83 20 83 23 81 23 81 20
25 84 29 84 29 87 25 87 25 84
39 90 42 90 42 93 39 93 39 90
21 35 23 35 23 38 21 38 21 35
39 83 42 83 42 87 39 87 39 83
36 88 38 88 38 92 36 92 36 88
9 48 12 48 12 50 9 50 9 48
33 81 37 81 37 83 33 83 33 81
72 44 74 44 74 46 72 46 72 44
36 70 39 70 39 74 36 74 36 70
5 53 8 53 8 56 5 56 5 53
37 24 41 24 41 26 37 26 37 24
13 2 15 2 15 6 13 6 13 2
50 18 54 18 54 21 50 21 50 18
6 86 9 86 9 90 6 90 6 86
84 84 86 84 86 88 84 88 84 84
54 89 57 89 57 93 54 93 54 89
42 36 46 36 46 38 42 38 42 36
61 7 65 7 65 10 61 10 61 7
63 55 66 55 66 58 63 58 63 55
17 2 19 2 19 5 17 5 17 2
89 18 93 18 93 22 89 22 89 18
2 74 5 74 5 78 2 78 2 74
63 74 65 74 65 76 63 76 63 74
10 22 14 22 14 26 10 26 10 22
30 38 33 38 33 41 30 41 30 38
84 44 87 44 87 46 84 46 84 44
50 46 53 46 53 49 50 49 50 46
64 17 68 17 68 19 64 19 64 17
92 9 95 9 95 11 92 11 92 9
64 48 68 48 68 52 64 52 64 48
87 13 91 13 91 16 87 16 87 13
57 37 60 37 60 39 57 39 57 37
85 31 88 31 88 35 85 35 85 31
79 46 82 46 82 50 79 50 79 46
94 44 98 44 98 47 94 47 94 44
58 75 60 75 60 78 58 78 58 75
12 73 16 73 16 77 12 77 12 73
75 8 78 8 78 12 75 12 75 8
55 58 58 58 58 62 55 62 55 58
3 38 6 38 6 40 3 40 3 38
13 85 15 85 15 89 13 89 13 85
58 50 61 50 61 52 58 52 58 50
64 77 67 77 67 80 64 80 64 77
16 86 20 86 20 89 16 89 16 86
95 38 98 38 98 41 95 41 95 38
17 39 21 39 21 41 17 41 17 39
90 49 94 49 94 52 90 52 90 49
66 12 70 12 70 14 66 14 66 12
30 23 32 23 32 26 30 26 30 23
77 90 81 90 81 93 77 93 77 90
30 80 32 80 32 84 30 84 30 80
30 11 33 11 33 13 30 13 30 11
72 40 76 40 76 43 72 43 72 40
49 11 51 11 51 15 49 15 49 11
57 20 60 20 60 24 57 24 57 20
11 31 14 31 14 33 11 33 11 31
31 85 33 85 33 89 31 89 31 85
26 31 29 31 29 35 26 35 26 31
57 40 59 40 59 42 57 42 57 40
52 15 54 15 54 17 52 17 52 15
35 3 38 3 38 6 35 6 35 3
34 75 37 75 37 79 34 79 34 75
21 66 24 66 24 68 21 68 21 66
52 83 56 83 56 86 52 86 52 83
71 62 73 62 73 66 71 66 71 62
9 79 12 79 12 82 9 82 9 79
55 47 57 47 57 51 55 51 55 47
46 24 50 24 50 28 46 28 46 24
7 27 9 27 9 31 7 31 7 27
80 72 83 72 83 75 80 75 80 72
66 30 68 30 68 32 66 32 66 30
93 27 96 27 96 29 93 29 93 27
19 55 23 55 23 58 19 58 19 55
86 94 89 94 89 96 86 96 86 94
18 61 20 61 20 64 18 64 18 61
36 35 39 35 39 39 36 39 36 35
47 72 51 72 51 75 47 75 47 72
59 2 63 2 63 5 59 5 59 2
58 27 61 27 61 30 58 30 58 27
22 73 25 73 25 75 22 75 22 73
34 48 38 48 38 51 34 51 34 48
22 27 24 27 24 31 22 31 22 27
53 9 55 9 55 11 53 11 53 9
3 58 5 58 5 60 3 60 3 58
71 27 74 27 74 30 71 30 71 27
59 43 61 43 61 46 59 46 59 43
93 23 95 23 95 25 93 25 93 23
10 44 12 44 12 46 10 46 10 44
20 11 22 11 22 15 20 15 20 11
69 8 71 8 71 11 69 11 69 8
31 15 33 15 33 19 31 19 31 15
43 4 45 4 45 7 43 7 43 4
25 23 29 23 29 26 25 26 25 23
24 91 27 91 27 95 24 95 24 91
12 52 16 52 16 56 12 56 12 52
60 31 64 31 64 35 60 35 60 31
46 51 50 51 50 55 46 55 46 51
55 53 57 53 57 57 55 57 55 53
91 38 93 38 93 42 91 42 91 38
39 48 42 48 42 52 39 52 39 48
32 69 35 69 35 72 32 72 32 69
69 93 72 93 72 95 69 95 69 93
41 56 44 56 44 58 41 58 41 56
73 71 76 71 76 75 73 75 73 71
18 17 20 17 20 20 18 20 18 17
44 90 48 90 48 94 44 94 44 90
60 11 62 11 62 14 60 14 60 11
64 81 66 81 66 83 64 83 64 81
36 66 40 66 40 68 36 68 36 66
57 81 59 81 59 84 57 84 57 81
54 39 56 39 56 41 54 41 54 39
71 19 74 19 74 23 71 23 71 19
88 79 91 79 91 82 88 82 88 79
2 11 5 11 5 14 2 14 2 11
24 17 28 17 28 20 24 20 24 17
36 20 39 20 39 22 36 22 36 20
84 66 88 66 88 70 84 70 84 66
78 27 82 27 82 30 78 30 78 27
5 92 9 92 9 94 5 94 5 92
85 24 89 24 89 28 85 28 85 24
78 20 80 20 80 23 78 23 78 20
41 72 45 72 45 76 41 76 41 72
48 31 51 31 51 34 48 34 48 31
48 76 50 76 50 78 48 78 48 76
57 8 59 8 59 10 57 10 57 8
52 33 54 33 54 35 52 35 52 33
10 18 12 18 12 20 10 20 10 18
20 43 24 43 24 46 20 46 20 43
48 37 51 37 51 40 48 40 48 37
79 38 81 38 81 41 79 41 79 38
69 74 71 74 71 78 69 78 69 74
24 53 26 53 26 55 24 55 24 53
28 90 30 90 30 94 28 94 28 90
90 92 92 92 92 94 90 94 90 92
76 15 79 15 79 17 76 17 76 15
29 51 32 51 32 53 29 53 29 51
39 29 42 29 42 31 39 31 39 29
68 85 71 85 71 87 68 87 68 85
94 63 96 63 96 67 94 67 94 63
14 12 17 12 17 16 14 16 14 12
91 60 95 60 95 62 91 62 91 60
69 5 72 5 72 7 69 7 69 5
91 30 95 30 95 34 91 34 91 30
41 66 45 66 45 68 41 68 41 66
42 12 45 12 45 16 42 16 42 12
72 2 76 2 76 4 72 4 72 2
42 26 44 26 44 28 42 28 42 26
32 34 34 34 34 37 32 37 32 34
16 66 19 66 19 70 16 70 16 66
95 85 98 85 98 87 95 87 95 85
39 62 42 62 42 65 39 65 39 62
29 58 31 58 31 60 29 60 29 58
44 46 48 46 48 49 44 49 44 46
83 49 87 49 87 51 83 51 83 49
78 76 81 76 81 80 78 80 78 76
83 39 85 39 85 43 83 43 83 39
2 30 4 30 4 34 2 34 2 30
45 19 47 19 47 21 45 21 45 19
55 64 58 64 58 66 55 66 55 64
18 26 21 26 21 29 18 29 18 26
73 33 76 33 76 37 73 37 73 33
59 63 63 63 63 65 59 65 59 63
42 41 45 41 45 43 42 43 42 41
22 39 25 39 25 41 22 41 22 39
69 51 71 51 71 55 69 55 69 51
68 66 70 66 70 70 68 70 68 66
62 42 64 42 64 46 62 46 62 42
89 84 92 84 92 86 89 86 89 84
38 44 42 44 42 46 38 46 38 44
21 90 23 90 23 93 21 93 21 90
91 6 93 6 93 8 91 8 91 6
29 5 32 5 32 8 29 8 29 5
49 67 53 67 53 71 49 71 49 67
26 14 30 14 30 16 26 16 26 14
33 53 36 53 36 57 33 57 33 53
79 64 82 64 82 68 79 68 79 64
90 67 93 67 93 70 90 70 90 67
15 46 19 46 19 48 15 48 15 46
15 49 19 49 19 51 15 51 15 49
73 91 75 91 75 93 73 93 73 91
60 53 62 53 62 56 60 56 60 53
90 89 92 89 92 91 90 91 90 89
64 37 66 37 66 40 64 40 64 37
37 94 41 94 41 96 37 96 37 94
80 60 82 60 82 63 80 63 80 60
16 92 20 92 20 95 16 95 16 92
87 10 91 10 91 12 87 12 87 10
82 52 85 52 85 56 82 56 82 52
87 74 91 74 91 77 87 77 87 74
2 5 4 5 4 8 2 8 2 5
30 74 33 74 33 78 30 78 30 74
46 79 49 79 49 81 46 81 46 79
25 59 27 59 27 63 25 63 25 59
6 32 9 32 9 35 6 35 6 32
72 12 74 12 74 16 72 16 72 12
72 78 76 78 76 81 72 81 72 78
64 61 67 61 67 64 64 64 64 61
26 10 28 10 28 13 26 13 26 10
51 91 53 91 53 94 51 94 51 91
26 68 30 68 30 70 26 70 26 68
35 8 37 8 37 12 35 12 35 8
67 42 70 42 70 45 67 45 67 42
86 6 89 6 89 9 86 9 86 6
43 32 46 32 46 35 43 35 43 32
55 75 57 75 57 77 55 77 55 75
30 64 32 64 32 67 30 67 30 64
93 71 95 71 95 74 93 74 93 71
9 9 11 9 11 11 9 11 9 9
64 65 66 65 66 68 64 68 64 65
34 60 36 60 36 62 34 62 34 60
60 92 64 92 64 96 60 96 60 92
76 56 78 56 78 59 76 59 76 56
16 7 19 7 19 11 16 11 16 7
87 60 89 60 89 64 87 64 87 60
4 26 6 26 6 28 4 28 4 26
66 72 68 72 68 75 66 75 66 72
15 63 17 63 17 65 15 65 15 63
80 31 82 31 82 35 80 35 80 31
90 56 92 56 92 58 90 58 90 56
20 7 22 7 22 9 20 9 20 7
50 3 52 3 52 5 50 5 50 3
16 21 18 21 18 25 16 25 16 21
94 93 96 93 96 95 94 95 94 93
94 56 97 56 97 59 94 59 94 56
6 67 8 67 8 69 6 69 6 67
8 41 12 41 12 43 8 43 8 41
70 58 72 58 72 61 70 61 70 58
59 15 63 15 63 19 59 19 59 15
14 96 16 96 16 98 14 98 14 96
72 50 75 50 75 53 72 53 72 50
40 19 42 19 42 23 40 23 40 19
75 66 78 66 78 70 75 70 75 66
17 80 20 80 20 84 17 84 17 80
91 43 93 43 93 45 91 45 91 43
96 22 98 22 98 25 96 25 96 22
7 2 11 2 11 5 7 5 7 2
64 26 68 26 68 28 64 28 64 26
3 95 5 95 5 98 3 98 3 95
49 88 51 88 51 90 49 90 49 88
51 58 53 58 53 62 51 62 51 58
84 81 86 81 86 83 84 83 84 81
80 94 83 94 83 98 80 98 80 94
96 77 98 77 98 80 96 80 96 77
37 40 40 40 40 43 37 43 37 40
56 68 58 68 58 72 56 72 56 68
30 45 33 45 33 47 30 47 30 45
