66 67 70 67 70 70 66 70 66 67
87 35 90 35 90 39 87 39 87 35
6 10 8 10 8 14 6 14 6 10
51 93 55 93 55 97 51 97 51 93
59 28 62 28 62 32 59 32 59 28
86 10 90 10 90 13 86 13 86 10
29 5 33 5 33 9 29 9 29 5
73 42 76 42 76 46 73 46 73 42
78 90 82 90 82 92 78 92 78 90
91 6 93 6 93 9 91 9 91 6
3 41 6 41 6 43 3 43 3 41
70 4 73 4 73 6 70 6 70 4
15 64 18 64 18 67 15 67 15 64
70 47 73 47 73 50 70 50 70 47
25 25 27 25 27 28 25 28 25 25
22 70 24 70 24 74 22 74 22 70
76 12 80 12 80 14 76 14 76 12
54 30 56 30 56 33 54 33 54 30
35 72 38 72 38 76 35 76 35 72
36 35 38 35 38 39 36 39 36 35
70 55 74 55 74 58 70 58 70 55
80 94 82 94 82 96 80 96 80 94
13 42 17 42 17 44 13 44 13 42
72 65 74 65 74 69 72 69 72 65
11 55 15 55 15 59 11 59 11 55
91 31 94 31 94 35 91 35 91 31
4 80 8 80 8 84 4 84 4 80
30 32 32 32 32 35 30 35 30 32
31 71 34 71 34 73 31 73 31 71
27 91 29 91 29 94 27 94 27 91
23 5 25 5 25 9 23 9 23 5
19 47 21 47 21 51 19 51 19 47
31 56 33 56 33 60 31 60 31 56
11 83 14 83 14 87 11 87 11 83
54 77 58 77 58 81 54 81 54 77
69 23 73 23 73 25 69 25 69 23
28 81 31 81 31 83 28 83 28 81
20 79 23 79 23 82 20 82 20 79
27 51 30 51 30 54 27 54 27 51
50 34 54 34 54 36 50 36 50 34
90 2 92 2 92 4 90 4 90 2
85 78 88 78 88 81 85 81 85 78
53 22 57 22 57 24 53 24 53 22
3 21 5 21 5 23 3 23 3 21
40 3 44 3 44 7 40 7 40 3
37 24 39 24 39 28 37 28 37 24
26 84 28 84 28 86 26 86 26 84
63 75 65 75 65 78 63 78 63 75
6 74 9 74 9 77 6 77 6 74
96 64 98 64 98 67 96 67 96 64
85 68 89 68 89 70 85 70 85 68
57 88 61 88 61 90 57 90 57 88
34 61 37 61 37 64 34 64 34 61
46 89 48 89 48 93 46 93 46 89
40 72 42 72 42 76 40 76 40 72
40 20 44 20 44 22 40 22 40 20
9 30 11 30 11 34 9 34 9 30
39 85 43 85 43 87 39 87 39 85
80 6 83 6 83 8 80 8 80 6
9 48 12 48 12 50 9 50 9 48
20 20 23 20 23 24 20 24 20 20
40 90 43 90 43 93 40 93 40 90
20 56 23 56 23 59 20 59 20 56
75 86 77 86 77 88 75 88 75 86
66 60 70 60 70 64 66 64 66 60
81 57 83 57 83 60 81 60 81 57
48 9 52 9 52 13 48 13 48 9
66 23 68 23 68 25 66 25 66 23
7 63 11 63 11 67 7 67 7 63
69 39 73 39 73 41 69 41 69 39
58 48 60 48 60 50 58 50 58 48
58 62 60 62 60 64 58 64 58 62
71 85 74 85 74 89 71 89 71 85
8 4 10 4 10 7 8 7 8 4
75 19 78 19 78 23 75 23 75 19
33 82 35 82 35 86 33 86 33 82
36 89 39 89 39 91 36 91 36 89
44 46 46 46 46 49 44 49 44 46
42 94 44 94 44 96 42 96 42 94
38 77 42 77 42 79 38 79 38 77
66 30 70 30 70 33 66 33 66 30
44 26 48 26 48 28 44 28 44 26
64 79 66 79 66 83 64 83 64 79
35 2 39 2 39 4 35 4 35 2
79 18 82 18 82 21 79 21 79 18
49 86 51 86 51 89 49 89 49 86
84 30 86 30 86 32 84 32 84 30
56 18 60 18 60 20 56 20 56 18
61 42 64 42 64 46 61 46 61 42
73 74 76 74 76 76 73 76 73 74
4 36 7 36 7 40 4 40 4 36
54 13 58 13 58 16 54 16 54 13
39 55 43 55 43 59 39 59 39 55
59 2 61 2 61 4 59 4 59 2
76 35 80 35 80 39 76 39 76 35
72 77 74 77 74 80 72 80 72 77
90 77 94 77 94 79 90 79 90 77
22 35 26 35 26 39 22 39 22 35
31 65 33 65 33 69 31 69 31 65
47 30 50 30 50 32 47 32 47 30
92 41 96 41 96 44 92 44 92 41
66 86 69 86 69 88 66 88 66 86
15 90 17 90 17 92 15 92 15 90
29 46 31 46 31 49 29 49 29 46
53 89 55 89 55 91 53 91 53 89
82 64 86 64 86 66 82 66 82 64
54 42 57 42 57 44 54 44 54 42
73 92 75 92 75 94 73 94 73 92
45 35 48 35 48 38 45 38 45 35
2 61 5 61 5 64 2 64 2 61
77 60 79 60 79 63 77 63 77 60
6 17 9 17 9 19 6 19 6 17
92 83 95 83 95 87 92 87 92 83
81 33 83 33 83 35 81 35 81 33
29 29 31 29 31 31 29 31 29 29
89 88 93 88 93 90 89 90 89 88
69 18 72 18 72 20 69 20 69 18
43 29 45 29 45 33 43 33 43 29
89 46 92 46 92 48 89 48 89 46
13 31 17 31 17 35 13 35 13 31
48 41 51 41 51 45 48 45 48 41
16 83 18 83 18 87 16 87 16 83
55 4 58 4 58 6 55 6 55 4
59 75 61 75 61 78 59 78 59 75
94 6 97 6 97 10 94 10 94 6
2 54 5 54 5 58 2 58 2 54
30 41 32 41 32 44 30 44 30 41
47 50 51 50 51 54 47 54 47 50
59 72 62 72 62 74 59 74 59 72
94 58 97 58 97 60 94 60 94 58
69 8 73 8 73 12 69 12 69 8
68 73 70 73 70 76 68 76 68 73
45 67 48 67 48 70 45 70 45 67
14 73 16 73 16 75 14 75 14 73
66 13 69 13 69 16 66 16 66 13
13 5 15 5 15 7 13 7 13 5
5 29 8 29 8 33 5 33 5 29
17 24 19 24 19 26 17 26 17 24
81 49 84 49 84 51 81 51 81 49
90 67 94 67 94 71 90 71 90 67
7 41 9 41 9 43 7 43 7 41
65 36 68 36 68 39 65 39 65 36
85 55 88 55 88 59 85 59 85 55
15 9 17 9 17 12 15 12 15 9
92 73 95 73 95 75 92 75 92 73
10 60 14 60 14 62 10 62 10 60
11 89 13 89 13 91 11 91 11 89
25 14 29 14 29 16 25 16 25 14
34 14 38 14 38 18 34 18 34 14
51 74 55 74 55 76 51 76 51 74
79 26 82 26 82 29 79 29 79 26
38 82 41 82 41 84 38 84 38 82
36 92 39 92 39 94 36 94 36 92
89 93 92 93 92 96 89 96 89 93
18 38 20 38 20 40 18 40 18 38
45 83 47 83 47 86 45 86 45 83
15 48 18 48 18 52 15 52 15 48
91 51 95 51 95 53 91 53 91 51
41 50 44 50 44 54 41 54 41 50
78 68 80 68 80 71 78 71 78 68
19 61 21 61 21 65 19 65 19 61
57 67 60 67 60 70 57 70 57 67
85 89 88 89 88 92 85 92 85 89
56 35 60 35 60 39 56 39 56 35
85 24 88 24 88 26 85 26 85 24
93 93 95 93 95 97 93 97 93 93
55 58 57 58 57 60 55 60 55 58
25 77 27 77 27 81 25 81 25 77
25 65 29 65 29 68 25 68 25 65
36 29 39 29 39 33 36 33 36 29
38 42 40 42 40 46 38 46 38 42
62 20 65 20 65 24 62 24 62 20
58 8 60 8 60 10 58 10 58 8
59 55 61 55 61 59 59 59 59 55
7 68 11 68 11 70 7 70 7 68
44 79 47 79 47 82 44 82 44 79
53 62 57 62 57 64 53 64 53 62
66 5 68 5 68 9 66 9 66 5
60 94 62 94 62 96 60 96 60 94
87 41 89 41 89 45 87 45 87 41
12 70 14 70 14 72 12 72 12 70
29 18 33 18 33 22 29 22 29 18
2 93 4 93 4 96 2 96 2 93
53 52 57 52 57 55 53 55 53 52
74 31 78 31 78 33 74 33 74 31
80 3 84 3 84 5 80 5 80 3
33 77 35 77 35 81 33 81 33 77
9 24 11 24 11 27 9 27 9 24
94 12 98 12 98 16 94 16 94 12
51 71 53 71 53 73 51 73 51 71
46 57 49 57 49 61 46 61 46 57
4 45 8 45 8 49 4 49 4 45
50 67 54 67 54 70 50 70 50 67
77 5 79 5 79 9 77 9 77 5
27 38 29 38 29 42 27 42 27 38
8 20 11 20 11 22 8 22 8 20
43 13 46 13 46 15 43 15 43 13
65 53 68 53 68 55 65 55 65 53
58 82 62 82 62 85 58 85 58 82
78 49 80 49 80 51 78 51 78 49
19 16 23 16 23 19 19 19 19 16
23 2 27 2 27 4 23 4 23 2
13 20 17 20 17 23 13 23 13 20
2 88 6 88 6 92 2 92 2 88
44 75 47 75 47 77 44 77 44 75
47 94 50 94 50 96 47 96 47 94
54 9 56 9 56 12 54 12 54 9
21 32 23 32 23 34 21 34 21 32
77 53 81 53 81 55 77 55 77 53
14 27 18 27 18 29 14 29 14 27
2 74 4 74 4 78 2 78 2 74
34 21 36 21 36 23 34 23 34 21
18 12 22 12 22 14 18 14 18 12
62 49 66 49 66 52 62 52 62 49
26 72 30 72 30 74 26 74 26 72
33 40 36 40 36 42 33 42 33 40
87 18 89 18 89 21 87 21 87 18
83 75 85 75 85 77 83 77 83 75
16 78 18 78 18 82 16 82 16 78
90 17 92 17 92 21 90 21 90 17
66 93 70 93 70 95 66 95 66 93
30 88 32 88 32 90 30 90 30 88
54 25 58 25 58 27 54 27 54 25
86 14 89 14 89 16 86 16 86 14
79 74 81 74 81 78 79 78 79 74
82 39 85 39 85 43 82 43 82 39
20 8 22 8 22 10 20 10 20 8
47 15 51 15 51 18 47 18 47 15
91 23 95 23 95 26 91 26 91 23
26 95 30 95 30 97 26 97 26 95
70 26 73 26 73 28 70 28 70 26
41 8 44 8 44 10 41 10 41 8
87 72 89 72 89 74 87 74 87 72
26 59 29 59 29 61 26 61 26 59
8 92 12 92 12 94 8 94 8 92
77 43 81 43 81 47 77 47 77 43
10 52 14 52 14 54 10 54 10 52
53 46 55 46 55 50 53 50 53 46
66 46 68 46 68 48 66 48 66 46
22 84 25 84 25 87 22 87 22 84
33 10 35 10 35 12 33 12 33 10
12 14 16 14 16 18 12 18 12 14
74 51 76 51 76 54 74 54 74 51
62 61 65 61 65 65 62 65 62 61
12 8 14 8 14 11 12 11 12 8
31 92 35 92 35 95 31 95 31 92
70 34 72 34 72 36 70 36 70 34
18 3 20 3 20 6 18 6 18 3
95 33 98 33 98 36 95 36 95 33
79 86 81 86 81 89 79 89 79 86
