17 9 21 9 21 12 17 12 17 9
91 11 94 11 94 15 91 15 91 11
18 65 22 65 22 69 18 69 18 65
10 18 14 18 14 22 10 22 10 18
13 42 15 42 15 46 13 46 13 42
92 47 96 47 96 49 92 49 92 47
43 89 45 89 45 93 43 93 43 89
90 53 92 53 92 55 90 55 90 53
63 74 66 74 66 76 63 76 63 74
62 86 66 86 66 90 62 90 62 86
5 52 7 52 7 56 5 56 5 52
94 50 98 50 98 53 94 53 94 50
29 83 31 83 31 86 29 86 29 83
37 67 39 67 39 69 37 69 37 67
41 30 43 30 43 33 41 33 41 30
28 71 32 71 32 74 28 74 28 71
58 10 61 10 61 13 58 13 58 10
62 34 65 34 65 38 62 38 62 34
85 19 89 19 89 22 85 22 85 19
59 28 63 28 63 30 59 30 59 28
12 70 15 70 15 72 12 72 12 70
37 36 41 36 41 39 37 39 37 36
66 5 70 5 70 7 66 7 66 5
77 41 80 41 80 45 77 45 77 41
51 50 53 50 53 54 51 54 51 50
85 81 89 81 89 85 85 85 85 81
45 80 48 80 48 83 45 83 45 80
51 59 55 59 55 61 51 61 51 59
95 56 98 56 98 60 95 60 95 56
17 43 21 43 21 47 17 47 17 43
93 74 97 74 97 78 93 78 93 74
72 3 74 3 74 5 72 5 72 3
84 67 87 67 87 71 84 71 84 67
26 82 28 82 28 84 26 84 26 82
39 93 41 93 41 97 39 97 39 93
69 41 73 41 73 44 69 44 69 41
90 40 93 40 93 43 90 43 90 40
86 63 88 63 88 65 86 65 86 63
46 53 50 53 50 56 46 56 46 53
47 18 49 18 49 22 47 22 47 18
45 60 48 60 48 62 45 62 45 60
20 14 24 14 24 16 20 16 20 14
67 35 69 35 69 38 67 38 67 35
53 42 55 42 55 44 53 44 53 42
71 35 73 35 73 38 71 38 71 35
56 34 59 34 59 38 56 38 56 34
29 9 33 9 33 11 29 11 29 9
44 63 48 63 48 65 44 65 44 63
5 43 9 43 9 45 5 45 5 43
78 68 82 68 82 72 78 72 78 68
47 47 49 47 49 51 47 51 47 47
86 28 88 28 88 32 86 32 86 28
37 2 41 2 41 4 37 4 37 2
66 25 70 25 70 29 66 29 66 25
68 91 71 91 71 94 68 94 68 91
59 42 61 42 61 44 59 44 59 42
89 93 93 93 93 95 89 95 89 93
60 51 64 51 64 55 60 55 60 51
23 91 25 91 25 94 23 94 23 91
19 36 22 36 22 38 19 38 19 36
63 18 65 18 65 22 63 22 63 18
9 25 13 25 13 29 9 29 9 25
95 85 98 85 98 87 95 87 95 85
34 5 38 5 38 9 34 9 34 5
23 47 25 47 25 49 23 49 23 47
73 11 76 11 76 13 73 13 73 11
13 78 15 78 15 82 13 82 13 78
4 60 6 60 6 63 4 63 4 60
7 93 11 93 11 96 7 96 7 93
4 64 6 64 6 66 4 66 4 64
42 21 44 21 44 23 42 23 42 21
49 91 53 91 53 93 49 93 49 91
29 16 32 16 32 20 29 20 29 16
76 53 80 53 80 56 76 56 76 53
46 24 49 24 49 27 46 27 46 24
88 87 90 87 90 91 88 91 88 87
15 35 17 35 17 39 15 39 15 35
33 38 35 38 35 40 33 40 33 38
16 60 18 60 18 64 16 64 16 60
58 74 61 74 61 76 58 76 58 74
20 51 23 51 23 54 20 54 20 51
38 77 40 77 40 81 38 81 38 77
69 82 73 82 73 86 69 86 69 82
21 26 25 26 25 29 21 29 21 26
88 9 90 9 90 12 88 12 88 9
9 4 12 4 12 6 9 6 9 4
78 46 80 46 80 49 78 49 78 46
24 33 27 33 27 37 24 37 24 33
4 23 8 23 8 27 4 27 4 23
19 76 23 76 23 79 19 79 19 76
23 73 25 73 25 75 23 75 23 73
91 67 93 67 93 69 91 69 91 67
15 2 18 2 18 6 15 6 15 2
2 94 4 94 4 96 2 96 2 94
83 30 85 30 85 33 83 33 83 30
62 67 65 67 65 71 62 71 62 67
32 33 35 33 35 36 32 36 32 33
40 56 42 56 42 60 40 60 40 56
86 24 90 24 90 26 86 26 86 24
88 47 91 47 91 50 88 50 88 47
20 57 22 57 22 60 20 60 20 57
81 91 84 91 84 95 81 95 81 91
58 92 60 92 60 94 58 94 58 92
45 68 49 68 49 71 45 71 45 68
5 34 9 34 9 37 5 37 5 34
82 77 86 77 86 80 82 80 82 77
27 25 31 25 31 28 27 28 27 25
17 83 20 83 20 85 17 85 17 83
33 57 37 57 37 61 33 61 33 57
88 2 90 2 90 4 88 4 88 2
27 44 29 44 29 47 27 47 27 44
45 96 49 96 49 98 45 98 45 96
53 85 56 85 56 88 53 88 53 85
29 37 32 37 32 39 29 39 29 37
82 57 84 57 84 60 82 60 82 57
55 69 57 69 57 71 55 71 55 69
65 55 67 55 67 57 65 57 65 55
52 10 54 10 54 14 52 14 52 10
56 2 60 2 60 5 56 5 56 2
40 73 42 73 42 76 40 76 40 73
76 60 79 60 79 62 76 62 76 60
15 27 19 27 19 30 15 30 15 27
37 44 40 44 40 48 37 48 37 44
74 16 76 16 76 18 74 18 74 16
19 91 22 91 22 93 19 93 19 91
82 52 86 52 86 56 82 56 82 52
74 8 77 8 77 10 74 10 74 8
43 3 46 3 46 7 43 7 43 3
63 58 66 58 66 62 63 62 63 58
22 95 24 95 24 97 22 97 22 95
21 19 23 19 23 21 21 21 21 19
68 32 70 32 70 34 68 34 68 32
65 47 68 47 68 51 65 51 65 47
4 14 6 14 6 17 4 17 4 14
9 80 11 80 11 83 9 83 9 80
43 8 45 8 45 11 43 11 43 8
30 43 34 43 34 47 30 47 30 43
76 5 80 5 80 7 76 7 76 5
80 2 83 2 83 4 80 4 80 2
51 7 53 7 53 9 51 9 51 7
72 68 76 68 76 71 72 71 72 68
68 70 71 70 71 74 68 74 68 70
34 30 36 30 36 32 34 32 34 30
20 22 22 22 22 25 20 25 20 22
72 90 74 90 74 93 72 93 72 90
84 37 87 37 87 39 84 39 84 37
57 64 61 64 61 67 57 67 57 64
87 6 90 6 90 8 87 8 87 6
8 12 12 12 12 15 8 15 8 12
2 29 4 29 4 33 2 33 2 29
8 74 10 74 10 77 8 77 8 74
34 62 36 62 36 65 34 65 34 62
96 69 98 69 98 73 96 73 96 69
44 29 48 29 48 31 44 31 44 29
26 62 29 62 29 65 26 65 26 62
81 85 83 85 83 89 81 89 81 85
35 18 38 18 38 22 35 22 35 18
81 45 84 45 84 47 81 47 81 45
75 50 79 50 79 52 75 52 75 50
28 92 30 92 30 94 28 94 28 92
49 74 53 74 53 78 49 78 49 74
38 50 40 50 40 53 38 53 38 50
76 77 78 77 78 79 76 79 76 77
69 54 71 54 71 56 69 56 69 54
35 71 39 71 39 73 35 73 35 71
78 63 81 63 81 65 78 65 78 63
41 40 43 40 43 43 41 43 41 40
74 31 76 31 76 35 74 35 74 31
65 93 67 93 67 97 65 97 65 93
33 53 35 53 35 55 33 55 33 53
88 74 91 74 91 76 88 76 88 74
28 77 32 77 32 79 28 79 28 77
53 16 57 16 57 19 53 19 53 16
35 10 38 10 38 12 35 12 35 10
86 57 88 57 88 60 86 60 86 57
59 7 61 7 61 9 59 9 59 7
74 46 77 46 77 49 74 49 74 46
54 55 58 55 58 58 54 58 54 55
15 52 18 52 18 54 15 54 15 52
89 63 92 63 92 65 89 65 89 63
75 82 78 82 78 84 75 84 75 82
77 14 81 14 81 17 77 17 77 14
42 80 44 80 44 83 42 83 42 80
9 88 12 88 12 91 9 91 9 88
65 42 67 42 67 45 65 45 65 42
58 86 60 86 60 90 58 90 58 86
52 47 54 47 54 49 52 49 52 47
58 14 60 14 60 17 58 17 58 14
6 47 8 47 8 50 6 50 6 47
25 55 28 55 28 59 25 59 25 55
91 31 94 31 94 35 91 35 91 31
55 29 57 29 57 32 55 32 55 29
94 88 97 88 97 90 94 90 94 88
10 36 14 36 14 40 10 40 10 36
16 71 18 71 18 75 16 75 16 71
39 62 42 62 42 66 39 66 39 62
38 25 40 25 40 28 38 28 38 25
7 67 10 67 10 70 7 70 7 67
3 84 6 84 6 87 3 87 3 84
91 4 93 4 93 6 91 6 91 4
56 79 59 79 59 83 56 83 56 79
46 33 49 33 49 35 46 35 46 33
89 59 93 59 93 61 89 61 89 59
68 77 72 77 72 81 68 81 68 77
30 58 32 58 32 62 30 62 30 58
27 48 29 48 29 51 27 51 27 48
71 61 73 61 73 65 71 65 71 61
69 57 72 57 72 60 69 60 69 57
83 12 87 12 87 16 83 16 83 12
13 47 16 47 16 49 13 49 13 47
8 7 12 7 12 9 8 9 8 7
20 2 22 2 22 5 20 5 20 2
96 19 98 19 98 21 96 21 96 19
5 20 8 20 8 22 5 22 5 20
11 59 14 59 14 61 11 61 11 59
32 82 34 82 34 84 32 84 32 82
46 85 48 85 48 89 46 89 46 85
59 71 61 71 61 73 59 73 59 71
22 87 24 87 24 89 22 89 22 87
13 86 16 86 16 89 13 89 13 86
24 76 26 76 26 78 24 78 24 76
51 68 53 68 53 70 51 70 51 68
66 21 68 21 68 24 66 24 66 21
60 48 64 48 64 50 60 50 60 48
39 86 41 86 41 88 39 88 39 86
83 72 85 72 85 75 83 75 83 72
23 5 25 5 25 9 23 9 23 5
94 43 98 43 98 45 94 45 94 43
11 66 13 66 13 69 11 69 11 66
92 22 94 22 94 24 92 24 92 22
28 66 30 66 30 68 28 68 28 66
83 25 85 25 85 27 83 27 83 25
69 49 73 49 73 52 69 52 69 49
33 87 35 87 35 90 33 90 33 87
85 41 89 41 89 45 85 45 85 41
17 31 19 31 19 33 17 33 17 31
75 72 77 72 77 76 75 76 75 72
55 74 57 74 57 76 55 76 55 74
3 5 6 5 6 7 3 7 3 5
53 2 55 2 55 4 53 4 53 2
69 12 71 12 71 15 69 15 69 12
70 45 73 45 73 48 70 48 70 45
3 10 7 10 7 13 3 13 3 10
54 25 57 25 57 27 54 27 54 25
10 48 12 48 12 51 10 51 10 48
4 78 7 78 7 81 4 81 4 78
59 23 63 23 63 26 59 26 59 23
31 67 34 67 34 69 31 69 31 67
68 64 70 64 70 68 68 68 68 64
29 52 32 52 32 54 29 54 29 52
