29 45 32 45 32 48 29 48 29 45
67 10 69 10 69 13 67 13 67 10
15 47 19 47 19 51 15 51 15 47
86 17 88 17 88 21 86 21 86 17
56 5 58 5 58 9 56 9 56 5
83 90 86 90 86 92 83 92 83 90
10 78 13 78 13 80 10 80 10 78
24 58 26 58 26 62 24 62 24 58
11 84 15 84 15 87 11 87 11 84
95 20 97 20 97 22 95 22 95 20
67 4 70 4 70 6 67 6 67 4
2 60 6 60 6 62 2 62 2 60
50 9 53 9 53 12 50 12 50 9
88 74 90 74 90 76 88 76 88 74
32 93 35 93 35 96 32 96 32 93
77 2 81 2 81 4 77 4 77 2
22 27 26 27 26 31 22 31 22 27
31 85 34 85 34 88 31 88 31 85
82 23 86 23 86 25 82 25 82 23
83 38 86 38 86 42 83 42 83 38
47 22 50 22 50 26 47 26 47 22
89 85 93 85 93 89 89 89 89 85
87 94 89 94 89 97 87 97 87 94
22 22 25 22 25 24 22 24 22 22
8 44 12 44 12 46 8 46 8 44
67 40 70 40 70 44 67 44 67 40
79 47 81 47 81 51 79 51 79 47
70 79 74 79 74 82 70 82 70 79
75 10 78 10 78 14 75 14 75 10
63 72 67 72 67 76 63 76 63 72
94 93 96 93 96 96 94 96 94 93
38 47 40 47 40 51 38 51 38 47
88 70 92 70 92 73 88 73 88 70
17 41 21 41 21 45 17 45 17 41
67 50 70 50 70 53 67 53 67 50
19 93 23 93 23 96 19 96 19 93
34 7 38 7 38 10 34 10 34 7
55 59 58 59 58 63 55 63 55 59
29 35 32 35 32 37 29 37 29 35
61 89 63 89 63 93 61 93 61 89
39 57 42 57 42 61 39 61 39 57
51 41 53 41 53 44 51 44 51 41
82 10 84 10 84 14 82 14 82 10
2 68 4 68 4 70 2 70 2 68
4 26 8 26 8 30 4 30 4 26
31 12 35 12 35 16 31 16 31 12
58 42 61 42 61 44 58 44 58 42
52 81 56 81 56 84 52 84 52 81
24 47 26 47 26 50 24 50 24 47
15 59 17 59 17 62 15 62 15 59
59 35 63 35 63 39 59 39 59 35
51 94 53 94 53 98 51 98 51 94
37 82 41 82 41 85 37 85 37 82
10 93 13 93 13 97 10 97 10 93
76 80 79 80 79 82 76 82 76 80
15 5 19 5 19 7 15 7 15 5
91 27 94 27 94 29 91 29 91 27
35 88 39 88 39 91 35 91 35 88
92 58 95 58 95 61 92 61 92 58
32 54 35 54 35 56 32 56 32 54
47 74 49 74 49 76 47 76 47 74
54 15 58 15 58 18 54 18 54 15
42 86 46 86 46 89 42 89 42 86
74 90 78 90 78 94 74 94 74 90
48 32 52 32 52 34 48 34 48 32
86 29 89 29 89 31 86 31 86 29
43 20 46 20 46 22 43 22 43 20
12 67 14 67 14 71 12 71 12 67
82 44 84 44 84 46 82 46 82 44
30 51 32 51 32 53 30 53 30 51
42 72 46 72 46 76 42 76 42 72
25 96 27 96 27 98 25 98 25 96
24 84 28 84 28 88 24 88 24 84
4 19 6 19 6 21 4 21 4 19
68 69 72 69 72 71 68 71 68 69
64 92 68 92 68 95 64 95 64 92
28 13 30 13 30 17 28 17 28 13
32 24 36 24 36 28 32 28 32 24
59 76 62 76 62 80 59 80 59 76
72 85 75 85 75 89 72 89 72 85
54 94 56 94 56 96 54 96 54 94
86 79 90 79 90 81 86 81 86 79
68 29 71 29 71 33 68 33 68 29
38 65 42 65 42 67 38 67 38 65
50 67 52 67 52 71 50 71 50 67
37 78 39 78 39 80 37 80 37 78
48 52 52 52 52 54 48 54 48 52
51 73 54 73 54 75 51 75 51 73
49 59 53 59 53 61 49 61 49 59
38 34 40 34 40 36 38 36 38 34
64 62 67 62 67 66 64 66 64 62
23 64 26 64 26 67 23 67 23 64
48 28 51 28 51 31 48 31 48 28
20 6 24 6 24 8 20 8 20 6
79 18 82 18 82 21 79 21 79 18
16 22 19 22 19 24 16 24 16 22
2 90 6 90 6 92 2 92 2 90
75 76 79 76 79 78 75 78 75 76
26 32 28 32 28 34 26 34 26 32
95 77 98 77 98 79 95 79 95 77
52 47 55 47 55 49 52 49 52 47
86 11 89 11 89 15 86 15 86 11
4 38 7 38 7 40 4 40 4 38
86 44 89 44 89 48 86 48 86 44
18 79 22 79 22 81 18 81 18 79
8 73 10 73 10 76 8 76 8 73
41 12 45 12 45 14 41 14 41 12
66 17 69 17 69 20 66 20 66 17
33 21 35 21 35 23 33 23 33 21
74 37 76 37 76 39 74 39 74 37
49 56 51 56 51 58 49 58 49 56
74 56 76 56 76 60 74 60 74 56
54 11 58 11 58 13 54 13 54 11
33 40 37 40 37 42 33 42 33 40
80 57 83 57 83 60 80 60 80 57
27 29 29 29 29 31 27 31 27 29
54 85 58 85 58 87 54 87 54 85
16 70 20 70 20 73 16 73 16 70
28 91 30 91 30 94 28 94 28 91
57 72 60 72 60 75 57 75 57 72
89 16 91 16 91 19 89 19 89 16
14 32 17 32 17 36 14 36 14 32
63 78 65 78 65 81 63 81 63 78
50 85 53 85 53 89 50 89 50 85
89 54 93 54 93 57 89 57 89 54
71 92 73 92 73 96 71 96 71 92
82 61 84 61 84 64 82 64 82 61
60 2 62 2 62 6 60 6 60 2
87 49 91 49 91 53 87 53 87 49
4 11 8 11 8 14 4 14 4 11
3 48 6 48 6 50 3 50 3 48
61 86 64 86 64 88 61 88 61 86
47 62 50 62 50 65 47 65 47 62
45 17 47 17 47 19 45 19 45 17
19 86 21 86 21 88 19 88 19 86
28 2 32 2 32 4 28 4 28 2
65 83 67 83 67 85 65 85 65 83
59 24 61 24 61 27 59 27 59 24
8 64 10 64 10 67 8 67 8 64
65 34 67 34 67 37 65 37 65 34
35 2 38 2 38 5 35 5 35 2
16 54 20 54 20 57 16 57 16 54
21 51 23 51 23 55 21 55 21 51
71 61 74 61 74 64 71 64 71 61
19 82 22 82 22 84 19 84 19 82
26 8 28 8 28 12 26 12 26 8
87 33 89 33 89 35 87 35 87 33
15 63 17 63 17 67 15 67 15 63
67 88 71 88 71 90 67 90 67 88
73 69 76 69 76 71 73 71 73 69
94 6 96 6 96 8 94 8 94 6
6 34 10 34 10 36 6 36 6 34
22 16 24 16 24 20 22 20 22 16
37 14 40 14 40 18 37 18 37 14
2 56 4 56 4 59 2 59 2 56
89 6 91 6 91 10 89 10 89 6
22 38 24 38 24 40 22 40 22 38
30 78 33 78 33 82 30 82 30 78
53 68 56 68 56 72 53 72 53 68
65 25 68 25 68 28 65 28 65 25
29 70 33 70 33 73 29 73 29 70
38 28 40 28 40 30 38 30 38 28
10 38 14 38 14 40 10 40 10 38
93 42 96 42 96 46 93 46 93 42
53 27 57 27 57 31 53 31 53 27
56 23 58 23 58 26 56 26 56 23
36 43 39 43 39 45 36 45 36 43
73 20 77 20 77 24 73 24 73 20
48 14 50 14 50 18 48 18 48 14
29 74 33 74 33 77 29 77 29 74
67 79 69 79 69 82 67 82 67 79
47 6 49 6 49 9 47 9 47 6
86 2 90 2 90 4 86 4 86 2
18 27 20 27 20 29 18 29 18 27
7 52 10 52 10 55 7 55 7 52
60 47 63 47 63 49 60 49 60 47
9 24 11 24 11 27 9 27 9 24
41 32 44 32 44 34 41 34 41 32
56 88 58 88 58 92 56 92 56 88
7 89 11 89 11 92 7 92 7 89
3 75 5 75 5 79 3 79 3 75
32 64 34 64 34 67 32 67 32 64
81 35 83 35 83 37 81 37 81 35
79 72 82 72 82 75 79 75 79 72
46 91 48 91 48 93 46 93 46 91
5 3 8 3 8 6 5 6 5 3
86 54 88 54 88 58 86 58 86 54
62 41 65 41 65 45 62 45 62 41
19 74 23 74 23 78 19 78 19 74
73 41 77 41 77 45 73 45 73 41
28 25 31 25 31 27 28 27 28 25
90 65 94 65 94 68 90 68 90 65
68 55 70 55 70 58 68 58 68 55
62 23 64 23 64 25 62 25 62 23
10 6 14 6 14 8 10 8 10 6
48 78 50 78 50 81 48 81 48 78
72 4 75 4 75 8 72 8 72 4
54 78 58 78 58 80 54 80 54 78
15 18 18 18 18 20 15 20 15 18
22 33 25 33 25 37 22 37 22 33
63 4 65 4 65 7 63 7 63 4
74 50 77 50 77 54 74 54 74 50
20 13 24 13 24 15 20 15 20 13
12 26 14 26 14 29 12 29 12 26
39 68 42 68 42 70 39 70 39 68
73 32 77 32 77 36 73 36 73 32
23 89 26 89 26 91 23 91 23 89
19 58 21 58 21 61 19 61 19 58
49 36 53 36 53 40 49 40 49 36
29 8 32 8 32 10 29 10 29 8
90 41 92 41 92 44 90 44 90 41
34 17 36 17 36 19 34 19 34 17
43 45 46 45 46 47 43 47 43 45
34 70 37 70 37 73 34 73 34 70
37 75 40 75 40 77 37 77 37 75
63 9 66 9 66 11 63 11 63 9
5 41 7 41 7 44 5 44 5 41
5 85 9 85 9 87 5 87 5 85
26 76 28 76 28 79 26 79 26 76
24 41 28 41 28 45 24 45 24 41
95 49 98 49 98 52 95 52 95 49
14 90 16 90 16 93 14 93 14 90
15 75 17 75 17 79 15 79 15 75
28 95 31 95 31 97 28 97 28 95
44 37 46 37 46 39 44 39 44 37
27 54 30 54 30 57 27 57 27 54
88 59 91 59 91 61 88 61 88 59
18 63 21 63 21 65 18 65 18 63
70 9 72 9 72 12 70 12 70 9
3 22 5 22 5 25 3 25 3 22
96 84 98 84 98 86 96 86 96 84
14 81 17 81 17 83 14 83 14 81
62 26 64 26 64 30 62 30 62 26
45 82 47 82 47 84 45 84 45 82
21 2 25 2 25 5 21 5 21 2
69 25 72 25 72 27 69 27 69 25
30 30 33 30 33 32 30 32 30 30
81 96 83 96 83 98 81 98 81 96
95 27 98 27 98 31 95 31 95 27
94 69 98 69 98 72 94 72 94 69
18 37 21 37 21 39 18 39 18 37
22 10 25 10 25 12 22 12 22 10
41 35 43 35 43 39 41 39 41 35
56 53 59 53 59 56 56 56 56 53
93 11 96 11 96 13 93 13 93 11
79 65 81 65 81 69 79 69 79 65
68 83 71 83 71 86 68 86 68 83
44 28 46 28 46 30 44 30 44 28
7 59 9 59 9 61 7 61 7 59
2 93 5 93 5 96 2 96 2 93
