69 22 71 22 71 24 69 24 69 22
89 69 91 69 91 71 89 71 89 69
13 54 15 54 15 58 13 58 13 54
59 55 63 55 63 59 59 59 59 55
92 79 95 79 95 82 92 82 92 79
29 68 32 68 32 72 29 72 29 68
51 44 54 44 54 46 51 46 51 44
24 50 26 50 26 54 24 54 24 50
19 16 21 16 21 18 19 18 19 16
53 23 56 23 56 25 53 25 53 23
2 44 4 44 4 48 2 48 2 44
13 76 16 76 16 79 13 79 13 76
21 66 23 66 23 68 21 68 21 66
73 82 77 82 77 84 73 84 73 82
89 9 93 9 93 11 89 11 89 9
53 16 57 16 57 18 53 18 53 16
92 90 94 90 94 92 92 92 92 90
56 36 58 36 58 39 56 39 56 36
59 36 62 36 62 38 59 38 59 36
19 23 21 23 21 25 19 25 19 23
45 53 48 53 48 57 45 57 45 53
20 88 22 88 22 91 20 91 20 88
76 26 80 26 80 28 76 28 76 26
16 50 20 50 20 54 16 54 16 50
86 22 89 22 89 26 86 26 86 22
59 15 63 15 63 19 59 19 59 15
38 7 42 7 42 11 38 11 38 7
60 86 64 86 64 89 60 89 60 86
74 91 78 91 78 95 74 95 74 91
51 93 53 93 53 95 51 95 51 93
19 43 22 43 22 47 19 47 19 43
4 8 7 8 7 10 4 10 4 8
23 6 26 6 26 9 23 9 23 6
13 40 17 40 17 43 13 43 13 40
88 45 91 45 91 49 88 49 88 45
42 67 45 67 45 71 42 71 42 67
48 4 51 4 51 6 48 6 48 4
47 59 50 59 50 63 47 63 47 59
43 89 45 89 45 91 43 91 43 89
2 41 5 41 5 43 2 43 2 41
8 26 11 26 11 30 8 30 8 26
30 95 33 95 33 97 30 97 30 95
36 27 40 27 40 31 36 31 36 27
87 76 91 76 91 79 87 79 87 76
22 80 25 80 25 82 22 82 22 80
70 42 72 42 72 46 70 46 70 42
12 11 14 11 14 15 12 15 12 11
37 72 41 72 41 76 37 76 37 72
68 90 70 90 70 92 68 92 68 90
64 35 68 35 68 39 64 39 64 35
16 6 20 6 20 9 16 9 16 6
21 72 24 72 24 75 21 75 21 72
83 35 85 35 85 38 83 38 83 35
8 35 12 35 12 39 8 39 8 35
85 72 88 72 88 75 85 75 85 72
7 41 9 41 9 44 7 44 7 41
47 90 51 90 51 92 47 92 47 90
76 33 79 33 79 37 76 37 76 33
68 52 72 52 72 56 68 56 68 52
9 6 11 6 11 8 9 8 9 6
32 52 36 52 36 56 32 56 32 52
56 83 59 83 59 86 56 86 56 83
16 33 20 33 20 37 16 37 16 33
44 17 46 17 46 21 44 21 44 17
52 68 54 68 54 72 52 72 52 68
10 21 13 21 13 25 10 25 10 21
74 88 76 88 76 90 74 90 74 88
85 58 89 58 89 62 85 62 85 58
33 36 37 36 37 39 33 39 33 36
79 53 81 53 81 57 79 57 79 53
42 43 44 43 44 47 42 47 42 43
2 50 5 50 5 54 2 54 2 50
72 23 75 23 75 25 72 25 72 23
74 72 76 72 76 75 74 75 74 72
68 62 70 62 70 64 68 64 68 62
43 8 47 8 47 10 43 10 43 8
91 95 94 95 94 98 91 98 91 95
58 29 61 29 61 31 58 31 58 29
73 59 76 59 76 61 73 61 73 59
26 30 30 30 30 32 26 32 26 30
93 61 97 61 97 63 93 63 93 61
81 16 83 16 83 18 81 18 81 16
24 35 26 35 26 37 24 37 24 35
30 86 34 86 34 90 30 90 30 86
10 66 14 66 14 70 10 70 10 66
49 30 53 30 53 33 49 33 49 30
60 66 63 66 63 70 60 70 60 66
3 64 5 64 5 67 3 67 3 64
43 27 46 27 46 29 43 29 43 27
94 14 98 14 98 16 94 16 94 14
4 35 7 35 7 38 4 38 4 35
65 93 67 93 67 95 65 95 65 93
89 35 93 35 93 39 89 39 89 35
50 8 53 8 53 12 50 12 50 8
44 33 46 33 46 35 44 35 44 33
26 39 30 39 30 42 26 42 26 39
38 18 40 18 40 22 38 22 38 18
23 15 27 15 27 19 23 19 23 15
24 43 28 43 28 45 24 45 24 43
77 39 79 39 79 43 77 43 77 39
78 17 80 17 80 21 78 21 78 17
35 65 38 65 38 68 35 68 35 65
38 59 41 59 41 63 38 63 38 59
93 54 97 54 97 57 93 57 93 54
85 44 87 44 87 47 85 47 85 44
9 59 13 59 13 63 9 63 9 59
8 50 10 50 10 52 8 52 8 50
18 65 20 65 20 67 18 67 18 65
21 93 23 93 23 96 21 96 21 93
52 34 54 34 54 36 52 36 52 34
94 25 96 25 96 28 94 28 94 25
83 76 85 76 85 79 83 79 83 76
69 14 71 14 71 17 69 17 69 14
82 92 85 92 85 95 82 95 82 92
12 45 16 45 16 48 12 48 12 45
36 23 40 23 40 26 36 26 36 23
36 2 39 2 39 4 36 4 36 2
67 71 69 71 69 73 67 73 67 71
80 63 84 63 84 67 80 67 80 63
48 74 50 74 50 77 48 77 48 74
30 23 34 23 34 27 30 27 30 23
31 30 33 30 33 34 31 34 31 30
22 83 24 83 24 86 22 86 22 83
80 73 82 73 82 76 80 76 80 73
44 93 46 93 46 95 44 95 44 93
25 74 29 74 29 78 25 78 25 74
28 79 31 79 31 82 28 82 28 79
78 79 80 79 80 81 78 81 78 79
63 63 66 63 66 65 63 65 63 63
10 93 13 93 13 96 10 96 10 93
30 46 32 46 32 50 30 50 30 46
27 96 29 96 29 98 27 98 27 96
76 12 79 12 79 14 76 14 76 12
32 5 34 5 34 8 32 8 32 5
84 15 86 15 86 17 84 17 84 15
55 57 57 57 57 61 55 61 55 57
70 2 73 2 73 6 70 6 70 2
27 54 29 54 29 57 27 57 27 54
44 78 46 78 46 82 44 82 44 78
54 87 56 87 56 90 54 90 54 87
45 45 47 45 47 48 45 48 45 45
48 13 52 13 52 16 48 16 48 13
61 2 63 2 63 4 61 4 61 2
16 68 20 68 20 72 16 72 16 68
89 91 91 91 91 94 89 94 89 91
67 6 69 6 69 8 67 8 67 6
9 13 11 13 11 16 9 16 9 13
8 84 12 84 12 86 8 86 8 84
27 34 30 34 30 38 27 38 27 34
88 5 91 5 91 8 88 8 88 5
48 85 52 85 52 88 48 88 48 85
20 38 24 38 24 40 20 40 20 38
33 69 37 69 37 71 33 71 33 69
55 47 59 47 59 50 55 50 55 47
39 37 41 37 41 40 39 40 39 37
52 26 56 26 56 28 52 28 52 26
83 12 87 12 87 14 83 14 83 12
84 51 88 51 88 54 84 54 84 51
64 40 67 40 67 43 64 43 64 40
3 92 5 92 5 96 3 96 3 92
56 40 58 40 58 44 56 44 56 40
15 19 19 19 19 22 15 22 15 19
51 77 53 77 53 79 51 79 51 77
46 36 49 36 49 39 46 39 46 36
85 29 87 29 87 32 85 32 85 29
33 45 35 45 35 48 33 48 33 45
52 51 56 51 56 54 52 54 52 51
71 91 73 91 73 95 71 95 71 91
9 55 11 55 11 58 9 58 9 55
96 82 98 82 98 86 96 86 96 82
15 83 17 83 17 87 15 87 15 83
58 24 62 24 62 28 58 28 58 24
4 56 8 56 8 59 4 59 4 56
42 13 46 13 46 16 42 16 42 13
18 76 20 76 20 79 18 79 18 76
74 64 78 64 78 67 74 67 74 64
5 87 7 87 7 90 5 90 5 87
64 78 66 78 66 81 64 81 64 78
40 51 43 51 43 55 40 55 40 51
42 2 45 2 45 4 42 4 42 2
89 13 93 13 93 16 89 16 89 13
67 30 69 30 69 33 67 33 67 30
6 73 10 73 10 77 6 77 6 73
4 14 7 14 7 18 4 18 4 14
80 41 82 41 82 44 80 44 80 41
32 10 36 10 36 12 32 12 32 10
59 62 62 62 62 64 59 64 59 62
68 80 70 80 70 84 68 84 68 80
62 29 64 29 64 32 62 32 62 29
80 35 82 35 82 38 80 38 80 35
61 46 64 46 64 48 61 48 61 46
73 54 76 54 76 58 73 58 73 54
93 5 95 5 95 8 93 8 93 5
7 46 9 46 9 49 7 49 7 46
13 28 17 28 17 30 13 30 13 28
60 20 63 20 63 23 60 23 60 20
55 92 59 92 59 94 55 94 55 92
26 10 28 10 28 14 26 14 26 10
92 47 95 47 95 50 92 50 92 47
59 9 63 9 63 13 59 13 59 9
30 14 34 14 34 18 30 18 30 14
50 39 53 39 53 41 50 41 50 39
59 95 61 95 61 98 59 98 59 95
71 30 75 30 75 34 71 34 71 30
57 4 59 4 59 8 57 8 57 4
34 57 37 57 37 61 34 61 34 57
55 66 58 66 58 68 55 68 55 66
79 23 81 23 81 25 79 25 79 23
67 57 71 57 71 59 67 59 67 57
3 79 5 79 5 83 3 83 3 79
90 86 93 86 93 88 90 88 90 86
37 89 40 89 40 91 37 91 37 89
92 70 95 70 95 72 92 72 92 70
47 25 51 25 51 27 47 27 47 25
28 2 30 2 30 4 28 4 28 2
24 3 26 3 26 5 24 5 24 3
89 50 91 50 91 54 89 54 89 50
61 75 64 75 64 77 61 77 61 75
28 6 30 6 30 8 28 8 28 6
33 42 37 42 37 44 33 44 33 42
67 68 71 68 71 70 67 70 67 68
15 59 18 59 18 61 15 61 15 59
80 69 83 69 83 71 80 71 80 69
91 19 95 19 95 23 91 23 91 19
74 16 76 16 76 19 74 19 74 16
19 61 23 61 23 63 19 63 19 61
55 32 58 32 58 35 55 35 55 32
90 55 92 55 92 57 90 57 90 55
21 26 23 26 23 30 21 30 21 26
82 29 84 29 84 31 82 31 82 29
42 57 44 57 44 59 42 59 42 57
64 22 67 22 67 24 64 24 64 22
65 26 67 26 67 28 65 28 65 26
51 73 53 73 53 75 51 75 51 73
61 49 65 49 65 53 61 53 61 49
62 5 66 5 66 8 62 8 62 5
85 84 88 84 88 87 85 87 85 84
37 13 40 13 40 16 37 16 37 13
72 26 75 26 75 29 72 29 72 26
53 3 56 3 56 7 53 7 53 3
74 39 76 39 76 41 74 41 74 39
78 86 80 86 80 89 78 89 78 86
40 85 42 85 42 88 40 88 40 85
82 23 85 23 85 26 82 26 82 23
33 75 35 75 35 77 33 77 33 75
40 34 42 34 42 36 40 36 40 34
90 26 92 26 92 29 90 29 90 26
2 70 5 70 5 73 2 73 2 70
44 23 46 23 46 26 44 26 44 23
14 91 16 91 16 94 14 94 14 91
