63 90 66 90 66 93 63 93 63 90
62 70 66 70 66 73 62 73 62 70
53 46 55 46 55 48 53 48 53 46
94 73 97 73 97 75 94 75 94 73
35 55 38 55 38 58 35 58 35 55
66 83 70 83 70 85 66 85 66 83
68 79 70 79 70 82 68 82 68 79
11 46 15 46 15 50 11 50 11 46
36 6 40 6 40 8 36 8 36 6
77 71 79 71 79 75 77 75 77 71
18 25 20 25 20 28 18 28 18 25
40 27 42 27 42 31 40 31 40 27
10 19 14 19 14 23 10 23 10 19
57 10 60 10 60 13 57 13 57 10
81 29 83 29 83 32 81 32 81 29
54 20 57 20 57 22 54 22 54 20
6 88 9 88 9 92 6 92 6 88
16 78 18 78 18 81 16 81 16 78
40 92 44 92 44 95 40 95 40 92
2 84 6 84 6 86 2 86 2 84
86 11 88 11 88 15 86 15 86 11
89 26 93 26 93 28 89 28 89 26
79 36 83 36 83 40 79 40 79 36
26 92 30 92 30 96 26 96 26 92
85 44 89 44 89 47 85 47 85 44
95 58 97 58 97 60 95 60 95 58
56 35 59 35 59 38 56 38 56 35
46 11 49 11 49 14 46 14 46 11
38 76 40 76 40 78 38 78 38 76
13 8 16 8 16 10 13 10 13 8
46 71 50 71 50 75 46 75 46 71
69 48 72 48 72 50 69 50 69 48
7 31 10 31 10 35 7 35 7 31
67 19 69 19 69 21 67 21 67 19
29 72 32 72 32 76 29 76 29 72
81 92 85 92 85 96 81 96 81 92
94 89 97 89 97 93 94 93 94 89
61 46 63 46 63 48 61 48 61 46
95 35 97 35 97 39 95 39 95 35
67 74 70 74 70 77 67 77 67 74
74 79 78 79 78 82 74 82 74 79
68 5 70 5 70 7 68 7 68 5
52 25 55 25 55 28 52 28 52 25
60 56 62 56 62 59 60 59 60 56
31 16 33 16 33 19 31 19 31 16
6 46 10 46 10 50 6 50 6 46
28 63 30 63 30 65 28 65 28 63
42 63 44 63 44 67 42 67 42 63
7 3 11 3 11 7 7 7 7 3
60 20 64 20 64 24 60 24 60 20
67 69 71 69 71 72 67 72 67 69
15 4 18 4 18 7 15 7 15 4
42 19 44 19 44 21 42 21 42 19
24 73 27 73 27 75 24 75 24 73
30 38 34 38 34 42 30 42 30 38
7 23 9 23 9 27 7 27 7 23
27 24 31 24 31 27 27 27 27 24
3 13 6 13 6 15 3 15 3 13
33 26 36 26 36 29 33 29 33 26
90 93 93 93 93 96 90 96 90 93
94 5 96 5 96 9 94 9 94 5
44 68 47 68 47 70 44 70 44 68
21 40 23 40 23 42 21 42 21 40
45 30 48 30 48 32 45 32 45 30
23 68 25 68 25 72 23 72 23 68
90 80 94 80 94 83 90 83 90 80
86 26 88 26 88 28 86 28 86 26
39 50 43 50 43 53 39 53 39 50
80 62 82 62 82 64 80 64 80 62
94 18 98 18 98 20 94 20 94 18
53 94 57 94 57 98 53 98 53 94
50 83 53 83 53 86 50 86 50 83
3 19 6 19 6 23 3 23 3 19
69 38 72 38 72 40 69 40 69 38
46 61 49 61 49 64 46 64 46 61
79 57 81 57 81 59 79 59 79 57
52 7 54 7 54 9 52 9 52 7
78 49 81 49 81 52 78 52 78 49
87 67 91 67 91 71 87 71 87 67
17 50 21 50 21 52 17 52 17 50
37 91 39 91 39 93 37 93 37 91
49 46 51 46 51 49 49 49 49 46
53 67 56 67 56 69 53 69 53 67
26 55 28 55 28 58 26 58 26 55
5 78 9 78 9 81 5 81 5 78
45 50 48 50 48 54 45 54 45 50
86 21 89 21 89 23 86 23 86 21
49 42 53 42 53 45 49 45 49 42
84 35 86 35 86 39 84 39 84 35
82 41 85 41 85 43 82 43 82 41
94 96 97 96 97 98 94 98 94 96
38 36 40 36 40 38 38 38 38 36
14 15 18 15 18 17 14 17 14 15
57 30 61 30 61 33 57 33 57 30
71 43 73 43 73 47 71 47 71 43
42 9 45 9 45 12 42 12 42 9
13 88 16 88 16 91 13 91 13 88
24 60 27 60 27 64 24 64 24 60
75 89 77 89 77 92 75 92 75 89
20 94 24 94 24 96 20 96 20 94
17 83 21 83 21 85 17 85 17 83
26 16 30 16 30 20 26 20 26 16
26 47 29 47 29 49 26 49 26 47
16 68 20 68 20 70 16 70 16 68
31 51 34 51 34 54 31 54 31 51
94 26 96 26 96 29 94 29 94 26
9 74 12 74 12 76 9 76 9 74
17 44 21 44 21 48 17 48 17 44
81 13 83 13 83 16 81 16 81 13
72 83 74 83 74 85 72 85 72 83
6 63 10 63 10 65 6 65 6 63
94 69 98 69 98 71 94 71 94 69
69 63 71 63 71 65 69 65 69 63
51 58 53 58 53 62 51 62 51 58
22 90 24 90 24 92 22 92 22 90
43 23 46 23 46 26 43 26 43 23
8 9 11 9 11 13 8 13 8 9
61 5 63 5 63 9 61 9 61 5
26 10 28 10 28 14 26 14 26 10
46 79 48 79 48 83 46 83 46 79
85 85 88 85 88 88 85 88 85 85
76 93 78 93 78 96 76 96 76 93
17 33 21 33 21 35 17 35 17 33
26 38 28 38 28 40 26 40 26 38
55 49 59 49 59 51 55 51 55 49
49 29 52 29 52 31 49 31 49 29
63 79 65 79 65 81 63 81 63 79
79 81 83 81 83 84 79 84 79 81
14 53 17 53 17 57 14 57 14 53
96 46 98 46 98 50 96 50 96 46
56 82 58 82 58 84 56 84 56 82
81 72 85 72 85 74 81 74 81 72
54 2 58 2 58 4 54 4 54 2
2 41 6 41 6 45 2 45 2 41
23 47 25 47 25 50 23 50 23 47
47 91 50 91 50 94 47 94 47 91
27 68 30 68 30 70 27 70 27 68
65 58 68 58 68 62 65 62 65 58
96 21 98 21 98 24 96 24 96 21
41 83 44 83 44 87 41 87 41 83
71 30 75 30 75 32 71 32 71 30
53 55 57 55 57 57 53 57 53 55
51 12 54 12 54 16 51 16 51 12
14 94 16 94 16 96 14 96 14 94
26 32 30 32 30 34 26 34 26 32
57 25 59 25 59 27 57 27 57 25
61 35 64 35 64 39 61 39 61 35
46 55 48 55 48 58 46 58 46 55
84 62 87 62 87 64 84 64 84 62
72 74 76 74 76 77 72 77 72 74
35 13 39 13 39 15 35 15 35 13
68 54 71 54 71 56 68 56 68 54
11 41 14 41 14 43 11 43 11 41
7 82 9 82 9 84 7 84 7 82
59 87 63 87 63 89 59 89 59 87
29 9 33 9 33 11 29 11 29 9
36 47 38 47 38 49 36 49 36 47
62 29 64 29 64 33 62 33 62 29
2 69 4 69 4 72 2 72 2 69
51 89 53 89 53 92 51 92 51 89
6 51 10 51 10 54 6 54 6 51
37 70 39 70 39 73 37 73 37 70
91 60 93 60 93 63 91 63 91 60
10 14 12 14 12 16 10 16 10 14
65 63 67 63 67 67 65 67 65 63
82 75 85 75 85 79 82 79 82 75
15 59 17 59 17 62 15 62 15 59
73 70 76 70 76 73 73 73 73 70
66 22 69 22 69 24 66 24 66 22
60 64 63 64 63 67 60 67 60 64
76 30 80 30 80 33 76 33 76 30
77 65 81 65 81 69 77 69 77 65
69 13 72 13 72 16 69 16 69 13
35 63 38 63 38 67 35 67 35 63
6 67 10 67 10 69 6 69 6 67
86 96 89 96 89 98 86 98 86 96
69 34 73 34 73 37 69 37 69 34
44 4 46 4 46 8 44 8 44 4
88 16 90 16 90 20 88 20 88 16
26 41 28 41 28 45 26 45 26 41
3 9 6 9 6 11 3 11 3 9
57 5 59 5 59 7 57 7 57 5
41 42 45 42 45 46 41 46 41 42
89 72 93 72 93 75 89 75 89 72
78 21 81 21 81 24 78 24 78 21
11 79 14 79 14 83 11 83 11 79
3 36 5 36 5 40 3 40 3 36
18 87 21 87 21 90 18 90 18 87
27 52 29 52 29 54 27 54 27 52
79 8 82 8 82 10 79 10 79 8
46 19 48 19 48 21 46 21 46 19
17 36 19 36 19 38 17 38 17 36
48 66 50 66 50 68 48 68 48 66
93 43 95 43 95 46 93 46 93 43
33 30 35 30 35 34 33 34 33 30
20 75 22 75 22 78 20 78 20 75
42 14 45 14 45 17 42 17 42 14
19 16 23 16 23 20 19 20 19 16
2 6 5 6 5 8 2 8 2 6
20 61 23 61 23 65 20 65 20 61
85 56 89 56 89 59 85 59 85 56
43 56 45 56 45 58 43 58 43 56
7 60 10 60 10 62 7 62 7 60
89 7 91 7 91 9 89 9 89 7
22 4 25 4 25 7 22 7 22 4
29 28 31 28 31 30 29 30 29 28
47 96 49 96 49 98 47 98 47 96
33 4 35 4 35 7 33 7 33 4
31 62 34 62 34 65 31 65 31 62
36 96 40 96 40 98 36 98 36 96
73 5 75 5 75 7 73 7 73 5
53 77 55 77 55 81 53 81 53 77
61 12 64 12 64 15 61 15 61 12
60 93 62 93 62 97 60 97 60 93
95 83 97 83 97 85 95 85 95 83
64 45 67 45 67 48 64 48 64 45
68 30 70 30 70 32 68 32 68 30
21 8 25 8 25 12 21 12 21 8
35 41 39 41 39 44 35 44 35 41
71 18 74 18 74 20 71 20 71 18
3 95 5 95 5 98 3 98 3 95
58 40 61 40 61 42 58 42 58 40
49 5 51 5 51 9 49 9 49 5
92 33 94 33 94 35 92 35 92 33
30 58 32 58 32 60 30 60 30 58
69 87 71 87 71 91 69 91 69 87
40 39 44 39 44 41 40 41 40 39
11 52 13 52 13 55 11 55 11 52
72 23 75 23 75 26 72 26 72 23
6 37 10 37 10 40 6 40 6 37
15 11 17 11 17 14 15 14 15 11
42 79 45 79 45 81 42 81 42 79
72 65 76 65 76 69 72 69 72 65
51 72 54 72 54 74 51 74 51 72
17 29 19 29 19 32 17 32 17 29
58 74 60 74 60 78 58 78 58 74
89 12 93 12 93 14 89 14 89 12
45 88 47 88 47 90 45 90 45 88
76 58 78 58 78 62 76 62 76 58
90 51 93 51 93 54 90 54 90 51
40 88 42 88 42 91 40 91 40 88
53 39 57 39 57 41 53 41 53 39
2 91 4 91 4 93 2 93 2 91
48 24 51 24 51 26 48 26 48 24
69 92 73 92 73 96 69 96 69 92
15 71 19 71 19 74 15 74 15 71
83 65 86 65 86 68 83 68 83 65
48 36 52 36 52 39 48 39 48 36
16 22 19 22 19 24 16 24 16 22
66 34 68 34 68 37 66 37 66 34
