35 56 37 56 37 58 35 58 35 56
8 23 12 23 12 25 8 25 8 23
46 4 50 4 50 8 46 8 46 4
57 31 59 31 59 35 57 35 57 31
55 19 57 19 57 21 55 21 55 19
41 83 45 83 45 87 41 87 41 83
22 6 26 6 26 9 22 9 22 6
7 64 10 64 10 67 7 67 7 64
69 26 71 26 71 29 69 29 69 26
58 41 61 41 61 44 58 44 58 41
37 26 41 26 41 30 37 30 37 26
45 67 49 67 49 71 45 71 45 67
50 66 54 66 54 69 50 69 50 66
65 41 69 41 69 44 65 44 65 41
47 79 50 79 50 82 47 82 47 79
44 14 46 14 46 16 44 16 44 14
40 63 44 63 44 66 40 66 40 63
5 86 8 86 8 89 5 89 5 86
13 10 16 10 16 13 13 13 13 10
77 29 79 29 79 32 77 32 77 29
51 58 55 58 55 61 51 61 51 58
38 11 42 11 42 14 38 14 38 11
25 65 28 65 28 69 25 69 25 65
28 40 31 40 31 43 28 43 28 40
18 12 22 12 22 16 18 16 18 12
41 45 44 45 44 47 41 47 41 45
3 49 6 49 6 51 3 51 3 49
60 63 64 63 64 65 60 65 60 63
28 24 31 24 31 27 28 27 28 24
64 17 68 17 68 21 64 21 64 17
81 31 83 31 83 34 81 34 81 31
77 65 80 65 80 68 77 68 77 65
10 59 12 59 12 62 10 62 10 59
9 50 13 50 13 53 9 53 9 50
13 83 16 83 16 86 13 86 13 83
8 8 12 8 12 12 8 12 8 8
25 91 28 91 28 94 25 94 25 91
28 35 30 35 30 38 28 38 28 35
84 82 88 82 88 84 84 84 84 82
33 83 36 83 36 86 33 86 33 83
29 87 32 87 32 90 29 90 29 87
78 13 81 13 81 15 78 15 78 13
36 43 39 43 39 46 36 46 36 43
67 85 70 85 70 88 67 88 67 85
68 75 70 75 70 78 68 78 68 75
59 9 61 9 61 12 59 12 59 9
24 49 26 49 26 51 24 51 24 49
19 21 22 21 22 23 19 23 19 21
64 56 66 56 66 60 64 60 64 56
18 29 22 29 22 31 18 31 18 29
53 42 55 42 55 44 53 44 53 42
61 66 65 66 65 70 61 70 61 66
84 71 88 71 88 73 84 73 84 71
75 35 77 35 77 37 75 37 75 35
30 57 34 57 34 60 30 60 30 57
88 21 91 21 91 25 88 25 88 21
89 94 93 94 93 97 89 97 89 94
93 32 97 32 97 36 93 36 93 32
67 90 70 90 70 94 67 94 67 90
20 41 22 41 22 45 20 45 20 41
72 3 74 3 74 5 72 5 72 3
59 72 62 72 62 74 59 74 59 72
67 63 71 63 71 66 67 66 67 63
85 63 89 63 89 67 85 67 85 63
95 74 98 74 98 77 95 77 95 74
85 90 88 90 88 92 85 92 85 90
93 2 96 2 96 5 93 5 93 2
40 48 42 48 42 50 40 50 40 48
77 87 80 87 80 91 77 91 77 87
37 87 39 87 39 89 37 89 37 87
32 15 34 15 34 19 32 19 32 15
90 34 92 34 92 37 90 37 90 34
83 56 85 56 85 58 83 58 83 56
70 80 73 80 73 84 70 84 70 80
68 67 70 67 70 69 68 69 68 67
30 51 34 51 34 54 30 54 30 51
39 73 43 73 43 77 39 77 39 73
89 57 93 57 93 61 89 61 89 57
79 78 82 78 82 80 79 80 79 78
46 35 50 35 50 39 46 39 46 35
87 31 89 31 89 34 87 34 87 31
4 16 8 16 8 20 4 20 4 16
74 88 76 88 76 92 74 92 74 88
52 83 55 83 55 86 52 86 52 83
32 24 35 24 35 27 32 27 32 24
23 20 25 20 25 22 23 22 23 20
74 18 77 18 77 20 74 20 74 18
35 5 38 5 38 9 35 9 35 5
70 70 73 70 73 73 70 73 70 70
59 13 62 13 62 15 59 15 59 13
34 47 38 47 38 49 34 49 34 47
21 74 24 74 24 76 21 76 21 74
12 66 16 66 16 70 12 70 12 66
37 51 41 51 41 54 37 54 37 51
42 38 45 38 45 40 42 40 42 38
67 22 69 22 69 25 67 25 67 22
29 96 33 96 33 98 29 98 29 96
74 23 76 23 76 25 74 25 74 23
58 55 62 55 62 57 58 57 58 55
13 77 16 77 16 81 13 81 13 77
44 25 46 25 46 29 44 29 44 25
22 96 26 96 26 98 22 98 22 96
51 9 54 9 54 13 51 13 51 9
92 48 95 48 95 50 92 50 92 48
13 35 17 35 17 37 13 37 13 35
77 54 81 54 81 56 77 56 77 54
80 5 84 5 84 7 80 7 80 5
95 41 97 41 97 44 95 44 95 41
5 90 9 90 9 92 5 92 5 90
65 35 68 35 68 38 65 38 65 35
57 23 61 23 61 27 57 27 57 23
75 6 77 6 77 8 75 8 75 6
49 50 52 50 52 52 49 52 49 50
6 36 9 36 9 39 6 39 6 36
60 46 63 46 63 49 60 49 60 46
44 31 48 31 48 34 44 34 44 31
88 43 92 43 92 45 88 45 88 43
84 39 88 39 88 41 84 41 84 39
58 94 60 94 60 96 58 96 58 94
75 38 77 38 77 41 75 41 75 38
26 88 28 88 28 90 26 90 26 88
28 30 32 30 32 32 28 32 28 30
15 71 18 71 18 74 15 74 15 71
81 64 84 64 84 68 81 68 81 64
2 22 5 22 5 26 2 26 2 22
36 79 39 79 39 82 36 82 36 79
71 12 75 12 75 15 71 15 71 12
56 62 59 62 59 64 56 64 56 62
89 51 92 51 92 54 89 54 89 51
27 11 31 11 31 15 27 15 27 11
51 77 55 77 55 79 51 79 51 77
26 2 30 2 30 5 26 5 26 2
4 72 8 72 8 76 4 76 4 72
2 58 5 58 5 60 2 60 2 58
9 82 12 82 12 86 9 86 9 82
59 82 63 82 63 86 59 86 59 82
85 6 87 6 87 10 85 10 85 6
81 50 85 50 85 52 81 52 81 50
30 72 34 72 34 74 30 74 30 72
23 24 27 24 27 26 23 26 23 24
72 94 75 94 75 96 72 96 72 94
72 42 75 42 75 45 72 45 72 42
26 53 28 53 28 56 26 56 26 53
55 11 58 11 58 13 55 13 55 11
18 94 20 94 20 96 18 96 18 94
95 90 97 90 97 94 95 94 95 90
13 4 17 4 17 7 13 7 13 4
49 32 51 32 51 34 49 34 49 32
49 44 51 44 51 48 49 48 49 44
27 46 31 46 31 50 27 50 27 46
64 26 68 26 68 29 64 29 64 26
40 88 42 88 42 92 40 92 40 88
14 41 16 41 16 45 14 45 14 41
49 25 51 25 51 28 49 28 49 25
40 96 42 96 42 98 40 98 40 96
23 28 27 28 27 30 23 30 23 28
11 89 15 89 15 92 11 92 11 89
84 44 86 44 86 48 84 48 84 44
85 17 87 17 87 20 85 20 85 17
45 42 48 42 48 44 45 44 45 42
8 47 10 47 10 49 8 49 8 47
37 34 39 34 39 37 37 37 37 34
51 92 55 92 55 94 51 94 51 92
74 75 76 75 76 79 74 79 74 75
67 13 69 13 69 15 67 15 67 13
79 9 83 9 83 12 79 12 79 9
84 94 88 94 88 97 84 97 84 94
10 29 14 29 14 31 10 31 10 29
41 33 43 33 43 36 41 36 41 33
27 16 31 16 31 18 27 18 27 16
78 95 81 95 81 97 78 97 78 95
63 30 65 30 65 32 63 32 63 30
34 93 37 93 37 96 34 96 34 93
47 21 49 21 49 23 47 23 47 21
88 5 90 5 90 7 88 7 88 5
31 67 33 67 33 69 31 69 31 67
71 48 73 48 73 50 71 50 71 48
70 32 72 32 72 34 70 34 70 32
51 19 54 19 54 22 51 22 51 19
25 57 27 57 27 60 25 60 25 57
77 81 79 81 79 85 77 85 77 81
48 89 50 89 50 91 48 91 48 89
18 63 21 63 21 67 18 67 18 63
16 87 18 87 18 90 16 90 16 87
89 11 92 11 92 15 89 15 89 11
19 33 21 33 21 37 19 37 19 33
80 59 83 59 83 61 80 61 80 59
91 82 93 82 93 84 91 84 91 82
50 15 52 15 52 17 50 17 50 15
19 69 21 69 21 73 19 73 19 69
46 10 50 10 50 13 46 13 46 10
24 15 26 15 26 18 24 18 24 15
17 54 20 54 20 57 17 57 17 54
94 57 97 57 97 59 94 59 94 57
76 62 80 62 80 64 76 64 76 62
53 87 55 87 55 89 53 89 53 87
29 81 31 81 31 83 29 83 29 81
7 93 9 93 9 97 7 97 7 93
8 42 10 42 10 44 8 44 8 42
7 56 9 56 9 58 7 58 7 56
48 84 50 84 50 86 48 86 48 84
77 74 81 74 81 77 77 77 77 74
47 56 49 56 49 58 47 58 47 56
53 37 55 37 55 40 53 40 53 37
20 58 24 58 24 60 20 60 20 58
70 37 74 37 74 40 70 40 70 37
45 95 47 95 47 98 45 98 45 95
94 12 96 12 96 14 94 14 94 12
95 9 98 9 98 11 95 11 95 9
7 4 9 4 9 7 7 7 7 4
17 41 19 41 19 43 17 43 17 41
96 37 98 37 98 39 96 39 96 37
80 37 82 37 82 40 80 40 80 37
81 22 85 22 85 25 81 25 81 22
70 52 74 52 74 56 70 56 70 52
69 58 72 58 72 60 69 60 69 58
92 21 94 21 94 24 92 24 92 21
80 19 83 19 83 21 80 21 80 19
58 17 61 17 61 21 58 21 58 17
58 51 62 51 62 54 58 54 58 51
40 6 42 6 42 10 40 10 40 6
35 13 37 13 37 17 35 17 35 13
23 42 26 42 26 45 23 45 23 42
44 48 48 48 48 52 44 52 44 48
2 32 5 32 5 35 2 35 2 32
64 3 67 3 67 5 64 5 64 3
85 79 89 79 89 81 85 81 85 79
37 62 39 62 39 66 37 66 37 62
55 65 57 65 57 67 55 67 55 65
32 61 34 61 34 64 32 64 32 61
66 71 68 71 68 73 66 73 66 71
14 51 17 51 17 53 14 53 14 51
13 60 17 60 17 63 13 63 13 60
85 60 88 60 88 62 85 62 85 60
32 43 35 43 35 46 32 46 32 43
52 24 56 24 56 27 52 27 52 24
64 79 66 79 66 81 64 81 64 79
61 90 63 90 63 92 61 92 61 90
12 14 14 14 14 16 12 16 12 14
14 17 16 17 16 20 14 20 14 17
74 58 77 58 77 60 74 60 74 58
44 20 46 20 46 24 44 24 44 20
94 17 98 17 98 19 94 19 94 17
11 46 14 46 14 48 11 48 11 46
20 79 23 79 23 82 20 82 20 79
35 73 37 73 37 76 35 76 35 73
34 40 38 40 38 42 34 42 34 40
3 9 6 9 6 12 3 12 3 9
63 8 66 8 66 11 63 11 63 8
59 36 61 36 61 40 59 40 59 36
