68 10 70 10 70 13 68 13 68 10
48 10 52 10 52 12 48 12 48 10
3 57 7 57 7 61 3 61 3 57
15 66 17 66 17 70 15 70 15 66
27 8 31 8 31 12 27 12 27 8
84 51 86 51 86 55 84 55 84 51
56 24 58 24 58 27 56 27 56 24
34 11 38 11 38 14 34 14 34 11
22 60 24 60 24 63 22 63 22 60
17 45 20 45 20 49 17 49 17 45
12 85 15 85 15 88 12 88 12 85
93 24 97 24 97 26 93 26 93 24
76 13 79 13 79 15 76 15 76 13
26 47 30 47 30 50 26 50 26 47
72 8 74 8 74 10 72 10 72 8
20 52 23 52 23 56 20 56 20 52
13 46 15 46 15 50 13 50 13 46
92 62 94 62 94 65 92 65 92 62
24 64 26 64 26 66 24 66 24 64
78 26 80 26 80 29 78 29 78 26
73 90 76 90 76 94 73 94 73 90
47 43 50 43 50 46 47 46 47 43
90 30 94 30 94 34 90 34 90 30
93 55 96 55 96 59 93 59 93 55
55 32 59 32 59 36 55 36 55 32
29 25 31 25 31 29 29 29 29 25
62 2 64 2 64 5 62 5 62 2
28 61 30 61 30 63 28 63 28 61
17 6 21 6 21 9 17 9 17 6
39 46 42 46 42 49 39 49 39 46
49 33 53 33 53 35 49 35 49 33
58 92 62 92 62 96 58 96 58 92
60 30 62 30 62 34 60 34 60 30
32 24 36 24 36 26 32 26 32 24
22 3 25 3 25 5 22 5 22 3
65 33 69 33 69 37 65 37 65 33
40 34 44 34 44 37 40 37 40 34
81 8 83 8 83 10 81 10 81 8
41 29 43 29 43 31 41 31 41 29
21 92 25 92 25 96 21 96 21 92
90 38 92 38 92 41 90 41 90 38
83 34 85 34 85 38 83 38 83 34
69 46 72 46 72 48 69 48 69 46
49 92 53 92 53 96 49 96 49 92
84 72 86 72 86 75 84 75 84 72
38 58 40 58 40 61 38 61 38 58
48 3 50 3 50 6 48 6 48 3
37 38 39 38 39 41 37 41 37 38
84 58 87 58 87 61 84 61 84 58
79 40 81 40 81 43 79 43 79 40
33 35 35 35 35 39 33 39 33 35
7 52 10 52 10 54 7 54 7 52
11 89 13 89 13 93 11 93 11 89
87 14 90 14 90 17 87 17 87 14
81 20 84 20 84 23 81 23 81 20
31 88 34 88 34 90 31 90 31 88
40 38 43 38 43 42 40 42 40 38
3 19 6 19 6 22 3 22 3 19
42 8 44 8 44 11 42 11 42 8
29 13 33 13 33 17 29 17 29 13
9 73 12 73 12 77 9 77 9 73
36 64 39 64 39 67 36 67 36 64
23 14 27 14 27 18 23 18 23 14
23 32 25 32 25 36 23 36 23 32
42 18 46 18 46 20 42 20 42 18
75 47 78 47 78 51 75 51 75 47
45 63 49 63 49 66 45 66 45 63
28 94 31 94 31 97 28 97 28 94
9 27 11 27 11 30 9 30 9 27
59 37 61 37 61 40 59 40 59 37
71 22 73 22 73 24 71 24 71 22
40 21 44 21 44 25 40 25 40 21
61 76 65 76 65 78 61 78 61 76
71 71 75 71 75 74 71 74 71 71
27 72 31 72 31 76 27 76 27 72
95 74 98 74 98 76 95 76 95 74
46 24 49 24 49 26 46 26 46 24
80 15 84 15 84 19 80 19 80 15
84 46 88 46 88 48 84 48 84 46
45 13 49 13 49 15 45 15 45 13
28 20 30 20 30 22 28 22 28 20
36 3 39 3 39 7 36 7 36 3
3 27 7 27 7 31 3 31 3 27
58 47 60 47 60 49 58 49 58 47
50 7 54 7 54 9 50 9 50 7
28 33 31 33 31 37 28 37 28 33
36 75 39 75 39 77 36 77 36 75
3 85 6 85 6 87 3 87 3 85
6 62 10 62 10 65 6 65 6 62
66 56 70 56 70 60 66 60 66 56
24 37 26 37 26 39 24 39 24 37
96 83 98 83 98 87 96 87 96 83
46 37 48 37 48 41 46 41 46 37
94 40 98 40 98 42 94 42 94 40
70 2 72 2 72 4 70 4 70 2
14 37 17 37 17 41 14 41 14 37
11 67 14 67 14 69 11 69 11 67
5 72 7 72 7 76 5 76 5 72
79 3 83 3 83 7 79 7 79 3
71 96 73 96 73 98 71 98 71 96
60 9 63 9 63 13 60 13 60 9
41 60 44 60 44 62 41 62 41 60
32 76 35 76 35 79 32 79 32 76
54 29 57 29 57 31 54 31 54 29
33 19 37 19 37 21 33 21 33 19
85 81 88 81 88 84 85 84 85 81
78 62 81 62 81 66 78 66 78 62
71 54 73 54 73 56 71 56 71 54
47 52 49 52 49 54 47 54 47 52
34 58 36 58 36 62 34 62 34 58
15 54 18 54 18 56 15 56 15 54
17 29 20 29 20 33 17 33 17 29
92 94 96 94 96 97 92 97 92 94
79 86 83 86 83 88 79 88 79 86
53 21 55 21 55 23 53 23 53 21
14 93 18 93 18 95 14 95 14 93
73 27 75 27 75 31 73 31 73 27
55 7 59 7 59 11 55 11 55 7
63 85 67 85 67 87 63 87 63 85
42 81 44 81 44 85 42 85 42 81
89 80 93 80 93 83 89 83 89 80
47 58 50 58 50 60 47 60 47 58
52 85 55 85 55 87 52 87 52 85
54 73 57 73 57 76 54 76 54 73
54 16 58 16 58 18 54 18 54 16
19 76 21 76 21 79 19 79 19 76
95 35 97 35 97 38 95 38 95 35
47 16 49 16 49 18 47 18 47 16
81 56 83 56 83 58 81 58 81 56
80 89 83 89 83 93 80 93 80 89
91 84 95 84 95 87 91 87 91 84
50 79 52 79 52 81 50 81 50 79
8 37 10 37 10 40 8 40 8 37
87 2 91 2 91 5 87 5 87 2
10 95 12 95 12 97 10 97 10 95
79 47 81 47 81 51 79 51 79 47
59 69 62 69 62 71 59 71 59 69
71 65 74 65 74 67 71 67 71 65
28 54 30 54 30 56 28 56 28 54
2 94 4 94 4 97 2 97 2 94
61 24 63 24 63 26 61 26 61 24
94 11 98 11 98 15 94 15 94 11
6 23 8 23 8 25 6 25 6 23
22 19 24 19 24 23 22 23 22 19
45 91 48 91 48 94 45 94 45 91
13 75 16 75 16 78 13 78 13 75
14 62 16 62 16 65 14 65 14 62
52 59 56 59 56 63 52 63 52 59
33 8 36 8 36 10 33 10 33 8
75 62 77 62 77 64 75 64 75 62
74 86 76 86 76 89 74 89 74 86
17 84 19 84 19 87 17 87 17 84
18 40 21 40 21 44 18 44 18 40
49 36 51 36 51 39 49 39 49 36
91 47 94 47 94 50 91 50 91 47
40 50 44 50 44 52 40 52 40 50
23 69 26 69 26 73 23 73 23 69
47 69 51 69 51 72 47 72 47 69
39 79 41 79 41 83 39 83 39 79
88 6 92 6 92 10 88 10 88 6
41 76 45 76 45 78 41 78 41 76
35 30 38 30 38 33 35 33 35 30
75 32 77 32 77 35 75 35 75 32
8 66 10 66 10 70 8 70 8 66
65 19 68 19 68 21 65 21 65 19
27 83 30 83 30 86 27 86 27 83
85 10 87 10 87 13 85 13 85 10
75 56 79 56 79 59 75 59 75 56
86 64 90 64 90 67 86 67 86 64
32 67 34 67 34 69 32 69 32 67
10 32 12 32 12 36 10 36 10 32
24 25 27 25 27 27 24 27 24 25
21 45 23 45 23 49 21 49 21 45
11 39 13 39 13 42 11 42 11 39
60 53 64 53 64 57 60 57 60 53
51 45 55 45 55 49 51 49 51 45
69 42 73 42 73 45 69 45 69 42
68 61 72 61 72 64 68 64 68 61
74 76 77 76 77 78 74 78 74 76
15 12 19 12 19 15 15 15 15 12
60 61 64 61 64 63 60 63 60 61
12 12 14 12 14 16 12 16 12 12
12 28 16 28 16 31 12 31 12 28
17 20 21 20 21 23 17 23 17 20
13 79 15 79 15 81 13 81 13 79
88 73 91 73 91 77 88 77 88 73
22 88 26 88 26 90 22 90 22 88
13 24 15 24 15 27 13 27 13 24
7 16 10 16 10 20 7 20 7 16
75 20 77 20 77 24 75 24 75 20
58 43 62 43 62 46 58 46 58 43
68 87 71 87 71 91 68 91 68 87
2 48 6 48 6 51 2 51 2 48
87 50 90 50 90 53 87 53 87 50
93 5 97 5 97 7 93 7 93 5
44 45 46 45 46 47 44 47 44 45
58 83 60 83 60 87 58 87 58 83
28 78 30 78 30 80 28 80 28 78
71 68 75 68 75 70 71 70 71 68
27 65 29 65 29 69 27 69 27 65
42 87 44 87 44 89 42 89 42 87
2 64 4 64 4 67 2 67 2 64
69 82 73 82 73 84 69 84 69 82
8 56 12 56 12 60 8 60 8 56
66 38 68 38 68 40 66 40 66 38
19 57 21 57 21 60 19 60 19 57
64 11 67 11 67 14 64 14 64 11
3 89 7 89 7 91 3 91 3 89
22 8 25 8 25 12 22 12 22 8
66 76 70 76 70 80 66 80 66 76
69 25 71 25 71 29 69 29 69 25
67 95 70 95 70 98 67 98 67 95
78 20 80 20 80 23 78 23 78 20
92 68 95 68 95 70 92 70 92 68
51 24 55 24 55 27 51 27 51 24
57 54 59 54 59 57 57 57 57 54
7 3 10 3 10 5 7 5 7 3
50 52 52 52 52 55 50 55 50 52
46 74 50 74 50 78 46 78 46 74
16 50 19 50 19 52 16 52 16 50
32 94 36 94 36 97 32 97 32 94
29 39 31 39 31 43 29 43 29 39
70 49 74 49 74 53 70 53 70 49
82 40 86 40 86 44 82 44 82 40
33 44 37 44 37 47 33 47 33 44
52 40 56 40 56 43 52 43 52 40
48 20 51 20 51 22 48 22 48 20
56 13 58 13 58 15 56 15 56 13
34 52 38 52 38 55 34 55 34 52
70 35 74 35 74 37 70 37 70 35
86 18 90 18 90 21 86 21 86 18
36 86 40 86 40 88 36 88 36 86
64 23 67 23 67 26 64 26 64 23
31 63 35 63 35 65 31 65 31 63
84 28 87 28 87 31 84 31 84 28
2 80 5 80 5 83 2 83 2 80
66 28 68 28 68 32 66 32 66 28
90 54 92 54 92 58 90 58 90 54
7 9 10 9 10 11 7 11 7 9
77 72 80 72 80 74 77 74 77 72
11 19 15 19 15 23 11 23 11 19
35 27 38 27 38 29 35 29 35 27
35 82 38 82 38 85 35 85 35 82
57 51 59 51 59 53 57 53 57 51
20 65 22 65 22 67 20 67 20 65
32 70 34 70 34 74 32 74 32 70
96 30 98 30 98 33 96 33 96 30
36 68 40 68 40 71 36 71 36 68
96 46 98 46 98 48 96 48 96 46
84 90 86 90 86 92 84 92 84 90
