77 29 79 29 79 33 77 33 77 29
24 29 28 29 28 32 24 32 24 29
14 61 16 61 16 63 14 63 14 61
70 7 74 7 74 9 70 9 70 7
27 18 30 18 30 20 27 20 27 18
60 3 64 3 64 6 60 6 60 3
91 57 95 57 95 60 91 60 91 57
86 14 88 14 88 18 86 18 86 14
43 36 46 36 46 38 43 38 43 36
38 89 41 89 41 92 38 92 38 89
8 51 12 51 12 53 8 53 8 51
48 58 50 58 50 62 48 62 48 58
61 16 64 16 64 18 61 18 61 16
73 45 76 45 76 47 73 47 73 45
37 73 40 73 40 76 37 76 37 73
3 49 6 49 6 51 3 51 3 49
38 54 41 54 41 56 38 56 38 54
5 17 8 17 8 20 5 20 5 17
75 14 78 14 78 17 75 17 75 14
31 64 33 64 33 68 31 68 31 64
9 11 13 11 13 14 9 14 9 11
12 37 15 37 15 41 12 41 12 37
84 90 86 90 86 93 84 93 84 90
45 64 48 64 48 68 45 68 45 64
81 15 84 15 84 17 81 17 81 15
32 83 35 83 35 87 32 87 32 83
94 34 96 34 96 36 94 36 94 34
71 85 75 85 75 88 71 88 71 85
20 42 22 42 22 46 20 46 20 42
33 54 37 54 37 56 33 56 33 54
9 89 13 89 13 92 9 92 9 89
74 93 78 93 78 96 74 96 74 93
36 61 40 61 40 65 36 65 36 61
15 28 18 28 18 31 15 31 15 28
27 78 30 78 30 81 27 81 27 78
14 94 16 94 16 98 14 98 14 94
46 94 50 94 50 97 46 97 46 94
70 31 74 31 74 33 70 33 70 31
20 48 24 48 24 51 20 51 20 48
42 23 46 23 46 27 42 27 42 23
75 72 79 72 79 76 75 76 75 72
67 75 69 75 69 77 67 77 67 75
70 60 73 60 73 64 70 64 70 60
92 7 94 7 94 9 92 9 92 7
55 80 59 80 59 82 55 82 55 80
90 25 92 25 92 29 90 29 90 25
56 75 59 75 59 77 56 77 56 75
82 50 85 50 85 53 82 53 82 50
31 71 34 71 34 74 31 74 31 71
70 13 73 13 73 15 70 15 70 13
39 17 42 17 42 21 39 21 39 17
67 48 71 48 71 50 67 50 67 48
43 91 45 91 45 95 43 95 43 91
57 11 61 11 61 15 57 15 57 11
82 26 85 26 85 28 82 28 82 26
39 51 43 51 43 53 39 53 39 51
49 69 53 69 53 72 49 72 49 69
60 38 62 38 62 42 60 42 60 38
44 42 46 42 46 46 44 46 44 42
54 67 57 67 57 71 54 71 54 67
93 16 95 16 95 20 93 20 93 16
68 4 71 4 71 6 68 6 68 4
89 53 93 53 93 56 89 56 89 53
54 9 56 9 56 13 54 13 54 9
79 37 82 37 82 41 79 41 79 37
32 45 36 45 36 47 32 47 32 45
30 14 34 14 34 17 30 17 30 14
4 87 7 87 7 89 4 89 4 87
18 58 22 58 22 60 18 60 18 58
48 83 52 83 52 85 48 85 48 83
29 37 32 37 32 41 29 41 29 37
51 91 55 91 55 94 51 94 51 91
4 40 6 40 6 42 4 42 4 40
21 63 24 63 24 67 21 67 21 63
21 93 25 93 25 96 21 96 21 93
77 49 79 49 79 52 77 52 77 49
17 75 19 75 19 79 17 79 17 75
15 69 18 69 18 71 15 71 15 69
94 10 98 10 98 12 94 12 94 10
60 75 63 75 63 79 60 79 60 75
94 28 96 28 96 32 94 32 94 28
25 6 27 6 27 8 25 8 25 6
7 62 9 62 9 65 7 65 7 62
38 2 41 2 41 5 38 5 38 2
72 70 74 70 74 74 72 74 72 70
78 85 81 85 81 88 78 88 78 85
44 18 48 18 48 20 44 20 44 18
29 27 31 27 31 31 29 31 29 27
44 5 46 5 46 7 44 7 44 5
71 22 74 22 74 25 71 25 71 22
4 24 7 24 7 27 4 27 4 24
42 48 45 48 45 50 42 50 42 48
6 68 9 68 9 71 6 71 6 68
14 3 17 3 17 7 14 7 14 3
8 81 10 81 10 84 8 84 8 81
50 40 53 40 53 42 50 42 50 40
64 40 66 40 66 42 64 42 64 40
88 35 92 35 92 39 88 39 88 35
82 68 86 68 86 72 82 72 82 68
51 10 53 10 53 14 51 14 51 10
51 79 53 79 53 82 51 82 51 79
21 35 23 35 23 39 21 39 21 35
3 91 7 91 7 93 3 93 3 91
51 58 55 58 55 61 51 61 51 58
82 64 85 64 85 66 82 66 82 64
75 89 77 89 77 92 75 92 75 89
69 92 73 92 73 95 69 95 69 92
92 80 95 80 95 83 92 83 92 80
47 41 49 41 49 45 47 45 47 41
89 79 91 79 91 81 89 81 89 79
69 37 71 37 71 39 69 39 69 37
25 42 29 42 29 44 25 44 25 42
84 19 88 19 88 22 84 22 84 19
9 23 11 23 11 27 9 27 9 23
24 34 26 34 26 37 24 37 24 34
46 12 49 12 49 14 46 14 46 12
31 9 34 9 34 13 31 13 31 9
51 18 54 18 54 20 51 20 51 18
37 94 40 94 40 98 37 98 37 94
2 11 5 11 5 13 2 13 2 11
14 15 17 15 17 18 14 18 14 15
92 46 95 46 95 49 92 49 92 46
40 58 43 58 43 60 40 60 40 58
91 88 93 88 93 92 91 92 91 88
92 40 94 40 94 43 92 43 92 40
68 55 71 55 71 59 68 59 68 55
2 53 6 53 6 56 2 56 2 53
9 42 13 42 13 46 9 46 9 42
67 26 71 26 71 29 67 29 67 26
79 5 83 5 83 8 79 8 79 5
25 63 27 63 27 65 25 65 25 63
2 60 6 60 6 64 2 64 2 60
87 89 90 89 90 93 87 93 87 89
3 31 5 31 5 35 3 35 3 31
56 61 59 61 59 64 56 64 56 61
72 40 76 40 76 42 72 42 72 40
94 64 98 64 98 66 94 66 94 64
63 80 67 80 67 82 63 82 63 80
53 84 56 84 56 87 53 87 53 84
78 19 82 19 82 23 78 23 78 19
21 11 25 11 25 13 21 13 21 11
79 45 83 45 83 47 79 47 79 45
80 82 84 82 84 84 80 84 80 82
20 81 23 81 23 84 20 84 20 81
92 76 96 76 96 78 92 78 92 76
92 69 96 69 96 72 92 72 92 69
51 74 54 74 54 77 51 77 51 74
24 71 26 71 26 74 24 74 24 71
5 4 8 4 8 8 5 8 5 4
16 8 18 8 18 10 16 10 16 8
78 77 80 77 80 81 78 81 78 77
81 9 83 9 83 13 81 13 81 9
63 90 66 90 66 93 63 93 63 90
73 52 76 52 76 55 73 55 73 52
21 4 23 4 23 7 21 7 21 4
9 3 12 3 12 5 9 5 9 3
5 94 7 94 7 98 5 98 5 94
17 34 19 34 19 36 17 36 17 34
68 86 70 86 70 89 68 89 68 86
39 31 42 31 42 33 39 33 39 31
34 58 38 58 38 60 34 60 34 58
26 2 29 2 29 5 26 5 26 2
24 18 26 18 26 20 24 20 24 18
38 79 40 79 40 81 38 81 38 79
64 33 66 33 66 36 64 36 64 33
60 22 62 22 62 24 60 24 60 22
84 73 88 73 88 76 84 76 84 73
63 68 66 68 66 72 63 72 63 68
34 35 36 35 36 39 34 39 34 35
43 70 46 70 46 72 43 72 43 70
38 34 42 34 42 36 38 36 38 34
46 28 49 28 49 31 46 31 46 28
86 60 88 60 88 63 86 63 86 60
24 45 27 45 27 47 24 47 24 45
46 49 48 49 48 53 46 53 46 49
60 58 64 58 64 62 60 62 60 58
2 69 5 69 5 73 2 73 2 69
27 74 29 74 29 77 27 77 27 74
88 84 90 84 90 87 88 87 88 84
81 77 83 77 83 79 81 79 81 77
27 69 29 69 29 72 27 72 27 69
50 46 52 46 52 49 50 49 50 46
56 37 59 37 59 40 56 40 56 37
14 80 17 80 17 84 14 84 14 80
49 86 51 86 51 89 49 89 49 86
93 93 97 93 97 97 93 97 93 93
31 48 34 48 34 51 31 51 31 48
36 9 38 9 38 11 36 11 36 9
39 43 43 43 43 46 39 46 39 43
20 53 22 53 22 56 20 56 20 53
28 58 32 58 32 61 28 61 28 58
88 6 91 6 91 9 88 9 88 6
44 82 46 82 46 84 44 84 44 82
80 60 84 60 84 62 80 62 80 60
17 46 19 46 19 50 17 50 17 46
50 33 53 33 53 37 50 37 50 33
24 52 26 52 26 55 24 55 24 52
16 64 20 64 20 68 16 68 16 64
54 27 57 27 57 30 54 30 54 27
82 33 86 33 86 35 82 35 82 33
31 91 35 91 35 94 31 94 31 91
41 75 45 75 45 77 41 77 41 75
67 18 69 18 69 21 67 21 67 18
36 28 40 28 40 30 36 30 36 28
22 24 26 24 26 26 22 26 22 24
17 23 20 23 20 27 17 27 17 23
41 83 43 83 43 85 41 85 41 83
75 59 79 59 79 63 75 63 75 59
16 51 18 51 18 54 16 54 16 51
68 70 70 70 70 74 68 74 68 70
29 24 33 24 33 26 29 26 29 24
35 67 39 67 39 69 35 69 35 67
3 81 7 81 7 83 3 83 3 81
86 95 90 95 90 97 86 97 86 95
72 17 74 17 74 20 72 20 72 17
55 18 59 18 59 21 55 21 55 18
7 74 11 74 11 78 7 78 7 74
61 64 65 64 65 66 61 66 61 64
43 88 45 88 45 90 43 90 43 88
83 87 85 87 85 89 83 89 83 87
43 78 45 78 45 81 43 81 43 78
64 29 66 29 66 31 64 31 64 29
94 86 97 86 97 90 94 90 94 86
59 87 63 87 63 89 59 89 59 87
57 55 59 55 59 57 57 57 57 55
35 40 37 40 37 43 35 43 35 40
47 73 50 73 50 75 47 75 47 73
58 90 61 90 61 92 58 92 58 90
84 44 87 44 87 47 84 47 84 44
89 44 91 44 91 47 89 47 89 44
58 69 62 69 62 71 58 71 58 69
54 44 57 44 57 47 54 47 54 44
2 45 6 45 6 47 2 47 2 45
89 49 91 49 91 51 89 51 89 49
93 2 95 2 95 5 93 5 93 2
3 76 6 76 6 78 3 78 3 76
96 54 98 54 98 57 96 57 96 54
33 20 37 20 37 23 33 23 33 20
58 30 60 30 60 32 58 32 58 30
36 86 39 86 39 88 36 88 36 86
17 72 21 72 21 74 17 74 17 72
11 7 13 7 13 10 11 10 11 7
60 94 63 94 63 96 60 96 60 94
48 6 50 6 50 10 48 10 48 6
89 75 91 75 91 77 89 77 89 75
7 28 10 28 10 30 7 30 7 28
80 93 83 93 83 95 80 95 80 93
23 14 27 14 27 17 23 17 23 14
49 3 52 3 52 5 49 5 49 3
17 41 19 41 19 45 17 45 17 41
