71 3 75 3 75 5 71 5 71 3
62 22 65 22 65 26 62 26 62 22
24 92 27 92 27 95 24 95 24 92
77 3 80 3 80 7 77 7 77 3
96 36 98 36 98 39 96 39 96 36
94 59 97 59 97 63 94 63 94 59
31 65 33 65 33 69 31 69 31 65
68 13 70 13 70 17 68 17 68 13
36 66 39 66 39 70 36 70 36 66
29 15 31 15 31 19 29 19 29 15
51 29 54 29 54 32 51 32 51 29
89 26 92 26 92 28 89 28 89 26
48 9 52 9 52 13 48 13 48 9
74 74 77 74 77 78 74 78 74 74
87 75 89 75 89 79 87 79 87 75
41 57 43 57 43 61 41 61 41 57
82 5 84 5 84 8 82 8 82 5
20 21 24 21 24 24 20 24 20 21
51 88 54 88 54 90 51 90 51 88
15 32 18 32 18 36 15 36 15 32
41 80 43 80 43 83 41 83 41 80
90 50 94 50 94 53 90 53 90 50
55 80 59 80 59 84 55 84 55 80
2 24 5 24 5 27 2 27 2 24
13 68 15 68 15 72 13 72 13 68
67 35 69 35 69 38 67 38 67 35
61 18 64 18 64 21 61 21 61 18
79 48 82 48 82 50 79 50 79 48
24 60 27 60 27 64 24 64 24 60
28 80 30 80 30 83 28 83 28 80
67 57 70 57 70 61 67 61 67 57
92 30 95 30 95 33 92 33 92 30
48 20 52 20 52 22 48 22 48 20
55 75 59 75 59 77 55 77 55 75
35 18 38 18 38 20 35 20 35 18
40 65 42 65 42 67 40 67 40 65
25 84 29 84 29 87 25 87 25 84
40 18 44 18 44 22 40 22 40 18
47 91 50 91 50 95 47 95 47 91
74 87 76 87 76 89 74 89 74 87
53 11 56 11 56 14 53 14 53 11
37 37 40 37 40 41 37 41 37 37
22 25 25 25 25 28 22 28 22 25
44 56 47 56 47 59 44 59 44 56
84 32 86 32 86 36 84 36 84 32
95 46 97 46 97 48 95 48 95 46
83 82 85 82 85 86 83 86 83 82
7 55 10 55 10 59 7 59 7 55
11 27 15 27 15 31 11 31 11 27
59 58 63 58 63 60 59 60 59 58
21 6 25 6 25 10 21 10 21 6
57 28 60 28 60 31 57 31 57 28
38 33 41 33 41 35 38 35 38 33
60 5 62 5 62 8 60 8 60 5
63 75 67 75 67 77 63 77 63 75
82 88 86 88 86 91 82 91 82 88
60 34 63 34 63 38 60 38 60 34
8 82 11 82 11 86 8 86 8 82
64 59 66 59 66 61 64 61 64 59
75 80 78 80 78 84 75 84 75 80
69 53 72 53 72 56 69 56 69 53
85 6 88 6 88 10 85 10 85 6
78 76 81 76 81 78 78 78 78 76
36 42 38 42 38 45 36 45 36 42
40 43 42 43 42 46 40 46 40 43
75 65 77 65 77 67 75 67 75 65
61 10 64 10 64 13 61 13 61 10
22 29 24 29 24 32 22 32 22 29
29 37 31 37 31 40 29 40 29 37
33 38 35 38 35 41 33 41 33 38
7 14 11 14 11 16 7 16 7 14
80 41 83 41 83 45 80 45 80 41
52 64 55 64 55 68 52 68 52 64
44 65 48 65 48 68 44 68 44 65
95 17 97 17 97 21 95 21 95 17
54 18 57 18 57 21 54 21 54 18
50 58 54 58 54 60 50 60 50 58
36 76 40 76 40 79 36 79 36 76
60 44 64 44 64 46 60 46 60 44
60 81 64 81 64 85 60 85 60 81
63 39 66 39 66 41 63 41 63 39
80 13 83 13 83 16 80 16 80 13
58 71 62 71 62 73 58 73 58 71
73 90 76 90 76 94 73 94 73 90
72 46 75 46 75 48 72 48 72 46
71 14 73 14 73 18 71 18 71 14
3 75 7 75 7 77 3 77 3 75
89 59 92 59 92 61 89 61 89 59
30 51 32 51 32 54 30 54 30 51
42 6 44 6 44 9 42 9 42 6
64 3 66 3 66 7 64 7 64 3
2 89 4 89 4 92 2 92 2 89
65 70 68 70 68 74 65 74 65 70
46 3 50 3 50 5 46 5 46 3
25 42 29 42 29 46 25 46 25 42
53 49 55 49 55 52 53 52 53 49
20 44 23 44 23 48 20 48 20 44
17 76 20 76 20 79 17 79 17 76
79 59 82 59 82 62 79 62 79 59
42 75 46 75 46 78 42 78 42 75
91 90 93 90 93 92 91 92 91 90
35 85 39 85 39 88 35 88 35 85
14 4 17 4 17 8 14 8 14 4
4 51 7 51 7 53 4 53 4 51
40 12 44 12 44 16 40 16 40 12
43 90 46 90 46 92 43 92 43 90
7 46 10 46 10 49 7 49 7 46
88 55 92 55 92 57 88 57 88 55
88 13 91 13 91 15 88 15 88 13
67 66 70 66 70 69 67 69 67 66
88 21 92 21 92 25 88 25 88 21
64 93 67 93 67 96 64 96 64 93
53 3 55 3 55 5 53 5 53 3
85 12 87 12 87 14 85 14 85 12
30 29 33 29 33 31 30 31 30 29
32 3 36 3 36 6 32 6 32 3
20 53 22 53 22 55 20 55 20 53
39 28 42 28 42 30 39 30 39 28
73 35 77 35 77 37 73 37 73 35
45 52 47 52 47 55 45 55 45 52
50 23 52 23 52 27 50 27 50 23
91 77 95 77 95 80 91 80 91 77
86 46 88 46 88 50 86 50 86 46
11 56 14 56 14 58 11 58 11 56
3 62 6 62 6 65 3 65 3 62
47 84 51 84 51 87 47 87 47 84
44 36 47 36 47 39 44 39 44 36
14 86 16 86 16 88 14 88 14 86
32 8 36 8 36 10 32 10 32 8
67 47 71 47 71 49 67 49 67 47
4 34 6 34 6 37 4 37 4 34
67 22 69 22 69 25 67 25 67 22
7 18 10 18 10 22 7 22 7 18
7 95 11 95 11 98 7 98 7 95
85 95 87 95 87 98 85 98 85 95
91 93 95 93 95 96 91 96 91 93
26 26 28 26 28 30 26 30 26 26
21 38 23 38 23 40 21 40 21 38
61 90 64 90 64 92 61 92 61 90
83 52 87 52 87 55 83 55 83 52
2 70 4 70 4 73 2 73 2 70
70 76 73 76 73 78 70 78 70 76
35 62 39 62 39 64 35 64 35 62
91 71 95 71 95 74 91 74 91 71
6 91 8 91 8 93 6 93 6 91
37 51 40 51 40 55 37 55 37 51
37 81 40 81 40 84 37 84 37 81
68 30 70 30 70 33 68 33 68 30
48 72 52 72 52 76 48 76 48 72
64 52 66 52 66 55 64 55 64 52
3 17 6 17 6 20 3 20 3 17
26 21 28 21 28 25 26 25 26 21
57 92 59 92 59 94 57 94 57 92
95 83 97 83 97 87 95 87 95 83
73 52 75 52 75 56 73 56 73 52
3 85 6 85 6 87 3 87 3 85
57 88 60 88 60 90 57 90 57 88
19 87 23 87 23 89 19 89 19 87
69 89 71 89 71 92 69 92 69 89
6 41 8 41 8 44 6 44 6 41
28 63 30 63 30 65 28 65 28 63
42 84 45 84 45 87 42 87 42 84
56 39 59 39 59 42 56 42 56 39
80 19 82 19 82 23 80 23 80 19
91 82 93 82 93 86 91 86 91 82
33 47 35 47 35 51 33 51 33 47
69 9 73 9 73 11 69 11 69 9
50 77 52 77 52 81 50 81 50 77
59 63 61 63 61 66 59 66 59 63
33 33 36 33 36 36 33 36 33 33
14 45 16 45 16 48 14 48 14 45
52 44 54 44 54 48 52 48 52 44
72 25 76 25 76 27 72 27 72 25
71 79 73 79 73 83 71 83 71 79
4 6 6 6 6 10 4 10 4 6
28 91 31 91 31 94 28 94 28 91
25 48 27 48 27 51 25 51 25 48
73 22 75 22 75 24 73 24 73 22
71 61 75 61 75 63 71 63 71 61
16 54 18 54 18 58 16 58 16 54
75 28 77 28 77 31 75 31 75 28
14 59 18 59 18 61 14 61 14 59
85 2 88 2 88 4 85 4 85 2
23 2 27 2 27 4 23 4 23 2
84 37 86 37 86 39 84 39 84 37
28 69 30 69 30 71 28 71 28 69
6 31 9 31 9 33 6 33 6 31
35 89 38 89 38 92 35 92 35 89
7 62 9 62 9 66 7 66 7 62
58 48 62 48 62 51 58 51 58 48
46 46 48 46 48 49 46 49 46 46
89 37 92 37 92 41 89 41 89 37
95 12 97 12 97 15 95 15 95 12
80 33 83 33 83 35 80 35 80 33
85 70 88 70 88 72 85 72 85 70
65 62 67 62 67 64 65 64 65 62
44 23 46 23 46 26 44 26 44 23
86 61 88 61 88 63 86 63 86 61
95 8 98 8 98 11 95 11 95 8
32 91 34 91 34 93 32 93 32 91
52 37 55 37 55 39 52 39 52 37
62 65 64 65 64 68 62 68 62 65
8 28 10 28 10 30 8 30 8 28
8 6 12 6 12 8 8 8 8 6
53 69 55 69 55 73 53 73 53 69
92 42 94 42 94 44 92 44 92 42
64 86 67 86 67 89 64 89 64 86
79 24 82 24 82 26 79 26 79 24
74 70 78 70 78 72 74 72 74 70
46 96 48 96 48 98 46 98 46 96
54 7 56 7 56 10 54 10 54 7
70 41 72 41 72 44 70 44 70 41
78 89 81 89 81 92 78 92 78 89
82 65 86 65 86 67 82 67 82 65
13 81 17 81 17 84 13 84 13 81
14 91 17 91 17 94 14 94 14 91
88 42 90 42 90 45 88 45 88 42
46 14 48 14 48 16 46 16 46 14
17 9 19 9 19 13 17 13 17 9
12 17 14 17 14 20 12 20 12 17
50 54 53 54 53 57 50 57 50 54
21 67 25 67 25 70 21 70 21 67
22 77 25 77 25 79 22 79 22 77
88 30 90 30 90 32 88 32 88 30
42 69 44 69 44 72 42 72 42 69
55 22 59 22 59 26 55 26 55 22
43 46 45 46 45 48 43 48 43 46
84 22 86 22 86 26 84 26 84 22
68 94 72 94 72 97 68 97 68 94
10 62 12 62 12 64 10 64 10 62
36 46 38 46 38 48 36 48 36 46
10 65 12 65 12 67 10 67 10 65
29 55 33 55 33 57 29 57 29 55
71 71 73 71 73 73 71 73 71 71
60 14 63 14 63 16 60 16 60 14
60 52 63 52 63 56 60 56 60 52
85 16 89 16 89 18 85 18 85 16
62 31 65 31 65 33 62 33 62 31
90 65 92 65 92 69 90 69 90 65
35 59 37 59 37 61 35 61 35 59
22 11 24 11 24 13 22 13 22 11
26 32 28 32 28 34 26 34 26 32
34 21 37 21 37 25 34 25 34 21
18 92 22 92 22 96 18 96 18 92
87 88 89 88 89 91 87 91 87 88
30 42 33 42 33 44 30 44 30 42
78 85 81 85 81 88 78 88 78 85
72 57 76 57 76 60 72 60 72 57
56 56 58 56 58 59 56 59 56 56
51 92 55 92 55 94 51 94 51 92
