95 13 97 13 97 17 95 17 95 13
76 39 79 39 79 41 76 41 76 39
15 10 17 10 17 14 15 14 15 10
58 94 60 94 60 96 58 96 58 94
8 71 11 71 11 74 8 74 8 71
43 22 47 22 47 25 43 25 43 22
41 77 44 77 44 81 41 81 41 77
65 5 68 5 68 7 65 7 65 5
18 86 22 86 22 90 18 90 18 86
25 78 28 78 28 81 25 81 25 78
88 32 91 32 91 35 88 35 88 32
27 60 30 60 30 63 27 63 27 60
31 84 35 84 35 86 31 86 31 84
7 53 10 53 10 57 7 57 7 53
31 64 35 64 35 68 31 68 31 64
69 10 73 10 73 13 69 13 69 10
9 21 13 21 13 24 9 24 9 21
53 12 57 12 57 15 53 15 53 12
82 19 86 19 86 23 82 23 82 19
73 49 75 49 75 52 73 52 73 49
13 37 17 37 17 39 13 39 13 37
48 58 51 58 51 62 48 62 48 58
89 53 93 53 93 57 89 57 89 53
74 32 76 32 76 36 74 36 74 32
45 43 47 43 47 45 45 45 45 43
40 27 42 27 42 29 40 29 40 27
46 3 48 3 48 5 46 5 46 3
52 50 55 50 55 52 52 52 52 50
87 25 90 25 90 28 87 28 87 25
83 70 85 70 85 74 83 74 83 70
13 88 16 88 16 91 13 91 13 88
15 69 18 69 18 73 15 73 15 69
72 89 74 89 74 93 72 93 72 89
39 7 41 7 41 11 39 11 39 7
32 41 34 41 34 44 32 44 32 41
61 46 64 46 64 50 61 50 61 46
51 55 55 55 55 57 51 57 51 55
19 14 22 14 22 17 19 17 19 14
21 38 24 38 24 40 21 40 21 38
2 32 5 32 5 34 2 34 2 32
88 2 90 2 90 4 88 4 88 2
80 50 83 50 83 52 80 52 80 50
62 34 66 34 66 37 62 37 62 34
48 92 50 92 50 95 48 95 48 92
91 3 94 3 94 5 91 5 91 3
61 75 65 75 65 79 61 79 61 75
13 3 15 3 15 6 13 6 13 3
36 37 38 37 38 41 36 41 36 37
40 90 42 90 42 93 40 93 40 90
41 50 43 50 43 54 41 54 41 50
84 26 86 26 86 30 84 30 84 26
19 21 21 21 21 24 19 24 19 21
34 28 37 28 37 32 34 32 34 28
32 5 36 5 36 8 32 8 32 5
43 34 47 34 47 38 43 38 43 34
25 34 28 34 28 36 25 36 25 34
84 75 88 75 88 79 84 79 84 75
2 57 4 57 4 59 2 59 2 57
9 58 12 58 12 62 9 62 9 58
81 7 83 7 83 11 81 11 81 7
72 43 76 43 76 47 72 47 72 43
32 54 36 54 36 57 32 57 32 54
5 45 7 45 7 48 5 48 5 45
66 71 70 71 70 73 66 73 66 71
31 81 33 81 33 83 31 83 31 81
79 87 83 87 83 90 79 90 79 87
50 80 54 80 54 84 50 84 50 80
72 62 74 62 74 66 72 66 72 62
20 50 23 50 23 53 20 53 20 50
31 95 33 95 33 98 31 98 31 95
81 82 85 82 85 84 81 84 81 82
53 20 55 20 55 23 53 23 53 20
72 69 76 69 76 71 72 71 72 69
68 48 71 48 71 51 68 51 68 48
49 11 52 11 52 15 49 15 49 11
58 69 60 69 60 72 58 72 58 69
90 78 94 78 94 80 90 80 90 78
19 31 23 31 23 34 19 34 19 31
9 32 12 32 12 34 9 34 9 32
44 6 46 6 46 8 44 8 44 6
82 63 85 63 85 66 82 66 82 63
87 91 89 91 89 94 87 94 87 91
44 84 47 84 47 88 44 88 44 84
17 25 20 25 20 27 17 27 17 25
91 20 93 20 93 23 91 23 91 20
78 44 81 44 81 46 78 46 78 44
22 71 26 71 26 75 22 75 22 71
55 74 59 74 59 76 55 76 55 74
61 3 64 3 64 6 61 6 61 3
23 4 26 4 26 8 23 8 23 4
71 24 73 24 73 27 71 27 71 24
7 66 11 66 11 69 7 69 7 66
26 51 30 51 30 53 26 53 26 51
2 71 4 71 4 73 2 73 2 71
18 77 21 77 21 80 18 80 18 77
62 15 64 15 64 17 62 17 62 15
17 49 19 49 19 51 17 51 17 49
94 72 97 72 97 74 94 74 94 72
88 60 90 60 90 64 88 64 88 60
9 15 12 15 12 17 9 17 9 15
26 12 29 12 29 15 26 15 26 12
93 85 96 85 96 89 93 89 93 85
32 17 35 17 35 19 32 19 32 17
24 55 27 55 27 59 24 59 24 55
92 32 94 32 94 34 92 34 92 32
71 54 73 54 73 58 71 58 71 54
28 93 30 93 30 97 28 97 28 93
57 64 61 64 61 66 57 66 57 64
30 11 32 11 32 14 30 14 30 11
43 56 47 56 47 59 43 59 43 56
42 12 44 12 44 14 42 14 42 12
13 78 16 78 16 80 13 80 13 78
87 86 89 86 89 88 87 88 87 86
95 28 97 28 97 32 95 32 95 28
39 31 41 31 41 35 39 35 39 31
54 39 57 39 57 42 54 42 54 39
78 93 82 93 82 95 78 95 78 93
24 94 27 94 27 98 24 98 24 94
78 17 81 17 81 20 78 20 78 17
11 50 15 50 15 52 11 52 11 50
26 22 28 22 28 26 26 26 26 22
64 25 68 25 68 29 64 29 64 25
94 65 96 65 96 67 94 67 94 65
25 40 27 40 27 42 25 42 25 40
7 40 11 40 11 43 7 43 7 40
66 52 69 52 69 55 66 55 66 52
61 51 64 51 64 53 61 53 61 51
20 43 23 43 23 47 20 47 20 43
95 10 97 10 97 12 95 12 95 10
95 78 97 78 97 82 95 82 95 78
75 82 79 82 79 85 75 85 75 82
26 43 28 43 28 46 26 46 26 43
3 75 7 75 7 78 3 78 3 75
48 19 51 19 51 23 48 23 48 19
52 87 55 87 55 90 52 90 52 87
45 66 49 66 49 69 45 69 45 66
11 26 13 26 13 30 11 30 11 26
4 93 7 93 7 97 4 97 4 93
65 16 69 16 69 20 65 20 65 16
25 30 27 30 27 32 25 32 25 30
86 81 89 81 89 85 86 85 86 81
18 3 21 3 21 7 18 7 18 3
91 67 93 67 93 69 91 69 91 67
91 39 93 39 93 41 91 41 91 39
48 28 51 28 51 31 48 31 48 28
52 61 55 61 55 65 52 65 52 61
23 62 25 62 25 65 23 65 23 62
95 22 98 22 98 25 95 25 95 22
86 13 89 13 89 16 86 16 86 13
3 19 6 19 6 22 3 22 3 19
76 66 78 66 78 68 76 68 76 66
61 83 65 83 65 87 61 87 61 83
49 33 52 33 52 37 49 37 49 33
58 30 60 30 60 32 58 32 58 30
62 93 64 93 64 96 62 96 62 93
46 78 48 78 48 82 46 82 46 78
92 93 95 93 95 95 92 95 92 93
24 17 26 17 26 20 24 20 24 17
75 19 77 19 77 21 75 21 75 19
56 87 58 87 58 91 56 91 56 87
62 62 64 62 64 66 62 66 62 62
61 21 65 21 65 24 61 24 61 21
14 33 17 33 17 35 14 35 14 33
72 80 74 80 74 83 72 83 72 80
19 82 22 82 22 85 19 85 19 82
79 53 82 53 82 55 79 55 79 53
37 18 40 18 40 22 37 22 37 18
8 77 11 77 11 79 8 79 8 77
83 34 87 34 87 37 83 37 83 34
31 75 34 75 34 78 31 78 31 75
82 57 84 57 84 60 82 60 82 57
77 22 79 22 79 24 77 24 77 22
13 45 17 45 17 48 13 48 13 45
67 75 70 75 70 77 67 77 67 75
68 59 70 59 70 63 68 63 68 59
36 78 40 78 40 81 36 81 36 78
6 6 9 6 9 8 6 8 6 6
2 9 4 9 4 11 2 11 2 9
71 30 73 30 73 33 71 33 71 30
87 47 91 47 91 50 87 50 87 47
38 44 42 44 42 46 38 46 38 44
63 40 67 40 67 43 63 43 63 40
34 50 38 50 38 52 34 52 34 50
95 59 98 59 98 62 95 62 95 59
36 59 40 59 40 63 36 63 36 59
17 91 19 91 19 93 17 93 17 91
95 36 98 36 98 40 95 40 95 36
66 44 68 44 68 47 66 47 66 44
48 6 51 6 51 10 48 10 48 6
44 73 46 73 46 75 44 75 44 73
13 15 16 15 16 18 13 18 13 15
75 75 77 75 77 78 75 78 75 75
48 73 51 73 51 75 48 75 48 73
43 28 46 28 46 30 43 30 43 28
81 39 83 39 83 43 81 43 81 39
69 82 71 82 71 85 69 85 69 82
65 91 68 91 68 94 65 94 65 91
56 44 59 44 59 46 56 46 56 44
65 10 68 10 68 14 65 14 65 10
78 12 80 12 80 16 78 16 78 12
25 87 29 87 29 90 25 90 25 87
86 40 88 40 88 44 86 44 86 40
11 63 14 63 14 65 11 65 11 63
18 36 20 36 20 39 18 39 18 36
92 27 94 27 94 29 92 29 92 27
16 53 18 53 18 57 16 57 16 53
29 70 32 70 32 74 29 74 29 70
20 54 23 54 23 58 20 58 20 54
60 58 64 58 64 61 60 61 60 58
28 56 31 56 31 59 28 59 28 56
91 73 93 73 93 77 91 77 91 73
80 28 83 28 83 32 80 32 80 28
52 77 56 77 56 79 52 79 52 77
58 23 60 23 60 25 58 25 58 23
95 6 97 6 97 8 95 8 95 6
9 10 13 10 13 12 9 12 9 10
33 13 35 13 35 16 33 16 33 13
24 67 26 67 26 70 24 70 24 67
73 96 75 96 75 98 73 98 73 96
94 49 98 49 98 53 94 53 94 49
54 5 56 5 56 8 54 8 54 5
24 83 26 83 26 86 24 86 24 83
55 31 57 31 57 35 55 35 55 31
46 47 50 47 50 49 46 49 46 47
87 6 89 6 89 9 87 9 87 6
29 29 33 29 33 33 29 33 29 29
8 45 11 45 11 48 8 48 8 45
7 35 9 35 9 38 7 38 7 35
37 82 41 82 41 86 37 86 37 82
21 91 23 91 23 93 21 93 21 91
27 65 30 65 30 68 27 68 27 65
66 64 69 64 69 67 66 67 66 64
56 50 59 50 59 53 56 53 56 50
30 23 34 23 34 26 30 26 30 23
75 5 78 5 78 9 75 9 75 5
6 90 9 90 9 92 6 92 6 90
85 54 88 54 88 58 85 58 85 54
32 46 35 46 35 49 32 49 32 46
48 24 50 24 50 26 48 26 48 24
58 38 61 38 61 41 58 41 58 38
83 67 87 67 87 69 83 69 83 67
3 86 5 86 5 90 3 90 3 86
57 9 60 9 60 11 57 11 57 9
10 94 13 94 13 98 10 98 10 94
69 2 71 2 71 5 69 5 69 2
40 72 42 72 42 76 40 76 40 72
40 3 42 3 42 6 40 6 40 3
3 35 5 35 5 39 3 39 3 35
91 63 93 63 93 66 91 66 91 63
55 84 58 84 58 86 55 86 55 84
