68 91 71 91 71 93 68 93 68 91
51 66 53 66 53 70 51 70 51 66
73 60 77 60 77 64 73 64 73 60
74 14 76 14 76 16 74 16 74 14
15 84 18 84 18 88 15 88 15 84
33 20 35 20 35 24 33 24 33 20
50 44 52 44 52 48 50 48 50 44
5 54 9 54 9 58 5 58 5 54
68 12 72 12 72 14 68 14 68 12
84 12 88 12 88 15 84 15 84 12
11 93 14 93 14 97 11 97 11 93
14 58 16 58 16 61 14 61 14 58
46 64 49 64 49 66 46 66 46 64
18 10 22 10 22 12 18 12 18 10
23 32 27 32 27 35 23 35 23 32
32 82 34 82 34 85 32 85 32 82
95 90 97 90 97 92 95 92 95 90
84 87 88 87 88 90 84 90 84 87
2 14 5 14 5 18 2 18 2 14
11 33 14 33 14 37 11 37 11 33
66 40 70 40 70 42 66 42 66 40
23 70 25 70 25 72 23 72 23 70
61 17 64 17 64 19 61 19 61 17
5 79 8 79 8 82 5 82 5 79
79 69 83 69 83 72 79 72 79 69
83 25 86 25 86 27 83 27 83 25
66 45 68 45 68 49 66 49 66 45
60 46 62 46 62 48 60 48 60 46
64 54 68 54 68 58 64 58 64 54
33 12 35 12 35 14 33 14 33 12
82 63 85 63 85 67 82 67 82 63
88 26 90 26 90 28 88 28 88 26
58 88 60 88 60 91 58 91 58 88
14 89 18 89 18 91 14 91 14 89
36 54 38 54 38 58 36 58 36 54
9 65 12 65 12 69 9 69 9 65
77 92 80 92 80 95 77 95 77 92
56 51 59 51 59 53 56 53 56 51
77 54 80 54 80 57 77 57 77 54
42 11 46 11 46 14 42 14 42 11
36 18 39 18 39 22 36 22 36 18
7 21 10 21 10 23 7 23 7 21
76 22 80 22 80 25 76 25 76 22
7 84 10 84 10 86 7 86 7 84
35 50 37 50 37 52 35 52 35 50
4 68 7 68 7 71 4 71 4 68
79 10 81 10 81 12 79 12 79 10
28 17 31 17 31 21 28 21 28 17
39 92 41 92 41 96 39 96 39 92
15 24 17 24 17 26 15 26 15 24
39 30 42 30 42 34 39 34 39 30
15 92 18 92 18 94 15 94 15 92
43 19 46 19 46 22 43 22 43 19
24 18 27 18 27 22 24 22 24 18
44 69 47 69 47 73 44 73 44 69
94 93 97 93 97 96 94 96 94 93
21 92 24 92 24 96 21 96 21 92
11 55 15 55 15 57 11 57 11 55
69 8 73 8 73 11 69 11 69 8
26 49 29 49 29 52 26 52 26 49
5 29 9 29 9 31 5 31 5 29
22 65 25 65 25 68 22 68 22 65
94 15 96 15 96 19 94 19 94 15
34 94 36 94 36 96 34 96 34 94
3 83 5 83 5 87 3 87 3 83
33 44 36 44 36 48 33 48 33 44
80 30 84 30 84 34 80 34 80 30
59 82 63 82 63 86 59 86 59 82
48 19 51 19 51 21 48 21 48 19
96 41 98 41 98 44 96 44 96 41
35 80 38 80 38 83 35 83 35 80
64 33 68 33 68 37 64 37 64 33
78 61 81 61 81 63 78 63 78 61
91 10 94 10 94 13 91 13 91 10
92 29 95 29 95 31 92 31 92 29
79 43 83 43 83 45 79 45 79 43
70 43 73 43 73 46 70 46 70 43
90 64 94 64 94 66 90 66 90 64
26 91 28 91 28 93 26 93 26 91
43 82 45 82 45 84 43 84 43 82
85 38 87 38 87 41 85 41 85 38
18 22 21 22 21 25 18 25 18 22
5 39 8 39 8 43 5 43 5 39
73 65 77 65 77 69 73 69 73 65
58 40 61 40 61 44 58 44 58 40
28 28 31 28 31 31 28 31 28 28
43 5 46 5 46 8 43 8 43 5
88 37 92 37 92 41 88 41 88 37
68 26 72 26 72 29 68 29 68 26
2 94 5 94 5 96 2 96 2 94
34 6 37 6 37 8 34 8 34 6
34 68 38 68 38 70 34 70 34 68
73 74 76 74 76 76 73 76 73 74
11 19 15 19 15 22 11 22 11 19
64 25 66 25 66 29 64 29 64 25
51 39 53 39 53 41 51 41 51 39
13 45 17 45 17 49 13 49 13 45
10 2 13 2 13 4 10 4 10 2
42 35 44 35 44 39 42 39 42 35
85 52 89 52 89 56 85 56 85 52
76 36 78 36 78 39 76 39 76 36
73 33 75 33 75 37 73 37 73 33
69 71 71 71 71 74 69 74 69 71
5 33 7 33 7 35 5 35 5 33
73 48 76 48 76 52 73 52 73 48
39 6 41 6 41 9 39 9 39 6
40 27 42 27 42 29 40 29 40 27
38 85 41 85 41 87 38 87 38 85
13 7 16 7 16 10 13 10 13 7
82 57 85 57 85 60 82 60 82 57
80 3 83 3 83 5 80 5 80 3
35 38 38 38 38 40 35 40 35 38
55 17 57 17 57 20 55 20 55 17
20 59 22 59 22 62 20 62 20 59
27 60 29 60 29 64 27 64 27 60
20 37 22 37 22 41 20 41 20 37
26 9 29 9 29 11 26 11 26 9
95 26 97 26 97 28 95 28 95 26
74 6 76 6 76 9 74 9 74 6
47 6 49 6 49 8 47 8 47 6
13 66 17 66 17 68 13 68 13 66
67 50 69 50 69 53 67 53 67 50
57 68 61 68 61 70 57 70 57 68
45 48 48 48 48 50 45 50 45 48
54 31 58 31 58 35 54 35 54 31
30 45 32 45 32 48 30 48 30 45
86 92 88 92 88 94 86 94 86 92
61 61 63 61 63 63 61 63 61 61
37 46 39 46 39 48 37 48 37 46
78 17 80 17 80 20 78 20 78 17
47 59 51 59 51 63 47 63 47 59
78 47 81 47 81 51 78 51 78 47
45 77 48 77 48 79 45 79 45 77
60 3 63 3 63 7 60 7 60 3
50 83 53 83 53 87 50 87 50 83
87 19 91 19 91 21 87 21 87 19
60 53 63 53 63 55 60 55 60 53
51 72 53 72 53 74 51 74 51 72
17 71 21 71 21 74 17 74 17 71
40 61 44 61 44 63 40 63 40 61
17 95 20 95 20 97 17 97 17 95
16 76 20 76 20 79 16 79 16 76
10 88 13 88 13 92 10 92 10 88
53 55 55 55 55 59 53 59 53 55
93 61 95 61 95 63 93 63 93 61
17 33 21 33 21 35 17 35 17 33
89 33 92 33 92 36 89 36 89 33
35 76 39 76 39 78 35 78 35 76
62 70 64 70 64 74 62 74 62 70
29 68 31 68 31 72 29 72 29 68
2 23 6 23 6 26 2 26 2 23
56 23 60 23 60 27 56 27 56 23
86 81 90 81 90 85 86 85 86 81
89 70 91 70 91 74 89 74 89 70
67 77 71 77 71 79 67 79 67 77
28 76 32 76 32 79 28 79 28 76
4 61 7 61 7 64 4 64 4 61
54 74 56 74 56 77 54 77 54 74
82 35 84 35 84 38 82 38 82 35
8 71 10 71 10 73 8 73 8 71
72 3 76 3 76 5 72 5 72 3
24 42 26 42 26 46 24 46 24 42
27 81 31 81 31 85 27 85 27 81
12 28 15 28 15 31 12 31 12 28
13 50 15 50 15 53 13 53 13 50
51 16 54 16 54 18 51 18 51 16
92 52 94 52 94 56 92 56 92 52
62 30 64 30 64 32 62 32 62 30
46 31 48 31 48 35 46 35 46 31
64 65 67 65 67 69 64 69 64 65
57 57 59 57 59 60 57 60 57 57
6 12 10 12 10 15 6 15 6 12
64 7 67 7 67 9 64 9 64 7
18 81 20 81 20 83 18 83 18 81
93 71 97 71 97 73 93 73 93 71
77 85 80 85 80 87 77 87 77 85
37 24 39 24 39 27 37 27 37 24
37 62 39 62 39 65 37 65 37 62
66 95 70 95 70 98 66 98 66 95
53 26 55 26 55 28 53 28 53 26
32 59 35 59 35 63 32 63 32 59
18 13 22 13 22 16 18 16 18 13
72 87 74 87 74 90 72 90 72 87
43 43 45 43 45 45 43 45 43 43
56 10 58 10 58 12 56 12 56 10
56 3 59 3 59 6 56 6 56 3
83 74 87 74 87 77 83 77 83 74
44 92 46 92 46 96 44 96 44 92
53 61 56 61 56 65 53 65 53 61
71 83 73 83 73 86 71 86 71 83
46 80 49 80 49 82 46 82 46 80
47 23 51 23 51 25 47 25 47 23
45 36 48 36 48 39 45 39 45 36
53 48 55 48 55 52 53 52 53 48
63 40 65 40 65 44 63 44 63 40
5 5 7 5 7 9 5 9 5 5
96 52 98 52 98 54 96 54 96 52
24 12 27 12 27 16 24 16 24 12
86 67 88 67 88 71 86 71 86 67
61 87 65 87 65 91 61 91 61 87
19 29 23 29 23 31 19 31 19 29
29 12 31 12 31 14 29 14 29 12
16 42 18 42 18 44 16 44 16 42
69 32 71 32 71 35 69 35 69 32
14 71 16 71 16 74 14 74 14 71
19 17 23 17 23 20 19 20 19 17
40 67 43 67 43 70 40 70 40 67
22 23 25 23 25 26 22 26 22 23
48 2 52 2 52 4 48 4 48 2
70 63 72 63 72 66 70 66 70 63
58 74 60 74 60 76 58 76 58 74
78 77 81 77 81 80 78 80 78 77
36 3 38 3 38 5 36 5 36 3
87 46 91 46 91 48 87 48 87 46
74 81 76 81 76 83 74 83 74 81
84 2 87 2 87 4 84 4 84 2
68 20 71 20 71 22 68 22 68 20
50 27 52 27 52 31 50 31 50 27
61 92 63 92 63 94 61 94 61 92
73 39 75 39 75 41 73 41 73 39
48 9 51 9 51 12 48 12 48 9
50 77 53 77 53 80 50 80 50 77
92 86 94 86 94 89 92 89 92 86
62 13 66 13 66 16 62 16 62 13
94 21 97 21 97 24 94 24 94 21
51 93 53 93 53 96 51 96 51 93
46 88 48 88 48 90 46 90 46 88
47 91 50 91 50 93 47 93 47 91
92 81 94 81 94 85 92 85 92 81
31 35 34 35 34 37 31 37 31 35
21 81 25 81 25 85 21 85 21 81
40 43 42 43 42 47 40 47 40 43
44 26 47 26 47 29 44 29 44 26
33 87 37 87 37 89 33 89 33 87
25 37 29 37 29 41 25 41 25 37
91 2 93 2 93 5 91 5 91 2
63 45 65 45 65 47 63 47 63 45
83 48 85 48 85 50 83 50 83 48
65 73 68 73 68 76 65 76 65 73
63 10 65 10 65 12 63 12 63 10
28 2 31 2 31 5 28 5 28 2
57 36 60 36 60 39 57 39 57 36
85 9 89 9 89 11 85 11 85 9
33 71 37 71 37 74 33 74 33 71
6 89 9 89 9 92 6 92 6 89
16 27 18 27 18 29 16 29 16 27
72 18 74 18 74 22 72 22 72 18
87 42 89 42 89 45 87 45 87 42
82 20 84 20 84 22 82 22 82 20
24 88 26 88 26 90 24 90 24 88
