92 71 95 71 95 74 92 74 92 71
12 63 15 63 15 65 12 65 12 63
35 84 37 84 37 86 35 86 35 84
22 59 25 59 25 62 22 62 22 59
64 20 68 20 68 24 64 24 64 20
84 67 86 67 86 69 84 69 84 67
13 10 15 10 15 14 13 14 13 10
81 37 85 37 85 40 81 40 81 37
59 73 62 73 62 76 59 76 59 73
70 94 74 94 74 97 70 97 70 94
54 13 56 13 56 16 54 16 54 13
34 6 36 6 36 8 34 8 34 6
74 25 78 25 78 28 74 28 74 25
35 32 37 32 37 36 35 36 35 32
69 45 73 45 73 47 69 47 69 45
35 57 37 57 37 60 35 60 35 57
51 93 53 93 53 97 51 97 51 93
7 35 10 35 10 37 7 37 7 35
42 41 44 41 44 44 42 44 42 41
66 96 68 96 68 98 66 98 66 96
44 30 47 30 47 34 44 34 44 30
92 77 94 77 94 80 92 80 92 77
34 92 38 92 38 95 34 95 34 92
68 16 70 16 70 19 68 19 68 16
58 93 60 93 60 95 58 95 58 93
90 31 92 31 92 33 90 33 90 31
30 46 34 46 34 48 30 48 30 46
77 85 81 85 81 88 77 88 77 85
63 86 67 86 67 90 63 90 63 86
78 32 81 32 81 36 78 36 78 32
66 76 69 76 69 79 66 79 66 76
93 90 96 90 96 93 93 93 93 90
84 74 88 74 88 78 84 78 84 74
6 3 9 3 9 7 6 7 6 3
50 9 52 9 52 11 50 11 50 9
95 51 98 51 98 55 95 55 95 51
28 41 32 41 32 45 28 45 28 41
18 36 20 36 20 38 18 38 18 36
27 76 29 76 29 79 27 79 27 76
50 39 53 39 53 43 50 43 50 39
43 78 47 78 47 82 43 82 43 78
88 4 92 4 92 6 88 6 88 4
55 19 59 19 59 22 55 22 55 19
40 90 43 90 43 93 40 93 40 90
27 69 30 69 30 73 27 73 27 69
73 51 75 51 75 54 73 54 73 51
51 32 53 32 53 34 51 34 51 32
51 45 54 45 54 47 51 47 51 45
45 11 49 11 49 13 45 13 45 11
2 48 4 48 4 51 2 51 2 48
17 15 20 15 20 19 17 19 17 15
49 50 51 50 51 53 49 53 49 50
2 14 4 14 4 17 2 17 2 14
61 51 63 51 63 54 61 54 61 51
83 54 86 54 86 56 83 56 83 54
34 11 37 11 37 13 34 13 34 11
16 5 20 5 20 8 16 8 16 5
56 88 59 88 59 92 56 92 56 88
33 76 37 76 37 80 33 80 33 76
88 18 91 18 91 20 88 20 88 18
22 68 24 68 24 70 22 70 22 68
52 54 56 54 56 58 52 58 52 54
65 72 69 72 69 75 65 75 65 72
48 25 51 25 51 29 48 29 48 25
44 72 47 72 47 76 44 76 44 72
48 19 51 19 51 22 48 22 48 19
73 69 75 69 75 71 73 71 73 69
95 86 98 86 98 89 95 89 95 86
59 44 61 44 61 48 59 48 59 44
56 4 59 4 59 8 56 8 56 4
59 62 61 62 61 66 59 66 59 62
82 23 85 23 85 26 82 26 82 23
61 35 64 35 64 39 61 39 61 35
5 15 7 15 7 18 5 18 5 15
22 37 26 37 26 40 22 40 22 37
62 46 66 46 66 49 62 49 62 46
6 53 10 53 10 56 6 56 6 53
88 59 92 59 92 61 88 61 88 59
75 58 79 58 79 62 75 62 75 58
73 34 76 34 76 37 73 37 73 34
44 3 47 3 47 6 44 6 44 3
42 48 44 48 44 50 42 50 42 48
30 54 32 54 32 58 30 58 30 54
14 71 18 71 18 73 14 73 14 71
30 7 32 7 32 11 30 11 30 7
41 7 45 7 45 10 41 10 41 7
14 87 17 87 17 91 14 91 14 87
90 27 93 27 93 29 90 29 90 27
8 30 11 30 11 34 8 34 8 30
84 41 88 41 88 44 84 44 84 41
72 82 75 82 75 85 72 85 72 82
10 39 14 39 14 43 10 43 10 39
66 27 69 27 69 29 66 29 66 27
24 92 28 92 28 95 24 95 24 92
20 80 24 80 24 83 20 83 20 80
30 64 33 64 33 68 30 68 30 64
56 35 60 35 60 38 56 38 56 35
13 68 17 68 17 70 13 70 13 68
95 43 97 43 97 45 95 45 95 43
31 93 33 93 33 97 31 97 31 93
75 44 78 44 78 47 75 47 75 44
48 75 51 75 51 79 48 79 48 75
17 43 19 43 19 47 17 47 17 43
4 91 8 91 8 94 4 94 4 91
34 87 37 87 37 89 34 89 34 87
39 27 43 27 43 29 39 29 39 27
77 6 81 6 81 10 77 10 77 6
53 64 56 64 56 68 53 68 53 64
57 13 61 13 61 16 57 16 57 13
41 56 44 56 44 60 41 60 41 56
36 21 40 21 40 24 36 24 36 21
56 75 58 75 58 77 56 77 56 75
9 10 12 10 12 12 9 12 9 10
13 78 16 78 16 82 13 82 13 78
41 94 44 94 44 98 41 98 41 94
37 8 39 8 39 10 37 10 37 8
16 61 18 61 18 63 16 63 16 61
7 25 9 25 9 29 7 29 7 25
21 64 24 64 24 67 21 67 21 64
57 29 60 29 60 31 57 31 57 29
55 78 57 78 57 82 55 82 55 78
42 83 44 83 44 86 42 86 42 83
45 42 47 42 47 46 45 46 45 42
86 35 89 35 89 38 86 38 86 35
64 42 66 42 66 44 64 44 64 42
78 75 81 75 81 78 78 78 78 75
23 19 26 19 26 23 23 23 23 19
62 2 66 2 66 4 62 4 62 2
14 28 18 28 18 30 14 30 14 28
59 79 62 79 62 81 59 81 59 79
38 13 41 13 41 16 38 16 38 13
33 38 36 38 36 40 33 40 33 38
72 39 75 39 75 42 72 42 72 39
42 51 45 51 45 53 42 53 42 51
42 15 44 15 44 19 42 19 42 15
58 57 62 57 62 60 58 60 58 57
18 50 21 50 21 54 18 54 18 50
13 74 17 74 17 76 13 76 13 74
78 70 81 70 81 74 78 74 78 70
84 10 86 10 86 13 84 13 84 10
13 50 15 50 15 52 13 52 13 50
25 33 29 33 29 35 25 35 25 33
31 15 35 15 35 17 31 17 31 15
90 82 93 82 93 86 90 86 90 82
46 65 50 65 50 67 46 67 46 65
81 46 83 46 83 49 81 49 81 46
68 35 72 35 72 38 68 38 68 35
89 47 91 47 91 49 89 49 89 47
61 23 63 23 63 27 61 27 61 23
30 2 34 2 34 4 30 4 30 2
4 19 6 19 6 21 4 21 4 19
96 57 98 57 98 61 96 61 96 57
87 12 91 12 91 16 87 16 87 12
67 48 69 48 69 52 67 52 67 48
89 54 92 54 92 56 89 56 89 54
19 24 23 24 23 27 19 27 19 24
14 24 18 24 18 26 14 26 14 24
70 50 72 50 72 54 70 54 70 50
84 27 87 27 87 30 84 30 84 27
77 37 80 37 80 41 77 41 77 37
53 74 55 74 55 77 53 77 53 74
11 18 13 18 13 22 11 22 11 18
75 93 79 93 79 96 75 96 75 93
75 65 78 65 78 67 75 67 75 65
89 42 92 42 92 46 89 46 89 42
45 54 47 54 47 57 45 57 45 54
66 82 70 82 70 84 66 84 66 82
25 2 28 2 28 5 25 5 25 2
48 14 52 14 52 17 48 17 48 14
23 74 26 74 26 76 23 76 23 74
67 68 69 68 69 71 67 71 67 68
93 18 97 18 97 20 93 20 93 18
63 14 65 14 65 17 63 17 63 14
83 19 85 19 85 22 83 22 83 19
6 79 8 79 8 82 6 82 6 79
79 51 82 51 82 53 79 53 79 51
10 90 13 90 13 93 10 93 10 90
68 30 70 30 70 32 68 32 68 30
35 43 39 43 39 47 35 47 35 43
27 15 30 15 30 18 27 18 27 15
7 57 10 57 10 59 7 59 7 57
25 53 27 53 27 56 25 56 25 53
3 87 7 87 7 90 3 90 3 87
37 70 39 70 39 73 37 73 37 70
51 82 54 82 54 86 51 86 51 82
49 71 51 71 51 73 49 73 49 71
25 63 27 63 27 65 25 65 25 63
20 9 23 9 23 13 20 13 20 9
64 10 68 10 68 13 64 13 64 10
9 66 11 66 11 69 9 69 9 66
20 90 22 90 22 92 20 92 20 90
3 24 5 24 5 26 3 26 3 24
73 29 76 29 76 33 73 33 73 29
66 55 70 55 70 57 66 57 66 55
37 50 39 50 39 52 37 52 37 50
5 50 8 50 8 52 5 52 5 50
88 88 91 88 91 91 88 91 88 88
94 62 96 62 96 64 94 64 94 62
75 13 78 13 78 17 75 17 75 13
2 42 5 42 5 44 2 44 2 42
79 65 82 65 82 68 79 68 79 65
77 79 81 79 81 81 77 81 77 79
32 18 35 18 35 22 32 22 32 18
71 4 75 4 75 6 71 6 71 4
39 80 41 80 41 82 39 82 39 80
21 85 24 85 24 89 21 89 21 85
35 62 38 62 38 65 35 65 35 62
15 55 18 55 18 58 15 58 15 55
80 13 82 13 82 16 80 16 80 13
21 46 24 46 24 49 21 49 21 46
14 92 16 92 16 94 14 94 14 92
47 88 51 88 51 90 47 90 47 88
60 82 62 82 62 86 60 86 60 82
26 25 30 25 30 27 26 27 26 25
85 80 89 80 89 83 85 83 85 80
40 71 43 71 43 73 40 73 40 71
94 3 98 3 98 6 94 6 94 3
77 19 79 19 79 21 77 21 77 19
7 70 9 70 9 73 7 73 7 70
45 59 49 59 49 62 45 62 45 59
86 64 90 64 90 66 86 66 86 64
34 28 37 28 37 30 34 30 34 28
52 87 54 87 54 91 52 91 52 87
53 48 56 48 56 50 53 50 53 48
54 25 56 25 56 27 54 27 54 25
71 10 74 10 74 12 71 12 71 10
15 31 18 31 18 35 15 35 15 31
42 22 45 22 45 26 42 26 42 22
16 64 20 64 20 66 16 66 16 64
85 31 87 31 87 33 85 33 85 31
61 68 63 68 63 71 61 71 61 68
94 14 98 14 98 17 94 17 94 14
3 37 5 37 5 41 3 41 3 37
73 20 76 20 76 22 73 22 73 20
52 69 56 69 56 73 52 73 52 69
2 71 4 71 4 74 2 74 2 71
29 50 32 50 32 52 29 52 29 50
50 60 54 60 54 62 50 62 50 60
2 95 5 95 5 97 2 97 2 95
27 85 29 85 29 88 27 88 27 85
95 23 98 23 98 26 95 26 95 23
93 46 97 46 97 49 93 49 93 46
57 67 59 67 59 69 57 69 57 67
38 18 40 18 40 20 38 20 38 18
27 36 31 36 31 39 27 39 27 36
45 37 49 37 49 39 45 39 45 37
2 66 4 66 4 68 2 68 2 66
6 22 8 22 8 24 6 24 6 22
26 57 28 57 28 61 26 61 26 57
74 76 76 76 76 78 74 78 74 76
