49 40 51 40 51 43 49 43 49 40
65 88 69 88 69 92 65 92 65 88
36 94 39 94 39 98 36 98 36 94
93 34 97 34 97 36 93 36 93 34
12 36 15 36 15 39 12 39 12 36
76 92 78 92 78 94 76 94 76 92
37 16 40 16 40 18 37 18 37 16
40 64 42 64 42 66 40 66 40 64
53 14 57 14 57 16 53 16 53 14
8 93 10 93 10 96 8 96 8 93
27 70 30 70 30 74 27 74 27 70
7 45 11 45 11 49 7 49 7 45
33 37 35 37 35 39 33 39 33 37
36 30 40 30 40 32 36 32 36 30
95 50 98 50 98 54 95 54 95 50
64 82 68 82 68 85 64 85 64 82
63 56 67 56 67 59 63 59 63 56
54 67 58 67 58 69 54 69 54 67
5 24 8 24 8 28 5 28 5 24
54 18 57 18 57 20 54 20 54 18
83 36 86 36 86 38 83 38 83 36
29 83 33 83 33 86 29 86 29 83
40 9 43 9 43 12 40 12 40 9
47 18 49 18 49 22 47 22 47 18
21 80 25 80 25 82 21 82 21 80
52 24 55 24 55 28 52 28 52 24
61 6 65 6 65 10 61 10 61 6
90 60 92 60 92 64 90 64 90 60
70 46 72 46 72 50 70 50 70 46
54 6 58 6 58 9 54 9 54 6
86 75 90 75 90 78 86 78 86 75
27 79 31 79 31 82 27 82 27 79
3 50 6 50 6 52 3 52 3 50
74 37 77 37 77 41 74 41 74 37
84 54 87 54 87 57 84 57 84 54
11 79 14 79 14 81 11 81 11 79
85 43 89 43 89 46 85 46 85 43
75 7 79 7 79 9 75 9 75 7
58 44 60 44 60 47 58 47 58 44
36 45 38 45 38 49 36 49 36 45
16 70 18 70 18 74 16 74 16 70
14 20 17 20 17 24 14 24 14 20
17 31 21 31 21 35 17 35 17 31
25 18 27 18 27 22 25 22 25 18
55 38 59 38 59 41 55 41 55 38
9 14 11 14 11 18 9 18 9 14
46 15 50 15 50 17 46 17 46 15
30 33 33 33 33 35 30 35 30 33
13 52 16 52 16 56 13 56 13 52
70 59 72 59 72 62 70 62 70 59
23 89 25 89 25 91 23 91 23 89
27 47 31 47 31 49 27 49 27 47
63 44 67 44 67 48 63 48 63 44
78 83 82 83 82 86 78 86 78 83
36 27 38 27 38 29 36 29 36 27
87 95 91 95 91 97 87 97 87 95
15 64 18 64 18 66 15 66 15 64
12 57 16 57 16 59 12 59 12 57
2 91 6 91 6 95 2 95 2 91
34 4 36 4 36 6 34 6 34 4
81 3 85 3 85 5 81 5 81 3
32 47 35 47 35 51 32 51 32 47
4 6 6 6 6 8 4 8 4 6
50 65 52 65 52 68 50 68 50 65
69 67 73 67 73 69 69 69 69 67
35 33 39 33 39 36 35 36 35 33
80 33 84 33 84 35 80 35 80 33
41 91 43 91 43 94 41 94 41 91
91 15 94 15 94 19 91 19 91 15
27 94 29 94 29 96 27 96 27 94
28 17 32 17 32 21 28 21 28 17
52 86 56 86 56 88 52 88 52 86
67 13 69 13 69 15 67 15 67 13
5 63 9 63 9 65 5 65 5 63
17 13 19 13 19 15 17 15 17 13
7 59 10 59 10 62 7 62 7 59
53 56 57 56 57 59 53 59 53 56
24 54 28 54 28 56 24 56 24 54
68 10 72 10 72 12 68 12 68 10
73 14 76 14 76 18 73 18 73 14
80 89 83 89 83 93 80 93 80 89
46 11 48 11 48 13 46 13 46 11
63 65 66 65 66 68 63 68 63 65
20 36 22 36 22 38 20 38 20 36
78 52 80 52 80 56 78 56 78 52
17 39 20 39 20 41 17 41 17 39
92 67 95 67 95 69 92 69 92 67
33 90 35 90 35 94 33 94 33 90
81 95 83 95 83 98 81 98 81 95
7 39 11 39 11 41 7 41 7 39
91 22 93 22 93 24 91 24 91 22
62 15 65 15 65 18 62 18 62 15
83 75 85 75 85 77 83 77 83 75
66 4 70 4 70 6 66 6 66 4
85 27 89 27 89 30 85 30 85 27
38 72 41 72 41 74 38 74 38 72
61 60 64 60 64 64 61 64 61 60
20 55 23 55 23 58 20 58 20 55
57 70 59 70 59 72 57 72 57 70
80 36 82 36 82 38 80 38 80 36
78 13 82 13 82 15 78 15 78 13
15 88 19 88 19 90 15 90 15 88
24 41 27 41 27 43 24 43 24 41
26 31 28 31 28 35 26 35 26 31
45 2 47 2 47 4 45 4 45 2
8 31 11 31 11 34 8 34 8 31
26 89 29 89 29 93 26 93 26 89
36 52 39 52 39 55 36 55 36 52
47 70 49 70 49 73 47 73 47 70
15 79 17 79 17 83 15 83 15 79
32 23 35 23 35 26 32 26 32 23
87 50 90 50 90 52 87 52 87 50
45 63 49 63 49 67 45 67 45 63
15 25 17 25 17 28 15 28 15 25
39 44 43 44 43 46 39 46 39 44
36 7 38 7 38 11 36 11 36 7
44 36 48 36 48 39 44 39 44 36
60 21 63 21 63 24 60 24 60 21
34 72 37 72 37 76 34 76 34 72
90 89 93 89 93 91 90 91 90 89
91 52 94 52 94 56 91 56 91 52
4 34 6 34 6 36 4 36 4 34
77 57 81 57 81 60 77 60 77 57
39 4 42 4 42 6 39 6 39 4
36 23 38 23 38 26 36 26 36 23
77 79 80 79 80 81 77 81 77 79
94 63 97 63 97 65 94 65 94 63
62 51 66 51 66 53 62 53 62 51
90 86 92 86 92 88 90 88 90 86
45 56 48 56 48 60 45 60 45 56
93 6 96 6 96 8 93 8 93 6
20 14 23 14 23 17 20 17 20 14
46 47 48 47 48 49 46 49 46 47
6 73 8 73 8 77 6 77 6 73
55 64 59 64 59 66 55 66 55 64
71 87 74 87 74 89 71 89 71 87
94 38 96 38 96 40 94 40 94 38
52 91 56 91 56 93 52 93 52 91
39 21 41 21 41 23 39 23 39 21
42 82 46 82 46 85 42 85 42 82
74 74 76 74 76 78 74 78 74 74
44 77 46 77 46 80 44 80 44 77
60 27 63 27 63 29 60 29 60 27
4 68 8 68 8 72 4 72 4 68
14 14 16 14 16 18 14 18 14 14
60 35 62 35 62 39 60 39 60 35
82 47 85 47 85 50 82 50 82 47
70 24 72 24 72 26 70 26 70 24
27 9 31 9 31 11 27 11 27 9
72 80 74 80 74 82 72 82 72 80
53 82 57 82 57 85 53 85 53 82
23 60 25 60 25 64 23 64 23 60
40 53 43 53 43 55 40 55 40 53
27 2 31 2 31 5 27 5 27 2
87 67 89 67 89 70 87 70 87 67
20 88 22 88 22 90 20 90 20 88
21 67 24 67 24 69 21 69 21 67
70 51 73 51 73 53 70 53 70 51
2 78 5 78 5 80 2 80 2 78
52 32 56 32 56 35 52 35 52 32
20 59 22 59 22 61 20 61 20 59
18 8 21 8 21 11 18 11 18 8
54 11 58 11 58 13 54 13 54 11
46 24 49 24 49 28 46 28 46 24
3 86 6 86 6 90 3 90 3 86
18 27 21 27 21 29 18 29 18 27
9 3 12 3 12 6 9 6 9 3
70 29 74 29 74 33 70 33 70 29
42 87 44 87 44 90 42 90 42 87
67 52 69 52 69 55 67 55 67 52
71 2 73 2 73 6 71 6 71 2
90 33 92 33 92 35 90 35 90 33
41 26 43 26 43 29 41 29 41 26
81 69 84 69 84 71 81 71 81 69
81 39 85 39 85 41 81 41 81 39
77 2 79 2 79 4 77 4 77 2
53 60 56 60 56 63 53 63 53 60
58 74 61 74 61 76 58 76 58 74
9 75 12 75 12 77 9 77 9 75
46 42 48 42 48 46 46 46 46 42
2 45 4 45 4 48 2 48 2 45
27 57 30 57 30 60 27 60 27 57
32 65 36 65 36 69 32 69 32 65
32 53 35 53 35 55 32 55 32 53
77 66 80 66 80 70 77 70 77 66
76 44 79 44 79 46 76 46 76 44
47 74 51 74 51 76 47 76 47 74
28 36 30 36 30 38 28 38 28 36
55 73 57 73 57 75 55 75 55 73
2 9 5 9 5 11 2 11 2 9
9 69 12 69 12 71 9 71 9 69
40 75 43 75 43 77 40 77 40 75
64 72 68 72 68 74 64 74 64 72
58 2 62 2 62 5 58 5 58 2
13 94 17 94 17 97 13 97 13 94
72 95 76 95 76 97 72 97 72 95
8 7 12 7 12 11 8 11 8 7
68 75 72 75 72 77 68 77 68 75
2 29 5 29 5 32 2 32 2 29
6 54 10 54 10 58 6 58 6 54
71 38 73 38 73 42 71 42 71 38
65 61 69 61 69 63 65 63 65 61
27 12 29 12 29 15 27 15 27 12
74 22 78 22 78 26 74 26 74 22
64 95 68 95 68 98 64 98 64 95
20 92 24 92 24 94 20 94 20 92
94 29 97 29 97 32 94 32 94 29
4 13 6 13 6 15 4 15 4 13
92 9 96 9 96 13 92 13 92 9
22 5 24 5 24 7 22 7 22 5
13 6 15 6 15 9 13 9 13 6
87 33 89 33 89 37 87 37 87 33
56 27 58 27 58 29 56 29 56 27
75 49 77 49 77 52 75 52 75 49
73 56 75 56 75 59 73 59 73 56
69 35 71 35 71 37 69 37 69 35
91 26 94 26 94 28 91 28 91 26
49 51 53 51 53 55 49 55 49 51
13 46 15 46 15 48 13 48 13 46
77 62 79 62 79 64 77 64 77 62
86 4 89 4 89 8 86 8 86 4
35 84 37 84 37 86 35 86 35 84
57 35 59 35 59 37 57 37 57 35
32 77 36 77 36 79 32 79 32 77
59 93 63 93 63 95 59 95 59 93
37 61 41 61 41 63 37 63 37 61
3 96 7 96 7 98 3 98 3 96
18 22 22 22 22 24 18 24 18 22
62 78 65 78 65 80 62 80 62 78
85 16 87 16 87 20 85 20 85 16
95 55 98 55 98 58 95 58 95 55
86 89 89 89 89 93 86 93 86 89
9 87 13 87 13 89 9 89 9 87
95 59 97 59 97 61 95 61 95 59
95 77 98 77 98 80 95 80 95 77
88 71 90 71 90 73 88 73 88 71
26 75 30 75 30 78 26 78 26 75
23 32 25 32 25 35 23 35 23 32
62 88 64 88 64 92 62 92 62 88
24 25 26 25 26 29 24 29 24 25
48 83 52 83 52 85 48 85 48 83
17 2 20 2 20 6 17 6 17 2
20 47 24 47 24 49 20 49 20 47
79 20 81 20 81 23 79 23 79 20
92 41 96 41 96 45 92 45 92 41
43 71 46 71 46 74 43 74 43 71
72 71 74 71 74 73 72 73 72 71
51 37 53 37 53 39 51 39 51 37
83 59 86 59 86 62 83 62 83 59
61 69 63 69 63 73 61 73 61 69
