51 52 55 52 55 56 51 56 51 52
17 78 19 78 19 81 17 81 17 78
41 4 45 4 45 8 41 8 41 4
60 44 62 44 62 48 60 48 60 44
10 89 14 89 14 91 10 91 10 89
67 32 69 32 69 36 67 36 67 32
65 10 68 10 68 12 65 12 65 10
31 83 35 83 35 87 31 87 31 83
35 57 38 57 38 61 35 61 35 57
36 34 40 34 40 38 36 38 36 34
38 66 42 66 42 69 38 69 38 66
10 21 12 21 12 23 10 23 10 21
10 38 14 38 14 40 10 40 10 38
70 94 73 94 73 96 70 96 70 94
5 25 8 25 8 27 5 27 5 25
8 72 11 72 11 74 8 74 8 72
30 93 34 93 34 97 30 97 30 93
27 80 30 80 30 83 27 83 27 80
18 71 20 71 20 75 18 75 18 71
9 81 13 81 13 83 9 83 9 81
75 11 79 11 79 13 75 13 75 11
37 18 40 18 40 20 37 20 37 18
91 35 93 35 93 39 91 39 91 35
29 88 32 88 32 92 29 92 29 88
57 50 61 50 61 54 57 54 57 50
81 5 85 5 85 9 81 9 81 5
40 72 44 72 44 76 40 76 40 72
61 83 63 83 63 85 61 85 61 83
16 48 19 48 19 51 16 51 16 48
70 75 72 75 72 78 70 78 70 75
62 6 65 6 65 8 62 8 62 6
3 79 6 79 6 81 3 81 3 79
51 20 53 20 53 22 51 22 51 20
3 40 5 40 5 43 3 43 3 40
89 89 91 89 91 93 89 93 89 89
9 63 13 63 13 65 9 65 9 63
82 92 85 92 85 95 82 95 82 92
90 60 94 60 94 62 90 62 90 60
39 30 43 30 43 33 39 33 39 30
93 47 97 47 97 51 93 51 93 47
36 40 39 40 39 42 36 42 36 40
4 22 7 22 7 24 4 24 4 22
2 9 6 9 6 12 2 12 2 9
70 38 72 38 72 42 70 42 70 38
68 25 70 25 70 27 68 27 68 25
52 45 56 45 56 48 52 48 52 45
85 58 89 58 89 61 85 61 85 58
80 63 84 63 84 66 80 66 80 63
72 79 76 79 76 82 72 82 72 79
32 54 34 54 34 58 32 58 32 54
80 71 83 71 83 73 80 73 80 71
76 91 78 91 78 93 76 93 76 91
37 81 39 81 39 83 37 83 37 81
40 55 42 55 42 57 40 57 40 55
26 60 28 60 28 63 26 63 26 60
54 34 58 34 58 38 54 38 54 34
15 5 19 5 19 7 15 7 15 5
96 70 98 70 98 74 96 74 96 70
59 73 61 73 61 76 59 76 59 73
79 86 83 86 83 89 79 89 79 86
92 94 96 94 96 98 92 98 92 94
50 9 54 9 54 11 50 11 50 9
50 81 53 81 53 84 50 84 50 81
52 64 56 64 56 67 52 67 52 64
63 69 65 69 65 71 63 71 63 69
23 13 25 13 25 17 23 17 23 13
7 68 10 68 10 70 7 70 7 68
77 29 79 29 79 32 77 32 77 29
10 11 13 11 13 15 10 15 10 11
76 37 79 37 79 39 76 39 76 37
6 45 9 45 9 48 6 48 6 45
37 45 40 45 40 47 37 47 37 45
59 91 63 91 63 95 59 95 59 91
59 80 62 80 62 82 59 82 59 80
82 39 85 39 85 43 82 43 82 39
76 15 80 15 80 19 76 19 76 15
60 60 64 60 64 62 60 62 60 60
61 29 65 29 65 31 61 31 61 29
5 34 8 34 8 36 5 36 5 34
15 25 17 25 17 27 15 27 15 25
6 28 10 28 10 31 6 31 6 28
44 34 46 34 46 37 44 37 44 34
26 85 28 85 28 88 26 88 26 85
48 38 51 38 51 42 48 42 48 38
63 73 66 73 66 77 63 77 63 73
9 94 11 94 11 96 9 96 9 94
95 56 98 56 98 59 95 59 95 56
29 29 33 29 33 31 29 31 29 29
64 57 66 57 66 59 64 59 64 57
33 44 36 44 36 47 33 47 33 44
24 67 27 67 27 69 24 69 24 67
2 31 5 31 5 33 2 33 2 31
78 79 80 79 80 83 78 83 78 79
88 18 90 18 90 21 88 21 88 18
86 44 88 44 88 48 86 48 86 44
72 86 75 86 75 90 72 90 72 86
66 66 69 66 69 70 66 70 66 66
59 35 63 35 63 39 59 39 59 35
35 12 37 12 37 16 35 16 35 12
22 19 24 19 24 23 22 23 22 19
13 32 16 32 16 36 13 36 13 32
73 50 76 50 76 52 73 52 73 50
84 24 87 24 87 27 84 27 84 24
60 16 64 16 64 19 60 19 60 16
29 6 32 6 32 8 29 8 29 6
29 22 32 22 32 25 29 25 29 22
51 15 53 15 53 18 51 18 51 15
31 76 34 76 34 78 31 78 31 76
83 12 85 12 85 14 83 14 83 12
3 95 5 95 5 98 3 98 3 95
73 68 75 68 75 72 73 72 73 68
66 6 68 6 68 8 66 8 66 6
22 56 25 56 25 58 22 58 22 56
33 36 35 36 35 38 33 38 33 36
48 27 51 27 51 29 48 29 48 27
23 73 27 73 27 77 23 77 23 73
74 73 78 73 78 75 74 75 74 73
42 22 45 22 45 26 42 26 42 22
64 33 66 33 66 35 64 35 64 33
28 46 31 46 31 50 28 50 28 46
52 85 54 85 54 88 52 88 52 85
59 63 63 63 63 65 59 65 59 63
38 50 40 50 40 52 38 52 38 50
78 24 81 24 81 26 78 26 78 24
14 21 17 21 17 23 14 23 14 21
67 89 69 89 69 93 67 93 67 89
14 56 16 56 16 58 14 58 14 56
73 59 75 59 75 62 73 62 73 59
9 60 13 60 13 62 9 62 9 60
20 85 23 85 23 88 20 88 20 85
27 39 30 39 30 43 27 43 27 39
69 12 72 12 72 14 69 14 69 12
47 63 50 63 50 65 47 65 47 63
34 7 38 7 38 9 34 9 34 7
70 8 72 8 72 10 70 10 70 8
17 10 21 10 21 13 17 13 17 10
42 42 46 42 46 46 42 46 42 42
5 18 8 18 8 21 5 21 5 18
55 76 57 76 57 78 55 78 55 76
81 35 83 35 83 37 81 37 81 35
7 53 9 53 9 55 7 55 7 53
14 41 18 41 18 44 14 44 14 41
28 16 30 16 30 20 28 20 28 16
95 4 97 4 97 8 95 8 95 4
58 87 62 87 62 89 58 89 58 87
65 54 69 54 69 56 65 56 65 54
68 80 70 80 70 83 68 83 68 80
45 16 49 16 49 18 45 18 45 16
86 62 89 62 89 64 86 64 86 62
55 93 58 93 58 95 55 95 55 93
15 66 18 66 18 68 15 68 15 66
79 51 82 51 82 53 79 53 79 51
34 88 38 88 38 92 34 92 34 88
41 49 44 49 44 52 41 52 41 49
94 13 97 13 97 15 94 15 94 13
46 2 48 2 48 6 46 6 46 2
55 26 57 26 57 28 55 28 55 26
15 52 18 52 18 54 15 54 15 52
56 9 58 9 58 12 56 12 56 9
47 76 51 76 51 78 47 78 47 76
92 69 95 69 95 73 92 73 92 69
54 18 56 18 56 20 54 20 54 18
73 30 75 30 75 33 73 33 73 30
2 44 5 44 5 48 2 48 2 44
25 7 27 7 27 10 25 10 25 7
95 43 98 43 98 45 95 45 95 43
22 32 24 32 24 35 22 35 22 32
88 76 91 76 91 80 88 80 88 76
6 2 8 2 8 4 6 4 6 2
77 47 81 47 81 50 77 50 77 47
27 56 30 56 30 59 27 59 27 56
87 11 89 11 89 13 87 13 87 11
49 69 51 69 51 73 49 73 49 69
91 5 94 5 94 8 91 8 91 5
23 90 26 90 26 93 23 93 23 90
51 32 53 32 53 35 51 35 51 32
29 34 31 34 31 36 29 36 29 34
39 85 41 85 41 89 39 89 39 85
89 45 92 45 92 49 89 49 89 45
90 55 92 55 92 58 90 58 90 55
80 28 82 28 82 31 80 31 80 28
12 71 14 71 14 73 12 73 12 71
3 69 6 69 6 73 3 73 3 69
43 10 46 10 46 12 43 12 43 10
86 67 90 67 90 69 86 69 86 67
28 10 30 10 30 13 28 13 28 10
44 95 46 95 46 97 44 97 44 95
65 40 69 40 69 44 65 44 65 40
76 66 79 66 79 68 76 68 76 66
24 44 26 44 26 48 24 48 24 44
73 42 77 42 77 45 73 45 73 42
63 45 67 45 67 47 63 47 63 45
91 17 95 17 95 20 91 20 91 17
88 3 90 3 90 5 88 5 88 3
52 49 55 49 55 51 52 51 52 49
59 9 61 9 61 11 59 11 59 9
64 2 67 2 67 4 64 4 64 2
45 85 49 85 49 87 45 87 45 85
93 88 96 88 96 90 93 90 93 88
53 3 57 3 57 7 53 7 53 3
11 45 15 45 15 48 11 48 11 45
95 63 98 63 98 67 95 67 95 63
87 83 91 83 91 85 87 85 87 83
45 68 47 68 47 71 45 71 45 68
68 19 71 19 71 23 68 23 68 19
2 87 5 87 5 90 2 90 2 87
17 94 21 94 21 97 17 97 17 94
76 62 79 62 79 64 76 64 76 62
22 50 24 50 24 52 22 52 22 50
63 26 66 26 66 28 63 28 63 26
15 15 19 15 19 17 15 17 15 15
3 49 6 49 6 53 3 53 3 49
55 14 59 14 59 17 55 17 55 14
31 63 35 63 35 66 31 66 31 63
26 30 28 30 28 33 26 33 26 30
24 95 26 95 26 98 24 98 24 95
19 59 21 59 21 61 19 61 19 59
93 29 96 29 96 32 93 32 93 29
7 11 9 11 9 15 7 15 7 11
92 24 96 24 96 27 92 27 92 24
51 24 54 24 54 26 51 26 51 24
42 59 46 59 46 62 42 62 42 59
48 55 50 55 50 58 48 58 48 55
20 27 22 27 22 30 20 30 20 27
81 56 84 56 84 60 81 60 81 56
20 44 22 44 22 46 20 46 20 44
20 63 22 63 22 67 20 67 20 63
45 51 49 51 49 53 45 53 45 51
3 56 6 56 6 59 3 59 3 56
32 13 34 13 34 15 32 15 32 13
37 70 39 70 39 74 37 74 37 70
77 94 80 94 80 98 77 98 77 94
85 30 88 30 88 33 85 33 85 30
86 6 88 6 88 10 86 10 86 6
55 40 58 40 58 44 55 44 55 40
42 90 46 90 46 93 42 93 42 90
91 9 95 9 95 11 91 11 91 9
8 5 10 5 10 9 8 9 8 5
46 30 50 30 50 33 46 33 46 30
20 90 22 90 22 92 20 92 20 90
33 22 35 22 35 26 33 26 33 22
94 52 96 52 96 54 94 54 94 52
31 17 34 17 34 21 31 21 31 17
30 70 34 70 34 73 30 73 30 70
21 36 25 36 25 40 21 40 21 36
10 76 13 76 13 79 10 79 10 76
81 81 84 81 84 85 81 85 81 81
20 3 23 3 23 6 20 6 20 3
93 84 97 84 97 87 93 87 93 84
62 40 64 40 64 43 62 43 62 40
