10 15 13 15 13 17 10 17 10 15
93 16 95 16 95 20 93 20 93 16
94 90 98 90 98 94 94 94 94 90
89 56 93 56 93 59 89 59 89 56
36 14 38 14 38 16 36 16 36 14
62 13 65 13 65 17 62 17 62 13
14 30 16 30 16 34 14 34 14 30
46 61 49 61 49 63 46 63 46 61
77 47 81 47 81 50 77 50 77 47
37 38 39 38 39 41 37 41 37 38
11 12 13 12 13 14 11 14 11 12
11 33 13 33 13 36 11 36 11 33
64 37 66 37 66 40 64 40 64 37
42 4 45 4 45 7 42 7 42 4
6 59 8 59 8 63 6 63 6 59
56 7 60 7 60 9 56 9 56 7
19 14 21 14 21 18 19 18 19 14
48 43 50 43 50 46 48 46 48 43
81 92 85 92 85 94 81 94 81 92
42 77 45 77 45 80 42 80 42 77
80 5 82 5 82 9 80 9 80 5
10 38 12 38 12 41 10 41 10 38
55 16 57 16 57 20 55 20 55 16
60 45 63 45 63 47 60 47 60 45
16 80 20 80 20 82 16 82 16 80
86 96 90 96 90 98 86 98 86 96
35 78 37 78 37 80 35 80 35 78
7 52 10 52 10 56 7 56 7 52
92 10 95 10 95 14 92 14 92 10
26 85 30 85 30 88 26 88 26 85
31 67 35 67 35 69 31 69 31 67
31 70 33 70 33 72 31 72 31 70
67 39 69 39 69 41 67 41 67 39
18 26 20 26 20 29 18 29 18 26
78 23 82 23 82 27 78 27 78 23
52 70 56 70 56 73 52 73 52 70
37 74 40 74 40 77 37 77 37 74
25 2 28 2 28 6 25 6 25 2
73 86 76 86 76 90 73 90 73 86
2 38 5 38 5 41 2 41 2 38
5 83 8 83 8 87 5 87 5 83
54 42 58 42 58 45 54 45 54 42
16 93 19 93 19 96 16 96 16 93
89 73 91 73 91 75 89 75 89 73
61 54 65 54 65 57 61 57 61 54
33 30 36 30 36 34 33 34 33 30
68 32 72 32 72 36 68 36 68 32
16 68 20 68 20 70 16 70 16 68
11 72 13 72 13 75 11 75 11 72
43 42 45 42 45 44 43 44 43 42
96 65 98 65 98 69 96 69 96 65
80 40 84 40 84 43 80 43 80 40
42 29 44 29 44 32 42 32 42 29
26 19 28 19 28 23 26 23 26 19
89 3 91 3 91 5 89 5 89 3
46 22 49 22 49 25 46 25 46 22
88 16 92 16 92 20 88 20 88 16
81 87 85 87 85 90 81 90 81 87
38 60 41 60 41 62 38 62 38 60
79 80 83 80 83 84 79 84 79 80
84 7 86 7 86 9 84 9 84 7
29 38 31 38 31 42 29 42 29 38
54 49 56 49 56 51 54 51 54 49
91 51 95 51 95 54 91 54 91 51
15 74 18 74 18 78 15 78 15 74
34 7 36 7 36 9 34 9 34 7
17 84 20 84 20 86 17 86 17 84
23 80 27 80 27 83 23 83 23 80
19 60 22 60 22 64 19 64 19 60
67 56 71 56 71 59 67 59 67 56
30 55 33 55 33 58 30 58 30 55
63 62 67 62 67 64 63 64 63 62
47 29 51 29 51 31 47 31 47 29
9 94 12 94 12 97 9 97 9 94
53 90 55 90 55 92 53 92 53 90
45 84 47 84 47 88 45 88 45 84
46 92 50 92 50 96 46 96 46 92
56 28 59 28 59 31 56 31 56 28
80 34 82 34 82 37 80 37 80 34
18 33 21 33 21 36 18 36 18 33
42 23 45 23 45 27 42 27 42 23
34 48 38 48 38 50 34 50 34 48
77 86 80 86 80 89 77 89 77 86
30 15 33 15 33 19 30 19 30 15
39 57 43 57 43 59 39 59 39 57
54 59 57 59 57 62 54 62 54 59
46 14 48 14 48 16 46 16 46 14
76 36 78 36 78 38 76 38 76 36
93 37 97 37 97 41 93 41 93 37
4 95 7 95 7 98 4 98 4 95
39 18 41 18 41 20 39 20 39 18
68 3 70 3 70 6 68 6 68 3
64 78 67 78 67 82 64 82 64 78
15 24 17 24 17 27 15 27 15 24
93 73 97 73 97 75 93 75 93 73
68 90 70 90 70 93 68 93 68 90
15 56 18 56 18 58 15 58 15 56
52 28 54 28 54 31 52 31 52 28
73 16 76 16 76 18 73 18 73 16
6 31 10 31 10 34 6 34 6 31
26 33 28 33 28 37 26 37 26 33
39 84 43 84 43 87 39 87 39 84
83 57 85 57 85 61 83 61 83 57
4 3 6 3 6 5 4 5 4 3
18 47 21 47 21 50 18 50 18 47
5 10 9 10 9 12 5 12 5 10
68 14 72 14 72 18 68 18 68 14
38 45 41 45 41 47 38 47 38 45
48 2 51 2 51 5 48 5 48 2
18 21 21 21 21 24 18 24 18 21
60 49 63 49 63 53 60 53 60 49
60 2 62 2 62 5 60 5 60 2
9 80 11 80 11 84 9 84 9 80
87 46 91 46 91 50 87 50 87 46
60 77 62 77 62 79 60 79 60 77
89 9 91 9 91 12 89 12 89 9
14 10 17 10 17 12 14 12 14 10
75 64 78 64 78 68 75 68 75 64
42 9 44 9 44 12 42 12 42 9
66 70 70 70 70 72 66 72 66 70
37 91 41 91 41 93 37 93 37 91
10 47 12 47 12 50 10 50 10 47
9 6 13 6 13 8 9 8 9 6
76 40 79 40 79 43 76 43 76 40
73 91 75 91 75 93 73 93 73 91
52 93 54 93 54 95 52 95 52 93
33 89 35 89 35 93 33 93 33 89
32 23 34 23 34 26 32 26 32 23
58 63 61 63 61 65 58 65 58 63
57 88 59 88 59 90 57 90 57 88
34 83 38 83 38 86 34 86 34 83
6 35 9 35 9 37 6 37 6 35
76 94 79 94 79 96 76 96 76 94
95 31 97 31 97 33 95 33 95 31
16 88 19 88 19 92 16 92 16 88
95 24 98 24 98 27 95 27 95 24
93 85 96 85 96 89 93 89 93 85
8 23 12 23 12 26 8 26 8 23
46 65 49 65 49 68 46 68 46 65
3 29 5 29 5 31 3 31 3 29
2 24 4 24 4 26 2 26 2 24
14 63 16 63 16 65 14 65 14 63
2 72 6 72 6 74 2 74 2 72
64 50 68 50 68 53 64 53 64 50
13 86 15 86 15 90 13 90 13 86
52 79 55 79 55 83 52 83 52 79
11 57 13 57 13 61 11 61 11 57
29 20 31 20 31 22 29 22 29 20
75 31 77 31 77 35 75 35 75 31
28 81 31 81 31 84 28 84 28 81
19 52 21 52 21 55 19 55 19 52
23 52 26 52 26 55 23 55 23 52
19 5 22 5 22 7 19 7 19 5
69 78 71 78 71 80 69 80 69 78
50 23 52 23 52 26 50 26 50 23
49 17 53 17 53 20 49 20 49 17
9 62 12 62 12 64 9 64 9 62
79 73 82 73 82 77 79 77 79 73
90 77 92 77 92 80 90 80 90 77
62 28 65 28 65 32 62 32 62 28
40 37 44 37 44 39 40 39 40 37
74 83 78 83 78 85 74 85 74 83
70 19 73 19 73 22 70 22 70 19
26 9 28 9 28 13 26 13 26 9
73 73 75 73 75 75 73 75 73 73
75 77 77 77 77 79 75 79 75 77
29 23 31 23 31 27 29 27 29 23
27 91 31 91 31 93 27 93 27 91
71 8 75 8 75 10 71 10 71 8
28 50 30 50 30 53 28 53 28 50
95 55 97 55 97 58 95 58 95 55
24 74 27 74 27 77 24 77 24 74
23 88 25 88 25 91 23 91 23 88
22 17 25 17 25 19 22 19 22 17
34 43 36 43 36 47 34 47 34 43
77 13 79 13 79 17 77 17 77 13
59 23 62 23 62 27 59 27 59 23
29 34 32 34 32 37 29 37 29 34
87 31 91 31 91 33 87 33 87 31
51 38 53 38 53 41 51 41 51 38
83 19 87 19 87 22 83 22 83 19
51 53 54 53 54 56 51 56 51 53
13 47 17 47 17 50 13 50 13 47
14 16 17 16 17 19 14 19 14 16
54 21 56 21 56 25 54 25 54 21
70 37 73 37 73 39 70 39 70 37
57 52 59 52 59 54 57 54 57 52
16 37 18 37 18 40 16 40 16 37
30 73 33 73 33 75 30 75 30 73
26 69 30 69 30 71 26 71 26 69
25 56 28 56 28 60 25 60 25 56
60 86 63 86 63 88 60 88 60 86
79 18 81 18 81 22 79 22 79 18
75 56 79 56 79 59 75 59 75 56
7 18 11 18 11 20 7 20 7 18
48 10 51 10 51 12 48 12 48 10
63 91 67 91 67 95 63 95 63 91
22 46 26 46 26 48 22 48 22 46
79 29 82 29 82 33 79 33 79 29
45 34 48 34 48 37 45 37 45 34
95 7 97 7 97 9 95 9 95 7
87 79 89 79 89 81 87 81 87 79
65 7 67 7 67 9 65 9 65 7
71 51 75 51 75 53 71 53 71 51
50 87 52 87 52 89 50 89 50 87
51 49 53 49 53 51 51 51 51 49
84 69 88 69 88 71 84 71 84 69
56 94 58 94 58 98 56 98 56 94
74 24 76 24 76 26 74 26 74 24
30 94 32 94 32 97 30 97 30 94
45 53 49 53 49 57 45 57 45 53
68 45 71 45 71 49 68 49 68 45
69 26 72 26 72 30 69 30 69 26
50 62 52 62 52 65 50 65 50 62
81 54 84 54 84 56 81 56 81 54
72 47 74 47 74 49 72 49 72 47
68 64 72 64 72 68 68 68 68 64
22 41 26 41 26 45 22 45 22 41
47 7 51 7 51 9 47 9 47 7
15 51 18 51 18 54 15 54 15 51
51 96 55 96 55 98 51 98 51 96
88 82 92 82 92 84 88 84 88 82
59 69 63 69 63 71 59 71 59 69
79 51 83 51 83 53 79 53 79 51
92 2 94 2 94 6 92 6 92 2
2 45 6 45 6 47 2 47 2 45
28 63 30 63 30 66 28 66 28 63
69 85 72 85 72 88 69 88 69 85
12 81 14 81 14 84 12 84 12 81
51 59 53 59 53 61 51 61 51 59
90 64 93 64 93 66 90 66 90 64
3 33 5 33 5 37 3 37 3 33
37 63 41 63 41 66 37 66 37 63
39 70 41 70 41 72 39 72 39 70
58 14 60 14 60 17 58 17 58 14
87 35 91 35 91 38 87 38 87 35
87 6 91 6 91 8 87 8 87 6
40 14 43 14 43 16 40 16 40 14
60 34 62 34 62 38 60 38 60 34
68 11 72 11 72 13 68 13 68 11
2 61 4 61 4 63 2 63 2 61
20 92 24 92 24 95 20 95 20 92
52 5 54 5 54 7 52 7 52 5
51 66 55 66 55 69 51 69 51 66
34 17 38 17 38 20 34 20 34 17
46 39 49 39 49 41 46 41 46 39
59 81 62 81 62 85 59 85 59 81
8 75 10 75 10 79 8 79 8 75
87 91 89 91 89 94 87 94 87 91
47 72 50 72 50 76 47 76 47 72
