49 55 51 55 51 57 49 57 49 55
4 14 6 14 6 18 4 18 4 14
5 77 7 77 7 80 5 80 5 77
78 20 82 20 82 24 78 24 78 20
17 83 21 83 21 85 17 85 17 83
73 90 75 90 75 94 73 94 73 90
57 30 59 30 59 33 57 33 57 30
85 75 89 75 89 77 85 77 85 75
89 82 93 82 93 84 89 84 89 82
60 56 63 56 63 58 60 58 60 56
77 83 81 83 81 86 77 86 77 83
67 66 71 66 71 70 67 70 67 66
46 7 48 7 48 11 46 11 46 7
76 74 79 74 79 77 76 77 76 74
57 64 59 64 59 67 57 67 57 64
21 73 25 73 25 76 21 76 21 73
57 93 59 93 59 97 57 97 57 93
60 62 62 62 62 66 60 66 60 62
69 75 73 75 73 77 69 77 69 75
25 77 27 77 27 79 25 79 25 77
55 89 57 89 57 91 55 91 55 89
83 6 86 6 86 9 83 9 83 6
68 34 71 34 71 37 68 37 68 34
10 77 13 77 13 79 10 79 10 77
14 13 18 13 18 17 14 17 14 13
42 10 45 10 45 14 42 14 42 10
92 24 95 24 95 27 92 27 92 24
14 62 18 62 18 65 14 65 14 62
34 93 37 93 37 97 34 97 34 93
71 80 73 80 73 84 71 84 71 80
9 22 11 22 11 25 9 25 9 22
36 50 40 50 40 54 36 54 36 50
60 88 63 88 63 90 60 90 60 88
26 64 30 64 30 66 26 66 26 64
61 6 63 6 63 9 61 9 61 6
86 24 90 24 90 27 86 27 86 24
46 22 50 22 50 24 46 24 46 22
73 18 76 18 76 21 73 21 73 18
40 90 44 90 44 93 40 93 40 90
54 72 56 72 56 75 54 75 54 72
17 2 21 2 21 4 17 4 17 2
52 11 56 11 56 14 52 14 52 11
2 95 5 95 5 98 2 98 2 95
68 23 70 23 70 27 68 27 68 23
16 91 18 91 18 93 16 93 16 91
51 45 54 45 54 47 51 47 51 45
40 85 43 85 43 88 40 88 40 85
87 78 89 78 89 81 87 81 87 78
83 85 87 85 87 87 83 87 83 85
80 62 83 62 83 65 80 65 80 62
85 18 87 18 87 21 85 21 85 18
9 68 12 68 12 70 9 70 9 68
13 20 16 20 16 24 13 24 13 20
6 60 10 60 10 62 6 62 6 60
38 58 42 58 42 60 38 60 38 58
30 40 32 40 32 42 30 42 30 40
63 43 66 43 66 46 63 46 63 43
61 12 65 12 65 15 61 15 61 12
80 69 84 69 84 71 80 71 80 69
88 58 90 58 90 62 88 62 88 58
33 20 36 20 36 23 33 23 33 20
32 86 34 86 34 89 32 89 32 86
14 35 16 35 16 37 14 37 14 35
29 35 32 35 32 39 29 39 29 35
55 41 59 41 59 43 55 43 55 41
4 87 6 87 6 90 4 90 4 87
93 61 97 61 97 65 93 65 93 61
34 41 38 41 38 44 34 44 34 41
83 88 87 88 87 92 83 92 83 88
76 32 80 32 80 34 76 34 76 32
31 80 33 80 33 82 31 82 31 80
73 48 75 48 75 51 73 51 73 48
90 29 94 29 94 33 90 33 90 29
17 67 21 67 21 70 17 70 17 67
78 11 80 11 80 14 78 14 78 11
64 30 67 30 67 34 64 34 64 30
9 85 11 85 11 89 9 89 9 85
52 36 55 36 55 38 52 38 52 36
45 29 47 29 47 33 45 33 45 29
59 69 62 69 62 72 59 72 59 69
48 16 51 16 51 18 48 18 48 16
14 2 16 2 16 6 14 6 14 2
36 80 40 80 40 84 36 84 36 80
35 75 39 75 39 77 35 77 35 75
73 59 75 59 75 63 73 63 73 59
75 3 79 3 79 7 75 7 75 3
86 15 89 15 89 17 86 17 86 15
71 53 73 53 73 55 71 55 71 53
28 57 30 57 30 59 28 59 28 57
26 35 28 35 28 37 26 37 26 35
13 59 16 59 16 61 13 61 13 59
16 8 19 8 19 12 16 12 16 8
75 26 77 26 77 28 75 28 75 26
80 94 83 94 83 96 80 96 80 94
21 42 25 42 25 45 21 45 21 42
87 64 89 64 89 68 87 68 87 64
64 59 66 59 66 62 64 62 64 59
27 46 31 46 31 48 27 48 27 46
18 25 22 25 22 28 18 28 18 25
20 77 23 77 23 80 20 80 20 77
19 15 21 15 21 17 19 17 19 15
42 19 44 19 44 21 42 21 42 19
78 53 81 53 81 55 78 55 78 53
3 59 5 59 5 62 3 62 3 59
37 15 40 15 40 18 37 18 37 15
30 91 32 91 32 94 30 94 30 91
8 53 12 53 12 56 8 56 8 53
64 6 68 6 68 10 64 10 64 6
23 66 25 66 25 70 23 70 23 66
55 59 57 59 57 63 55 63 55 59
73 31 75 31 75 34 73 34 73 31
53 20 57 20 57 22 53 22 53 20
59 36 61 36 61 39 59 39 59 36
92 49 96 49 96 52 92 52 92 49
57 85 59 85 59 88 57 88 57 85
3 41 7 41 7 44 3 44 3 41
42 27 44 27 44 29 42 29 42 27
94 78 97 78 97 81 94 81 94 78
36 30 38 30 38 34 36 34 36 30
79 40 82 40 82 42 79 42 79 40
21 6 23 6 23 8 21 8 21 6
48 60 52 60 52 62 48 62 48 60
45 18 47 18 47 20 45 20 45 18
49 70 53 70 53 74 49 74 49 70
9 9 12 9 12 11 9 11 9 9
46 85 50 85 50 88 46 88 46 85
12 44 16 44 16 48 12 48 12 44
90 4 93 4 93 6 90 6 90 4
81 28 83 28 83 31 81 31 81 28
90 54 94 54 94 57 90 57 90 54
91 39 93 39 93 43 91 43 91 39
38 9 40 9 40 11 38 11 38 9
38 46 40 46 40 48 38 48 38 46
22 95 24 95 24 98 22 98 22 95
58 2 60 2 60 4 58 4 58 2
29 9 33 9 33 11 29 11 29 9
65 35 67 35 67 37 65 37 65 35
67 44 71 44 71 48 67 48 67 44
40 42 44 42 44 44 40 44 40 42
6 74 9 74 9 76 6 76 6 74
84 48 88 48 88 50 84 50 84 48
62 81 64 81 64 84 62 84 62 81
13 55 15 55 15 57 13 57 13 55
44 65 47 65 47 69 44 69 44 65
37 69 39 69 39 71 37 71 37 69
4 26 6 26 6 30 4 30 4 26
14 80 18 80 18 82 14 82 14 80
30 12 32 12 32 14 30 14 30 12
61 20 65 20 65 22 61 22 61 20
69 92 72 92 72 94 69 94 69 92
7 12 11 12 11 16 7 16 7 12
27 18 30 18 30 20 27 20 27 18
31 54 33 54 33 58 31 58 31 54
51 86 53 86 53 89 51 89 51 86
85 54 87 54 87 58 85 58 85 54
72 4 74 4 74 8 72 8 72 4
55 55 58 55 58 58 55 58 55 55
10 31 14 31 14 34 10 34 10 31
54 76 58 76 58 78 54 78 54 76
4 19 7 19 7 22 4 22 4 19
96 24 98 24 98 28 96 28 96 24
2 2 6 2 6 6 2 6 2 2
50 3 53 3 53 6 50 6 50 3
72 10 75 10 75 13 72 13 72 10
46 94 49 94 49 96 46 96 46 94
19 88 21 88 21 92 19 92 19 88
22 54 26 54 26 57 22 57 22 54
54 79 58 79 58 81 54 81 54 79
40 22 43 22 43 24 40 24 40 22
13 38 17 38 17 40 13 40 13 38
18 18 22 18 22 21 18 21 18 18
90 35 92 35 92 38 90 38 90 35
48 40 52 40 52 42 48 42 48 40
63 69 66 69 66 73 63 73 63 69
80 45 84 45 84 47 80 47 80 45
39 28 41 28 41 32 39 32 39 28
14 73 18 73 18 76 14 76 14 73
24 61 26 61 26 63 24 63 24 61
72 23 74 23 74 27 72 27 72 23
78 87 82 87 82 90 78 90 78 87
86 39 89 39 89 42 86 42 86 39
90 71 93 71 93 74 90 74 90 71
34 37 36 37 36 40 34 40 34 37
95 71 97 71 97 73 95 73 95 71
51 48 53 48 53 50 51 50 51 48
16 29 20 29 20 31 16 31 16 29
49 25 52 25 52 29 49 29 49 25
54 16 58 16 58 19 54 19 54 16
66 18 68 18 68 20 66 20 66 18
9 90 12 90 12 94 9 94 9 90
66 3 68 3 68 5 66 5 66 3
22 34 25 34 25 38 22 38 22 34
57 51 61 51 61 53 57 53 57 51
44 55 48 55 48 58 44 58 44 55
38 63 42 63 42 67 38 67 38 63
3 66 7 66 7 69 3 69 3 66
93 17 97 17 97 19 93 19 93 17
23 29 25 29 25 33 23 33 23 29
77 79 81 79 81 82 77 82 77 79
79 58 83 58 83 60 79 60 79 58
54 25 57 25 57 28 54 28 54 25
25 90 28 90 28 92 25 92 25 90
74 44 76 44 76 47 74 47 74 44
60 77 64 77 64 79 60 79 60 77
20 46 22 46 22 49 20 49 20 46
42 4 44 4 44 6 42 6 42 4
65 95 69 95 69 98 65 98 65 95
44 72 48 72 48 74 44 74 44 72
52 82 56 82 56 85 52 85 52 82
79 48 83 48 83 50 79 50 79 48
85 2 88 2 88 4 85 4 85 2
51 76 53 76 53 80 51 80 51 76
42 80 45 80 45 84 42 84 42 80
25 10 27 10 27 12 25 12 25 10
86 29 88 29 88 31 86 31 86 29
31 28 34 28 34 32 31 32 31 28
45 48 48 48 48 51 45 51 45 48
96 93 98 93 98 96 96 96 96 93
39 36 43 36 43 39 39 39 39 36
7 82 11 82 11 84 7 84 7 82
72 67 74 67 74 69 72 69 72 67
94 66 97 66 97 69 94 69 94 66
83 33 85 33 85 37 83 37 83 33
81 14 85 14 85 17 81 17 81 14
15 26 17 26 17 28 15 28 15 26
33 59 35 59 35 63 33 63 33 59
26 25 30 25 30 29 26 29 26 25
16 86 18 86 18 90 16 90 16 86
55 6 59 6 59 8 55 8 55 6
5 23 7 23 7 25 5 25 5 23
31 2 34 2 34 5 31 5 31 2
61 28 63 28 63 32 61 32 61 28
66 50 70 50 70 53 66 53 66 50
8 43 11 43 11 47 8 47 8 43
7 49 11 49 11 52 7 52 7 49
11 4 13 4 13 7 11 7 11 4
47 37 50 37 50 39 47 39 47 37
71 38 74 38 74 41 71 41 71 38
19 38 21 38 21 41 19 41 19 38
67 85 69 85 69 88 67 88 67 85
55 44 59 44 59 48 55 48 55 44
82 78 85 78 85 82 82 82 82 78
69 28 72 28 72 31 69 31 69 28
7 35 11 35 11 39 7 39 7 35
64 25 67 25 67 29 64 29 64 25
25 4 28 4 28 7 25 7 25 4
2 55 6 55 6 58 2 58 2 55
74 55 77 55 77 58 74 58 74 55
90 66 92 66 92 69 90 69 90 66
62 95 64 95 64 98 62 98 62 95
