39 62 42 62 42 65 39 65 39 62
74 77 78 77 78 79 74 79 74 77
68 35 72 35 72 38 68 38 68 35
74 6 77 6 77 9 74 9 74 6
42 9 46 9 46 12 42 12 42 9
28 54 32 54 32 56 28 56 28 54
16 83 20 83 20 85 16 85 16 83
61 5 63 5 63 9 61 9 61 5
40 38 42 38 42 40 40 40 40 38
45 49 49 49 49 52 45 52 45 49
61 18 64 18 64 21 61 21 61 18
23 8 26 8 26 12 23 12 23 8
26 49 30 49 30 53 26 53 26 49
47 39 49 39 49 41 47 41 47 39
43 5 45 5 45 8 43 8 43 5
17 50 21 50 21 54 17 54 17 50
67 19 71 19 71 22 67 22 67 19
40 30 44 30 44 32 40 32 40 30
79 25 83 25 83 28 79 28 79 25
22 17 26 17 26 19 22 19 22 17
57 22 59 22 59 26 57 26 57 22
28 39 31 39 31 41 28 41 28 39
47 71 50 71 50 73 47 73 47 71
19 3 22 3 22 6 19 6 19 3
33 89 35 89 35 91 33 91 33 89
14 63 17 63 17 67 14 67 14 63
80 83 83 83 83 85 80 85 80 83
5 83 8 83 8 86 5 86 5 83
22 44 26 44 26 48 22 48 22 44
15 86 18 86 18 89 15 89 15 86
86 78 88 78 88 80 86 80 86 78
73 95 77 95 77 97 73 97 73 95
58 11 61 11 61 13 58 13 58 11
95 33 97 33 97 37 95 37 95 33
16 16 19 16 19 19 16 19 16 16
8 43 12 43 12 45 8 45 8 43
22 39 24 39 24 41 22 41 22 39
23 68 27 68 27 70 23 70 23 68
63 52 65 52 65 56 63 56 63 52
64 11 67 11 67 14 64 14 64 11
56 95 58 95 58 97 56 97 56 95
16 9 18 9 18 13 16 13 16 9
53 6 57 6 57 8 53 8 53 6
46 21 50 21 50 25 46 25 46 21
90 2 93 2 93 6 90 6 90 2
54 53 56 53 56 57 54 57 54 53
64 39 66 39 66 43 64 43 64 39
78 37 81 37 81 41 78 41 78 37
32 69 35 69 35 72 32 72 32 69
79 45 81 45 81 49 79 49 79 45
90 38 93 38 93 41 90 41 90 38
31 25 34 25 34 28 31 28 31 25
13 11 15 11 15 14 13 14 13 11
50 17 53 17 53 20 50 20 50 17
55 65 58 65 58 69 55 69 55 65
27 7 29 7 29 11 27 11 27 7
13 79 16 79 16 82 13 82 13 79
71 80 75 80 75 82 71 82 71 80
62 73 64 73 64 75 62 75 62 73
84 69 86 69 86 73 84 73 84 69
85 24 89 24 89 27 85 27 85 24
6 30 10 30 10 32 6 32 6 30
84 84 87 84 87 87 84 87 84 84
58 73 61 73 61 76 58 76 58 73
43 34 45 34 45 37 43 37 43 34
56 46 60 46 60 48 56 48 56 46
71 55 75 55 75 59 71 59 71 55
85 93 89 93 89 96 85 96 85 93
77 11 80 11 80 13 77 13 77 11
3 40 6 40 6 43 3 43 3 40
72 41 74 41 74 45 72 45 72 41
4 35 8 35 8 39 4 39 4 35
28 21 30 21 30 24 28 24 28 21
33 76 35 76 35 79 33 79 33 76
62 90 65 90 65 94 62 94 62 90
32 64 34 64 34 67 32 67 32 64
42 79 46 79 46 81 42 81 42 79
88 35 90 35 90 37 88 37 88 35
57 83 61 83 61 85 57 85 57 83
59 67 61 67 61 69 59 69 59 67
89 56 92 56 92 59 89 59 89 56
12 52 15 52 15 56 12 56 12 52
32 6 35 6 35 8 32 8 32 6
57 78 60 78 60 81 57 81 57 78
35 19 39 19 39 23 35 23 35 19
68 87 72 87 72 90 68 90 68 87
68 60 70 60 70 63 68 63 68 60
45 27 49 27 49 31 45 31 45 27
44 42 47 42 47 45 44 45 44 42
32 15 36 15 36 17 32 17 32 15
93 69 95 69 95 72 93 72 93 69
24 74 27 74 27 77 24 77 24 74
36 76 38 76 38 79 36 79 36 76
36 69 40 69 40 71 36 71 36 69
10 91 12 91 12 95 10 95 10 91
50 45 54 45 54 47 50 47 50 45
44 94 47 94 47 97 44 97 44 94
3 91 6 91 6 95 3 95 3 91
81 79 83 79 83 82 81 82 81 79
25 90 28 90 28 93 25 93 25 90
6 13 10 13 10 15 6 15 6 13
27 27 30 27 30 31 27 31 27 27
62 60 65 60 65 62 62 62 62 60
39 82 42 82 42 85 39 85 39 82
24 21 27 21 27 24 24 24 24 21
37 33 40 33 40 36 37 36 37 33
46 65 50 65 50 67 46 67 46 65
40 43 42 43 42 46 40 46 40 43
48 79 52 79 52 82 48 82 48 79
2 72 5 72 5 76 2 76 2 72
5 24 8 24 8 28 5 28 5 24
93 53 96 53 96 56 93 56 93 53
11 35 14 35 14 38 11 38 11 35
79 20 81 20 81 23 79 23 79 20
84 44 88 44 88 47 84 47 84 44
73 34 77 34 77 37 73 37 73 34
43 74 45 74 45 77 43 77 43 74
3 15 5 15 5 17 3 17 3 15
52 89 56 89 56 91 52 91 52 89
77 62 79 62 79 65 77 65 77 62
74 91 78 91 78 94 74 94 74 91
7 66 11 66 11 68 7 68 7 66
39 89 41 89 41 91 39 91 39 89
65 8 67 8 67 10 65 10 65 8
73 49 77 49 77 51 73 51 73 49
15 36 18 36 18 40 15 40 15 36
47 14 50 14 50 16 47 16 47 14
14 22 18 22 18 26 14 26 14 22
96 79 98 79 98 82 96 82 96 79
6 70 8 70 8 72 6 72 6 70
8 77 11 77 11 80 8 80 8 77
12 32 15 32 15 34 12 34 12 32
22 60 26 60 26 62 22 62 22 60
44 18 46 18 46 20 44 20 44 18
93 43 97 43 97 45 93 45 93 43
33 85 36 85 36 88 33 88 33 85
27 59 30 59 30 63 27 63 27 59
19 44 21 44 21 47 19 47 19 44
85 89 87 89 87 92 85 92 85 89
89 14 93 14 93 16 89 16 89 14
51 71 53 71 53 75 51 75 51 71
33 39 35 39 35 41 33 41 33 39
32 92 36 92 36 95 32 95 32 92
54 24 56 24 56 27 54 27 54 24
55 3 59 3 59 5 55 5 55 3
37 47 40 47 40 50 37 50 37 47
69 75 71 75 71 77 69 77 69 75
84 30 87 30 87 34 84 34 84 30
26 33 28 33 28 37 26 37 26 33
76 18 78 18 78 20 76 20 76 18
52 11 56 11 56 13 52 13 52 11
13 3 16 3 16 6 13 6 13 3
18 91 21 91 21 94 18 94 18 91
37 52 39 52 39 54 37 54 37 52
11 17 14 17 14 19 11 19 11 17
6 54 8 54 8 58 6 58 6 54
35 65 37 65 37 68 35 68 35 65
9 57 12 57 12 61 9 61 9 57
65 28 69 28 69 32 65 32 65 28
46 75 49 75 49 78 46 78 46 75
40 57 44 57 44 60 40 60 40 57
70 15 74 15 74 17 70 17 70 15
93 93 97 93 97 96 93 96 93 93
3 20 6 20 6 22 3 22 3 20
71 28 75 28 75 30 71 30 71 28
90 65 93 65 93 68 90 68 90 65
4 59 8 59 8 61 4 61 4 59
34 57 36 57 36 61 34 61 34 57
35 24 37 24 37 26 35 26 35 24
9 25 11 25 11 27 9 27 9 25
19 55 23 55 23 59 19 59 19 55
11 62 13 62 13 65 11 65 11 62
20 13 23 13 23 16 20 16 20 13
88 18 92 18 92 20 88 20 88 18
50 86 53 86 53 88 50 88 50 86
22 34 24 34 24 37 22 37 22 34
62 46 65 46 65 49 62 49 62 46
32 36 34 36 34 38 32 38 32 36
54 30 58 30 58 32 54 32 54 30
41 68 45 68 45 71 41 71 41 68
14 29 17 29 17 31 14 31 14 29
64 81 67 81 67 83 64 83 64 81
9 70 12 70 12 73 9 73 9 70
77 71 80 71 80 75 77 75 77 71
64 34 66 34 66 38 64 38 64 34
38 72 40 72 40 74 38 74 38 72
32 49 36 49 36 53 32 53 32 49
41 16 43 16 43 20 41 20 41 16
51 14 53 14 53 16 51 16 51 14
60 51 62 51 62 55 60 55 60 51
48 6 52 6 52 10 48 10 48 6
70 52 72 52 72 54 70 54 70 52
93 48 96 48 96 52 93 52 93 48
55 74 57 74 57 76 55 76 55 74
28 80 32 80 32 82 28 82 28 80
55 40 57 40 57 44 55 44 55 40
88 89 92 89 92 92 88 92 88 89
92 78 95 78 95 80 92 80 92 78
18 74 20 74 20 77 18 77 18 74
60 29 64 29 64 31 60 31 60 29
75 86 77 86 77 88 75 88 75 86
73 65 76 65 76 69 73 69 73 65
21 29 24 29 24 31 21 31 21 29
91 11 93 11 93 13 91 13 91 11
4 45 7 45 7 47 4 47 4 45
80 51 84 51 84 53 80 53 80 51
76 80 78 80 78 82 76 82 76 80
70 11 74 11 74 13 70 13 70 11
75 15 78 15 78 17 75 17 75 15
78 6 81 6 81 8 78 8 78 6
80 63 82 63 82 67 80 67 80 63
54 85 56 85 56 88 54 88 54 85
58 57 61 57 61 59 58 59 58 57
51 96 55 96 55 98 51 98 51 96
11 40 14 40 14 42 11 42 11 40
36 41 39 41 39 45 36 45 36 41
81 11 83 11 83 15 81 15 81 11
86 64 88 64 88 68 86 68 86 64
25 95 27 95 27 98 25 98 25 95
89 7 91 7 91 9 89 9 89 7
50 49 52 49 52 51 50 51 50 49
37 12 39 12 39 16 37 16 37 12
91 73 93 73 93 76 91 76 91 73
95 22 98 22 98 26 95 26 95 22
70 67 72 67 72 71 70 71 70 67
60 36 62 36 62 40 60 40 60 36
13 45 17 45 17 48 13 48 13 45
79 34 83 34 83 36 79 36 79 34
22 26 25 26 25 28 22 28 22 26
82 21 84 21 84 23 82 23 82 21
14 73 16 73 16 77 14 77 14 73
17 78 21 78 21 80 17 80 17 78
88 49 92 49 92 53 88 53 88 49
2 79 6 79 6 81 2 81 2 79
9 96 13 96 13 98 9 98 9 96
6 4 9 4 9 6 6 6 6 4
55 33 59 33 59 37 55 37 55 33
14 91 16 91 16 93 14 93 14 91
31 10 34 10 34 14 31 14 31 10
2 3 5 3 5 7 2 7 2 3
29 93 31 93 31 96 29 96 29 93
25 81 27 81 27 83 25 83 25 81
87 39 89 39 89 41 87 41 87 39
2 10 4 10 4 12 2 12 2 10
69 93 71 93 71 97 69 97 69 93
84 9 86 9 86 12 84 12 84 9
75 3 77 3 77 5 75 5 75 3
66 56 68 56 68 59 66 59 66 56
23 63 25 63 25 66 23 66 23 63
66 2 69 2 69 4 66 4 66 2
