46 43 48 43 48 45 46 45 46 43
67 14 69 14 69 18 67 18 67 14
51 94 55 94 55 97 51 97 51 94
54 83 58 83 58 86 54 86 54 83
5 55 8 55 8 58 5 58 5 55
86 24 89 24 89 26 86 26 86 24
2 26 5 26 5 29 2 29 2 26
70 47 73 47 73 51 70 51 70 47
62 62 64 62 64 65 62 65 62 62
84 64 88 64 88 68 84 68 84 64
19 33 21 33 21 36 19 36 19 33
58 62 61 62 61 65 58 65 58 62
91 25 94 25 94 27 91 27 91 25
73 83 76 83 76 85 73 85 73 83
41 50 43 50 43 52 41 52 41 50
14 92 17 92 17 94 14 94 14 92
26 55 30 55 30 58 26 58 26 55
66 23 69 23 69 26 66 26 66 23
49 62 51 62 51 64 49 64 49 62
45 20 49 20 49 23 45 23 45 20
60 10 62 10 62 14 60 14 60 10
51 56 53 56 53 58 51 58 51 56
80 49 82 49 82 53 80 53 80 49
14 12 18 12 18 15 14 15 14 12
22 44 26 44 26 48 22 48 22 44
53 5 56 5 56 8 53 8 53 5
51 69 54 69 54 73 51 73 51 69
52 75 54 75 54 79 52 79 52 75
24 62 27 62 27 65 24 65 24 62
56 15 60 15 60 19 56 19 56 15
28 42 31 42 31 45 28 45 28 42
30 94 34 94 34 98 30 98 30 94
63 78 67 78 67 81 63 81 63 78
74 8 76 8 76 11 74 11 74 8
84 40 86 40 86 43 84 43 84 40
2 22 5 22 5 25 2 25 2 22
37 39 40 39 40 41 37 41 37 39
82 78 86 78 86 80 82 80 82 78
3 51 6 51 6 53 3 53 3 51
46 4 48 4 48 6 46 6 46 4
59 46 62 46 62 50 59 50 59 46
86 44 90 44 90 47 86 47 86 44
37 81 39 81 39 85 37 85 37 81
59 87 62 87 62 91 59 91 59 87
3 11 7 11 7 15 3 15 3 11
34 27 36 27 36 31 34 31 34 27
72 19 75 19 75 21 72 21 72 19
18 59 21 59 21 62 18 62 18 59
40 12 42 12 42 16 40 16 40 12
64 59 68 59 68 61 64 61 64 59
25 24 29 24 29 27 25 27 25 24
43 72 46 72 46 75 43 75 43 72
32 79 36 79 36 81 32 81 32 79
91 94 95 94 95 98 91 98 91 94
60 37 62 37 62 39 60 39 60 37
85 84 87 84 87 88 85 88 85 84
57 4 61 4 61 8 57 8 57 4
84 9 88 9 88 12 84 12 84 9
3 37 6 37 6 41 3 41 3 37
51 81 53 81 53 84 51 84 51 81
6 28 10 28 10 31 6 31 6 28
22 25 24 25 24 29 22 29 22 25
43 79 47 79 47 81 43 81 43 79
61 52 65 52 65 54 61 54 61 52
54 9 58 9 58 13 54 13 54 9
23 18 26 18 26 21 23 21 23 18
68 70 70 70 70 72 68 72 68 70
49 38 51 38 51 40 49 40 49 38
75 88 79 88 79 92 75 92 75 88
6 16 9 16 9 19 6 19 6 16
17 86 20 86 20 90 17 90 17 86
8 71 12 71 12 73 8 73 8 71
41 59 45 59 45 63 41 63 41 59
23 2 27 2 27 6 23 6 23 2
78 84 82 84 82 86 78 86 78 84
70 93 74 93 74 96 70 96 70 93
65 71 67 71 67 74 65 74 65 71
30 46 32 46 32 50 30 50 30 46
61 29 63 29 63 31 61 31 61 29
92 56 96 56 96 60 92 60 92 56
40 85 42 85 42 88 40 88 40 85
79 5 82 5 82 9 79 9 79 5
76 48 78 48 78 51 76 51 76 48
94 49 97 49 97 52 94 52 94 49
48 52 51 52 51 54 48 54 48 52
45 48 47 48 47 50 45 50 45 48
78 32 82 32 82 34 78 34 78 32
94 7 98 7 98 10 94 10 94 7
13 31 17 31 17 33 13 33 13 31
79 70 83 70 83 74 79 74 79 70
86 16 88 16 88 18 86 18 86 16
65 38 68 38 68 41 65 41 65 38
70 64 73 64 73 66 70 66 70 64
73 55 77 55 77 59 73 59 73 55
31 63 34 63 34 65 31 65 31 63
41 40 43 40 43 42 41 42 41 40
17 65 21 65 21 67 17 67 17 65
91 34 95 34 95 37 91 37 91 34
5 87 9 87 9 89 5 89 5 87
38 8 41 8 41 10 38 10 38 8
8 93 12 93 12 96 8 96 8 93
21 69 23 69 23 72 21 72 21 69
4 4 7 4 7 6 4 6 4 4
69 75 73 75 73 78 69 78 69 75
62 71 64 71 64 74 62 74 62 71
34 13 38 13 38 15 34 15 34 13
22 31 24 31 24 34 22 34 22 31
25 83 28 83 28 87 25 87 25 83
53 60 56 60 56 63 53 63 53 60
58 67 62 67 62 69 58 69 58 67
75 3 77 3 77 6 75 6 75 3
87 35 90 35 90 38 87 38 87 35
8 4 12 4 12 6 8 6 8 4
42 91 44 91 44 95 42 95 42 91
44 65 47 65 47 67 44 67 44 65
73 28 75 28 75 31 73 31 73 28
20 8 22 8 22 10 20 10 20 8
16 51 19 51 19 55 16 55 16 51
16 19 20 19 20 21 16 21 16 19
41 4 45 4 45 7 41 7 41 4
54 55 57 55 57 59 54 59 54 55
10 39 12 39 12 41 10 41 10 39
3 42 5 42 5 44 3 44 3 42
80 14 82 14 82 16 80 16 80 14
95 29 97 29 97 31 95 31 95 29
69 34 71 34 71 37 69 37 69 34
25 8 29 8 29 10 25 10 25 8
35 21 39 21 39 25 35 25 35 21
44 9 46 9 46 12 44 12 44 9
74 13 76 13 76 15 74 15 74 13
57 26 60 26 60 28 57 28 57 26
65 9 67 9 67 12 65 12 65 9
50 23 54 23 54 27 50 27 50 23
79 78 81 78 81 80 79 80 79 78
57 30 59 30 59 33 57 33 57 30
56 72 58 72 58 76 56 76 56 72
82 23 84 23 84 26 82 26 82 23
82 27 85 27 85 30 82 30 82 27
5 83 8 83 8 86 5 86 5 83
40 68 42 68 42 72 40 72 40 68
76 25 80 25 80 29 76 29 76 25
8 33 11 33 11 35 8 35 8 33
18 41 20 41 20 43 18 43 18 41
34 89 37 89 37 92 34 92 34 89
85 51 87 51 87 53 85 53 85 51
18 23 21 23 21 27 18 27 18 23
33 66 37 66 37 70 33 70 33 66
18 4 20 4 20 6 18 6 18 4
86 70 88 70 88 74 86 74 86 70
33 7 35 7 35 11 33 11 33 7
31 39 34 39 34 41 31 41 31 39
48 46 50 46 50 49 48 49 48 46
82 54 85 54 85 58 82 58 82 54
13 81 16 81 16 84 13 84 13 81
25 88 29 88 29 92 25 92 25 88
71 89 73 89 73 91 71 91 71 89
36 34 39 34 39 36 36 36 36 34
75 35 77 35 77 38 75 38 75 35
63 5 66 5 66 8 63 8 63 5
19 14 22 14 22 18 19 18 19 14
48 91 52 91 52 93 48 93 48 91
70 4 73 4 73 6 70 6 70 4
61 17 65 17 65 20 61 20 61 17
31 55 35 55 35 58 31 58 31 55
78 44 80 44 80 46 78 46 78 44
23 56 25 56 25 60 23 60 23 56
55 87 58 87 58 89 55 89 55 87
31 32 33 32 33 35 31 35 31 32
95 44 97 44 97 47 95 47 95 44
9 62 12 62 12 65 9 65 9 62
85 81 87 81 87 83 85 83 85 81
92 69 95 69 95 71 92 71 92 69
56 38 58 38 58 40 56 40 56 38
95 76 98 76 98 78 95 78 95 76
7 44 10 44 10 46 7 46 7 44
10 90 12 90 12 92 10 92 10 90
67 28 71 28 71 31 67 31 67 28
36 17 38 17 38 20 36 20 36 17
10 58 14 58 14 60 10 60 10 58
56 77 59 77 59 81 56 81 56 77
17 79 21 79 21 82 17 82 17 79
94 65 96 65 96 68 94 68 94 65
24 66 26 66 26 70 24 70 24 66
85 31 89 31 89 33 85 33 85 31
53 46 56 46 56 50 53 50 53 46
11 50 13 50 13 52 11 52 11 50
37 28 41 28 41 31 37 31 37 28
75 61 79 61 79 64 75 64 75 61
21 37 23 37 23 39 21 39 21 37
13 69 15 69 15 71 13 71 13 69
66 52 68 52 68 56 66 56 66 52
47 13 51 13 51 17 47 17 47 13
79 65 81 65 81 69 79 69 79 65
91 45 93 45 93 47 91 47 91 45
32 83 36 83 36 86 32 86 32 83
14 72 18 72 18 75 14 75 14 72
4 79 8 79 8 81 4 81 4 79
49 86 52 86 52 90 49 90 49 86
49 30 52 30 52 33 49 33 49 30
82 36 84 36 84 39 82 39 82 36
63 22 65 22 65 25 63 25 63 22
54 20 57 20 57 22 54 22 54 20
63 84 65 84 65 86 63 86 63 84
30 75 33 75 33 77 30 77 30 75
95 86 97 86 97 89 95 89 95 86
33 42 35 42 35 44 33 44 33 42
74 70 78 70 78 74 74 74 74 70
58 58 60 58 60 61 58 61 58 58
28 66 32 66 32 68 28 68 28 66
89 74 92 74 92 77 89 77 89 74
88 88 92 88 92 90 88 90 88 88
89 52 92 52 92 55 89 55 89 52
90 64 92 64 92 68 90 68 90 64
41 17 43 17 43 21 41 21 41 17
27 47 29 47 29 49 27 49 27 47
78 94 81 94 81 97 78 97 78 94
57 93 61 93 61 97 57 97 57 93
24 76 28 76 28 78 24 78 24 76
84 89 87 89 87 92 84 92 84 89
83 2 86 2 86 4 83 4 83 2
35 73 38 73 38 76 35 76 35 73
59 42 62 42 62 45 59 45 59 42
93 81 97 81 97 85 93 85 93 81
31 71 33 71 33 73 31 73 31 71
35 47 39 47 39 51 35 51 35 47
27 15 30 15 30 18 27 18 27 15
90 18 92 18 92 20 90 20 90 18
63 46 67 46 67 50 63 50 63 46
45 76 48 76 48 78 45 78 45 76
44 85 46 85 46 87 44 87 44 85
51 42 54 42 54 44 51 44 51 42
11 11 13 11 13 15 11 15 11 11
45 29 48 29 48 32 45 32 45 29
96 71 98 71 98 75 96 75 96 71
88 79 90 79 90 81 88 81 88 79
22 81 24 81 24 83 22 83 22 81
44 24 46 24 46 26 44 26 44 24
12 36 15 36 15 38 12 38 12 36
63 96 65 96 65 98 63 98 63 96
21 40 23 40 23 42 21 42 21 40
43 34 45 34 45 37 43 37 43 34
81 75 85 75 85 77 81 77 81 75
60 32 62 32 62 35 60 35 60 32
34 3 36 3 36 5 34 5 34 3
66 83 69 83 69 87 66 87 66 83
3 60 7 60 7 64 3 64 3 60
21 90 24 90 24 94 21 94 21 90
84 59 86 59 86 61 84 61 84 59
84 95 88 95 88 97 84 97 84 95
28 34 30 34 30 38 28 38 28 34
