28 8 31 8 31 12 28 12 28 8
78 91 80 91 80 94 78 94 78 91
77 40 79 40 79 43 77 43 77 40
68 66 71 66 71 68 68 68 68 66
57 36 61 36 61 39 57 39 57 36
44 20 48 20 48 22 44 22 44 20
27 34 29 34 29 38 27 38 27 34
26 17 28 17 28 19 26 19 26 17
57 73 59 73 59 75 57 75 57 73
39 24 42 24 42 27 39 27 39 24
20 83 24 83 24 87 20 87 20 83
19 13 22 13 22 16 19 16 19 13
33 93 36 93 36 96 33 96 33 93
34 89 38 89 38 92 34 92 34 89
63 76 65 76 65 78 63 78 63 76
90 12 92 12 92 16 90 16 90 12
96 72 98 72 98 76 96 76 96 72
85 51 87 51 87 55 85 55 85 51
36 45 40 45 40 47 36 47 36 45
63 81 66 81 66 83 63 83 63 81
61 43 64 43 64 46 61 46 61 43
56 60 59 60 59 63 56 63 56 60
32 51 34 51 34 55 32 55 32 51
3 48 6 48 6 51 3 51 3 48
68 16 70 16 70 18 68 18 68 16
61 50 65 50 65 54 61 54 61 50
37 39 39 39 39 43 37 43 37 39
21 95 25 95 25 98 21 98 21 95
38 29 42 29 42 32 38 32 38 29
50 15 53 15 53 18 50 18 50 15
93 23 96 23 96 26 93 26 93 23
73 14 75 14 75 17 73 17 73 14
54 45 58 45 58 47 54 47 54 45
40 77 44 77 44 80 40 80 40 77
37 59 39 59 39 63 37 63 37 59
22 73 26 73 26 77 22 77 22 73
87 37 90 37 90 39 87 39 87 37
83 19 85 19 85 21 83 21 83 19
96 78 98 78 98 80 96 80 96 78
73 78 77 78 77 80 73 80 73 78
79 9 81 9 81 12 79 12 79 9
8 75 10 75 10 78 8 78 8 75
48 33 51 33 51 35 48 35 48 33
71 34 74 34 74 38 71 38 71 34
76 82 79 82 79 85 76 85 76 82
60 55 63 55 63 57 60 57 60 55
75 29 78 29 78 31 75 31 75 29
17 19 20 19 20 23 17 23 17 19
53 4 55 4 55 6 53 6 53 4
39 82 43 82 43 86 39 86 39 82
80 57 83 57 83 60 80 60 80 57
54 25 56 25 56 28 54 28 54 25
5 56 7 56 7 59 5 59 5 56
75 19 77 19 77 23 75 23 75 19
24 91 27 91 27 94 24 94 24 91
89 2 91 2 91 4 89 4 89 2
44 90 46 90 46 94 44 94 44 90
53 70 56 70 56 74 53 74 53 70
63 85 66 85 66 88 63 88 63 85
17 3 19 3 19 7 17 7 17 3
5 2 7 2 7 5 5 5 5 2
21 64 24 64 24 67 21 67 21 64
55 49 57 49 57 53 55 53 55 49
15 27 18 27 18 29 15 29 15 27
92 64 95 64 95 66 92 66 92 64
13 70 16 70 16 73 13 73 13 70
32 25 34 25 34 29 32 29 32 25
10 27 14 27 14 31 10 31 10 27
11 4 15 4 15 7 11 7 11 4
17 53 19 53 19 57 17 57 17 53
2 86 6 86 6 88 2 88 2 86
23 57 26 57 26 59 23 59 23 57
61 65 65 65 65 68 61 68 61 65
53 92 57 92 57 95 53 95 53 92
69 57 73 57 73 61 69 61 69 57
74 24 78 24 78 28 74 28 74 24
81 90 84 90 84 92 81 92 81 90
55 66 59 66 59 68 55 68 55 66
93 32 95 32 95 36 93 36 93 32
12 45 15 45 15 49 12 49 12 45
5 32 8 32 8 36 5 36 5 32
30 72 33 72 33 76 30 76 30 72
88 94 91 94 91 96 88 96 88 94
91 83 95 83 95 87 91 87 91 83
27 39 30 39 30 42 27 42 27 39
23 44 26 44 26 47 23 47 23 44
70 40 73 40 73 42 70 42 70 40
88 17 90 17 90 21 88 21 88 17
61 25 65 25 65 28 61 28 61 25
41 54 43 54 43 56 41 56 41 54
81 85 83 85 83 88 81 88 81 85
72 86 75 86 75 90 72 90 72 86
4 77 7 77 7 81 4 81 4 77
2 37 5 37 5 40 2 40 2 37
92 47 94 47 94 50 92 50 92 47
89 40 93 40 93 42 89 42 89 40
26 84 30 84 30 88 26 88 26 84
25 5 29 5 29 7 25 7 25 5
92 95 96 95 96 98 92 98 92 95
67 8 70 8 70 10 67 10 67 8
56 80 59 80 59 84 56 84 56 80
21 5 24 5 24 7 21 7 21 5
27 75 29 75 29 78 27 78 27 75
77 16 81 16 81 18 77 18 77 16
21 28 23 28 23 31 21 31 21 28
20 88 22 88 22 92 20 92 20 88
33 9 37 9 37 11 33 11 33 9
40 49 44 49 44 51 40 51 40 49
70 45 74 45 74 47 70 47 70 45
41 38 43 38 43 41 41 41 41 38
89 64 91 64 91 68 89 68 89 64
5 66 8 66 8 68 5 68 5 66
48 23 50 23 50 25 48 25 48 23
7 60 9 60 9 62 7 62 7 60
59 95 61 95 61 98 59 98 59 95
71 83 75 83 75 85 71 85 71 83
44 5 46 5 46 9 44 9 44 5
68 29 70 29 70 31 68 31 68 29
34 64 38 64 38 68 34 68 34 64
52 32 55 32 55 36 52 36 52 32
93 7 95 7 95 11 93 11 93 7
72 71 74 71 74 73 72 73 72 71
70 75 72 75 72 79 70 79 70 75
44 56 47 56 47 60 44 60 44 56
10 15 12 15 12 17 10 17 10 15
76 95 78 95 78 97 76 97 76 95
47 62 49 62 49 66 47 66 47 62
5 28 9 28 9 31 5 31 5 28
59 10 62 10 62 12 59 12 59 10
14 94 18 94 18 98 14 98 14 94
91 69 94 69 94 71 91 71 91 69
17 80 20 80 20 82 17 82 17 80
95 3 98 3 98 5 95 5 95 3
75 46 77 46 77 50 75 50 75 46
46 16 49 16 49 19 46 19 46 16
6 72 8 72 8 74 6 74 6 72
33 19 36 19 36 22 33 22 33 19
56 13 59 13 59 15 56 15 56 13
87 77 91 77 91 81 87 81 87 77
50 86 52 86 52 88 50 88 50 86
28 55 30 55 30 57 28 57 28 55
76 4 78 4 78 6 76 6 76 4
17 34 19 34 19 38 17 38 17 34
12 51 15 51 15 54 12 54 12 51
38 72 42 72 42 75 38 75 38 72
3 44 7 44 7 46 3 46 3 44
45 44 49 44 49 48 45 48 45 44
53 57 55 57 55 59 53 59 53 57
50 47 52 47 52 50 50 50 50 47
64 21 66 21 66 24 64 24 64 21
84 85 87 85 87 88 84 88 84 85
61 72 63 72 63 75 61 75 61 72
80 68 83 68 83 70 80 70 80 68
68 91 71 91 71 94 68 94 68 91
15 40 18 40 18 43 15 43 15 40
46 37 48 37 48 40 46 40 46 37
58 76 62 76 62 79 58 79 58 76
21 32 24 32 24 36 21 36 21 32
12 57 14 57 14 59 12 59 12 57
15 90 18 90 18 92 15 92 15 90
17 44 21 44 21 46 17 46 17 44
60 19 63 19 63 22 60 22 60 19
19 70 21 70 21 73 19 73 19 70
41 35 43 35 43 37 41 37 41 35
34 71 36 71 36 74 34 74 34 71
56 4 59 4 59 7 56 7 56 4
41 17 43 17 43 20 41 20 41 17
24 37 26 37 26 39 24 39 24 37
87 26 89 26 89 28 87 28 87 26
85 46 89 46 89 50 85 50 85 46
76 66 79 66 79 69 76 69 76 66
77 58 79 58 79 62 77 62 77 58
49 3 52 3 52 6 49 6 49 3
29 63 33 63 33 66 29 66 29 63
21 18 23 18 23 20 21 20 21 18
25 68 29 68 29 70 25 70 25 68
10 60 14 60 14 62 10 62 10 60
16 49 19 49 19 51 16 51 16 49
2 72 4 72 4 76 2 76 2 72
96 13 98 13 98 16 96 16 96 13
11 8 13 8 13 12 11 12 11 8
49 12 52 12 52 14 49 14 49 12
34 56 36 56 36 58 34 58 34 56
83 35 85 35 85 39 83 39 83 35
89 90 93 90 93 93 89 93 89 90
25 49 28 49 28 53 25 53 25 49
60 3 62 3 62 6 60 6 60 3
68 87 71 87 71 90 68 90 68 87
46 69 48 69 48 73 46 73 46 69
10 82 13 82 13 86 10 86 10 82
37 54 39 54 39 58 37 58 37 54
82 77 84 77 84 79 82 79 82 77
88 85 90 85 90 88 88 88 88 85
75 63 78 63 78 65 75 65 75 63
61 13 64 13 64 15 61 15 61 13
29 94 31 94 31 98 29 98 29 94
5 53 8 53 8 55 5 55 5 53
90 43 94 43 94 46 90 46 90 43
96 46 98 46 98 49 96 49 96 46
87 33 90 33 90 36 87 36 87 33
22 78 24 78 24 80 22 80 22 78
86 58 88 58 88 60 86 60 86 58
65 31 67 31 67 33 65 33 65 31
6 20 10 20 10 24 6 24 6 20
34 13 36 13 36 17 34 17 34 13
60 87 62 87 62 91 60 91 60 87
14 9 17 9 17 13 14 13 14 9
74 51 78 51 78 55 74 55 74 51
80 64 84 64 84 66 80 66 80 64
12 36 16 36 16 39 12 39 12 36
36 51 38 51 38 53 36 53 36 51
71 18 74 18 74 21 71 21 71 18
45 30 47 30 47 32 45 32 45 30
50 77 54 77 54 80 50 80 50 77
10 32 14 32 14 34 10 34 10 32
40 61 42 61 42 63 40 63 40 61
6 7 8 7 8 9 6 9 6 7
38 69 40 69 40 71 38 71 38 69
79 26 81 26 81 29 79 29 79 26
22 48 24 48 24 50 22 50 22 48
34 76 36 76 36 78 34 78 34 76
51 52 53 52 53 55 51 55 51 52
45 41 49 41 49 43 45 43 45 41
58 24 60 24 60 28 58 28 58 24
10 92 12 92 12 96 10 96 10 92
54 9 57 9 57 12 54 12 54 9
96 31 98 31 98 35 96 35 96 31
65 56 67 56 67 60 65 60 65 56
5 15 9 15 9 18 5 18 5 15
84 22 88 22 88 25 84 25 84 22
86 5 88 5 88 7 86 7 86 5
44 82 48 82 48 84 44 84 44 82
87 11 89 11 89 14 87 14 87 11
50 19 54 19 54 21 50 21 50 19
45 86 48 86 48 89 45 89 45 86
9 67 11 67 11 71 9 71 9 67
50 60 54 60 54 63 50 63 50 60
71 6 73 6 73 8 71 8 71 6
50 39 52 39 52 43 50 43 50 39
30 5 32 5 32 7 30 7 30 5
71 30 73 30 73 32 71 32 71 30
67 35 70 35 70 38 67 38 67 35
41 9 43 9 43 13 41 13 41 9
33 4 35 4 35 8 33 8 33 4
82 72 85 72 85 76 82 76 82 72
47 75 49 75 49 79 47 79 47 75
94 54 96 54 96 56 94 56 94 54
54 87 56 87 56 89 54 89 54 87
68 96 70 96 70 98 68 98 68 96
64 95 67 95 67 98 64 98 64 95
