16 79 20 79 20 83 16 83 16 79
64 31 68 31 68 35 64 35 64 31
39 37 41 37 41 40 39 40 39 37
26 58 30 58 30 62 26 62 26 58
26 17 28 17 28 21 26 21 26 17
46 24 49 24 49 27 46 27 46 24
59 58 63 58 63 61 59 61 59 58
38 43 40 43 40 46 38 46 38 43
74 39 76 39 76 43 74 43 74 39
76 34 78 34 78 36 76 36 76 34
92 10 94 10 94 14 92 14 92 10
28 94 32 94 32 97 28 97 28 94
18 92 22 92 22 94 18 94 18 92
56 70 60 70 60 72 56 72 56 70
14 86 18 86 18 90 14 90 14 86
32 29 34 29 34 31 32 31 32 29
96 83 98 83 98 86 96 86 96 83
75 53 79 53 79 55 75 55 75 53
51 20 53 20 53 22 51 22 51 20
91 47 93 47 93 49 91 49 91 47
26 69 29 69 29 72 26 72 26 69
84 76 87 76 87 80 84 80 84 76
29 86 33 86 33 88 29 88 29 86
6 46 10 46 10 50 6 50 6 46
94 92 96 92 96 94 94 94 94 92
95 51 97 51 97 53 95 53 95 51
80 22 83 22 83 25 80 25 80 22
25 52 27 52 27 54 25 54 25 52
91 33 95 33 95 35 91 35 91 33
32 10 34 10 34 14 32 14 32 10
79 38 82 38 82 42 79 42 79 38
60 30 63 30 63 32 60 32 60 30
69 48 73 48 73 52 69 52 69 48
90 17 92 17 92 21 90 21 90 17
72 13 75 13 75 16 72 16 72 13
61 47 64 47 64 50 61 50 61 47
45 63 48 63 48 66 45 66 45 63
20 61 22 61 22 63 20 63 20 61
78 2 80 2 80 5 78 5 78 2
52 85 54 85 54 89 52 89 52 85
86 65 88 65 88 67 86 67 86 65
7 21 11 21 11 23 7 23 7 21
34 85 38 85 38 87 34 87 34 85
33 58 37 58 37 61 33 61 33 58
21 25 24 25 24 27 21 27 21 25
86 49 89 49 89 52 86 52 86 49
72 66 75 66 75 68 72 68 72 66
31 40 34 40 34 44 31 44 31 40
61 10 65 10 65 12 61 12 61 10
96 41 98 41 98 45 96 45 96 41
78 28 81 28 81 31 78 31 78 28
78 17 80 17 80 19 78 19 78 17
5 2 9 2 9 5 5 5 5 2
68 43 70 43 70 46 68 46 68 43
2 33 4 33 4 36 2 36 2 33
94 89 98 89 98 91 94 91 94 89
7 61 9 61 9 63 7 63 7 61
63 39 65 39 65 43 63 43 63 39
46 74 50 74 50 76 46 76 46 74
34 52 37 52 37 54 34 54 34 52
29 65 31 65 31 68 29 68 29 65
39 63 41 63 41 65 39 65 39 63
89 61 92 61 92 65 89 65 89 61
82 48 84 48 84 50 82 50 82 48
13 51 17 51 17 54 13 54 13 51
21 34 24 34 24 36 21 36 21 34
34 4 38 4 38 7 34 7 34 4
68 76 71 76 71 80 68 80 68 76
85 7 88 7 88 10 85 10 85 7
2 90 4 90 4 92 2 92 2 90
19 64 23 64 23 66 19 66 19 64
86 40 90 40 90 43 86 43 86 40
77 7 79 7 79 11 77 11 77 7
66 53 69 53 69 57 66 57 66 53
62 91 64 91 64 95 62 95 62 91
92 22 96 22 96 26 92 26 92 22
47 69 49 69 49 72 47 72 47 69
56 25 58 25 58 27 56 27 56 25
23 91 27 91 27 93 23 93 23 91
82 88 86 88 86 92 82 92 82 88
10 68 14 68 14 71 10 71 10 68
62 67 64 67 64 69 62 69 62 67
46 77 48 77 48 80 46 80 46 77
2 58 4 58 4 60 2 60 2 58
49 40 51 40 51 42 49 42 49 40
67 60 71 60 71 62 67 62 67 60
25 31 29 31 29 35 25 35 25 31
71 87 73 87 73 89 71 89 71 87
86 14 89 14 89 17 86 17 86 14
70 24 72 24 72 28 70 28 70 24
21 44 25 44 25 48 21 48 21 44
15 35 19 35 19 39 15 39 15 35
89 96 92 96 92 98 89 98 89 96
93 65 96 65 96 68 93 68 93 65
56 17 59 17 59 19 56 19 56 17
14 29 16 29 16 33 14 33 14 29
22 38 24 38 24 42 22 42 22 38
4 16 8 16 8 20 4 20 4 16
10 76 12 76 12 80 10 80 10 76
69 10 72 10 72 12 69 12 69 10
31 75 35 75 35 79 31 79 31 75
93 73 95 73 95 76 93 76 93 73
58 21 61 21 61 24 58 24 58 21
38 20 42 20 42 23 38 23 38 20
82 33 86 33 86 35 82 35 82 33
9 10 13 10 13 14 9 14 9 10
20 28 23 28 23 31 20 31 20 28
91 43 94 43 94 45 91 45 91 43
80 69 83 69 83 73 80 73 80 69
2 6 4 6 4 9 2 9 2 6
51 27 54 27 54 31 51 31 51 27
24 79 26 79 26 82 24 82 24 79
7 92 10 92 10 95 7 95 7 92
45 89 48 89 48 92 45 92 45 89
43 33 47 33 47 36 43 36 43 33
12 55 14 55 14 57 12 57 12 55
65 23 68 23 68 26 65 26 65 23
30 53 33 53 33 56 30 56 30 53
9 86 13 86 13 90 9 90 9 86
55 79 58 79 58 83 55 83 55 79
23 83 27 83 27 87 23 87 23 83
76 46 80 46 80 48 76 48 76 46
65 28 69 28 69 30 65 30 65 28
76 12 79 12 79 15 76 15 76 12
64 79 66 79 66 81 64 81 64 79
82 54 84 54 84 58 82 58 82 54
76 70 79 70 79 74 76 74 76 70
29 10 31 10 31 12 29 12 29 10
22 73 26 73 26 76 22 76 22 73
53 76 55 76 55 78 53 78 53 76
76 89 79 89 79 93 76 93 76 89
43 72 45 72 45 76 43 76 43 72
51 12 53 12 53 14 51 14 51 12
14 3 17 3 17 6 14 6 14 3
13 61 16 61 16 64 13 64 13 61
65 92 67 92 67 96 65 96 65 92
53 55 55 55 55 59 53 59 53 55
51 32 53 32 53 35 51 35 51 32
81 80 83 80 83 83 81 83 81 80
3 11 6 11 6 13 3 13 3 11
43 82 47 82 47 86 43 86 43 82
40 59 42 59 42 61 40 61 40 59
33 23 36 23 36 25 33 25 33 23
35 96 39 96 39 98 35 98 35 96
27 47 31 47 31 50 27 50 27 47
9 39 11 39 11 41 9 41 9 39
60 51 62 51 62 55 60 55 60 51
61 33 63 33 63 36 61 36 61 33
18 70 20 70 20 74 18 74 18 70
88 31 90 31 90 33 88 33 88 31
71 3 75 3 75 7 71 7 71 3
49 65 53 65 53 68 49 68 49 65
51 2 55 2 55 6 51 6 51 2
35 67 39 67 39 69 35 69 35 67
56 33 59 33 59 37 56 37 56 33
89 73 91 73 91 76 89 76 89 73
66 66 70 66 70 68 66 68 66 66
34 90 38 90 38 93 34 93 34 90
92 3 94 3 94 6 92 6 92 3
66 72 69 72 69 75 66 75 66 72
35 42 37 42 37 46 35 46 35 42
74 61 77 61 77 65 74 65 74 61
78 77 81 77 81 79 78 79 78 77
67 69 70 69 70 71 67 71 67 69
6 24 10 24 10 28 6 28 6 24
85 58 87 58 87 60 85 60 85 58
46 52 48 52 48 56 46 56 46 52
47 9 50 9 50 11 47 11 47 9
56 56 58 56 58 59 56 59 56 56
18 16 22 16 22 19 18 19 18 16
22 95 26 95 26 98 22 98 22 95
31 35 35 35 35 39 31 39 31 35
78 95 80 95 80 98 78 98 78 95
90 90 92 90 92 94 90 94 90 90
77 82 79 82 79 84 77 84 77 82
89 7 91 7 91 11 89 11 89 7
58 92 60 92 60 95 58 95 58 92
10 34 12 34 12 38 10 38 10 34
87 46 90 46 90 48 87 48 87 46
41 14 43 14 43 17 41 17 41 14
61 70 64 70 64 72 61 72 61 70
25 24 27 24 27 26 25 26 25 24
56 7 59 7 59 11 56 11 56 7
40 9 44 9 44 11 40 11 40 9
8 7 12 7 12 9 8 9 8 7
43 20 46 20 46 22 43 22 43 20
58 86 60 86 60 90 58 90 58 86
7 80 9 80 9 83 7 83 7 80
11 83 15 83 15 85 11 85 11 83
87 92 89 92 89 95 87 95 87 92
39 31 42 31 42 34 39 34 39 31
41 3 45 3 45 6 41 6 41 3
21 2 23 2 23 4 21 4 21 2
95 55 97 55 97 58 95 58 95 55
42 40 46 40 46 44 42 44 42 40
19 49 23 49 23 53 19 53 19 49
21 55 23 55 23 57 21 57 21 55
26 6 28 6 28 10 26 10 26 6
87 22 89 22 89 25 87 25 87 22
93 69 95 69 95 72 93 72 93 69
87 70 91 70 91 72 87 72 87 70
12 45 16 45 16 49 12 49 12 45
24 63 27 63 27 65 24 65 24 63
56 76 58 76 58 78 56 78 56 76
2 64 5 64 5 66 2 66 2 64
4 68 6 68 6 72 4 72 4 68
6 36 8 36 8 38 6 38 6 36
13 73 15 73 15 76 13 76 13 73
51 48 53 48 53 52 51 52 51 48
30 15 32 15 32 17 30 17 30 15
52 60 55 60 55 63 52 63 52 60
46 2 50 2 50 5 46 5 46 2
72 33 75 33 75 35 72 35 72 33
32 63 34 63 34 67 32 67 32 63
23 7 25 7 25 11 23 11 23 7
61 13 65 13 65 15 61 15 61 13
40 69 42 69 42 71 40 71 40 69
82 44 84 44 84 46 82 46 82 44
8 64 11 64 11 67 8 67 8 64
82 6 84 6 84 8 82 8 82 6
57 2 60 2 60 4 57 4 57 2
80 9 83 9 83 13 80 13 80 9
88 82 91 82 91 86 88 86 88 82
45 93 49 93 49 97 45 97 45 93
66 3 69 3 69 5 66 5 66 3
36 74 38 74 38 78 36 78 36 74
6 75 9 75 9 77 6 77 6 75
42 48 46 48 46 50 42 50 42 48
14 21 18 21 18 24 14 24 14 21
73 79 75 79 75 82 73 82 73 79
56 12 59 12 59 14 56 14 56 12
2 43 5 43 5 46 2 46 2 43
56 38 58 38 58 42 56 42 56 38
45 57 47 57 47 59 45 59 45 57
51 71 54 71 54 75 51 75 51 71
96 16 98 16 98 19 96 19 96 16
85 27 88 27 88 30 85 30 85 27
31 70 33 70 33 73 31 73 31 70
70 39 72 39 72 42 70 42 70 39
28 38 30 38 30 42 28 42 28 38
43 27 45 27 45 29 43 29 43 27
29 27 31 27 31 29 29 29 29 27
94 78 96 78 96 82 94 82 94 78
90 54 94 54 94 58 90 58 90 54
38 12 40 12 40 16 38 16 38 12
44 17 46 17 46 19 44 19 44 17
5 33 8 33 8 35 5 35 5 33
71 69 74 69 74 71 71 71 71 69
69 83 72 83 72 85 69 85 69 83
9 30 13 30 13 32 9 32 9 30
