48 80 51 80 51 82 48 82 48 80
58 43 62 43 62 47 58 47 58 43
57 23 61 23 61 27 57 27 57 23
52 81 55 81 55 83 52 83 52 81
91 53 93 53 93 55 91 55 91 53
41 18 44 18 44 22 41 22 41 18
61 16 64 16 64 20 61 20 61 16
48 17 52 17 52 20 48 20 48 17
27 32 31 32 31 35 27 35 27 32
56 28 58 28 58 32 56 32 56 28
9 89 11 89 11 93 9 93 9 89
18 11 22 11 22 13 18 13 18 11
27 20 31 20 31 23 27 23 27 20
82 24 84 24 84 28 82 28 82 24
57 76 61 76 61 78 57 78 57 76
66 91 68 91 68 95 66 95 66 91
92 92 94 92 94 96 92 96 92 92
3 21 5 21 5 25 3 25 3 21
41 32 45 32 45 34 41 34 41 32
31 80 33 80 33 82 31 82 31 80
5 4 8 4 8 6 5 6 5 4
33 20 37 20 37 24 33 24 33 20
88 28 92 28 92 32 88 32 88 28
20 68 22 68 22 72 20 72 20 68
89 84 91 84 91 87 89 87 89 84
17 63 20 63 20 65 17 65 17 63
44 24 47 24 47 27 44 27 44 24
28 88 31 88 31 90 28 90 28 88
83 13 87 13 87 17 83 17 83 13
41 46 44 46 44 49 41 49 41 46
14 45 16 45 16 49 14 49 14 45
29 42 32 42 32 45 29 45 29 42
5 44 8 44 8 48 5 48 5 44
68 59 72 59 72 61 68 61 68 59
48 11 51 11 51 14 48 14 48 11
27 37 31 37 31 40 27 40 27 37
83 5 87 5 87 7 83 7 83 5
60 35 63 35 63 37 60 37 60 35
28 6 30 6 30 10 28 10 28 6
20 55 23 55 23 57 20 57 20 55
92 60 96 60 96 62 92 62 92 60
66 49 68 49 68 53 66 53 66 49
67 74 69 74 69 78 67 78 67 74
10 24 14 24 14 28 10 28 10 24
27 52 31 52 31 55 27 55 27 52
56 17 58 17 58 19 56 19 56 17
28 66 31 66 31 69 28 69 28 66
52 2 55 2 55 4 52 4 52 2
95 48 97 48 97 51 95 51 95 48
22 40 26 40 26 43 22 43 22 40
57 90 61 90 61 94 57 94 57 90
24 56 28 56 28 59 24 59 24 56
53 13 56 13 56 16 53 16 53 13
66 37 70 37 70 40 66 40 66 37
6 57 9 57 9 59 6 59 6 57
38 93 41 93 41 95 38 95 38 93
50 72 52 72 52 75 50 75 50 72
86 94 88 94 88 97 86 97 86 94
58 39 61 39 61 42 58 42 58 39
92 80 94 80 94 83 92 83 92 80
73 69 75 69 75 73 73 73 73 69
42 41 44 41 44 43 42 43 42 41
35 73 38 73 38 76 35 76 35 73
80 72 83 72 83 75 80 75 80 72
12 3 14 3 14 5 12 5 12 3
80 32 84 32 84 35 80 35 80 32
12 7 16 7 16 9 12 9 12 7
12 93 14 93 14 95 12 95 12 93
82 52 85 52 85 56 82 56 82 52
39 4 41 4 41 7 39 7 39 4
49 46 51 46 51 48 49 48 49 46
24 95 27 95 27 98 24 98 24 95
11 77 13 77 13 81 11 81 11 77
75 22 79 22 79 24 75 24 75 22
70 15 73 15 73 17 70 17 70 15
85 65 89 65 89 68 85 68 85 65
53 46 57 46 57 48 53 48 53 46
41 73 44 73 44 76 41 76 41 73
2 64 6 64 6 66 2 66 2 64
87 22 90 22 90 25 87 25 87 22
10 68 14 68 14 70 10 70 10 68
66 7 69 7 69 9 66 9 66 7
33 88 36 88 36 91 33 91 33 88
52 55 55 55 55 57 52 57 52 55
77 68 79 68 79 72 77 72 77 68
40 11 43 11 43 13 40 13 40 11
79 51 81 51 81 54 79 54 79 51
32 30 35 30 35 32 32 32 32 30
23 66 27 66 27 68 23 68 23 66
74 39 76 39 76 42 74 42 74 39
36 58 38 58 38 60 36 60 36 58
96 24 98 24 98 28 96 28 96 24
91 24 94 24 94 26 91 26 91 24
78 93 80 93 80 97 78 97 78 93
21 85 25 85 25 88 21 88 21 85
34 35 37 35 37 39 34 39 34 35
54 49 56 49 56 51 54 51 54 49
42 6 45 6 45 9 42 9 42 6
3 49 6 49 6 52 3 52 3 49
79 82 81 82 81 85 79 85 79 82
17 21 21 21 21 25 17 25 17 21
71 4 73 4 73 6 71 6 71 4
10 43 12 43 12 47 10 47 10 43
54 64 57 64 57 66 54 66 54 64
14 39 17 39 17 41 14 41 14 39
80 39 82 39 82 43 80 43 80 39
33 92 35 92 35 96 33 96 33 92
84 47 87 47 87 49 84 49 84 47
87 88 89 88 89 92 87 92 87 88
81 60 84 60 84 63 81 63 81 60
65 15 69 15 69 18 65 18 65 15
86 70 88 70 88 74 86 74 86 70
10 17 14 17 14 20 10 20 10 17
17 70 19 70 19 74 17 74 17 70
18 4 20 4 20 7 18 7 18 4
21 91 25 91 25 93 21 93 21 91
69 43 73 43 73 45 69 45 69 43
95 86 97 86 97 88 95 88 95 86
60 66 62 66 62 69 60 69 60 66
10 96 14 96 14 98 10 98 10 96
85 81 88 81 88 83 85 83 85 81
5 35 7 35 7 38 5 38 5 35
72 35 75 35 75 37 72 37 72 35
25 26 29 26 29 30 25 30 25 26
93 42 95 42 95 44 93 44 93 42
15 82 17 82 17 85 15 85 15 82
24 12 28 12 28 15 24 15 24 12
48 63 52 63 52 66 48 66 48 63
90 14 94 14 94 17 90 17 90 14
6 73 9 73 9 76 6 76 6 73
7 10 9 10 9 13 7 13 7 10
92 8 94 8 94 11 92 11 92 8
3 93 6 93 6 96 3 96 3 93
3 85 6 85 6 87 3 87 3 85
93 5 95 5 95 7 93 7 93 5
15 53 17 53 17 55 15 55 15 53
61 6 63 6 63 8 61 8 61 6
19 14 21 14 21 17 19 17 19 14
8 37 12 37 12 40 8 40 8 37
29 17 33 17 33 19 29 19 29 17
23 33 25 33 25 35 23 35 23 33
74 74 78 74 78 78 74 78 74 74
81 20 85 20 85 23 81 23 81 20
58 86 61 86 61 89 58 89 58 86
48 24 52 24 52 26 48 26 48 24
80 76 83 76 83 80 80 80 80 76
74 15 77 15 77 17 74 17 74 15
76 88 78 88 78 92 76 92 76 88
28 73 32 73 32 75 28 75 28 73
53 10 57 10 57 12 53 12 53 10
17 34 19 34 19 36 17 36 17 34
69 64 71 64 71 66 69 66 69 64
74 28 78 28 78 32 74 32 74 28
63 12 65 12 65 14 63 14 63 12
36 52 38 52 38 55 36 55 36 52
91 69 93 69 93 72 91 72 91 69
63 59 66 59 66 61 63 61 63 59
22 47 24 47 24 50 22 50 22 47
46 29 49 29 49 33 46 33 46 29
46 37 48 37 48 39 46 39 46 37
93 75 97 75 97 77 93 77 93 75
36 78 40 78 40 81 36 81 36 78
63 49 65 49 65 53 63 53 63 49
86 10 88 10 88 12 86 12 86 10
20 27 22 27 22 29 20 29 20 27
32 83 36 83 36 86 32 86 32 83
32 27 34 27 34 29 32 29 32 27
38 37 42 37 42 39 38 39 38 37
53 95 57 95 57 97 53 97 53 95
88 44 90 44 90 48 88 48 88 44
36 44 40 44 40 47 36 47 36 44
40 63 43 63 43 66 40 66 40 63
63 68 65 68 65 71 63 71 63 68
42 52 44 52 44 55 42 55 42 52
43 67 47 67 47 71 43 71 43 67
34 7 38 7 38 11 34 11 34 7
59 48 62 48 62 50 59 50 59 48
48 7 50 7 50 10 48 10 48 7
57 80 61 80 61 82 57 82 57 80
6 81 8 81 8 84 6 84 6 81
53 85 56 85 56 89 53 89 53 85
66 24 69 24 69 28 66 28 66 24
61 62 63 62 63 64 61 64 61 62
36 30 38 30 38 33 36 33 36 30
71 50 73 50 73 53 71 53 71 50
23 75 27 75 27 78 23 78 23 75
37 70 40 70 40 72 37 72 37 70
50 37 54 37 54 41 50 41 50 37
85 41 87 41 87 44 85 44 85 41
79 4 81 4 81 6 79 6 79 4
44 13 46 13 46 15 44 15 44 13
71 81 73 81 73 83 71 83 71 81
59 53 61 53 61 55 59 55 59 53
56 71 59 71 59 75 56 75 56 71
46 83 48 83 48 85 46 85 46 83
73 93 75 93 75 97 73 97 73 93
81 69 83 69 83 71 81 71 81 69
46 56 49 56 49 60 46 60 46 56
87 38 89 38 89 40 87 40 87 38
42 2 45 2 45 4 42 4 42 2
41 56 44 56 44 59 41 59 41 56
75 80 78 80 78 83 75 83 75 80
18 49 20 49 20 52 18 52 18 49
83 88 85 88 85 92 83 92 83 88
78 11 82 11 82 15 78 15 78 11
67 68 69 68 69 71 67 71 67 68
46 94 49 94 49 97 46 97 46 94
2 59 4 59 4 63 2 63 2 59
63 74 66 74 66 77 63 77 63 74
14 86 16 86 16 90 14 90 14 86
30 58 34 58 34 61 30 61 30 58
96 38 98 38 98 40 96 40 96 38
86 60 90 60 90 62 86 62 86 60
27 83 30 83 30 86 27 86 27 83
46 74 49 74 49 78 46 78 46 74
6 89 8 89 8 91 6 91 6 89
55 33 59 33 59 37 55 37 55 33
69 11 71 11 71 13 69 13 69 11
15 56 19 56 19 60 15 60 15 56
13 34 15 34 15 36 13 36 13 34
72 9 75 9 75 12 72 12 72 9
82 95 85 95 85 98 82 98 82 95
20 79 23 79 23 81 20 81 20 79
53 22 56 22 56 26 53 26 53 22
49 51 51 51 51 54 49 54 49 51
90 37 93 37 93 41 90 41 90 37
12 21 16 21 16 23 12 23 12 21
24 61 26 61 26 63 24 63 24 61
46 43 49 43 49 45 46 45 46 43
76 36 79 36 79 38 76 38 76 36
66 82 68 82 68 84 66 84 66 82
17 27 19 27 19 31 17 31 17 27
52 68 54 68 54 71 52 71 52 68
68 20 70 20 70 23 68 23 68 20
74 50 76 50 76 53 74 53 74 50
76 62 78 62 78 66 76 66 76 62
75 18 77 18 77 20 75 20 75 18
69 87 73 87 73 91 69 91 69 87
41 79 44 79 44 83 41 83 41 79
38 88 42 88 42 91 38 91 38 88
5 31 9 31 9 33 5 33 5 31
34 64 38 64 38 67 34 67 34 64
11 50 14 50 14 54 11 54 11 50
11 30 15 30 15 32 11 32 11 30
21 63 23 63 23 65 21 65 21 63
27 91 31 91 31 93 27 93 27 91
2 71 5 71 5 74 2 74 2 71
23 3 27 3 27 5 23 5 23 3
18 37 21 37 21 41 18 41 18 37
94 31 96 31 96 33 94 33 94 31
