10 55 12 55 12 57 10 57 10 55
74 56 76 56 76 60 74 60 74 56
74 85 76 85 76 89 74 89 74 85
17 94 19 94 19 98 17 98 17 94
95 14 98 14 98 16 95 16 95 14
6 46 8 46 8 48 6 48 6 46
55 6 58 6 58 9 55 9 55 6
62 71 65 71 65 75 62 75 62 71
27 65 29 65 29 68 27 68 27 65
50 32 54 32 54 34 50 34 50 32
27 10 29 10 29 14 27 14 27 10
25 17 27 17 27 21 25 21 25 17
73 6 75 6 75 10 73 10 73 6
71 31 73 31 73 33 71 33 71 31
63 35 67 35 67 39 63 39 63 35
46 90 50 90 50 92 46 92 46 90
7 83 11 83 11 85 7 85 7 83
84 65 88 65 88 67 84 67 84 65
46 72 49 72 49 75 46 75 46 72
2 52 6 52 6 55 2 55 2 52
87 45 90 45 90 48 87 48 87 45
35 72 38 72 38 74 35 74 35 72
74 24 76 24 76 26 74 26 74 24
12 39 16 39 16 41 12 41 12 39
11 69 13 69 13 71 11 71 11 69
21 58 23 58 23 62 21 62 21 58
4 39 7 39 7 42 4 42 4 39
11 48 15 48 15 52 11 52 11 48
23 31 25 31 25 34 23 34 23 31
89 7 91 7 91 11 89 11 89 7
46 15 49 15 49 19 46 19 46 15
84 79 86 79 86 83 84 83 84 79
38 52 41 52 41 54 38 54 38 52
92 59 94 59 94 63 92 63 92 59
64 81 68 81 68 85 64 85 64 81
19 78 21 78 21 81 19 81 19 78
57 34 61 34 61 36 57 36 57 34
87 27 91 27 91 30 87 30 87 27
86 20 90 20 90 24 86 24 86 20
86 56 89 56 89 59 86 59 86 56
37 57 40 57 40 60 37 60 37 57
53 56 57 56 57 60 53 60 53 56
35 34 39 34 39 38 35 38 35 34
69 89 72 89 72 93 69 93 69 89
16 26 18 26 18 29 16 29 16 26
47 21 50 21 50 25 47 25 47 21
77 59 79 59 79 63 77 63 77 59
74 18 76 18 76 22 74 22 74 18
17 60 20 60 20 64 17 64 17 60
81 88 84 88 84 92 81 92 81 88
47 83 50 83 50 87 47 87 47 83
58 82 61 82 61 84 58 84 58 82
44 11 47 11 47 14 44 14 44 11
91 46 94 46 94 48 91 48 91 46
91 35 95 35 95 37 91 37 91 35
3 6 5 6 5 9 3 9 3 6
46 26 48 26 48 30 46 30 46 26
8 4 11 4 11 7 8 7 8 4
16 82 18 82 18 86 16 86 16 82
29 4 33 4 33 8 29 8 29 4
36 14 38 14 38 16 36 16 36 14
50 45 54 45 54 47 50 47 50 45
39 82 43 82 43 86 39 86 39 82
9 75 11 75 11 79 9 79 9 75
80 29 84 29 84 33 80 33 80 29
72 73 74 73 74 75 72 75 72 73
87 33 90 33 90 36 87 36 87 33
78 38 81 38 81 40 78 40 78 38
40 93 43 93 43 97 40 97 40 93
19 39 21 39 21 42 19 42 19 39
25 84 27 84 27 88 25 88 25 84
65 63 68 63 68 66 65 66 65 63
21 52 24 52 24 55 21 55 21 52
46 48 48 48 48 50 46 50 46 48
19 12 21 12 21 16 19 16 19 12
49 96 53 96 53 98 49 98 49 96
19 3 22 3 22 5 19 5 19 3
56 75 58 75 58 77 56 77 56 75
93 83 95 83 95 85 93 85 93 83
77 47 79 47 79 50 77 50 77 47
44 56 48 56 48 60 44 60 44 56
21 65 23 65 23 69 21 69 21 65
87 74 89 74 89 78 87 78 87 74
31 51 35 51 35 54 31 54 31 51
66 18 70 18 70 21 66 21 66 18
69 2 71 2 71 4 69 4 69 2
53 38 57 38 57 42 53 42 53 38
46 2 48 2 48 6 46 6 46 2
72 64 75 64 75 68 72 68 72 64
21 93 23 93 23 95 21 95 21 93
95 23 97 23 97 25 95 25 95 23
77 23 80 23 80 25 77 25 77 23
87 13 89 13 89 15 87 15 87 13
6 22 10 22 10 24 6 24 6 22
55 17 59 17 59 21 55 21 55 17
41 32 43 32 43 36 41 36 41 32
56 22 59 22 59 26 56 26 56 22
94 6 96 6 96 9 94 9 94 6
84 16 88 16 88 18 84 18 84 16
23 5 26 5 26 8 23 8 23 5
60 53 64 53 64 56 60 56 60 53
28 90 30 90 30 93 28 93 28 90
73 12 76 12 76 16 73 16 73 12
10 15 13 15 13 19 10 19 10 15
77 85 80 85 80 88 77 88 77 85
81 74 84 74 84 78 81 78 81 74
41 70 43 70 43 72 41 72 41 70
24 45 27 45 27 49 24 49 24 45
35 29 37 29 37 31 35 31 35 29
94 77 98 77 98 80 94 80 94 77
64 30 67 30 67 34 64 34 64 30
26 31 29 31 29 34 26 34 26 31
36 65 39 65 39 67 36 67 36 65
28 55 30 55 30 58 28 58 28 55
5 35 9 35 9 38 5 38 5 35
66 45 70 45 70 47 66 47 66 45
85 5 87 5 87 9 85 9 85 5
62 88 65 88 65 91 62 91 62 88
76 71 79 71 79 75 76 75 76 71
16 17 20 17 20 20 16 20 16 17
3 67 7 67 7 70 3 70 3 67
72 38 75 38 75 40 72 40 72 38
37 40 40 40 40 42 37 42 37 40
81 24 84 24 84 28 81 28 81 24
96 64 98 64 98 66 96 66 96 64
87 84 89 84 89 86 87 86 87 84
77 42 81 42 81 46 77 46 77 42
92 51 94 51 94 54 92 54 92 51
47 68 49 68 49 71 47 71 47 68
11 27 13 27 13 29 11 29 11 27
92 17 95 17 95 20 92 20 92 17
75 78 79 78 79 80 75 80 75 78
11 12 15 12 15 14 11 14 11 12
14 4 18 4 18 7 14 7 14 4
55 85 57 85 57 87 55 87 55 85
32 44 34 44 34 47 32 47 32 44
68 7 72 7 72 11 68 11 68 7
66 75 70 75 70 77 66 77 66 75
75 31 77 31 77 33 75 33 75 31
44 63 47 63 47 66 44 66 44 63
76 94 78 94 78 98 76 98 76 94
13 77 17 77 17 81 13 81 13 77
3 75 5 75 5 78 3 78 3 75
16 30 19 30 19 32 16 32 16 30
31 95 33 95 33 97 31 97 31 95
78 6 81 6 81 10 78 10 78 6
56 50 59 50 59 54 56 54 56 50
92 28 96 28 96 31 92 31 92 28
79 51 82 51 82 55 79 55 79 51
36 85 38 85 38 87 36 87 36 85
91 94 95 94 95 97 91 97 91 94
21 25 24 25 24 27 21 27 21 25
40 17 42 17 42 20 40 20 40 17
59 94 63 94 63 98 59 98 59 94
4 58 7 58 7 62 4 62 4 58
82 61 85 61 85 64 82 64 82 61
30 61 34 61 34 63 30 63 30 61
80 79 83 79 83 83 80 83 80 79
61 10 63 10 63 14 61 14 61 10
59 89 61 89 61 91 59 91 59 89
12 95 16 95 16 97 12 97 12 95
5 10 7 10 7 14 5 14 5 10
8 58 10 58 10 60 8 60 8 58
42 42 44 42 44 45 42 45 42 42
27 22 29 22 29 26 27 26 27 22
38 49 40 49 40 51 38 51 38 49
44 80 47 80 47 82 44 82 44 80
22 73 26 73 26 75 22 75 22 73
11 43 13 43 13 47 11 47 11 43
22 84 24 84 24 86 22 86 22 84
11 58 13 58 13 61 11 61 11 58
39 23 43 23 43 25 39 25 39 23
44 34 46 34 46 37 44 37 44 34
87 89 91 89 91 93 87 93 87 89
24 91 26 91 26 94 24 94 24 91
34 75 36 75 36 78 34 78 34 75
41 37 43 37 43 39 41 39 41 37
83 96 85 96 85 98 83 98 83 96
88 62 91 62 91 64 88 64 88 62
30 39 32 39 32 41 30 41 30 39
8 28 10 28 10 30 8 30 8 28
41 12 43 12 43 15 41 15 41 12
94 68 97 68 97 71 94 71 94 68
23 78 26 78 26 82 23 82 23 78
50 12 52 12 52 15 50 15 50 12
3 91 5 91 5 94 3 94 3 91
40 27 44 27 44 30 40 30 40 27
91 40 95 40 95 42 91 42 91 40
66 22 69 22 69 24 66 24 66 22
51 75 55 75 55 77 51 77 51 75
2 84 4 84 4 88 2 88 2 84
10 34 14 34 14 37 10 37 10 34
82 19 84 19 84 21 82 21 82 19
4 80 6 80 6 83 4 83 4 80
49 79 52 79 52 82 49 82 49 79
4 30 7 30 7 33 4 33 4 30
42 49 45 49 45 52 42 52 42 49
23 96 26 96 26 98 23 98 23 96
62 20 64 20 64 22 62 22 62 20
66 2 68 2 68 5 66 5 66 2
6 91 10 91 10 95 6 95 6 91
65 57 69 57 69 61 65 61 65 57
47 31 49 31 49 35 47 35 47 31
19 9 23 9 23 11 19 11 19 9
10 63 13 63 13 67 10 67 10 63
61 23 63 23 63 27 61 27 61 23
37 44 40 44 40 46 37 46 37 44
49 27 52 27 52 29 49 29 49 27
90 3 94 3 94 5 90 5 90 3
18 70 20 70 20 73 18 73 18 70
14 9 18 9 18 11 14 11 14 9
94 86 97 86 97 88 94 88 94 86
28 69 31 69 31 73 28 73 28 69
27 81 30 81 30 83 27 83 27 81
87 79 89 79 89 81 87 81 87 79
70 41 74 41 74 44 70 44 70 41
52 8 54 8 54 11 52 11 52 8
42 46 44 46 44 48 42 48 42 46
60 61 62 61 62 65 60 65 60 61
79 12 82 12 82 16 79 16 79 12
91 86 93 86 93 88 91 88 91 86
96 54 98 54 98 58 96 58 96 54
52 16 54 16 54 19 52 19 52 16
18 48 21 48 21 50 18 50 18 48
90 79 93 79 93 82 90 82 90 79
31 33 33 33 33 35 31 35 31 33
55 92 57 92 57 96 55 96 55 92
92 74 95 74 95 76 92 76 92 74
84 37 87 37 87 41 84 41 84 37
34 6 36 6 36 8 34 8 34 6
20 45 23 45 23 47 20 47 20 45
53 67 56 67 56 71 53 71 53 67
56 45 58 45 58 49 56 49 56 45
37 2 41 2 41 4 37 4 37 2
68 68 71 68 71 71 68 71 68 68
48 7 51 7 51 10 48 10 48 7
38 5 40 5 40 8 38 8 38 5
86 70 88 70 88 73 86 73 86 70
28 74 32 74 32 76 28 76 28 74
62 45 65 45 65 49 62 49 62 45
31 15 34 15 34 17 31 17 31 15
22 35 26 35 26 38 22 38 22 35
70 78 74 78 74 82 70 82 70 78
31 85 33 85 33 88 31 88 31 85
43 5 45 5 45 8 43 8 43 5
52 63 55 63 55 65 52 65 52 63
4 17 8 17 8 21 4 21 4 17
12 22 16 22 16 25 12 25 12 22
52 35 55 35 55 37 52 37 52 35
42 2 44 2 44 4 42 4 42 2
