5 47 9 47 9 50 5 50 5 47
33 50 35 50 35 54 33 54 33 50
10 55 14 55 14 57 10 57 10 55
78 90 81 90 81 93 78 93 78 90
33 87 36 87 36 91 33 91 33 87
49 94 52 94 52 96 49 96 49 94
42 85 46 85 46 88 42 88 42 85
36 31 39 31 39 33 36 33 36 31
82 28 86 28 86 30 82 30 82 28
24 47 26 47 26 50 24 50 24 47
16 57 19 57 19 59 16 59 16 57
52 61 56 61 56 63 52 63 52 61
47 56 51 56 51 60 47 60 47 56
87 75 91 75 91 77 87 77 87 75
75 24 79 24 79 26 75 26 75 24
71 75 73 75 73 77 71 77 71 75
4 73 6 73 6 77 4 77 4 73
30 9 34 9 34 13 30 13 30 9
71 8 73 8 73 12 71 12 71 8
65 49 68 49 68 51 65 51 65 49
25 24 27 24 27 26 25 26 25 24
72 84 75 84 75 86 72 86 72 84
8 28 12 28 12 31 8 31 8 28
23 69 26 69 26 71 23 71 23 69
79 17 82 17 82 20 79 20 79 17
26 15 30 15 30 19 26 19 26 15
65 70 69 70 69 73 65 73 65 70
51 37 54 37 54 39 51 39 51 37
65 61 69 61 69 64 65 64 65 61
25 27 28 27 28 29 25 29 25 27
69 88 72 88 72 90 69 90 69 88
55 20 57 20 57 22 55 22 55 20
57 47 59 47 59 51 57 51 57 47
9 9 11 9 11 13 9 13 9 9
41 70 44 70 44 73 41 73 41 70
78 47 80 47 80 49 78 49 78 47
75 52 77 52 77 55 75 55 75 52
88 28 91 28 91 32 88 32 88 28
49 18 51 18 51 21 49 21 49 18
66 19 70 19 70 21 66 21 66 19
29 23 33 23 33 27 29 27 29 23
93 55 97 55 97 57 93 57 93 55
3 35 7 35 7 39 3 39 3 35
67 15 70 15 70 17 67 17 67 15
35 41 38 41 38 43 35 43 35 41
64 6 67 6 67 9 64 9 64 6
84 7 88 7 88 10 84 10 84 7
39 43 43 43 43 45 39 45 39 43
23 54 27 54 27 56 23 56 23 54
70 42 72 42 72 44 70 44 70 42
83 33 86 33 86 37 83 37 83 33
40 6 42 6 42 8 40 8 40 6
55 38 58 38 58 42 55 42 55 38
45 13 49 13 49 15 45 15 45 13
56 27 58 27 58 30 56 30 56 27
25 41 27 41 27 45 25 45 25 41
74 47 76 47 76 50 74 50 74 47
53 65 55 65 55 67 53 67 53 65
3 86 6 86 6 89 3 89 3 86
91 89 95 89 95 93 91 93 91 89
35 35 38 35 38 37 35 37 35 35
18 39 21 39 21 41 18 41 18 39
80 85 83 85 83 88 80 88 80 85
10 61 12 61 12 63 10 63 10 61
50 12 54 12 54 16 50 16 50 12
59 31 62 31 62 33 59 33 59 31
17 63 20 63 20 67 17 67 17 63
74 65 77 65 77 68 74 68 74 65
54 32 56 32 56 34 54 34 54 32
78 59 82 59 82 61 78 61 78 59
20 30 24 30 24 34 20 34 20 30
7 81 10 81 10 84 7 84 7 81
13 67 15 67 15 69 13 69 13 67
48 87 50 87 50 90 48 90 48 87
46 51 50 51 50 53 46 53 46 51
78 72 82 72 82 76 78 76 78 72
21 14 25 14 25 18 21 18 21 14
13 74 15 74 15 78 13 78 13 74
63 75 65 75 65 78 63 78 63 75
49 64 51 64 51 68 49 68 49 64
48 44 50 44 50 48 48 48 48 44
28 80 32 80 32 82 28 82 28 80
56 52 58 52 58 56 56 56 56 52
17 69 21 69 21 71 17 71 17 69
32 19 36 19 36 21 32 21 32 19
64 90 66 90 66 94 64 94 64 90
34 57 38 57 38 59 34 59 34 57
12 34 14 34 14 38 12 38 12 34
94 61 98 61 98 63 94 63 94 61
15 50 18 50 18 52 15 52 15 50
43 37 45 37 45 40 43 40 43 37
64 54 68 54 68 56 64 56 64 54
54 87 58 87 58 91 54 91 54 87
22 77 24 77 24 81 22 81 22 77
34 25 37 25 37 27 34 27 34 25
44 3 46 3 46 5 44 5 44 3
81 13 84 13 84 16 81 16 81 13
91 80 94 80 94 83 91 83 91 80
94 32 98 32 98 34 94 34 94 32
9 34 11 34 11 37 9 37 9 34
40 32 42 32 42 34 40 34 40 32
67 92 70 92 70 96 67 96 67 92
92 25 94 25 94 27 92 27 92 25
57 61 59 61 59 64 57 64 57 61
53 52 55 52 55 56 53 56 53 52
28 4 31 4 31 8 28 8 28 4
5 94 7 94 7 97 5 97 5 94
3 4 5 4 5 8 3 8 3 4
8 72 12 72 12 76 8 76 8 72
5 10 7 10 7 13 5 13 5 10
60 52 63 52 63 54 60 54 60 52
53 8 55 8 55 11 53 11 53 8
94 41 96 41 96 45 94 45 94 41
38 90 42 90 42 92 38 92 38 90
59 35 63 35 63 37 59 37 59 35
10 43 14 43 14 45 10 45 10 43
19 90 21 90 21 93 19 93 19 90
79 8 83 8 83 11 79 11 79 8
38 75 41 75 41 78 38 78 38 75
2 31 6 31 6 34 2 34 2 31
40 93 43 93 43 96 40 96 40 93
2 18 4 18 4 22 2 22 2 18
15 29 17 29 17 33 15 33 15 29
42 23 45 23 45 27 42 27 42 23
12 87 14 87 14 90 12 90 12 87
13 13 15 13 15 16 13 16 13 13
31 29 34 29 34 32 31 32 31 29
13 5 16 5 16 7 13 7 13 5
52 83 56 83 56 86 52 86 52 83
13 83 17 83 17 85 13 85 13 83
90 68 92 68 92 72 90 72 90 68
73 88 75 88 75 91 73 91 73 88
85 61 87 61 87 65 85 65 85 61
91 63 93 63 93 65 91 65 91 63
2 69 5 69 5 72 2 72 2 69
70 70 74 70 74 73 70 73 70 70
78 41 82 41 82 43 78 43 78 41
64 32 67 32 67 36 64 36 64 32
94 70 98 70 98 73 94 73 94 70
34 81 37 81 37 85 34 85 34 81
49 75 52 75 52 78 49 78 49 75
5 19 9 19 9 21 5 21 5 19
95 21 97 21 97 25 95 25 95 21
68 39 72 39 72 41 68 41 68 39
38 53 41 53 41 55 38 55 38 53
35 63 37 63 37 67 35 67 35 63
35 44 37 44 37 48 35 48 35 44
22 89 25 89 25 92 22 92 22 89
43 64 46 64 46 66 43 66 43 64
96 75 98 75 98 78 96 78 96 75
76 28 80 28 80 30 76 30 76 28
8 38 10 38 10 40 8 40 8 38
42 49 45 49 45 52 42 52 42 49
28 75 31 75 31 77 28 77 28 75
93 6 95 6 95 10 93 10 93 6
59 66 63 66 63 69 59 69 59 66
42 57 44 57 44 60 42 60 42 57
91 46 94 46 94 50 91 50 91 46
52 79 54 79 54 81 52 81 52 79
53 73 56 73 56 75 53 75 53 73
61 7 63 7 63 9 61 9 61 7
18 19 21 19 21 21 18 21 18 19
20 50 23 50 23 52 20 52 20 50
73 13 75 13 75 16 73 16 73 13
21 58 24 58 24 60 21 60 21 58
40 17 43 17 43 21 40 21 40 17
96 80 98 80 98 83 96 83 96 80
70 4 72 4 72 6 70 6 70 4
61 81 63 81 63 85 61 85 61 81
77 86 79 86 79 88 77 88 77 86
69 56 72 56 72 59 69 59 69 56
34 38 38 38 38 40 34 40 34 38
24 20 28 20 28 23 24 23 24 20
95 47 97 47 97 49 95 49 95 47
94 64 98 64 98 67 94 67 94 64
52 26 55 26 55 30 52 30 52 26
24 64 27 64 27 67 24 67 24 64
85 67 88 67 88 71 85 71 85 67
26 57 30 57 30 60 26 60 26 57
38 66 41 66 41 69 38 69 38 66
75 34 78 34 78 38 75 38 75 34
21 84 23 84 23 87 21 87 21 84
64 14 66 14 66 17 64 17 64 14
85 50 87 50 87 52 85 52 85 50
47 30 50 30 50 33 47 33 47 30
35 95 39 95 39 97 35 97 35 95
26 51 30 51 30 53 26 53 26 51
84 94 87 94 87 97 84 97 84 94
88 18 90 18 90 22 88 22 88 18
87 57 89 57 89 60 87 60 87 57
89 34 92 34 92 37 89 37 89 34
49 81 51 81 51 85 49 85 49 81
17 3 19 3 19 7 17 7 17 3
12 80 15 80 15 82 12 82 12 80
7 67 11 67 11 69 7 69 7 67
44 77 46 77 46 79 44 79 44 77
15 45 17 45 17 48 15 48 15 45
43 80 45 80 45 83 43 83 43 80
66 57 68 57 68 60 66 60 66 57
64 27 66 27 66 31 64 31 64 27
37 3 39 3 39 7 37 7 37 3
39 39 41 39 41 41 39 41 39 39
72 22 74 22 74 26 72 26 72 22
66 23 70 23 70 25 66 25 66 23
16 23 19 23 19 27 16 27 16 23
78 52 81 52 81 56 78 56 78 52
21 73 23 73 23 75 21 75 21 73
77 95 80 95 80 98 77 98 77 95
76 13 80 13 80 16 76 16 76 13
15 54 18 54 18 56 15 56 15 54
46 37 50 37 50 39 46 39 46 37
79 31 81 31 81 33 79 33 79 31
29 93 32 93 32 96 29 96 29 93
84 46 88 46 88 48 84 48 84 46
84 40 86 40 86 44 84 44 84 40
17 73 19 73 19 76 17 76 17 73
20 22 23 22 23 26 20 26 20 22
5 58 7 58 7 62 5 62 5 58
22 8 24 8 24 10 22 10 22 8
19 35 22 35 22 38 19 38 19 35
2 14 4 14 4 16 2 16 2 14
87 86 90 86 90 90 87 90 87 86
26 83 28 83 28 85 26 85 26 83
31 42 33 42 33 46 31 46 31 42
3 79 5 79 5 81 3 81 3 79
62 59 64 59 64 63 62 63 62 59
65 2 68 2 68 5 65 5 65 2
12 93 16 93 16 96 12 96 12 93
66 11 68 11 68 13 66 13 66 11
41 10 44 10 44 14 41 14 41 10
60 11 63 11 63 13 60 13 60 11
61 18 64 18 64 21 61 21 61 18
12 47 14 47 14 49 12 49 12 47
93 85 97 85 97 88 93 88 93 85
51 43 53 43 53 46 51 46 51 43
17 15 20 15 20 18 17 18 17 15
89 52 92 52 92 56 89 56 89 52
23 94 25 94 25 97 23 97 23 94
14 10 17 10 17 12 14 12 14 10
15 39 17 39 17 43 15 43 15 39
72 32 74 32 74 36 72 36 72 32
20 3 23 3 23 6 20 6 20 3
88 23 90 23 90 26 88 26 88 23
52 2 56 2 56 4 52 4 52 2
80 67 82 67 82 70 80 70 80 67
70 52 72 52 72 54 70 54 70 52
2 53 6 53 6 57 2 57 2 53
52 5 54 5 54 7 52 7 52 5
59 91 61 91 61 94 59 94 59 91
84 77 86 77 86 79 84 79 84 77
