71 17 73 17 73 21 71 21 71 17
85 63 87 63 87 66 85 66 85 63
85 19 87 19 87 22 85 22 85 19
65 76 67 76 67 80 65 80 65 76
33 44 35 44 35 48 33 48 33 44
17 34 20 34 20 36 17 36 17 34
65 68 68 68 68 72 65 72 65 68
86 49 90 49 90 52 86 52 86 49
13 12 17 12 17 16 13 16 13 12
32 32 36 32 36 34 32 34 32 32
9 94 12 94 12 96 9 96 9 94
38 17 41 17 41 20 38 20 38 17
51 68 54 68 54 72 51 72 51 68
87 13 90 13 90 16 87 16 87 13
82 3 86 3 86 7 82 7 82 3
53 54 56 54 56 57 53 57 53 54
67 15 69 15 69 18 67 18 67 15
48 79 51 79 51 83 48 83 48 79
74 18 76 18 76 20 74 20 74 18
16 64 18 64 18 67 16 67 16 64
77 70 80 70 80 73 77 73 77 70
74 46 76 46 76 48 74 48 74 46
83 58 85 58 85 62 83 62 83 58
38 68 40 68 40 72 38 72 38 68
87 90 89 90 89 92 87 92 87 90
38 95 41 95 41 97 38 97 38 95
59 46 62 46 62 49 59 49 59 46
62 25 65 25 65 27 62 27 62 25
94 11 98 11 98 14 94 14 94 11
70 3 72 3 72 5 70 5 70 3
41 41 44 41 44 44 41 44 41 41
56 38 58 38 58 41 56 41 56 38
78 15 81 15 81 18 78 18 78 15
19 45 23 45 23 48 19 48 19 45
44 79 46 79 46 82 44 82 44 79
27 36 31 36 31 39 27 39 27 36
83 16 86 16 86 18 83 18 83 16
55 81 57 81 57 84 55 84 55 81
48 40 50 40 50 44 48 44 48 40
56 15 60 15 60 19 56 19 56 15
61 34 63 34 63 38 61 38 61 34
14 20 17 20 17 23 14 23 14 20
42 88 44 88 44 91 42 91 42 88
5 95 8 95 8 98 5 98 5 95
77 24 79 24 79 28 77 28 77 24
65 60 67 60 67 63 65 63 65 60
76 30 79 30 79 34 76 34 76 30
86 81 89 81 89 83 86 83 86 81
81 34 83 34 83 36 81 36 81 34
23 94 25 94 25 97 23 97 23 94
92 88 96 88 96 90 92 90 92 88
70 42 73 42 73 44 70 44 70 42
77 53 79 53 79 57 77 57 77 53
47 23 50 23 50 25 47 25 47 23
44 13 46 13 46 15 44 15 44 13
39 77 41 77 41 80 39 80 39 77
65 84 68 84 68 86 65 86 65 84
27 31 29 31 29 35 27 35 27 31
86 35 88 35 88 39 86 39 86 35
56 74 59 74 59 76 56 76 56 74
72 90 74 90 74 94 72 94 72 90
3 4 6 4 6 7 3 7 3 4
88 85 90 85 90 89 88 89 88 85
16 71 18 71 18 73 16 73 16 71
34 25 36 25 36 28 34 28 34 25
61 3 63 3 63 6 61 6 61 3
43 8 45 8 45 12 43 12 43 8
11 63 15 63 15 67 11 67 11 63
48 55 51 55 51 57 48 57 48 55
4 30 8 30 8 33 4 33 4 30
13 60 15 60 15 62 13 62 13 60
24 83 28 83 28 85 24 85 24 83
75 6 78 6 78 8 75 8 75 6
7 11 9 11 9 14 7 14 7 11
83 48 85 48 85 52 83 52 83 48
26 65 29 65 29 68 26 68 26 65
5 40 7 40 7 43 5 43 5 40
19 93 21 93 21 96 19 96 19 93
42 28 46 28 46 30 42 30 42 28
26 93 29 93 29 96 26 96 26 93
13 84 16 84 16 88 13 88 13 84
50 29 52 29 52 33 50 33 50 29
59 91 61 91 61 94 59 94 59 91
88 9 90 9 90 12 88 12 88 9
3 92 6 92 6 94 3 94 3 92
20 24 23 24 23 26 20 26 20 24
17 68 19 68 19 70 17 70 17 68
53 91 55 91 55 95 53 95 53 91
69 53 72 53 72 56 69 56 69 53
62 93 65 93 65 96 62 96 62 93
86 78 88 78 88 80 86 80 86 78
2 67 5 67 5 70 2 70 2 67
68 90 70 90 70 93 68 93 68 90
40 33 43 33 43 35 40 35 40 33
22 13 26 13 26 15 22 15 22 13
37 84 39 84 39 87 37 87 37 84
10 79 12 79 12 83 10 83 10 79
79 90 83 90 83 92 79 92 79 90
30 17 34 17 34 20 30 20 30 17
32 60 34 60 34 63 32 63 32 60
81 9 84 9 84 12 81 12 81 9
16 59 20 59 20 63 16 63 16 59
79 78 83 78 83 82 79 82 79 78
25 43 29 43 29 47 25 47 25 43
62 30 64 30 64 32 62 32 62 30
58 78 62 78 62 81 58 81 58 78
37 9 41 9 41 12 37 12 37 9
42 22 45 22 45 26 42 26 42 22
63 57 65 57 65 59 63 59 63 57
88 22 91 22 91 24 88 24 88 22
82 86 85 86 85 88 82 88 82 86
87 44 91 44 91 46 87 46 87 44
44 60 48 60 48 64 44 64 44 60
83 68 86 68 86 70 83 70 83 68
51 39 53 39 53 41 51 41 51 39
44 55 46 55 46 59 44 59 44 55
62 8 64 8 64 12 62 12 62 8
17 77 20 77 20 79 17 79 17 77
32 11 36 11 36 15 32 15 32 11
28 75 32 75 32 77 28 77 28 75
3 15 5 15 5 18 3 18 3 15
90 68 94 68 94 70 90 70 90 68
13 32 15 32 15 35 13 35 13 32
24 79 28 79 28 82 24 82 24 79
8 2 11 2 11 5 8 5 8 2
46 70 50 70 50 73 46 73 46 70
12 26 14 26 14 30 12 30 12 26
65 4 69 4 69 6 65 6 65 4
35 90 39 90 39 93 35 93 35 90
91 63 93 63 93 66 91 66 91 63
26 49 29 49 29 53 26 53 26 49
52 46 56 46 56 50 52 50 52 46
67 22 71 22 71 26 67 26 67 22
49 84 51 84 51 88 49 88 49 84
88 17 90 17 90 21 88 21 88 17
7 34 11 34 11 36 7 36 7 34
14 7 18 7 18 10 14 10 14 7
56 26 58 26 58 29 56 29 56 26
10 48 14 48 14 50 10 50 10 48
4 25 7 25 7 29 4 29 4 25
77 47 81 47 81 49 77 49 77 47
92 94 94 94 94 97 92 97 92 94
68 27 70 27 70 31 68 31 68 27
62 53 65 53 65 56 62 56 62 53
50 13 53 13 53 17 50 17 50 13
39 60 41 60 41 62 39 62 39 60
10 41 12 41 12 43 10 43 10 41
22 59 26 59 26 62 22 62 22 59
95 5 97 5 97 9 95 9 95 5
37 40 40 40 40 43 37 43 37 40
55 62 58 62 58 66 55 66 55 62
41 66 43 66 43 70 41 70 41 66
28 86 32 86 32 89 28 89 28 86
65 9 67 9 67 12 65 12 65 9
76 35 80 35 80 37 76 37 76 35
9 74 12 74 12 76 9 76 9 74
21 85 23 85 23 88 21 88 21 85
7 54 11 54 11 56 7 56 7 54
87 93 89 93 89 95 87 95 87 93
42 49 45 49 45 53 42 53 42 49
61 67 64 67 64 70 61 70 61 67
25 73 27 73 27 75 25 75 25 73
27 13 31 13 31 15 27 15 27 13
80 42 84 42 84 45 80 45 80 42
58 87 60 87 60 89 58 89 58 87
55 67 59 67 59 71 55 71 55 67
2 20 6 20 6 23 2 23 2 20
2 82 5 82 5 86 2 86 2 82
31 54 35 54 35 58 31 58 31 54
62 39 64 39 64 43 62 43 62 39
72 86 75 86 75 88 72 88 72 86
9 86 12 86 12 90 9 90 9 86
44 95 47 95 47 97 44 97 44 95
21 63 25 63 25 65 21 65 21 63
91 84 95 84 95 87 91 87 91 84
73 76 76 76 76 80 73 80 73 76
53 30 55 30 55 33 53 33 53 30
36 52 40 52 40 54 36 54 36 52
24 86 27 86 27 89 24 89 24 86
50 3 53 3 53 6 50 6 50 3
90 40 94 40 94 43 90 43 90 40
45 31 47 31 47 33 45 33 45 31
93 26 95 26 95 28 93 28 93 26
72 35 74 35 74 37 72 37 72 35
61 73 65 73 65 75 61 75 61 73
77 41 79 41 79 44 77 44 77 41
70 6 74 6 74 8 70 8 70 6
52 80 54 80 54 82 52 82 52 80
13 37 17 37 17 41 13 41 13 37
5 8 7 8 7 10 5 10 5 8
22 91 24 91 24 93 22 93 22 91
39 81 42 81 42 83 39 83 39 81
2 40 4 40 4 42 2 42 2 40
19 55 23 55 23 57 19 57 19 55
24 17 28 17 28 19 24 19 24 17
70 71 74 71 74 73 70 73 70 71
90 5 94 5 94 8 90 8 90 5
5 44 8 44 8 47 5 47 5 44
72 62 74 62 74 66 72 66 72 62
85 73 88 73 88 75 85 75 85 73
2 59 4 59 4 61 2 61 2 59
25 24 27 24 27 26 25 26 25 24
73 95 76 95 76 98 73 98 73 95
32 6 36 6 36 10 32 10 32 6
58 30 60 30 60 34 58 34 58 30
47 9 49 9 49 13 47 13 47 9
93 35 95 35 95 39 93 39 93 35
58 53 60 53 60 55 58 55 58 53
68 47 72 47 72 50 68 50 68 47
32 38 35 38 35 42 32 42 32 38
2 77 6 77 6 79 2 79 2 77
59 20 62 20 62 24 59 24 59 20
66 43 69 43 69 46 66 46 66 43
27 28 31 28 31 30 27 30 27 28
66 39 70 39 70 41 66 41 66 39
87 56 91 56 91 59 87 59 87 56
69 63 71 63 71 65 69 65 69 63
72 12 75 12 75 16 72 16 72 12
68 10 70 10 70 13 68 13 68 10
92 58 94 58 94 61 92 61 92 58
81 29 84 29 84 31 81 31 81 29
89 31 93 31 93 34 89 34 89 31
67 34 69 34 69 37 67 37 67 34
11 68 13 68 13 72 11 72 11 68
35 74 38 74 38 78 35 78 35 74
84 94 86 94 86 97 84 97 84 94
49 90 51 90 51 92 49 92 49 90
89 25 92 25 92 27 89 27 89 25
21 29 24 29 24 32 21 32 21 29
21 39 25 39 25 42 21 42 21 39
5 61 7 61 7 65 5 65 5 61
6 17 10 17 10 19 6 19 6 17
91 75 93 75 93 78 91 78 91 75
52 51 54 51 54 53 52 53 52 51
79 93 83 93 83 96 79 96 79 93
41 73 44 73 44 75 41 75 41 73
68 79 72 79 72 81 68 81 68 79
4 11 6 11 6 14 4 14 4 11
44 16 47 16 47 20 44 20 44 16
21 16 23 16 23 20 21 20 21 16
77 19 81 19 81 21 77 21 77 19
35 71 37 71 37 73 35 73 35 71
73 27 75 27 75 30 73 30 73 27
3 51 6 51 6 55 3 55 3 51
49 75 51 75 51 78 49 78 49 75
19 6 21 6 21 9 19 9 19 6
37 36 41 36 41 39 37 39 37 36
30 24 32 24 32 26 30 26 30 24
77 61 79 61 79 63 77 63 77 61
6 57 10 57 10 59 6 59 6 57
