75 41 77 41 77 45 75 45 75 41
74 60 78 60 78 64 74 64 74 60
43 7 45 7 45 11 43 11 43 7
13 15 15 15 15 17 13 17 13 15
80 53 84 53 84 57 80 57 80 53
59 49 61 49 61 51 59 51 59 49
47 22 50 22 50 25 47 25 47 22
63 29 66 29 66 31 63 31 63 29
71 93 74 93 74 96 71 96 71 93
53 51 57 51 57 54 53 54 53 51
58 7 62 7 62 9 58 9 58 7
22 53 24 53 24 57 22 57 22 53
6 77 9 77 9 81 6 81 6 77
27 90 31 90 31 94 27 94 27 90
12 52 16 52 16 54 12 54 12 52
82 29 85 29 85 31 82 31 82 29
22 75 26 75 26 79 22 79 22 75
26 37 30 37 30 41 26 41 26 37
27 55 30 55 30 57 27 57 27 55
46 18 49 18 49 20 46 20 46 18
71 46 74 46 74 49 71 49 71 46
75 51 79 51 79 53 75 53 75 51
27 5 30 5 30 9 27 9 27 5
42 48 46 48 46 51 42 51 42 48
80 76 82 76 82 78 80 78 80 76
5 21 9 21 9 23 5 23 5 21
72 27 76 27 76 31 72 31 72 27
33 55 37 55 37 58 33 58 33 55
3 92 6 92 6 95 3 95 3 92
89 16 92 16 92 19 89 19 89 16
54 59 56 59 56 63 54 63 54 59
87 66 89 66 89 68 87 68 87 66
21 80 23 80 23 84 21 84 21 80
75 21 77 21 77 25 75 25 75 21
21 8 25 8 25 11 21 11 21 8
48 85 51 85 51 89 48 89 48 85
67 38 70 38 70 42 67 42 67 38
5 26 7 26 7 30 5 30 5 26
6 72 10 72 10 75 6 75 6 72
31 28 33 28 33 31 31 31 31 28
50 40 54 40 54 42 50 42 50 40
49 62 53 62 53 66 49 66 49 62
37 39 40 39 40 43 37 43 37 39
65 45 69 45 69 49 65 49 65 45
17 23 20 23 20 26 17 26 17 23
51 95 53 95 53 98 51 98 51 95
36 81 40 81 40 85 36 85 36 81
44 43 48 43 48 47 44 47 44 43
39 11 41 11 41 13 39 13 39 11
57 81 61 81 61 85 57 85 57 81
25 82 28 82 28 85 25 85 25 82
63 32 65 32 65 35 63 35 63 32
75 32 78 32 78 34 75 34 75 32
63 60 67 60 67 64 63 64 63 60
39 74 43 74 43 76 39 76 39 74
6 46 10 46 10 49 6 49 6 46
10 23 14 23 14 26 10 26 10 23
74 74 76 74 76 78 74 78 74 74
81 4 85 4 85 8 81 8 81 4
50 27 52 27 52 31 50 31 50 27
31 10 35 10 35 13 31 13 31 10
10 29 14 29 14 33 10 33 10 29
4 58 7 58 7 60 4 60 4 58
16 5 20 5 20 7 16 7 16 5
59 91 63 91 63 95 59 95 59 91
3 11 5 11 5 14 3 14 3 11
16 62 18 62 18 66 16 66 16 62
32 69 35 69 35 71 32 71 32 69
23 43 25 43 25 46 23 46 23 43
54 89 58 89 58 92 54 92 54 89
39 21 41 21 41 25 39 25 39 21
14 72 17 72 17 74 14 74 14 72
44 37 46 37 46 41 44 41 44 37
15 84 17 84 17 87 15 87 15 84
61 52 64 52 64 55 61 55 61 52
41 32 45 32 45 35 41 35 41 32
69 17 72 17 72 19 69 19 69 17
62 22 64 22 64 25 62 25 62 22
4 68 6 68 6 70 4 70 4 68
16 13 18 13 18 15 16 15 16 13
81 22 83 22 83 25 81 25 81 22
7 18 10 18 10 20 7 20 7 18
39 67 42 67 42 69 39 69 39 67
32 74 34 74 34 76 32 76 32 74
24 20 27 20 27 22 24 22 24 20
33 16 35 16 35 19 33 19 33 16
16 42 19 42 19 46 16 46 16 42
71 68 75 68 75 70 71 70 71 68
95 43 97 43 97 46 95 46 95 43
53 21 57 21 57 23 53 23 53 21
86 31 90 31 90 35 86 35 86 31
56 2 59 2 59 5 56 5 56 2
79 35 83 35 83 38 79 38 79 35
6 85 9 85 9 88 6 88 6 85
41 79 43 79 43 81 41 81 41 79
33 47 37 47 37 49 33 49 33 47
72 4 76 4 76 8 72 8 72 4
26 58 29 58 29 61 26 61 26 58
38 90 41 90 41 94 38 94 38 90
67 77 69 77 69 79 67 79 67 77
90 24 92 24 92 27 90 27 90 24
72 57 75 57 75 59 72 59 72 57
62 2 66 2 66 5 62 5 62 2
89 2 92 2 92 6 89 6 89 2
4 40 8 40 8 43 4 43 4 40
65 95 68 95 68 97 65 97 65 95
79 44 83 44 83 48 79 48 79 44
47 57 50 57 50 59 47 59 47 57
84 39 88 39 88 43 84 43 84 39
46 2 50 2 50 6 46 6 46 2
94 18 96 18 96 21 94 21 94 18
90 85 93 85 93 87 90 87 90 85
2 82 5 82 5 85 2 85 2 82
50 79 53 79 53 83 50 83 50 79
50 44 54 44 54 46 50 46 50 44
90 89 93 89 93 91 90 91 90 89
56 42 59 42 59 45 56 45 56 42
11 7 13 7 13 10 11 10 11 7
4 50 7 50 7 53 4 53 4 50
43 94 47 94 47 98 43 98 43 94
58 96 60 96 60 98 58 98 58 96
93 30 96 30 96 33 93 33 93 30
83 14 87 14 87 17 83 17 83 14
84 60 86 60 86 62 84 62 84 60
21 50 25 50 25 52 21 52 21 50
23 13 25 13 25 16 23 16 23 13
43 24 46 24 46 27 43 27 43 24
13 78 17 78 17 82 13 82 13 78
59 18 61 18 61 20 59 20 59 18
31 87 34 87 34 89 31 89 31 87
65 52 69 52 69 55 65 55 65 52
94 74 97 74 97 76 94 76 94 74
74 14 76 14 76 16 74 16 74 14
34 44 38 44 38 46 34 46 34 44
85 49 87 49 87 51 85 51 85 49
85 96 88 96 88 98 85 98 85 96
71 10 74 10 74 12 71 12 71 10
17 29 21 29 21 32 17 32 17 29
59 61 62 61 62 64 59 64 59 61
2 73 5 73 5 75 2 75 2 73
28 42 30 42 30 45 28 45 28 42
71 35 75 35 75 39 71 39 71 35
9 96 13 96 13 98 9 98 9 96
81 91 84 91 84 93 81 93 81 91
59 29 61 29 61 32 59 32 59 29
48 93 50 93 50 97 48 97 48 93
29 50 32 50 32 54 29 54 29 50
63 37 66 37 66 40 63 40 63 37
28 67 30 67 30 69 28 69 28 67
84 77 87 77 87 80 84 80 84 77
82 70 84 70 84 73 82 73 82 70
62 16 64 16 64 20 62 20 62 16
53 11 57 11 57 15 53 15 53 11
79 81 82 81 82 83 79 83 79 81
66 34 69 34 69 36 66 36 66 34
21 37 25 37 25 39 21 39 21 37
49 51 51 51 51 55 49 55 49 51
28 76 30 76 30 80 28 80 28 76
58 69 60 69 60 71 58 71 58 69
3 36 5 36 5 38 3 38 3 36
46 69 49 69 49 71 46 71 46 69
94 94 97 94 97 96 94 96 94 94
15 58 19 58 19 61 15 61 15 58
21 65 23 65 23 67 21 67 21 65
78 13 81 13 81 15 78 15 78 13
90 58 92 58 92 62 90 62 90 58
85 25 88 25 88 28 85 28 85 25
36 77 38 77 38 79 36 79 36 77
36 6 38 6 38 9 36 9 36 6
94 77 98 77 98 81 94 81 94 77
68 2 70 2 70 6 68 6 68 2
38 64 42 64 42 66 38 66 38 64
16 38 18 38 18 41 16 41 16 38
46 61 48 61 48 64 46 64 46 61
91 43 94 43 94 46 91 46 91 43
7 67 10 67 10 71 7 71 7 67
31 5 35 5 35 7 31 7 31 5
37 28 41 28 41 30 37 30 37 28
71 88 73 88 73 91 71 91 71 88
57 65 61 65 61 68 57 68 57 65
86 70 89 70 89 73 86 73 86 70
8 92 11 92 11 95 8 95 8 92
40 58 44 58 44 62 40 62 40 58
92 35 94 35 94 38 92 38 92 35
27 24 31 24 31 27 27 27 27 24
84 83 86 83 86 87 84 87 84 83
9 50 11 50 11 53 9 53 9 50
56 55 58 55 58 58 56 58 56 55
15 92 18 92 18 96 15 96 15 92
26 16 29 16 29 18 26 18 26 16
17 19 21 19 21 22 17 22 17 19
47 48 51 48 51 50 47 50 47 48
93 60 96 60 96 63 93 63 93 60
43 90 46 90 46 92 43 92 43 90
50 72 53 72 53 76 50 76 50 72
38 47 40 47 40 51 38 51 38 47
39 17 43 17 43 20 39 20 39 17
2 89 4 89 4 91 2 91 2 89
44 75 46 75 46 77 44 77 44 75
45 13 48 13 48 15 45 15 45 13
69 74 71 74 71 76 69 76 69 74
13 45 15 45 15 49 13 49 13 45
60 57 62 57 62 59 60 59 60 57
69 61 72 61 72 65 69 65 69 61
27 95 30 95 30 98 27 98 27 95
20 96 22 96 22 98 20 98 20 96
25 47 29 47 29 49 25 49 25 47
2 47 5 47 5 49 2 49 2 47
30 60 33 60 33 64 30 64 30 60
54 48 56 48 56 50 54 50 54 48
94 54 97 54 97 56 94 56 94 54
69 20 72 20 72 23 69 23 69 20
31 35 33 35 33 38 31 38 31 35
49 8 52 8 52 12 49 12 49 8
68 25 70 25 70 29 68 29 68 25
64 69 66 69 66 72 64 72 64 69
7 89 10 89 10 91 7 91 7 89
3 17 5 17 5 19 3 19 3 17
63 75 66 75 66 78 63 78 63 75
59 10 63 10 63 13 59 13 59 10
89 52 92 52 92 54 89 54 89 52
34 92 37 92 37 96 34 96 34 92
52 16 56 16 56 20 52 20 52 16
28 70 30 70 30 74 28 74 28 70
78 85 80 85 80 89 78 89 78 85
49 35 51 35 51 37 49 37 49 35
93 57 96 57 96 59 93 59 93 57
94 67 96 67 96 69 94 69 94 67
18 79 20 79 20 83 18 83 18 79
27 11 30 11 30 14 27 14 27 11
63 84 66 84 66 87 63 87 63 84
44 78 46 78 46 81 44 81 44 78
55 73 57 73 57 75 55 75 55 73
86 88 88 88 88 92 86 92 86 88
89 38 91 38 91 41 89 41 89 38
11 83 13 83 13 87 11 87 11 83
79 58 81 58 81 60 79 60 79 58
25 34 28 34 28 36 25 36 25 34
55 93 57 93 57 96 55 96 55 93
75 80 78 80 78 83 75 83 75 80
96 13 98 13 98 17 96 17 96 13
40 44 42 44 42 46 40 46 40 44
37 32 40 32 40 34 37 34 37 32
93 3 95 3 95 6 93 6 93 3
88 48 90 48 90 51 88 51 88 48
55 24 57 24 57 28 55 28 55 24
94 88 97 88 97 92 94 92 94 88
78 7 80 7 80 10 78 10 78 7
92 39 95 39 95 41 92 41 92 39
94 70 98 70 98 73 94 73 94 70
