31 19 35 19 35 23 31 23 31 19
94 3 97 3 97 7 94 7 94 3
70 67 73 67 73 70 70 70 70 67
3 79 6 79 6 82 3 82 3 79
48 85 52 85 52 88 48 88 48 85
71 87 74 87 74 90 71 90 71 87
19 5 23 5 23 8 19 8 19 5
73 3 77 3 77 6 73 6 73 3
83 76 85 76 85 78 83 78 83 76
62 72 65 72 65 74 62 74 62 72
6 60 8 60 8 62 6 62 6 60
76 64 80 64 80 68 76 68 76 64
70 45 73 45 73 49 70 49 70 45
49 28 51 28 51 30 49 30 49 28
5 43 9 43 9 46 5 46 5 43
15 94 19 94 19 96 15 96 15 94
89 73 93 73 93 77 89 77 89 73
86 18 89 18 89 20 86 20 86 18
83 8 86 8 86 11 83 11 83 8
54 44 56 44 56 48 54 48 54 44
73 17 77 17 77 20 73 20 73 17
21 37 23 37 23 41 21 41 21 37
63 57 66 57 66 59 63 59 63 57
75 42 78 42 78 44 75 44 75 42
51 69 53 69 53 71 51 71 51 69
14 9 18 9 18 11 14 11 14 9
26 45 30 45 30 48 26 48 26 45
47 11 50 11 50 14 47 14 47 11
59 14 63 14 63 16 59 16 59 14
58 33 61 33 61 36 58 36 58 33
75 76 77 76 77 80 75 80 75 76
46 5 49 5 49 7 46 7 46 5
14 41 17 41 17 44 14 44 14 41
86 13 89 13 89 15 86 15 86 13
25 92 29 92 29 96 25 96 25 92
7 6 10 6 10 9 7 9 7 6
7 68 11 68 11 72 7 72 7 68
76 71 79 71 79 74 76 74 76 71
85 83 87 83 87 87 85 87 85 83
80 60 84 60 84 63 80 63 80 60
28 18 30 18 30 21 28 21 28 18
58 56 62 56 62 58 58 58 58 56
51 10 54 10 54 13 51 13 51 10
45 60 47 60 47 63 45 63 45 60
55 23 58 23 58 26 55 26 55 23
84 5 86 5 86 7 84 7 84 5
23 80 27 80 27 83 23 83 23 80
37 50 41 50 41 53 37 53 37 50
60 94 62 94 62 97 60 97 60 94
55 3 59 3 59 5 55 5 55 3
22 10 24 10 24 12 22 12 22 10
92 33 95 33 95 35 92 35 92 33
56 66 59 66 59 70 56 70 56 66
71 10 75 10 75 13 71 13 71 10
47 33 49 33 49 35 47 35 47 33
27 55 31 55 31 57 27 57 27 55
58 40 62 40 62 44 58 44 58 40
51 75 54 75 54 77 51 77 51 75
8 10 11 10 11 14 8 14 8 10
86 61 90 61 90 64 86 64 86 61
58 19 60 19 60 21 58 21 58 19
77 28 80 28 80 31 77 31 77 28
68 33 70 33 70 35 68 35 68 33
8 25 10 25 10 28 8 28 8 25
35 54 37 54 37 58 35 58 35 54
30 90 32 90 32 93 30 93 30 90
51 3 53 3 53 7 51 7 51 3
21 31 25 31 25 34 21 34 21 31
50 54 53 54 53 57 50 57 50 54
79 10 81 10 81 14 79 14 79 10
64 60 68 60 68 62 64 62 64 60
91 5 93 5 93 7 91 7 91 5
5 29 7 29 7 33 5 33 5 29
60 62 62 62 62 65 60 65 60 62
5 48 9 48 9 50 5 50 5 48
28 76 30 76 30 79 28 79 28 76
67 41 69 41 69 45 67 45 67 41
3 34 5 34 5 37 3 37 3 34
29 10 32 10 32 12 29 12 29 10
58 29 62 29 62 31 58 31 58 29
45 90 47 90 47 92 45 92 45 90
66 54 70 54 70 56 66 56 66 54
71 24 75 24 75 28 71 28 71 24
25 14 29 14 29 16 25 16 25 14
44 27 46 27 46 30 44 30 44 27
17 46 21 46 21 48 17 48 17 46
69 61 72 61 72 64 69 64 69 61
41 47 43 47 43 49 41 49 41 47
79 80 83 80 83 83 79 83 79 80
30 41 32 41 32 43 30 43 30 41
2 23 6 23 6 26 2 26 2 23
30 32 34 32 34 34 30 34 30 32
95 23 98 23 98 26 95 26 95 23
92 41 94 41 94 45 92 45 92 41
74 94 77 94 77 98 74 98 74 94
20 57 24 57 24 60 20 60 20 57
32 79 34 79 34 82 32 82 32 79
74 34 78 34 78 37 74 37 74 34
13 75 15 75 15 79 13 79 13 75
15 29 17 29 17 31 15 31 15 29
70 50 74 50 74 52 70 52 70 50
49 79 53 79 53 81 49 81 49 79
90 28 93 28 93 30 90 30 90 28
48 18 51 18 51 20 48 20 48 18
47 23 51 23 51 27 47 27 47 23
36 94 38 94 38 96 36 96 36 94
44 57 48 57 48 59 44 59 44 57
37 31 39 31 39 35 37 35 37 31
84 23 87 23 87 27 84 27 84 23
44 21 46 21 46 23 44 23 44 21
82 89 85 89 85 92 82 92 82 89
76 50 78 50 78 54 76 54 76 50
19 21 21 21 21 23 19 23 19 21
79 24 81 24 81 27 79 27 79 24
88 86 91 86 91 88 88 88 88 86
16 68 19 68 19 72 16 72 16 68
90 94 94 94 94 97 90 97 90 94
72 38 76 38 76 40 72 40 72 38
33 67 35 67 35 71 33 71 33 67
63 10 66 10 66 12 63 12 63 10
92 88 94 88 94 92 92 92 92 88
55 85 58 85 58 87 55 87 55 85
85 32 89 32 89 35 85 35 85 32
49 39 52 39 52 43 49 43 49 39
11 61 13 61 13 65 11 65 11 61
14 21 17 21 17 23 14 23 14 21
44 70 48 70 48 74 44 74 44 70
17 16 20 16 20 20 17 20 17 16
27 67 31 67 31 70 27 70 27 67
51 34 55 34 55 38 51 38 51 34
45 95 49 95 49 98 45 98 45 95
92 64 94 64 94 67 92 67 92 64
85 52 87 52 87 56 85 56 85 52
22 65 26 65 26 67 22 67 22 65
40 43 43 43 43 46 40 46 40 43
13 87 16 87 16 90 13 90 13 87
77 87 81 87 81 89 77 89 77 87
9 83 11 83 11 85 9 85 9 83
79 43 82 43 82 45 79 45 79 43
13 51 15 51 15 54 13 54 13 51
45 48 48 48 48 50 45 50 45 48
32 49 34 49 34 53 32 53 32 49
92 58 96 58 96 61 92 61 92 58
2 64 4 64 4 66 2 66 2 64
45 42 48 42 48 45 45 45 45 42
80 38 84 38 84 42 80 42 80 38
27 32 29 32 29 34 27 34 27 32
32 26 34 26 34 28 32 28 32 26
94 74 97 74 97 76 94 76 94 74
91 83 95 83 95 85 91 85 91 83
20 61 22 61 22 64 20 64 20 61
22 76 24 76 24 79 22 79 22 76
19 25 22 25 22 29 19 29 19 25
62 67 66 67 66 69 62 69 62 67
86 74 88 74 88 77 86 77 86 74
41 9 43 9 43 11 41 11 41 9
8 53 11 53 11 57 8 57 8 53
37 18 41 18 41 21 37 21 37 18
60 24 62 24 62 26 60 26 60 24
63 76 65 76 65 79 63 79 63 76
36 13 39 13 39 15 36 15 36 13
50 66 52 66 52 68 50 68 50 66
94 9 97 9 97 11 94 11 94 9
30 84 32 84 32 87 30 87 30 84
64 87 66 87 66 89 64 89 64 87
54 52 57 52 57 55 54 55 54 52
72 55 75 55 75 58 72 58 72 55
33 84 35 84 35 88 33 88 33 84
65 25 67 25 67 27 65 27 65 25
18 83 20 83 20 86 18 86 18 83
90 18 92 18 92 22 90 22 90 18
26 39 29 39 29 41 26 41 26 39
24 2 28 2 28 6 24 6 24 2
86 37 90 37 90 41 86 41 86 37
3 88 5 88 5 90 3 90 3 88
54 78 58 78 58 81 54 81 54 78
23 24 27 24 27 28 23 28 23 24
76 23 78 23 78 27 76 27 76 23
94 49 96 49 96 52 94 52 94 49
83 69 85 69 85 71 83 71 83 69
34 35 36 35 36 37 34 37 34 35
58 6 61 6 61 9 58 9 58 6
56 91 59 91 59 94 56 94 56 91
37 69 41 69 41 72 37 72 37 69
60 88 62 88 62 91 60 91 60 88
90 10 93 10 93 13 90 13 90 10
45 75 49 75 49 77 45 77 45 75
78 3 82 3 82 6 78 6 78 3
26 73 29 73 29 75 26 75 26 73
67 38 70 38 70 40 67 40 67 38
4 18 7 18 7 22 4 22 4 18
23 87 27 87 27 91 23 91 23 87
65 94 69 94 69 97 65 97 65 94
75 83 78 83 78 86 75 86 75 83
45 38 47 38 47 41 45 41 45 38
49 45 53 45 53 49 49 49 49 45
20 92 23 92 23 96 20 96 20 92
80 34 83 34 83 36 80 36 80 34
78 18 81 18 81 20 78 20 78 18
20 52 24 52 24 55 20 55 20 52
45 80 47 80 47 84 45 84 45 80
28 35 32 35 32 37 28 37 28 35
54 29 56 29 56 33 54 33 54 29
39 64 43 64 43 67 39 67 39 64
70 4 72 4 72 7 70 7 70 4
16 78 20 78 20 80 16 80 16 78
7 36 10 36 10 40 7 40 7 36
14 55 16 55 16 58 14 58 14 55
42 54 46 54 46 56 42 56 42 54
57 61 59 61 59 64 57 64 57 61
54 88 56 88 56 90 54 90 54 88
13 5 17 5 17 8 13 8 13 5
95 79 98 79 98 82 95 82 95 79
40 78 44 78 44 80 40 80 40 78
31 5 33 5 33 9 31 9 31 5
38 75 41 75 41 77 38 77 38 75
78 55 81 55 81 59 78 59 78 55
60 47 64 47 64 50 60 50 60 47
66 76 69 76 69 78 66 78 66 76
88 46 92 46 92 49 88 49 88 46
13 34 17 34 17 38 13 38 13 34
9 29 13 29 13 33 9 33 9 29
50 58 54 58 54 61 50 61 50 58
71 95 73 95 73 98 71 98 71 95
16 63 19 63 19 67 16 67 16 63
2 10 4 10 4 13 2 13 2 10
62 20 66 20 66 22 62 22 62 20
84 43 86 43 86 45 84 45 84 43
91 23 93 23 93 25 91 25 91 23
40 84 44 84 44 86 40 86 40 84
41 2 44 2 44 6 41 6 41 2
2 5 5 5 5 8 2 8 2 5
17 73 21 73 21 77 17 77 17 73
9 92 13 92 13 95 9 95 9 92
63 35 66 35 66 37 63 37 63 35
59 10 61 10 61 12 59 12 59 10
95 43 98 43 98 47 95 47 95 43
32 44 34 44 34 46 32 46 32 44
89 55 91 55 91 57 89 57 89 55
44 34 46 34 46 37 44 37 44 34
38 25 40 25 40 27 38 27 38 25
31 14 35 14 35 16 31 16 31 14
88 89 90 89 90 93 88 93 88 89
3 94 6 94 6 96 3 96 3 94
42 13 44 13 44 15 42 15 42 13
55 49 58 49 58 51 55 51 55 49
38 88 41 88 41 91 38 91 38 88
24 68 26 68 26 70 24 70 24 68
66 51 69 51 69 53 66 53 66 51
71 75 73 75 73 79 71 79 71 75
