66 84 69 84 69 87 66 87 66 84
5 93 9 93 9 96 5 96 5 93
14 74 18 74 18 76 14 76 14 74
62 48 64 48 64 51 62 51 62 48
63 7 66 7 66 9 63 9 63 7
42 22 45 22 45 24 42 24 42 22
42 57 45 57 45 61 42 61 42 57
61 91 63 91 63 93 61 93 61 91
76 47 80 47 80 51 76 51 76 47
40 26 43 26 43 30 40 30 40 26
17 78 20 78 20 82 17 82 17 78
36 67 40 67 40 69 36 69 36 67
58 32 61 32 61 34 58 34 58 32
24 94 26 94 26 98 24 98 24 94
95 21 98 21 98 25 95 25 95 21
21 72 23 72 23 75 21 75 21 72
67 33 71 33 71 37 67 37 67 33
44 64 46 64 46 67 44 67 44 64
70 55 74 55 74 59 70 59 70 55
49 72 52 72 52 74 49 74 49 72
94 9 96 9 96 13 94 13 94 9
81 50 84 50 84 53 81 53 81 50
83 23 87 23 87 26 83 26 83 23
43 89 46 89 46 92 43 92 43 89
60 86 62 86 62 88 60 88 60 86
41 15 45 15 45 17 41 17 41 15
87 49 91 49 91 52 87 52 87 49
79 42 82 42 82 46 79 46 79 42
66 23 70 23 70 26 66 26 66 23
90 59 93 59 93 63 90 63 90 59
46 5 50 5 50 9 46 9 46 5
20 11 22 11 22 15 20 15 20 11
60 15 62 15 62 19 60 19 60 15
43 85 45 85 45 88 43 88 43 85
28 50 32 50 32 54 28 54 28 50
33 10 37 10 37 14 33 14 33 10
84 45 87 45 87 48 84 48 84 45
17 25 20 25 20 27 17 27 17 25
76 13 79 13 79 16 76 16 76 13
57 2 59 2 59 4 57 4 57 2
62 30 66 30 66 34 62 34 62 30
3 56 7 56 7 58 3 58 3 56
94 78 98 78 98 82 94 82 94 78
42 70 45 70 45 74 42 74 42 70
27 83 29 83 29 86 27 86 27 83
65 60 69 60 69 63 65 63 65 60
55 85 58 85 58 89 55 89 55 85
78 39 82 39 82 41 78 41 78 39
13 23 16 23 16 26 13 26 13 23
92 35 94 35 94 38 92 38 92 35
2 44 6 44 6 47 2 47 2 44
84 55 86 55 86 57 84 57 84 55
57 74 61 74 61 77 57 77 57 74
62 65 65 65 65 67 62 67 62 65
9 83 11 83 11 85 9 85 9 83
78 89 81 89 81 93 78 93 78 89
55 49 57 49 57 51 55 51 55 49
59 8 62 8 62 10 59 10 59 8
35 28 39 28 39 31 35 31 35 28
93 70 95 70 95 73 93 73 93 70
87 91 89 91 89 95 87 95 87 91
58 61 62 61 62 64 58 64 58 61
32 42 36 42 36 44 32 44 32 42
50 19 54 19 54 22 50 22 50 19
66 49 68 49 68 52 66 52 66 49
46 60 49 60 49 63 46 63 46 60
52 43 55 43 55 46 52 46 52 43
17 30 20 30 20 32 17 32 17 30
25 14 29 14 29 16 25 16 25 14
9 63 12 63 12 66 9 66 9 63
23 52 27 52 27 56 23 56 23 52
42 79 45 79 45 81 42 81 42 79
75 89 77 89 77 93 75 93 75 89
69 40 71 40 71 44 69 44 69 40
75 59 77 59 77 61 75 61 75 59
2 85 5 85 5 89 2 89 2 85
20 21 24 21 24 24 20 24 20 21
8 28 10 28 10 32 8 32 8 28
15 46 19 46 19 48 15 48 15 46
5 17 7 17 7 19 5 19 5 17
3 4 7 4 7 7 3 7 3 4
8 36 10 36 10 38 8 38 8 36
93 15 96 15 96 17 93 17 93 15
18 95 20 95 20 97 18 97 18 95
70 61 73 61 73 64 70 64 70 61
76 77 79 77 79 79 76 79 76 77
19 84 23 84 23 87 19 87 19 84
36 37 39 37 39 41 36 41 36 37
38 51 41 51 41 54 38 54 38 51
46 49 49 49 49 53 46 53 46 49
13 67 15 67 15 70 13 70 13 67
66 67 69 67 69 69 66 69 66 67
42 44 46 44 46 48 42 48 42 44
13 18 16 18 16 22 13 22 13 18
6 8 8 8 8 11 6 11 6 8
12 13 15 13 15 16 12 16 12 13
57 22 60 22 60 25 57 25 57 22
33 72 37 72 37 76 33 76 33 72
88 85 92 85 92 89 88 89 88 85
30 55 33 55 33 57 30 57 30 55
41 82 44 82 44 84 41 84 41 82
95 61 98 61 98 63 95 63 95 61
86 79 88 79 88 83 86 83 86 79
9 47 11 47 11 51 9 51 9 47
80 24 82 24 82 26 80 26 80 24
6 21 8 21 8 25 6 25 6 21
83 85 87 85 87 88 83 88 83 85
30 62 33 62 33 66 30 66 30 62
76 29 78 29 78 33 76 33 76 29
29 30 32 30 32 32 29 32 29 30
77 6 80 6 80 9 77 9 77 6
43 96 47 96 47 98 43 98 43 96
58 11 60 11 60 13 58 13 58 11
8 73 12 73 12 77 8 77 8 73
71 18 74 18 74 22 71 22 71 18
69 89 72 89 72 93 69 93 69 89
47 33 51 33 51 35 47 35 47 33
24 32 28 32 28 36 24 36 24 32
50 64 54 64 54 67 50 67 50 64
80 54 83 54 83 56 80 56 80 54
31 45 35 45 35 49 31 49 31 45
30 85 34 85 34 87 30 87 30 85
90 43 93 43 93 47 90 47 90 43
35 7 38 7 38 9 35 9 35 7
60 69 63 69 63 72 60 72 60 69
14 3 18 3 18 7 14 7 14 3
38 12 42 12 42 14 38 14 38 12
20 17 24 17 24 20 20 20 20 17
3 80 7 80 7 83 3 83 3 80
43 31 46 31 46 33 43 33 43 31
72 33 74 33 74 37 72 37 72 33
2 59 4 59 4 63 2 63 2 59
84 4 86 4 86 8 84 8 84 4
68 14 70 14 70 16 68 16 68 14
19 40 21 40 21 44 19 44 19 40
40 40 43 40 43 42 40 42 40 40
56 91 59 91 59 95 56 95 56 91
86 66 88 66 88 70 86 70 86 66
6 67 8 67 8 69 6 69 6 67
21 64 24 64 24 68 21 68 21 64
74 67 76 67 76 69 74 69 74 67
91 32 94 32 94 34 91 34 91 32
60 95 63 95 63 98 60 98 60 95
5 14 9 14 9 16 5 16 5 14
65 39 68 39 68 43 65 43 65 39
35 94 38 94 38 98 35 98 35 94
7 88 9 88 9 90 7 90 7 88
57 53 61 53 61 56 57 56 57 53
4 35 7 35 7 37 4 37 4 35
29 22 32 22 32 24 29 24 29 22
11 38 15 38 15 41 11 41 11 38
23 43 26 43 26 45 23 45 23 43
30 67 32 67 32 69 30 69 30 67
31 2 33 2 33 6 31 6 31 2
68 79 71 79 71 81 68 81 68 79
59 26 61 26 61 28 59 28 59 26
92 3 95 3 95 6 92 6 92 3
46 19 48 19 48 22 46 22 46 19
13 30 15 30 15 33 13 33 13 30
53 27 56 27 56 29 53 29 53 27
90 27 92 27 92 31 90 31 90 27
67 18 69 18 69 22 67 22 67 18
65 79 67 79 67 82 65 82 65 79
82 78 85 78 85 80 82 80 82 78
53 70 56 70 56 73 53 73 53 70
84 28 86 28 86 30 84 30 84 28
2 52 6 52 6 55 2 55 2 52
88 17 92 17 92 21 88 21 88 17
90 94 94 94 94 96 90 96 90 94
23 28 27 28 27 30 23 30 23 28
25 7 27 7 27 11 25 11 25 7
31 90 33 90 33 92 31 92 31 90
85 10 89 10 89 14 85 14 85 10
39 78 41 78 41 80 39 80 39 78
79 70 81 70 81 72 79 72 79 70
95 56 98 56 98 60 95 60 95 56
34 17 37 17 37 21 34 21 34 17
47 87 49 87 49 89 47 89 47 87
57 17 59 17 59 20 57 20 57 17
78 62 80 62 80 65 78 65 78 62
57 65 61 65 61 67 57 67 57 65
53 56 55 56 55 59 53 59 53 56
18 91 22 91 22 94 18 94 18 91
9 6 13 6 13 8 9 8 9 6
75 34 79 34 79 38 75 38 75 34
76 84 79 84 79 86 76 86 76 84
28 4 30 4 30 8 28 8 28 4
39 89 41 89 41 91 39 91 39 89
73 2 77 2 77 5 73 5 73 2
40 5 42 5 42 8 40 8 40 5
76 95 80 95 80 97 76 97 76 95
49 11 53 11 53 13 49 13 49 11
17 61 20 61 20 63 17 63 17 61
8 59 12 59 12 61 8 61 8 59
73 72 77 72 77 76 73 76 73 72
6 48 8 48 8 51 6 51 6 48
53 80 56 80 56 82 53 82 53 80
15 56 17 56 17 58 15 58 15 56
60 42 64 42 64 45 60 45 60 42
47 77 50 77 50 79 47 79 47 77
81 33 85 33 85 36 81 36 81 33
25 76 29 76 29 79 25 79 25 76
71 47 75 47 75 51 71 51 71 47
49 95 52 95 52 97 49 97 49 95
26 91 29 91 29 93 26 93 26 91
87 2 90 2 90 4 87 4 87 2
73 11 75 11 75 13 73 13 73 11
25 62 29 62 29 64 25 64 25 62
93 48 97 48 97 52 93 52 93 48
53 77 55 77 55 79 53 79 53 77
81 64 85 64 85 68 81 68 81 64
12 89 16 89 16 92 12 92 12 89
14 42 16 42 16 45 14 45 14 42
89 55 93 55 93 57 89 57 89 55
2 14 4 14 4 18 2 18 2 14
84 37 87 37 87 41 84 41 84 37
2 68 5 68 5 72 2 72 2 68
11 93 14 93 14 97 11 97 11 93
40 2 44 2 44 4 40 4 40 2
49 25 52 25 52 28 49 28 49 25
85 73 87 73 87 75 85 75 85 73
11 2 13 2 13 4 11 4 11 2
3 9 5 9 5 11 3 11 3 9
52 90 55 90 55 92 52 92 52 90
25 18 29 18 29 20 25 20 25 18
35 88 37 88 37 90 35 90 35 88
47 15 51 15 51 18 47 18 47 15
17 49 20 49 20 53 17 53 17 49
10 18 12 18 12 20 10 20 10 18
36 57 39 57 39 61 36 61 36 57
61 82 63 82 63 85 61 85 61 82
23 57 26 57 26 59 23 59 23 57
32 78 35 78 35 82 32 82 32 78
13 86 15 86 15 88 13 88 13 86
48 84 51 84 51 86 48 86 48 84
75 23 78 23 78 27 75 27 75 23
50 52 52 52 52 54 50 54 50 52
10 78 14 78 14 81 10 81 10 78
33 33 35 33 35 36 33 36 33 33
2 76 4 76 4 79 2 79 2 76
24 40 27 40 27 42 24 42 24 40
94 89 98 89 98 91 94 91 94 89
42 76 45 76 45 78 42 78 42 76
53 5 57 5 57 9 53 9 53 5
19 34 22 34 22 38 19 38 19 34
73 79 75 79 75 82 73 82 73 79
46 57 48 57 48 59 46 59 46 57
20 88 22 88 22 90 20 90 20 88
29 58 32 58 32 61 29 61 29 58
79 19 82 19 82 23 79 23 79 19
