14 79 16 79 16 83 14 83 14 79
39 24 41 24 41 28 39 28 39 24
29 53 33 53 33 55 29 55 29 53
54 56 56 56 56 60 54 60 54 56
25 89 29 89 29 93 25 93 25 89
9 35 11 35 11 39 9 39 9 35
83 33 85 33 85 36 83 36 83 33
24 8 27 8 27 11 24 11 24 8
88 27 90 27 90 30 88 30 88 27
52 42 56 42 56 44 52 44 52 42
95 40 98 40 98 43 95 43 95 40
18 73 20 73 20 77 18 77 18 73
8 82 12 82 12 84 8 84 8 82
16 85 19 85 19 87 16 87 16 85
94 59 98 59 98 63 94 63 94 59
70 42 73 42 73 44 70 44 70 42
83 84 87 84 87 86 83 86 83 84
70 94 74 94 74 97 70 97 70 94
77 90 81 90 81 94 77 94 77 90
76 82 80 82 80 85 76 85 76 82
42 15 44 15 44 18 42 18 42 15
43 64 45 64 45 68 43 68 43 64
6 92 10 92 10 96 6 96 6 92
94 73 97 73 97 75 94 75 94 73
68 82 71 82 71 85 68 85 68 82
73 16 76 16 76 19 73 19 73 16
90 73 93 73 93 77 90 77 90 73
37 42 40 42 40 45 37 45 37 42
34 28 36 28 36 31 34 31 34 28
25 4 27 4 27 6 25 6 25 4
77 23 80 23 80 27 77 27 77 23
6 28 10 28 10 32 6 32 6 28
44 31 47 31 47 33 44 33 44 31
6 50 10 50 10 54 6 54 6 50
23 58 26 58 26 60 23 60 23 58
9 40 12 40 12 43 9 43 9 40
44 47 46 47 46 50 44 50 44 47
67 59 69 59 69 62 67 62 67 59
90 87 94 87 94 90 90 90 90 87
29 6 33 6 33 9 29 9 29 6
45 3 47 3 47 7 45 7 45 3
63 35 66 35 66 37 63 37 63 35
23 83 26 83 26 86 23 86 23 83
26 45 28 45 28 47 26 47 26 45
72 46 76 46 76 48 72 48 72 46
75 64 78 64 78 68 75 68 75 64
53 94 57 94 57 98 53 98 53 94
88 37 90 37 90 39 88 39 88 37
21 66 24 66 24 70 21 70 21 66
41 3 43 3 43 6 41 6 41 3
6 19 9 19 9 23 6 23 6 19
14 65 16 65 16 68 14 68 14 65
8 87 10 87 10 89 8 89 8 87
86 51 88 51 88 54 86 54 86 51
54 14 56 14 56 17 54 17 54 14
73 5 77 5 77 8 73 8 73 5
25 26 28 26 28 29 25 29 25 26
68 24 72 24 72 26 68 26 68 24
12 36 16 36 16 38 12 38 12 36
27 83 29 83 29 85 27 85 27 83
34 82 38 82 38 85 34 85 34 82
92 46 94 46 94 49 92 49 92 46
90 9 93 9 93 13 90 13 90 9
33 93 36 93 36 96 33 96 33 93
29 42 32 42 32 44 29 44 29 42
28 12 30 12 30 15 28 15 28 12
40 66 42 66 42 69 40 69 40 66
13 26 16 26 16 29 13 29 13 26
69 69 73 69 73 73 69 73 69 69
14 69 17 69 17 72 14 72 14 69
81 4 85 4 85 8 81 8 81 4
63 66 67 66 67 70 63 70 63 66
46 93 48 93 48 97 46 97 46 93
14 75 16 75 16 77 14 77 14 75
2 86 6 86 6 90 2 90 2 86
55 68 59 68 59 71 55 71 55 68
38 21 40 21 40 23 38 23 38 21
50 72 53 72 53 75 50 75 50 72
52 8 56 8 56 10 52 10 52 8
2 6 4 6 4 8 2 8 2 6
82 22 84 22 84 25 82 25 82 22
44 80 48 80 48 83 44 83 44 80
65 41 67 41 67 44 65 44 65 41
13 19 16 19 16 23 13 23 13 19
28 2 30 2 30 5 28 5 28 2
39 92 43 92 43 96 39 96 39 92
21 49 25 49 25 53 21 53 21 49
91 29 93 29 93 31 91 31 91 29
48 84 52 84 52 88 48 88 48 84
50 65 53 65 53 68 50 68 50 65
58 54 62 54 62 57 58 57 58 54
50 69 54 69 54 71 50 71 50 69
43 25 47 25 47 29 43 29 43 25
35 52 39 52 39 55 35 55 35 52
24 40 27 40 27 42 24 42 24 40
26 65 30 65 30 69 26 69 26 65
91 66 95 66 95 69 91 69 91 66
11 13 14 13 14 17 11 17 11 13
76 49 80 49 80 53 76 53 76 49
15 53 17 53 17 56 15 56 15 53
35 86 38 86 38 89 35 89 35 86
35 4 38 4 38 7 35 7 35 4
57 11 59 11 59 15 57 15 57 11
33 72 37 72 37 74 33 74 33 72
58 49 61 49 61 51 58 51 58 49
95 49 97 49 97 51 95 51 95 49
86 59 88 59 88 62 86 62 86 59
92 2 94 2 94 4 92 4 92 2
82 95 84 95 84 98 82 98 82 95
89 55 93 55 93 58 89 58 89 55
64 85 67 85 67 87 64 87 64 85
32 37 35 37 35 39 32 39 32 37
76 30 79 30 79 34 76 34 76 30
34 68 38 68 38 70 34 70 34 68
75 58 77 58 77 62 75 62 75 58
77 11 81 11 81 13 77 13 77 11
28 71 30 71 30 73 28 73 28 71
82 49 85 49 85 53 82 53 82 49
6 44 8 44 8 48 6 48 6 44
5 58 7 58 7 60 5 60 5 58
8 8 11 8 11 12 8 12 8 8
79 73 83 73 83 76 79 76 79 73
25 34 27 34 27 38 25 38 25 34
84 78 88 78 88 81 84 81 84 78
40 52 43 52 43 54 40 54 40 52
73 75 77 75 77 79 73 79 73 75
36 64 39 64 39 67 36 67 36 64
19 6 23 6 23 9 19 9 19 6
81 44 83 44 83 46 81 46 81 44
14 3 17 3 17 7 14 7 14 3
21 75 23 75 23 77 21 77 21 75
50 89 52 89 52 91 50 91 50 89
94 17 96 17 96 20 94 20 94 17
54 90 57 90 57 92 54 92 54 90
90 78 93 78 93 81 90 81 90 78
94 77 98 77 98 79 94 79 94 77
50 32 52 32 52 36 50 36 50 32
84 90 87 90 87 93 84 93 84 90
38 60 41 60 41 62 38 62 38 60
69 5 72 5 72 8 69 8 69 5
59 87 63 87 63 90 59 90 59 87
48 59 50 59 50 62 48 62 48 59
51 12 53 12 53 15 51 15 51 12
43 36 45 36 45 39 43 39 43 36
85 74 88 74 88 77 85 77 85 74
56 81 58 81 58 83 56 83 56 81
70 12 72 12 72 14 70 14 70 12
49 53 51 53 51 56 49 56 49 53
35 19 37 19 37 21 35 21 35 19
87 43 90 43 90 46 87 46 87 43
40 76 44 76 44 79 40 79 40 76
58 77 61 77 61 79 58 79 58 77
40 87 42 87 42 91 40 91 40 87
5 68 8 68 8 72 5 72 5 68
49 22 53 22 53 25 49 25 49 22
71 34 74 34 74 37 71 37 71 34
68 75 71 75 71 77 68 77 68 75
15 14 18 14 18 17 15 17 15 14
69 2 72 2 72 4 69 4 69 2
40 63 42 63 42 65 40 65 40 63
19 30 22 30 22 32 19 32 19 30
15 94 18 94 18 96 15 96 15 94
19 15 22 15 22 19 19 19 19 15
18 37 21 37 21 41 18 41 18 37
8 56 12 56 12 60 8 60 8 56
57 40 61 40 61 44 57 44 57 40
20 20 23 20 23 23 20 23 20 20
16 59 18 59 18 62 16 62 16 59
16 44 20 44 20 48 16 48 16 44
19 56 22 56 22 59 19 59 19 56
73 10 76 10 76 12 73 12 73 10
60 5 62 5 62 9 60 9 60 5
42 12 44 12 44 14 42 14 42 12
93 96 95 96 95 98 93 98 93 96
65 48 68 48 68 52 65 52 65 48
27 59 31 59 31 61 27 61 27 59
71 53 75 53 75 56 71 56 71 53
73 21 75 21 75 24 73 24 73 21
68 15 72 15 72 18 68 18 68 15
64 20 66 20 66 23 64 23 64 20
27 76 30 76 30 79 27 79 27 76
84 55 86 55 86 58 84 58 84 55
8 2 11 2 11 5 8 5 8 2
64 90 66 90 66 92 64 92 64 90
63 27 65 27 65 31 63 31 63 27
13 8 17 8 17 11 13 11 13 8
84 11 86 11 86 15 84 15 84 11
25 18 27 18 27 21 25 21 25 18
37 56 41 56 41 59 37 59 37 56
38 36 42 36 42 40 38 40 38 36
78 6 80 6 80 9 78 9 78 6
54 4 58 4 58 6 54 6 54 4
35 13 38 13 38 15 35 15 35 13
50 39 52 39 52 41 50 41 50 39
31 45 34 45 34 49 31 49 31 45
82 63 84 63 84 67 82 67 82 63
90 17 92 17 92 19 90 19 90 17
7 62 10 62 10 64 7 64 7 62
57 61 59 61 59 63 57 63 57 61
60 19 63 19 63 23 60 23 60 19
95 84 97 84 97 87 95 87 95 84
61 24 64 24 64 26 61 26 61 24
20 95 23 95 23 97 20 97 20 95
81 37 84 37 84 40 81 40 81 37
95 45 97 45 97 48 95 48 95 45
69 27 73 27 73 30 69 30 69 27
85 28 87 28 87 30 85 30 85 28
25 71 27 71 27 74 25 74 25 71
5 38 7 38 7 41 5 41 5 38
54 46 57 46 57 48 54 48 54 46
10 70 13 70 13 72 10 72 10 70
84 41 86 41 86 43 84 43 84 41
54 29 57 29 57 33 54 33 54 29
32 32 35 32 35 36 32 36 32 32
92 92 94 92 94 95 92 95 92 92
21 61 24 61 24 63 21 63 21 61
12 94 14 94 14 98 12 98 12 94
76 42 80 42 80 44 76 44 76 42
30 86 34 86 34 90 30 90 30 86
54 85 58 85 58 89 54 89 54 85
46 18 49 18 49 21 46 21 46 18
80 18 84 18 84 21 80 21 80 18
13 46 15 46 15 49 13 49 13 46
2 62 6 62 6 64 2 64 2 62
50 78 54 78 54 82 50 82 50 78
32 59 36 59 36 63 32 63 32 59
41 72 43 72 43 75 41 75 41 72
53 50 55 50 55 54 53 54 53 50
7 76 9 76 9 80 7 80 7 76
28 50 30 50 30 52 28 52 28 50
57 34 61 34 61 36 57 36 57 34
60 81 63 81 63 83 60 83 60 81
85 66 87 66 87 70 85 70 85 66
79 55 83 55 83 57 79 57 79 55
19 25 21 25 21 27 19 27 19 25
61 95 64 95 64 98 61 98 61 95
39 7 41 7 41 11 39 11 39 7
45 13 48 13 48 16 45 16 45 13
39 17 41 17 41 19 39 19 39 17
34 76 36 76 36 80 34 80 34 76
2 78 6 78 6 81 2 81 2 78
31 16 34 16 34 20 31 20 31 16
95 30 98 30 98 33 95 33 95 30
68 87 72 87 72 91 68 91 68 87
95 2 98 2 98 6 95 6 95 2
20 89 23 89 23 92 20 92 20 89
30 22 33 22 33 24 30 24 30 22
63 45 65 45 65 47 63 47 63 45
87 71 89 71 89 73 87 73 87 71
92 23 95 23 95 25 92 25 92 23
