78 88 82 88 82 90 78 90 78 88
94 25 97 25 97 28 94 28 94 25
24 61 28 61 28 64 24 64 24 61
70 48 72 48 72 50 70 50 70 48
44 69 47 69 47 71 44 71 44 69
62 65 66 65 66 67 62 67 62 65
88 56 90 56 90 58 88 58 88 56
20 28 24 28 24 32 20 32 20 28
17 80 19 80 19 84 17 84 17 80
5 39 7 39 7 42 5 42 5 39
38 34 42 34 42 38 38 38 38 34
3 79 6 79 6 81 3 81 3 79
45 30 48 30 48 33 45 33 45 30
86 33 88 33 88 35 86 35 86 33
13 4 15 4 15 6 13 6 13 4
58 74 62 74 62 76 58 76 58 74
8 91 10 91 10 95 8 95 8 91
70 2 72 2 72 6 70 6 70 2
33 15 35 15 35 18 33 18 33 15
73 16 76 16 76 18 73 18 73 16
50 33 53 33 53 36 50 36 50 33
37 79 41 79 41 83 37 83 37 79
33 84 35 84 35 86 33 86 33 84
86 4 88 4 88 6 86 6 86 4
20 68 24 68 24 71 20 71 20 68
85 67 88 67 88 70 85 70 85 67
14 47 16 47 16 50 14 50 14 47
40 61 42 61 42 63 40 63 40 61
65 46 69 46 69 49 65 49 65 46
15 87 17 87 17 91 15 91 15 87
55 34 58 34 58 37 55 37 55 34
17 17 19 17 19 21 17 21 17 17
65 50 68 50 68 53 65 53 65 50
6 86 9 86 9 90 6 90 6 86
48 6 50 6 50 10 48 10 48 6
52 21 56 21 56 23 52 23 52 21
8 79 11 79 11 83 8 83 8 79
41 17 44 17 44 19 41 19 41 17
30 34 34 34 34 36 30 36 30 34
40 92 44 92 44 96 40 96 40 92
14 92 16 92 16 95 14 95 14 92
72 31 76 31 76 35 72 35 72 31
37 7 41 7 41 10 37 10 37 7
49 39 53 39 53 43 49 43 49 39
32 74 35 74 35 78 32 78 32 74
76 56 78 56 78 58 76 58 76 56
63 77 67 77 67 81 63 81 63 77
62 5 65 5 65 9 62 9 62 5
20 2 24 2 24 5 20 5 20 2
42 21 46 21 46 24 42 24 42 21
95 43 98 43 98 45 95 45 95 43
88 91 91 91 91 93 88 93 88 91
47 25 49 25 49 29 47 29 47 25
2 73 5 73 5 77 2 77 2 73
6 46 10 46 10 50 6 50 6 46
52 62 56 62 56 64 52 64 52 62
46 3 49 3 49 5 46 5 46 3
51 79 54 79 54 82 51 82 51 79
53 53 56 53 56 55 53 55 53 53
80 67 83 67 83 69 80 69 80 67
62 51 64 51 64 54 62 54 62 51
52 72 55 72 55 75 52 75 52 72
8 28 12 28 12 30 8 30 8 28
43 47 46 47 46 51 43 51 43 47
83 36 86 36 86 39 83 39 83 36
88 95 90 95 90 98 88 98 88 95
30 85 32 85 32 87 30 87 30 85
26 54 30 54 30 58 26 58 26 54
15 70 17 70 17 72 15 72 15 70
66 91 69 91 69 93 66 93 66 91
77 3 81 3 81 7 77 7 77 3
30 47 33 47 33 50 30 50 30 47
2 57 4 57 4 59 2 59 2 57
36 47 39 47 39 51 36 51 36 47
12 81 14 81 14 84 12 84 12 81
77 14 79 14 79 18 77 18 77 14
61 57 64 57 64 60 61 60 61 57
39 57 42 57 42 59 39 59 39 57
78 60 82 60 82 63 78 63 78 60
41 85 44 85 44 87 41 87 41 85
7 23 11 23 11 26 7 26 7 23
37 41 41 41 41 45 37 45 37 41
29 88 33 88 33 91 29 91 29 88
73 79 75 79 75 81 73 81 73 79
82 43 84 43 84 46 82 46 82 43
13 62 15 62 15 65 13 65 13 62
73 25 76 25 76 27 73 27 73 25
5 52 8 52 8 55 5 55 5 52
11 52 15 52 15 54 11 54 11 52
7 33 9 33 9 36 7 36 7 33
22 90 25 90 25 92 22 92 22 90
25 44 27 44 27 48 25 48 25 44
5 12 7 12 7 14 5 14 5 12
80 17 84 17 84 21 80 21 80 17
50 45 53 45 53 49 50 49 50 45
35 25 37 25 37 29 35 29 35 25
7 70 9 70 9 73 7 73 7 70
83 51 86 51 86 53 83 53 83 51
88 79 90 79 90 83 88 83 88 79
4 60 6 60 6 63 4 63 4 60
57 92 59 92 59 96 57 96 57 92
48 59 51 59 51 62 48 62 48 59
81 28 83 28 83 30 81 30 81 28
72 11 75 11 75 15 72 15 72 11
91 50 95 50 95 54 91 54 91 50
10 19 14 19 14 21 10 21 10 19
72 86 75 86 75 89 72 89 72 86
58 46 61 46 61 49 58 49 58 46
60 36 64 36 64 39 60 39 60 36
89 13 93 13 93 16 89 16 89 13
44 40 46 40 46 44 44 44 44 40
76 46 80 46 80 50 76 50 76 46
57 40 59 40 59 43 57 43 57 40
77 66 79 66 79 68 77 68 77 66
84 57 86 57 86 61 84 61 84 57
27 28 31 28 31 30 27 30 27 28
58 87 61 87 61 91 58 91 58 87
45 52 49 52 49 56 45 56 45 52
87 22 90 22 90 26 87 26 87 22
32 69 36 69 36 72 32 72 32 69
37 4 41 4 41 6 37 6 37 4
14 12 18 12 18 15 14 15 14 12
18 54 22 54 22 56 18 56 18 54
94 70 96 70 96 73 94 73 94 70
2 17 6 17 6 21 2 21 2 17
72 42 74 42 74 45 72 45 72 42
79 10 81 10 81 13 79 13 79 10
30 42 33 42 33 46 30 46 30 42
46 77 50 77 50 81 46 81 46 77
93 59 95 59 95 61 93 61 93 59
6 2 8 2 8 4 6 4 6 2
11 85 14 85 14 89 11 89 11 85
75 53 79 53 79 55 75 55 75 53
17 95 21 95 21 97 17 97 17 95
90 4 94 4 94 6 90 6 90 4
27 31 31 31 31 33 27 33 27 31
26 23 30 23 30 27 26 27 26 23
18 64 21 64 21 66 18 66 18 64
87 19 89 19 89 21 87 21 87 19
20 33 22 33 22 37 20 37 20 33
78 24 80 24 80 26 78 26 78 24
40 65 44 65 44 68 40 68 40 65
61 12 65 12 65 14 61 14 61 12
76 36 79 36 79 38 76 38 76 36
71 67 74 67 74 71 71 71 71 67
18 42 22 42 22 46 18 46 18 42
22 7 26 7 26 9 22 9 22 7
45 13 47 13 47 16 45 16 45 13
32 8 36 8 36 12 32 12 32 8
71 53 74 53 74 57 71 57 71 53
70 16 72 16 72 19 70 19 70 16
46 94 48 94 48 96 46 96 46 94
51 2 54 2 54 4 51 4 51 2
57 2 61 2 61 4 57 4 57 2
46 88 50 88 50 92 46 92 46 88
4 66 7 66 7 68 4 68 4 66
68 38 72 38 72 41 68 41 68 38
60 92 64 92 64 95 60 95 60 92
94 37 98 37 98 40 94 40 94 37
61 31 65 31 65 33 61 33 61 31
84 40 88 40 88 42 84 42 84 40
77 76 80 76 80 79 77 79 77 76
7 74 10 74 10 76 7 76 7 74
30 63 34 63 34 65 30 65 30 63
64 40 67 40 67 43 64 43 64 40
16 23 18 23 18 27 16 27 16 23
63 85 67 85 67 88 63 88 63 85
76 95 80 95 80 97 76 97 76 95
24 35 27 35 27 39 24 39 24 35
66 55 70 55 70 59 66 59 66 55
35 93 38 93 38 97 35 97 35 93
25 67 29 67 29 69 25 69 25 67
20 23 24 23 24 27 20 27 20 23
40 69 42 69 42 71 40 71 40 69
49 64 51 64 51 67 49 67 49 64
31 2 35 2 35 6 31 6 31 2
95 7 98 7 98 11 95 11 95 7
67 33 69 33 69 35 67 35 67 33
89 42 93 42 93 46 89 46 89 42
95 62 97 62 97 66 95 66 95 62
44 74 46 74 46 76 44 76 44 74
76 41 80 41 80 44 76 44 76 41
47 18 50 18 50 22 47 22 47 18
52 9 56 9 56 12 52 12 52 9
42 78 45 78 45 80 42 80 42 78
90 85 92 85 92 88 90 88 90 85
85 29 87 29 87 32 85 32 85 29
61 26 65 26 65 29 61 29 61 26
27 95 29 95 29 97 27 97 27 95
52 28 56 28 56 32 52 32 52 28
53 69 57 69 57 71 53 71 53 69
39 74 43 74 43 76 39 76 39 74
40 30 44 30 44 33 40 33 40 30
83 90 87 90 87 93 83 93 83 90
2 22 5 22 5 25 2 25 2 22
9 8 11 8 11 11 9 11 9 8
27 11 30 11 30 14 27 14 27 11
66 2 69 2 69 5 66 5 66 2
42 13 44 13 44 15 42 15 42 13
92 80 95 80 95 82 92 82 92 80
18 75 22 75 22 77 18 77 18 75
38 27 42 27 42 29 38 29 38 27
20 11 23 11 23 14 20 14 20 11
87 74 89 74 89 77 87 77 87 74
59 70 63 70 63 72 59 72 59 70
39 21 41 21 41 23 39 23 39 21
36 52 39 52 39 55 36 55 36 52
60 61 62 61 62 64 60 64 60 61
16 35 19 35 19 37 16 37 16 35
87 59 91 59 91 62 87 62 87 59
77 33 80 33 80 35 77 35 77 33
95 84 98 84 98 87 95 87 95 84
6 43 10 43 10 45 6 45 6 43
53 13 56 13 56 17 53 17 53 13
23 93 26 93 26 97 23 97 23 93
36 87 40 87 40 91 36 91 36 87
67 72 69 72 69 74 67 74 67 72
27 78 29 78 29 80 27 80 27 78
34 30 36 30 36 33 34 33 34 30
96 34 98 34 98 36 96 36 96 34
12 37 15 37 15 39 12 39 12 37
68 81 70 81 70 84 68 84 68 81
93 94 96 94 96 98 93 98 93 94
69 62 71 62 71 64 69 64 69 62
53 58 57 58 57 61 53 61 53 58
62 44 64 44 64 48 62 48 62 44
84 10 87 10 87 13 84 13 84 10
35 65 37 65 37 68 35 68 35 65
13 43 17 43 17 46 13 46 13 43
67 8 69 8 69 10 67 10 67 8
85 46 88 46 88 50 85 50 85 46
72 20 74 20 74 24 72 24 72 20
93 18 97 18 97 22 93 22 93 18
70 90 72 90 72 93 70 93 70 90
44 59 47 59 47 63 44 63 44 59
73 72 76 72 76 76 73 76 73 72
13 66 17 66 17 68 13 68 13 66
53 92 56 92 56 95 53 95 53 92
14 55 17 55 17 57 14 57 14 55
91 70 93 70 93 73 91 73 91 70
36 73 38 73 38 77 36 77 36 73
94 31 96 31 96 33 94 33 94 31
43 4 45 4 45 7 43 7 43 4
42 8 46 8 46 10 42 10 42 8
20 49 24 49 24 53 20 53 20 49
33 59 35 59 35 62 33 62 33 59
83 14 85 14 85 16 83 16 83 14
12 70 14 70 14 74 12 74 12 70
96 51 98 51 98 55 96 55 96 51
84 78 86 78 86 82 84 82 84 78
