25 89 27 89 27 91 25 91 25 89
34 70 38 70 38 74 34 74 34 70
12 21 16 21 16 25 12 25 12 21
47 30 50 30 50 32 47 32 47 30
28 15 30 15 30 19 28 19 28 15
57 68 60 68 60 70 57 70 57 68
72 91 76 91 76 93 72 93 72 91
85 2 87 2 87 4 85 4 85 2
73 84 77 84 77 88 73 88 73 84
5 93 8 93 8 97 5 97 5 93
80 22 83 22 83 24 80 24 80 22
19 94 21 94 21 97 19 97 19 94
38 23 41 23 41 26 38 26 38 23
17 31 20 31 20 35 17 35 17 31
21 16 23 16 23 20 21 20 21 16
18 59 22 59 22 63 18 63 18 59
47 92 49 92 49 94 47 94 47 92
14 48 17 48 17 52 14 52 14 48
43 25 46 25 46 28 43 28 43 25
79 64 81 64 81 66 79 66 79 64
88 65 90 65 90 68 88 68 88 65
96 59 98 59 98 62 96 62 96 59
76 43 80 43 80 46 76 46 76 43
2 34 5 34 5 38 2 38 2 34
64 57 66 57 66 61 64 61 64 57
82 15 85 15 85 18 82 18 82 15
80 58 84 58 84 62 80 62 80 58
23 41 25 41 25 45 23 45 23 41
67 82 71 82 71 86 67 86 67 82
17 56 20 56 20 58 17 58 17 56
56 62 59 62 59 65 56 65 56 62
78 93 81 93 81 95 78 95 78 93
51 79 55 79 55 81 51 81 51 79
21 2 23 2 23 6 21 6 21 2
27 33 31 33 31 35 27 35 27 33
16 73 19 73 19 76 16 76 16 73
30 84 32 84 32 88 30 88 30 84
83 65 86 65 86 68 83 68 83 65
80 78 82 78 82 81 80 81 80 78
58 91 62 91 62 93 58 93 58 91
94 3 96 3 96 5 94 5 94 3
36 3 39 3 39 5 36 5 36 3
65 65 68 65 68 67 65 67 65 65
30 53 33 53 33 57 30 57 30 53
40 68 42 68 42 71 40 71 40 68
65 87 67 87 67 90 65 90 65 87
90 54 94 54 94 57 90 57 90 54
35 41 37 41 37 45 35 45 35 41
6 87 9 87 9 90 6 90 6 87
41 40 45 40 45 44 41 44 41 40
9 60 12 60 12 62 9 62 9 60
18 46 22 46 22 48 18 48 18 46
33 64 35 64 35 68 33 68 33 64
18 39 21 39 21 43 18 43 18 39
56 5 60 5 60 7 56 7 56 5
46 20 49 20 49 24 46 24 46 20
19 9 22 9 22 12 19 12 19 9
73 24 77 24 77 28 73 28 73 24
64 71 67 71 67 74 64 74 64 71
76 74 79 74 79 76 76 76 76 74
56 20 60 20 60 22 56 22 56 20
93 12 95 12 95 15 93 15 93 12
21 76 23 76 23 80 21 80 21 76
88 26 90 26 90 28 88 28 88 26
41 92 44 92 44 94 41 94 41 92
25 37 28 37 28 39 25 39 25 37
93 69 95 69 95 73 93 73 93 69
91 41 93 41 93 43 91 43 91 41
25 55 28 55 28 57 25 57 25 55
51 22 55 22 55 26 51 26 51 22
15 90 18 90 18 93 15 93 15 90
28 66 30 66 30 68 28 68 28 66
64 19 68 19 68 23 64 23 64 19
76 6 78 6 78 10 76 10 76 6
54 71 58 71 58 75 54 75 54 71
38 86 42 86 42 88 38 88 38 86
85 33 89 33 89 35 85 35 85 33
44 49 47 49 47 51 44 51 44 49
96 93 98 93 98 97 96 97 96 93
57 94 59 94 59 98 57 98 57 94
33 6 37 6 37 8 33 8 33 6
31 60 35 60 35 62 31 62 31 60
9 10 13 10 13 13 9 13 9 10
51 5 55 5 55 9 51 9 51 5
5 45 8 45 8 47 5 47 5 45
52 29 56 29 56 31 52 31 52 29
90 36 92 36 92 39 90 39 90 36
44 6 48 6 48 9 44 9 44 6
7 70 9 70 9 74 7 74 7 70
65 92 67 92 67 95 65 95 65 92
79 38 81 38 81 41 79 41 79 38
68 69 71 69 71 71 68 71 68 69
73 38 75 38 75 40 73 40 73 38
19 85 23 85 23 88 19 88 19 85
92 81 96 81 96 85 92 85 92 81
56 39 58 39 58 42 56 42 56 39
77 53 79 53 79 56 77 56 77 53
37 32 39 32 39 34 37 34 37 32
25 72 29 72 29 75 25 75 25 72
90 29 94 29 94 31 90 31 90 29
28 26 31 26 31 30 28 30 28 26
51 34 54 34 54 38 51 38 51 34
17 65 20 65 20 69 17 69 17 65
2 76 6 76 6 79 2 79 2 76
8 31 11 31 11 34 8 34 8 31
65 40 69 40 69 42 65 42 65 40
85 77 87 77 87 81 85 81 85 77
76 13 79 13 79 17 76 17 76 13
54 87 57 87 57 89 54 89 54 87
89 47 93 47 93 51 89 51 89 47
22 94 25 94 25 96 22 96 22 94
39 58 41 58 41 61 39 61 39 58
25 82 27 82 27 86 25 86 25 82
56 81 60 81 60 85 56 85 56 81
75 78 77 78 77 80 75 80 75 78
70 19 72 19 72 22 70 22 70 19
76 32 78 32 78 35 76 35 76 32
65 6 67 6 67 10 65 10 65 6
32 90 35 90 35 93 32 93 32 90
39 79 42 79 42 81 39 81 39 79
13 34 15 34 15 36 13 36 13 34
71 75 73 75 73 77 71 77 71 75
6 37 9 37 9 41 6 41 6 37
39 9 43 9 43 12 39 12 39 9
36 65 39 65 39 68 36 68 36 65
17 14 19 14 19 17 17 17 17 14
69 87 71 87 71 91 69 91 69 87
9 48 11 48 11 50 9 50 9 48
45 58 48 58 48 62 45 62 45 58
3 28 5 28 5 30 3 30 3 28
41 15 44 15 44 17 41 17 41 15
64 34 66 34 66 37 64 37 64 34
26 77 28 77 28 81 26 81 26 77
4 7 7 7 7 9 4 9 4 7
61 45 63 45 63 48 61 48 61 45
61 49 63 49 63 52 61 52 61 49
80 47 82 47 82 51 80 51 80 47
47 42 51 42 51 45 47 45 47 42
10 40 14 40 14 43 10 43 10 40
26 60 28 60 28 63 26 63 26 60
80 88 82 88 82 92 80 92 80 88
90 60 94 60 94 63 90 63 90 60
77 61 79 61 79 63 77 63 77 61
27 9 30 9 30 11 27 11 27 9
78 25 82 25 82 29 78 29 78 25
37 16 40 16 40 19 37 19 37 16
85 59 87 59 87 62 85 62 85 59
10 92 12 92 12 96 10 96 10 92
34 76 37 76 37 79 34 79 34 76
38 27 40 27 40 30 38 30 38 27
11 79 14 79 14 83 11 83 11 79
65 50 67 50 67 53 65 53 65 50
79 35 81 35 81 37 79 37 79 35
21 24 25 24 25 27 21 27 21 24
10 3 14 3 14 7 10 7 10 3
53 50 56 50 56 54 53 54 53 50
86 29 89 29 89 32 86 32 86 29
68 5 72 5 72 8 68 8 68 5
33 20 36 20 36 22 33 22 33 20
50 17 53 17 53 19 50 19 50 17
83 71 86 71 86 74 83 74 83 71
61 21 63 21 63 24 61 24 61 21
38 45 42 45 42 48 38 48 38 45
94 44 98 44 98 47 94 47 94 44
16 79 20 79 20 81 16 81 16 79
82 83 84 83 84 87 82 87 82 83
63 26 66 26 66 28 63 28 63 26
70 42 74 42 74 45 70 45 70 42
22 64 24 64 24 68 22 68 22 64
65 75 68 75 68 77 65 77 65 75
47 73 49 73 49 77 47 77 47 73
4 49 6 49 6 52 4 52 4 49
14 37 17 37 17 39 14 39 14 37
85 92 87 92 87 95 85 95 85 92
24 20 27 20 27 22 24 22 24 20
58 32 62 32 62 36 58 36 58 32
51 13 53 13 53 16 51 16 51 13
50 66 53 66 53 69 50 69 50 66
11 73 14 73 14 77 11 77 11 73
86 5 89 5 89 9 86 9 86 5
65 2 68 2 68 4 65 4 65 2
32 29 34 29 34 31 32 31 32 29
55 43 58 43 58 47 55 47 55 43
71 64 73 64 73 67 71 67 71 64
61 64 63 64 63 68 61 68 61 64
7 54 9 54 9 56 7 56 7 54
58 53 62 53 62 56 58 56 58 53
66 45 69 45 69 48 66 48 66 45
68 34 71 34 71 36 68 36 68 34
93 64 97 64 97 66 93 66 93 64
12 16 15 16 15 20 12 20 12 16
44 32 46 32 46 36 44 36 44 32
52 58 56 58 56 61 52 61 52 58
82 54 86 54 86 57 82 57 82 54
18 21 22 21 22 23 18 23 18 21
3 59 6 59 6 62 3 62 3 59
37 93 40 93 40 96 37 96 37 93
35 37 39 37 39 40 35 40 35 37
31 80 34 80 34 82 31 82 31 80
61 69 63 69 63 73 61 73 61 69
32 46 35 46 35 50 32 50 32 46
90 19 93 19 93 23 90 23 90 19
30 23 33 23 33 25 30 25 30 23
49 52 52 52 52 55 49 55 49 52
11 67 14 67 14 70 11 70 11 67
91 76 94 76 94 80 91 80 91 76
74 29 77 29 77 31 74 31 74 29
95 7 98 7 98 10 95 10 95 7
55 34 57 34 57 37 55 37 55 34
14 30 16 30 16 32 14 32 14 30
80 19 82 19 82 21 80 21 80 19
24 17 27 17 27 19 24 19 24 17
89 90 91 90 91 93 89 93 89 90
49 62 51 62 51 64 49 64 49 62
85 85 87 85 87 88 85 88 85 85
73 33 75 33 75 35 73 35 73 33
57 14 59 14 59 18 57 18 57 14
22 32 24 32 24 35 22 35 22 32
75 20 77 20 77 23 75 23 75 20
2 87 5 87 5 90 2 90 2 87
24 46 28 46 28 50 24 50 24 46
26 42 30 42 30 44 26 44 26 42
96 17 98 17 98 20 96 20 96 17
28 89 31 89 31 91 28 91 28 89
52 76 56 76 56 78 52 78 52 76
33 85 37 85 37 87 33 87 33 85
11 26 13 26 13 28 11 28 11 26
7 14 11 14 11 16 7 16 7 14
51 94 53 94 53 97 51 97 51 94
75 47 77 47 77 51 75 51 75 47
14 86 17 86 17 88 14 88 14 86
43 18 45 18 45 22 43 22 43 18
80 3 84 3 84 7 80 7 80 3
13 58 16 58 16 62 13 62 13 58
70 56 73 56 73 59 70 59 70 56
95 35 97 35 97 37 95 37 95 35
68 13 71 13 71 16 68 16 68 13
35 11 37 11 37 13 35 13 35 11
21 73 23 73 23 75 21 75 21 73
4 3 6 3 6 6 4 6 4 3
35 81 38 81 38 84 35 84 35 81
63 96 65 96 65 98 63 98 63 96
61 79 65 79 65 82 61 82 61 79
44 80 47 80 47 82 44 82 44 80
88 12 91 12 91 14 88 14 88 12
95 28 97 28 97 30 95 30 95 28
56 24 59 24 59 28 56 28 56 24
85 96 87 96 87 98 85 98 85 96
71 95 73 95 73 98 71 98 71 95
25 4 28 4 28 7 25 7 25 4
