90 50 92 50 92 52 90 52 90 50
78 87 81 87 81 90 78 90 78 87
18 18 21 18 21 20 18 20 18 18
74 45 78 45 78 49 74 49 74 45
54 60 58 60 58 62 54 62 54 60
21 37 25 37 25 41 21 41 21 37
44 75 47 75 47 78 44 78 44 75
26 49 28 49 28 52 26 52 26 49
36 76 38 76 38 79 36 79 36 76
16 94 20 94 20 96 16 96 16 94
40 87 44 87 44 91 40 91 40 87
35 60 39 60 39 63 35 63 35 60
47 52 51 52 51 56 47 56 47 52
28 30 32 30 32 32 28 32 28 30
29 84 32 84 32 87 29 87 29 84
79 45 81 45 81 48 79 48 79 45
32 19 36 19 36 21 32 21 32 19
17 5 20 5 20 8 17 8 17 5
66 4 68 4 68 6 66 6 66 4
2 47 5 47 5 51 2 51 2 47
66 51 70 51 70 53 66 53 66 51
36 45 38 45 38 48 36 48 36 45
91 79 93 79 93 82 91 82 91 79
61 3 64 3 64 5 61 5 61 3
51 92 54 92 54 94 51 94 51 92
12 88 14 88 14 91 12 91 12 88
37 53 41 53 41 55 37 55 37 53
70 46 72 46 72 48 70 48 70 46
73 74 75 74 75 76 73 76 73 74
28 20 30 20 30 22 28 22 28 20
60 41 64 41 64 45 60 45 60 41
89 85 93 85 93 88 89 88 89 85
69 11 72 11 72 15 69 15 69 11
58 15 61 15 61 18 58 18 58 15
44 32 48 32 48 36 44 36 44 32
64 91 68 91 68 93 64 93 64 91
11 15 15 15 15 17 11 17 11 15
57 4 60 4 60 7 57 7 57 4
89 21 92 21 92 24 89 24 89 21
33 16 37 16 37 18 33 18 33 16
31 44 33 44 33 46 31 46 31 44
14 59 17 59 17 61 14 61 14 59
92 93 95 93 95 95 92 95 92 93
84 38 88 38 88 41 84 41 84 38
54 72 56 72 56 76 54 76 54 72
76 34 79 34 79 37 76 37 76 34
55 94 59 94 59 96 55 96 55 94
10 26 13 26 13 30 10 30 10 26
70 83 73 83 73 86 70 86 70 83
77 74 80 74 80 76 77 76 77 74
12 68 16 68 16 71 12 71 12 68
41 26 43 26 43 30 41 30 41 26
34 10 37 10 37 12 34 12 34 10
37 87 39 87 39 91 37 91 37 87
47 37 49 37 49 39 47 39 47 37
12 52 14 52 14 56 12 56 12 52
20 44 23 44 23 48 20 48 20 44
70 72 72 72 72 76 70 76 70 72
13 64 16 64 16 67 13 67 13 64
75 53 77 53 77 57 75 57 75 53
40 82 43 82 43 84 40 84 40 82
47 15 51 15 51 17 47 17 47 15
53 41 56 41 56 43 53 43 53 41
93 6 95 6 95 10 93 10 93 6
51 83 53 83 53 87 51 87 51 83
56 56 60 56 60 59 56 59 56 56
54 12 58 12 58 14 54 14 54 12
94 32 97 32 97 35 94 35 94 32
48 43 50 43 50 46 48 46 48 43
84 56 88 56 88 60 84 60 84 56
63 58 65 58 65 62 63 62 63 58
42 69 46 69 46 72 42 72 42 69
26 91 29 91 29 95 26 95 26 91
89 75 92 75 92 78 89 78 89 75
18 72 20 72 20 75 18 75 18 72
29 7 33 7 33 11 29 11 29 7
66 74 68 74 68 76 66 76 66 74
43 45 47 45 47 47 43 47 43 45
62 63 65 63 65 67 62 67 62 63
91 89 93 89 93 92 91 92 91 89
62 86 66 86 66 88 62 88 62 86
69 93 71 93 71 97 69 97 69 93
39 76 43 76 43 80 39 80 39 76
52 2 54 2 54 4 52 4 52 2
65 81 69 81 69 85 65 85 65 81
26 13 28 13 28 17 26 17 26 13
9 57 13 57 13 61 9 61 9 57
26 75 30 75 30 79 26 79 26 75
53 68 56 68 56 70 53 70 53 68
10 36 14 36 14 39 10 39 10 36
8 40 11 40 11 42 8 42 8 40
87 49 89 49 89 51 87 51 87 49
42 59 46 59 46 63 42 63 42 59
94 62 96 62 96 65 94 65 94 62
9 4 12 4 12 8 9 8 9 4
50 88 53 88 53 91 50 91 50 88
86 27 90 27 90 31 86 31 86 27
2 69 6 69 6 73 2 73 2 69
59 26 61 26 61 28 59 28 59 26
44 3 47 3 47 7 44 7 44 3
31 39 34 39 34 41 31 41 31 39
8 92 11 92 11 94 8 94 8 92
76 67 79 67 79 71 76 71 76 67
36 27 39 27 39 29 36 29 36 27
26 24 28 24 28 27 26 27 26 24
4 41 6 41 6 45 4 45 4 41
80 79 82 79 82 83 80 83 80 79
76 12 78 12 78 16 76 16 76 12
40 6 43 6 43 9 40 9 40 6
5 62 7 62 7 65 5 65 5 62
62 77 65 77 65 79 62 79 62 77
18 79 22 79 22 83 18 83 18 79
58 84 61 84 61 86 58 86 58 84
25 67 27 67 27 71 25 71 25 67
29 23 33 23 33 26 29 26 29 23
41 50 45 50 45 52 41 52 41 50
91 66 94 66 94 70 91 70 91 66
48 62 51 62 51 65 48 65 48 62
28 68 30 68 30 72 28 72 28 68
71 64 74 64 74 66 71 66 71 64
38 18 41 18 41 22 38 22 38 18
79 16 81 16 81 19 79 19 79 16
79 94 81 94 81 98 79 98 79 94
95 48 97 48 97 51 95 51 95 48
17 26 20 26 20 29 17 29 17 26
60 80 64 80 64 82 60 82 60 80
3 87 7 87 7 91 3 91 3 87
4 30 8 30 8 32 4 32 4 30
27 40 30 40 30 43 27 43 27 40
45 83 48 83 48 86 45 86 45 83
20 87 24 87 24 89 20 89 20 87
81 7 83 7 83 9 81 9 81 7
68 17 71 17 71 21 68 21 68 17
8 46 12 46 12 49 8 49 8 46
21 14 23 14 23 17 21 17 21 14
82 70 85 70 85 74 82 74 82 70
3 12 6 12 6 16 3 16 3 12
13 94 15 94 15 97 13 97 13 94
40 95 43 95 43 97 40 97 40 95
9 83 13 83 13 87 9 87 9 83
69 27 72 27 72 30 69 30 69 27
18 9 20 9 20 12 18 12 18 9
92 11 96 11 96 13 92 13 92 11
84 15 87 15 87 18 84 18 84 15
43 20 46 20 46 22 43 22 43 20
22 56 25 56 25 58 22 58 22 56
66 57 69 57 69 61 66 61 66 57
2 2 5 2 5 4 2 4 2 2
38 11 41 11 41 15 38 15 38 11
57 42 59 42 59 44 57 44 57 42
74 82 78 82 78 84 74 84 74 82
95 71 98 71 98 75 95 75 95 71
83 89 85 89 85 92 83 92 83 89
66 43 68 43 68 46 66 46 66 43
27 63 31 63 31 65 27 65 27 63
22 51 24 51 24 54 22 54 22 51
52 30 55 30 55 34 52 34 52 30
21 90 25 90 25 92 21 92 21 90
34 81 36 81 36 85 34 85 34 81
96 7 98 7 98 10 96 10 96 7
85 96 89 96 89 98 85 98 85 96
12 22 15 22 15 24 12 24 12 22
90 56 93 56 93 60 90 60 90 56
15 47 17 47 17 51 15 51 15 47
4 57 6 57 6 60 4 60 4 57
56 34 60 34 60 37 56 37 56 34
48 25 50 25 50 27 48 27 48 25
37 23 39 23 39 26 37 26 37 23
4 20 6 20 6 24 4 24 4 20
19 22 21 22 21 25 19 25 19 22
30 50 32 50 32 54 30 54 30 50
67 86 69 86 69 90 67 90 67 86
81 62 83 62 83 66 81 66 81 62
81 26 83 26 83 29 81 29 81 26
58 74 61 74 61 77 58 77 58 74
24 31 26 31 26 34 24 34 24 31
33 52 35 52 35 56 33 56 33 52
78 41 81 41 81 44 78 44 78 41
84 44 86 44 86 48 84 48 84 44
13 40 15 40 15 42 13 42 13 40
74 3 77 3 77 7 74 7 74 3
48 94 50 94 50 98 48 98 48 94
36 94 39 94 39 98 36 98 36 94
80 22 84 22 84 24 80 24 80 22
94 19 96 19 96 21 94 21 94 19
17 13 19 13 19 17 17 17 17 13
59 30 62 30 62 33 59 33 59 30
92 40 95 40 95 43 92 43 92 40
3 27 6 27 6 29 3 29 3 27
57 51 59 51 59 53 57 53 57 51
64 24 68 24 68 26 64 26 64 24
62 8 64 8 64 11 62 11 62 8
21 7 23 7 23 10 21 10 21 7
49 40 51 40 51 42 49 42 49 40
35 65 37 65 37 69 35 69 35 65
54 81 57 81 57 85 54 85 54 81
83 33 86 33 86 36 83 36 83 33
78 2 81 2 81 6 78 6 78 2
5 81 7 81 7 85 5 85 5 81
62 17 64 17 64 20 62 20 62 17
29 14 32 14 32 18 29 18 29 14
52 45 55 45 55 49 52 49 52 45
51 37 53 37 53 39 51 39 51 37
84 80 86 80 86 82 84 82 84 80
87 61 91 61 91 63 87 63 87 61
75 21 77 21 77 23 75 23 75 21
2 74 6 74 6 78 2 78 2 74
20 67 22 67 22 69 20 69 20 67
71 52 74 52 74 55 71 55 71 52
24 80 27 80 27 84 24 84 24 80
48 76 52 76 52 79 48 79 48 76
86 90 88 90 88 93 86 93 86 90
90 14 94 14 94 16 90 16 90 14
14 31 16 31 16 34 14 34 14 31
13 79 17 79 17 82 13 82 13 79
37 30 40 30 40 33 37 33 37 30
66 35 70 35 70 38 66 38 66 35
68 62 70 62 70 64 68 64 68 62
9 72 13 72 13 74 9 74 9 72
34 22 36 22 36 26 34 26 34 22
56 21 60 21 60 23 56 23 56 21
58 67 60 67 60 69 58 69 58 67
59 61 61 61 61 63 59 63 59 61
19 61 21 61 21 64 19 64 19 61
22 28 26 28 26 30 22 30 22 28
95 52 97 52 97 56 95 56 95 52
39 39 42 39 42 41 39 41 39 39
88 80 90 80 90 83 88 83 88 80
24 60 26 60 26 62 24 62 24 60
13 18 16 18 16 21 13 21 13 18
96 92 98 92 98 94 96 94 96 92
31 91 35 91 35 94 31 94 31 91
6 95 8 95 8 98 6 98 6 95
87 3 89 3 89 6 87 6 87 3
74 41 76 41 76 44 74 44 74 41
10 9 13 9 13 12 10 12 10 9
82 85 85 85 85 87 82 87 82 85
61 94 63 94 63 96 61 96 61 94
87 70 90 70 90 74 87 74 87 70
42 17 44 17 44 19 42 19 42 17
2 35 4 35 4 39 2 39 2 35
35 73 39 73 39 75 35 75 35 73
5 6 8 6 8 8 5 8 5 6
24 18 26 18 26 22 24 22 24 18
2 95 4 95 4 97 2 97 2 95
49 47 51 47 51 50 49 50 49 47
27 2 29 2 29 6 27 6 27 2
73 24 76 24 76 27 73 27 73 24
18 52 20 52 20 54 18 54 18 52
77 8 79 8 79 10 77 10 77 8
