32 43 35 43 35 45 32 45 32 43
52 30 55 30 55 33 52 33 52 30
61 44 63 44 63 46 61 46 61 44
8 78 11 78 11 80 8 80 8 78
33 78 37 78 37 81 33 81 33 78
94 49 96 49 96 52 94 52 94 49
54 11 58 11 58 14 54 14 54 11
54 71 56 71 56 74 54 74 54 71
24 66 28 66 28 70 24 70 24 66
10 2 12 2 12 4 10 4 10 2
81 33 83 33 83 36 81 36 81 33
11 13 13 13 13 17 11 17 11 13
63 35 65 35 65 37 63 37 63 35
46 74 48 74 48 76 46 76 46 74
45 51 48 51 48 53 45 53 45 51
46 70 49 70 49 73 46 73 46 70
73 56 76 56 76 60 73 60 73 56
89 36 91 36 91 40 89 40 89 36
50 68 52 68 52 70 50 70 50 68
3 33 6 33 6 35 3 35 3 33
8 36 11 36 11 39 8 39 8 36
87 60 89 60 89 62 87 62 87 60
40 83 44 83 44 87 40 87 40 83
53 24 55 24 55 27 53 27 53 24
80 20 84 20 84 24 80 24 80 20
57 50 59 50 59 54 57 54 57 50
18 79 20 79 20 81 18 81 18 79
12 54 14 54 14 58 12 58 12 54
90 23 94 23 94 27 90 27 90 23
84 76 86 76 86 80 84 80 84 76
59 79 61 79 61 81 59 81 59 79
4 57 8 57 8 60 4 60 4 57
72 27 76 27 76 30 72 30 72 27
6 65 8 65 8 67 6 67 6 65
19 84 21 84 21 87 19 87 19 84
91 88 94 88 94 90 91 90 91 88
87 5 90 5 90 8 87 8 87 5
27 12 31 12 31 14 27 14 27 12
39 44 42 44 42 48 39 48 39 44
21 27 23 27 23 31 21 31 21 27
16 8 20 8 20 11 16 11 16 8
38 28 40 28 40 31 38 31 38 28
33 13 36 13 36 17 33 17 33 13
25 92 28 92 28 95 25 95 25 92
36 50 39 50 39 52 36 52 36 50
53 77 56 77 56 81 53 81 53 77
83 14 85 14 85 17 83 17 83 14
41 27 44 27 44 29 41 29 41 27
11 92 14 92 14 94 11 94 11 92
85 65 87 65 87 67 85 67 85 65
15 13 19 13 19 17 15 17 15 13
91 43 95 43 95 45 91 45 91 43
79 37 82 37 82 40 79 40 79 37
2 47 4 47 4 51 2 51 2 47
61 55 64 55 64 59 61 59 61 55
45 5 47 5 47 8 45 8 45 5
38 62 41 62 41 65 38 65 38 62
89 47 93 47 93 49 89 49 89 47
13 42 15 42 15 45 13 45 13 42
59 5 62 5 62 8 59 8 59 5
6 51 9 51 9 54 6 54 6 51
28 46 30 46 30 50 28 50 28 46
93 16 96 16 96 18 93 18 93 16
66 51 68 51 68 53 66 53 66 51
52 37 55 37 55 41 52 41 52 37
77 48 81 48 81 52 77 52 77 48
42 58 46 58 46 60 42 60 42 58
4 7 8 7 8 11 4 11 4 7
47 62 51 62 51 64 47 64 47 62
71 22 73 22 73 25 71 25 71 22
80 67 84 67 84 71 80 71 80 67
75 72 77 72 77 76 75 76 75 72
67 18 69 18 69 22 67 22 67 18
80 2 84 2 84 4 80 4 80 2
91 80 95 80 95 83 91 83 91 80
5 70 9 70 9 74 5 74 5 70
92 38 96 38 96 42 92 42 92 38
48 41 50 41 50 45 48 45 48 41
59 72 62 72 62 74 59 74 59 72
74 45 77 45 77 47 74 47 74 45
26 84 29 84 29 87 26 87 26 84
66 81 70 81 70 85 66 85 66 81
24 57 28 57 28 60 24 60 24 57
39 38 43 38 43 41 39 41 39 38
54 55 58 55 58 58 54 58 54 55
28 15 32 15 32 17 28 17 28 15
85 42 87 42 87 46 85 46 85 42
18 38 22 38 22 41 18 41 18 38
19 74 21 74 21 77 19 77 19 74
14 50 16 50 16 52 14 52 14 50
92 6 95 6 95 8 92 8 92 6
21 7 24 7 24 9 21 9 21 7
67 93 71 93 71 95 67 95 67 93
43 61 46 61 46 65 43 65 43 61
8 24 10 24 10 27 8 27 8 24
6 94 8 94 8 98 6 98 6 94
14 76 16 76 16 79 14 79 14 76
19 91 21 91 21 95 19 95 19 91
83 51 87 51 87 54 83 54 83 51
66 62 70 62 70 64 66 64 66 62
17 55 20 55 20 57 17 57 17 55
72 16 76 16 76 18 72 18 72 16
89 64 92 64 92 66 89 66 89 64
31 92 33 92 33 95 31 95 31 92
43 72 45 72 45 76 43 76 43 72
34 3 37 3 37 7 34 7 34 3
29 6 31 6 31 8 29 8 29 6
88 28 92 28 92 30 88 30 88 28
85 30 87 30 87 34 85 34 85 30
18 61 22 61 22 65 18 65 18 61
81 26 85 26 85 28 81 28 81 26
54 44 57 44 57 47 54 47 54 44
90 72 94 72 94 74 90 74 90 72
2 20 4 20 4 24 2 24 2 20
48 26 51 26 51 30 48 30 48 26
41 66 44 66 44 70 41 70 41 66
27 71 29 71 29 74 27 74 27 71
71 34 73 34 73 38 71 38 71 34
18 3 20 3 20 6 18 6 18 3
23 40 27 40 27 43 23 43 23 40
66 37 68 37 68 39 66 39 66 37
77 4 79 4 79 6 77 6 77 4
73 49 76 49 76 52 73 52 73 49
96 22 98 22 98 24 96 24 96 22
9 82 13 82 13 84 9 84 9 82
19 42 21 42 21 46 19 46 19 42
55 86 57 86 57 89 55 89 55 86
79 94 83 94 83 96 79 96 79 94
37 12 41 12 41 14 37 14 37 12
64 76 66 76 66 78 64 78 64 76
14 22 18 22 18 24 14 24 14 22
58 16 60 16 60 19 58 19 58 16
11 68 15 68 15 71 11 71 11 68
45 79 48 79 48 82 45 82 45 79
10 61 13 61 13 65 10 65 10 61
85 55 87 55 87 58 85 58 85 55
66 86 70 86 70 90 66 90 66 86
95 87 98 87 98 89 95 89 95 87
50 49 54 49 54 51 50 51 50 49
23 51 27 51 27 53 23 53 23 51
38 16 40 16 40 19 38 19 38 16
15 60 17 60 17 62 15 62 15 60
3 3 5 3 5 6 3 6 3 3
54 63 58 63 58 65 54 65 54 63
80 80 82 80 82 82 80 82 80 80
90 68 93 68 93 70 90 70 90 68
32 19 34 19 34 22 32 22 32 19
8 91 10 91 10 93 8 93 8 91
50 72 52 72 52 75 50 75 50 72
42 51 44 51 44 53 42 53 42 51
34 89 38 89 38 93 34 93 34 89
8 12 10 12 10 16 8 16 8 12
62 13 66 13 66 15 62 15 62 13
69 71 71 71 71 75 69 75 69 71
54 2 58 2 58 5 54 5 54 2
67 5 69 5 69 8 67 8 67 5
73 82 76 82 76 85 73 85 73 82
45 13 47 13 47 15 45 15 45 13
18 68 22 68 22 72 18 72 18 68
66 71 68 71 68 73 66 73 66 71
61 49 63 49 63 53 61 53 61 49
57 22 59 22 59 25 57 25 57 22
79 53 81 53 81 55 79 55 79 53
31 36 34 36 34 39 31 39 31 36
86 92 90 92 90 96 86 96 86 92
62 21 64 21 64 23 62 23 62 21
71 79 74 79 74 81 71 81 71 79
82 63 84 63 84 66 82 66 82 63
92 56 94 56 94 60 92 60 92 56
79 57 82 57 82 59 79 59 79 57
37 33 40 33 40 37 37 37 37 33
24 2 26 2 26 5 24 5 24 2
46 90 48 90 48 94 46 94 46 90
35 61 37 61 37 63 35 63 35 61
36 83 39 83 39 86 36 86 36 83
56 6 58 6 58 10 56 10 56 6
67 54 71 54 71 56 67 56 67 54
60 61 62 61 62 63 60 63 60 61
35 24 39 24 39 26 35 26 35 24
76 10 78 10 78 13 76 13 76 10
17 30 19 30 19 33 17 33 17 30
5 46 7 46 7 48 5 48 5 46
84 47 87 47 87 50 84 50 84 47
49 6 53 6 53 9 49 9 49 6
32 67 36 67 36 69 32 69 32 67
90 10 93 10 93 13 90 13 90 10
34 46 36 46 36 48 34 48 34 46
82 90 84 90 84 93 82 93 82 90
27 31 30 31 30 33 27 33 27 31
30 63 32 63 32 65 30 65 30 63
21 13 23 13 23 17 21 17 21 13
3 16 6 16 6 18 3 18 3 16
89 54 91 54 91 58 89 58 89 54
67 42 71 42 71 45 67 45 67 42
63 91 66 91 66 93 63 93 63 91
46 19 50 19 50 21 46 21 46 19
18 50 20 50 20 52 18 52 18 50
41 18 45 18 45 20 41 20 41 18
46 84 49 84 49 88 46 88 46 84
95 55 98 55 98 59 95 59 95 55
45 37 47 37 47 39 45 39 45 37
11 46 13 46 13 49 11 49 11 46
7 40 9 40 9 43 7 43 7 40
66 66 70 66 70 68 66 68 66 66
9 8 11 8 11 11 9 11 9 8
61 68 63 68 63 71 61 71 61 68
89 51 93 51 93 53 89 53 89 51
63 31 65 31 65 34 63 34 63 31
24 76 28 76 28 80 24 80 24 76
2 42 4 42 4 46 2 46 2 42
41 92 45 92 45 95 41 95 41 92
62 25 66 25 66 28 62 28 62 25
71 88 74 88 74 90 71 90 71 88
14 29 16 29 16 32 14 32 14 29
71 39 73 39 73 41 71 41 71 39
32 55 35 55 35 57 32 57 32 55
79 13 82 13 82 16 79 16 79 13
88 17 90 17 90 20 88 20 88 17
83 8 86 8 86 11 83 11 83 8
59 88 61 88 61 92 59 92 59 88
10 73 14 73 14 75 10 75 10 73
3 82 5 82 5 86 3 86 3 82
31 25 34 25 34 28 31 28 31 25
16 86 18 86 18 90 16 90 16 86
2 68 4 68 4 71 2 71 2 68
49 79 52 79 52 81 49 81 49 79
23 81 25 81 25 83 23 83 23 81
16 92 18 92 18 95 16 95 16 92
86 83 90 83 90 86 86 86 86 83
79 41 83 41 83 44 79 44 79 41
36 57 38 57 38 60 36 60 36 57
24 16 27 16 27 20 24 20 24 16
93 61 96 61 96 63 93 63 93 61
94 12 98 12 98 14 94 14 94 12
95 9 98 9 98 11 95 11 95 9
77 24 79 24 79 28 77 28 77 24
45 31 48 31 48 33 45 33 45 31
51 82 53 82 53 85 51 85 51 82
27 25 29 25 29 29 27 29 27 25
76 77 79 77 79 80 76 80 76 77
29 66 31 66 31 70 29 70 29 66
21 18 23 18 23 20 21 20 21 18
78 30 80 30 80 33 78 33 78 30
49 91 52 91 52 95 49 95 49 91
76 88 80 88 80 92 76 92 76 88
38 79 40 79 40 82 38 82 38 79
50 14 53 14 53 16 50 16 50 14
64 46 67 46 67 50 64 50 64 46
3 25 6 25 6 27 3 27 3 25
56 33 60 33 60 35 56 35 56 33
