36 45 40 45 40 49 36 49 36 45
2 12 6 12 6 15 2 15 2 12
43 92 45 92 45 94 43 94 43 92
31 62 33 62 33 66 31 66 31 62
54 6 58 6 58 8 54 8 54 6
12 47 16 47 16 49 12 49 12 47
25 41 28 41 28 44 25 44 25 41
87 38 91 38 91 41 87 41 87 38
51 41 55 41 55 45 51 45 51 41
34 77 37 77 37 79 34 79 34 77
39 12 43 12 43 16 39 16 39 12
19 90 21 90 21 94 19 94 19 90
41 56 43 56 43 58 41 58 41 56
94 77 97 77 97 79 94 79 94 77
84 3 87 3 87 5 84 5 84 3
45 7 49 7 49 9 45 9 45 7
85 56 87 56 87 59 85 59 85 56
69 19 73 19 73 21 69 21 69 19
93 36 97 36 97 40 93 40 93 36
14 93 18 93 18 96 14 96 14 93
73 64 76 64 76 66 73 66 73 64
21 64 25 64 25 68 21 68 21 64
37 55 39 55 39 58 37 58 37 55
92 21 94 21 94 23 92 23 92 21
14 53 16 53 16 55 14 55 14 53
19 39 23 39 23 42 19 42 19 39
4 73 6 73 6 76 4 76 4 73
38 35 40 35 40 37 38 37 38 35
38 95 41 95 41 97 38 97 38 95
19 85 22 85 22 87 19 87 19 85
39 20 42 20 42 23 39 23 39 20
72 4 74 4 74 8 72 8 72 4
40 5 44 5 44 8 40 8 40 5
12 70 14 70 14 72 12 72 12 70
83 52 85 52 85 54 83 54 83 52
73 68 76 68 76 72 73 72 73 68
67 33 70 33 70 37 67 37 67 33
38 89 42 89 42 92 38 92 38 89
94 85 98 85 98 88 94 88 94 85
37 80 40 80 40 84 37 84 37 80
51 26 53 26 53 30 51 30 51 26
24 16 26 16 26 18 24 18 24 16
68 30 71 30 71 32 68 32 68 30
44 74 48 74 48 76 44 76 44 74
63 59 66 59 66 62 63 62 63 59
44 19 48 19 48 22 44 22 44 19
75 10 79 10 79 14 75 14 75 10
26 79 30 79 30 81 26 81 26 79
10 36 12 36 12 39 10 39 10 36
46 12 50 12 50 16 46 16 46 12
86 84 89 84 89 88 86 88 86 84
44 35 48 35 48 37 44 37 44 35
55 62 58 62 58 66 55 66 55 62
11 2 15 2 15 4 11 4 11 2
13 78 16 78 16 82 13 82 13 78
57 93 61 93 61 96 57 96 57 93
29 72 33 72 33 76 29 76 29 72
39 41 43 41 43 43 39 43 39 41
76 29 78 29 78 33 76 33 76 29
92 43 94 43 94 47 92 47 92 43
73 77 75 77 75 79 73 79 73 77
8 76 12 76 12 80 8 80 8 76
31 43 35 43 35 46 31 46 31 43
16 28 18 28 18 32 16 32 16 28
71 81 73 81 73 83 71 83 71 81
76 4 79 4 79 8 76 8 76 4
81 78 84 78 84 82 81 82 81 78
57 28 61 28 61 30 57 30 57 28
67 16 71 16 71 18 67 18 67 16
91 5 95 5 95 8 91 8 91 5
9 12 13 12 13 14 9 14 9 12
24 87 28 87 28 90 24 90 24 87
81 69 85 69 85 72 81 72 81 69
10 57 12 57 12 61 10 61 10 57
57 22 60 22 60 24 57 24 57 22
19 32 22 32 22 36 19 36 19 32
5 63 7 63 7 65 5 65 5 63
21 79 25 79 25 81 21 81 21 79
53 91 55 91 55 95 53 95 53 91
93 12 97 12 97 14 93 14 93 12
11 24 15 24 15 28 11 28 11 24
95 20 98 20 98 22 95 22 95 20
27 55 29 55 29 58 27 58 27 55
19 56 22 56 22 59 19 59 19 56
35 64 38 64 38 66 35 66 35 64
26 26 28 26 28 30 26 30 26 26
24 82 26 82 26 84 24 84 24 82
20 11 23 11 23 14 20 14 20 11
67 10 69 10 69 14 67 14 67 10
69 85 73 85 73 87 69 87 69 85
68 48 72 48 72 50 68 50 68 48
84 64 87 64 87 68 84 68 84 64
75 52 78 52 78 55 75 55 75 52
51 96 55 96 55 98 51 98 51 96
79 28 82 28 82 32 79 32 79 28
14 6 18 6 18 9 14 9 14 6
54 58 58 58 58 61 54 61 54 58
30 55 32 55 32 59 30 59 30 55
20 71 24 71 24 75 20 75 20 71
35 29 38 29 38 33 35 33 35 29
27 12 30 12 30 15 27 15 27 12
35 3 38 3 38 5 35 5 35 3
60 87 62 87 62 91 60 91 60 87
14 13 16 13 16 16 14 16 14 13
78 87 80 87 80 89 78 89 78 87
72 27 74 27 74 31 72 31 72 27
93 53 97 53 97 55 93 55 93 53
58 36 61 36 61 39 58 39 58 36
2 84 6 84 6 88 2 88 2 84
60 40 63 40 63 42 60 42 60 40
20 21 22 21 22 25 20 25 20 21
77 42 80 42 80 44 77 44 77 42
83 89 87 89 87 91 83 91 83 89
52 86 54 86 54 88 52 88 52 86
91 62 95 62 95 66 91 66 91 62
51 16 53 16 53 19 51 19 51 16
30 19 34 19 34 22 30 22 30 19
57 51 60 51 60 53 57 53 57 51
10 8 13 8 13 10 10 10 10 8
25 93 28 93 28 97 25 97 25 93
12 31 14 31 14 33 12 33 12 31
21 46 23 46 23 48 21 48 21 46
44 52 47 52 47 54 44 54 44 52
61 47 65 47 65 49 61 49 61 47
2 56 5 56 5 59 2 59 2 56
76 81 80 81 80 84 76 84 76 81
61 67 64 67 64 69 61 69 61 67
70 40 74 40 74 42 70 42 70 40
43 23 46 23 46 25 43 25 43 23
35 20 37 20 37 24 35 24 35 20
61 10 64 10 64 14 61 14 61 10
2 90 5 90 5 94 2 94 2 90
82 39 84 39 84 43 82 43 82 39
54 11 57 11 57 14 54 14 54 11
87 93 91 93 91 96 87 96 87 93
5 41 7 41 7 45 5 45 5 41
17 2 20 2 20 4 17 4 17 2
3 80 7 80 7 82 3 82 3 80
80 6 82 6 82 9 80 9 80 6
14 20 16 20 16 22 14 22 14 20
23 34 25 34 25 38 23 38 23 34
41 81 44 81 44 85 41 85 41 81
48 63 51 63 51 67 48 67 48 63
43 89 45 89 45 91 43 91 43 89
90 73 94 73 94 76 90 76 90 73
85 17 89 17 89 21 85 21 85 17
69 91 71 91 71 95 69 95 69 91
4 96 8 96 8 98 4 98 4 96
38 71 42 71 42 73 38 73 38 71
50 23 52 23 52 25 50 25 50 23
12 40 15 40 15 43 12 43 12 40
12 66 15 66 15 68 12 68 12 66
79 59 83 59 83 63 79 63 79 59
53 50 56 50 56 52 53 52 53 50
93 68 96 68 96 71 93 71 93 68
84 10 88 10 88 14 84 14 84 10
3 67 7 67 7 70 3 70 3 67
5 17 8 17 8 19 5 19 5 17
75 90 77 90 77 94 75 94 75 90
65 51 68 51 68 54 65 54 65 51
12 63 16 63 16 65 12 65 12 63
81 45 83 45 83 49 81 49 81 45
15 83 18 83 18 86 15 86 15 83
48 85 50 85 50 88 48 88 48 85
15 58 18 58 18 60 15 60 15 58
52 46 54 46 54 48 52 48 52 46
48 79 52 79 52 81 48 81 48 79
64 21 68 21 68 24 64 24 64 21
87 27 89 27 89 31 87 31 87 27
54 35 57 35 57 38 54 38 54 35
58 70 61 70 61 73 58 73 58 70
95 28 97 28 97 30 95 30 95 28
56 80 60 80 60 84 56 84 56 80
19 52 21 52 21 55 19 55 19 52
32 9 34 9 34 12 32 12 32 9
90 13 92 13 92 16 90 16 90 13
78 71 80 71 80 73 78 73 78 71
52 76 55 76 55 78 52 78 52 76
34 39 37 39 37 42 34 42 34 39
48 91 52 91 52 95 48 95 48 91
30 30 33 30 33 33 30 33 30 30
84 92 86 92 86 96 84 96 84 92
74 43 76 43 76 46 74 46 74 43
61 63 65 63 65 65 61 65 61 63
47 55 50 55 50 59 47 59 47 55
50 73 53 73 53 75 50 75 50 73
60 55 62 55 62 58 60 58 60 55
45 28 47 28 47 30 45 30 45 28
32 95 35 95 35 97 32 97 32 95
26 64 30 64 30 67 26 67 26 64
95 58 98 58 98 61 95 61 95 58
25 8 29 8 29 10 25 10 25 8
27 51 29 51 29 53 27 53 27 51
74 86 77 86 77 89 74 89 74 86
88 53 92 53 92 57 88 57 88 53
63 17 66 17 66 19 63 19 63 17
15 71 18 71 18 75 15 75 15 71
5 29 7 29 7 31 5 31 5 29
47 41 49 41 49 44 47 44 47 41
89 77 91 77 91 79 89 79 89 77
62 77 65 77 65 80 62 80 62 77
63 89 66 89 66 92 63 92 63 89
67 56 71 56 71 58 67 58 67 56
88 81 91 81 91 83 88 83 88 81
86 44 89 44 89 48 86 48 86 44
82 73 85 73 85 77 82 77 82 73
43 62 45 62 45 65 43 65 43 62
51 83 54 83 54 85 51 85 51 83
84 49 87 49 87 51 84 51 84 49
88 68 92 68 92 71 88 71 88 68
60 43 64 43 64 46 60 46 60 43
8 51 10 51 10 55 8 55 8 51
62 82 64 82 64 84 62 84 62 82
27 31 29 31 29 34 27 34 27 31
77 15 81 15 81 19 77 19 77 15
27 45 29 45 29 49 27 49 27 45
33 88 35 88 35 92 33 92 33 88
3 52 7 52 7 55 3 55 3 52
32 6 35 6 35 8 32 8 32 6
77 39 81 39 81 41 77 41 77 39
68 43 72 43 72 45 68 45 68 43
14 88 17 88 17 92 14 92 14 88
62 73 66 73 66 75 62 75 62 73
60 7 63 7 63 9 60 9 60 7
44 46 46 46 46 49 44 49 44 46
95 46 98 46 98 48 95 48 95 46
35 25 38 25 38 28 35 28 35 25
64 39 67 39 67 42 64 42 64 39
10 19 13 19 13 23 10 23 10 19
31 49 33 49 33 52 31 52 31 49
8 82 12 82 12 86 8 86 8 82
24 19 27 19 27 21 24 21 24 19
65 82 68 82 68 86 65 86 65 82
89 32 91 32 91 34 89 34 89 32
82 55 84 55 84 58 82 58 82 55
63 30 66 30 66 34 63 34 63 30
40 29 44 29 44 33 40 33 40 29
80 21 84 21 84 23 80 23 80 21
22 26 25 26 25 28 22 28 22 26
20 7 23 7 23 10 20 10 20 7
65 5 68 5 68 9 65 9 65 5
92 17 94 17 94 20 92 20 92 17
2 46 4 46 4 50 2 50 2 46
79 96 82 96 82 98 79 98 79 96
52 66 54 66 54 70 52 70 52 66
32 84 36 84 36 87 32 87 32 84
72 14 74 14 74 17 72 17 72 14
22 52 26 52 26 55 22 55 22 52
74 56 77 56 77 58 74 58 74 56
65 68 67 68 67 70 65 70 65 68
