92 65 96 65 96 69 92 69 92 65
85 10 89 10 89 13 85 13 85 10
79 86 82 86 82 89 79 89 79 86
32 58 35 58 35 61 32 61 32 58
71 35 73 35 73 38 71 38 71 35
87 52 91 52 91 55 87 55 87 52
81 42 85 42 85 45 81 45 81 42
7 44 11 44 11 47 7 47 7 44
55 2 57 2 57 6 55 6 55 2
3 6 7 6 7 10 3 10 3 6
92 40 94 40 94 43 92 43 92 40
37 9 39 9 39 13 37 13 37 9
62 19 65 19 65 21 62 21 62 19
61 60 65 60 65 62 61 62 61 60
5 71 8 71 8 74 5 74 5 71
43 56 46 56 46 59 43 59 43 56
2 34 5 34 5 38 2 38 2 34
44 39 46 39 46 42 44 42 44 39
58 75 60 75 60 78 58 78 58 75
35 67 38 67 38 71 35 71 35 67
38 52 40 52 40 54 38 54 38 52
89 72 92 72 92 76 89 76 89 72
29 50 31 50 31 54 29 54 29 50
49 32 52 32 52 34 49 34 49 32
67 92 69 92 69 96 67 96 67 92
54 10 57 10 57 14 54 14 54 10
83 76 85 76 85 80 83 80 83 76
81 65 84 65 84 67 81 67 81 65
76 79 78 79 78 83 76 83 76 79
49 93 53 93 53 97 49 97 49 93
95 84 98 84 98 87 95 87 95 84
94 47 98 47 98 51 94 51 94 47
23 72 26 72 26 76 23 76 23 72
21 32 23 32 23 34 21 34 21 32
73 12 76 12 76 15 73 15 73 12
92 28 95 28 95 31 92 31 92 28
18 88 20 88 20 92 18 92 18 88
35 62 38 62 38 66 35 66 35 62
34 83 37 83 37 85 34 85 34 83
15 35 17 35 17 38 15 38 15 35
23 16 25 16 25 18 23 18 23 16
44 72 47 72 47 75 44 75 44 72
7 85 9 85 9 89 7 89 7 85
73 51 75 51 75 54 73 54 73 51
13 30 16 30 16 34 13 34 13 30
13 78 15 78 15 80 13 80 13 78
13 63 15 63 15 66 13 66 13 63
28 81 32 81 32 83 28 83 28 81
53 73 56 73 56 76 53 76 53 73
58 23 60 23 60 27 58 27 58 23
74 26 78 26 78 29 74 29 74 26
89 41 91 41 91 45 89 45 89 41
54 93 56 93 56 96 54 96 54 93
17 57 21 57 21 60 17 60 17 57
11 16 13 16 13 18 11 18 11 16
51 11 53 11 53 14 51 14 51 11
84 21 87 21 87 25 84 25 84 21
14 44 18 44 18 47 14 47 14 44
39 18 42 18 42 20 39 20 39 18
75 63 78 63 78 66 75 66 75 63
63 30 67 30 67 34 63 34 63 30
46 8 48 8 48 12 46 12 46 8
18 81 22 81 22 85 18 85 18 81
92 10 96 10 96 14 92 14 92 10
31 65 34 65 34 67 31 67 31 65
9 65 12 65 12 67 9 67 9 65
84 32 87 32 87 34 84 34 84 32
95 56 98 56 98 58 95 58 95 56
86 17 89 17 89 20 86 20 86 17
26 11 29 11 29 14 26 14 26 11
92 6 96 6 96 8 92 8 92 6
44 22 46 22 46 24 44 24 44 22
54 23 57 23 57 27 54 27 54 23
80 7 84 7 84 9 80 9 80 7
24 45 27 45 27 47 24 47 24 45
57 39 60 39 60 43 57 43 57 39
75 9 77 9 77 11 75 11 75 9
31 44 35 44 35 47 31 47 31 44
44 46 48 46 48 48 44 48 44 46
92 16 95 16 95 18 92 18 92 16
55 17 57 17 57 21 55 21 55 17
29 34 31 34 31 37 29 37 29 34
89 22 91 22 91 24 89 24 89 22
67 76 70 76 70 78 67 78 67 76
65 39 69 39 69 41 65 41 65 39
19 20 21 20 21 22 19 22 19 20
43 32 45 32 45 34 43 34 43 32
8 35 10 35 10 38 8 38 8 35
79 31 83 31 83 35 79 35 79 31
30 6 33 6 33 9 30 9 30 6
53 83 55 83 55 85 53 85 53 83
58 80 60 80 60 83 58 83 58 80
12 85 14 85 14 87 12 87 12 85
28 21 32 21 32 25 28 25 28 21
96 20 98 20 98 24 96 24 96 20
56 88 60 88 60 92 56 92 56 88
10 59 12 59 12 63 10 63 10 59
44 66 46 66 46 69 44 69 44 66
9 78 12 78 12 80 9 80 9 78
61 68 63 68 63 71 61 71 61 68
4 50 6 50 6 53 4 53 4 50
29 68 31 68 31 72 29 72 29 68
6 13 9 13 9 15 6 15 6 13
14 13 18 13 18 16 14 16 14 13
66 8 70 8 70 10 66 10 66 8
24 25 27 25 27 29 24 29 24 25
38 45 40 45 40 47 38 47 38 45
27 58 29 58 29 60 27 60 27 58
68 22 72 22 72 24 68 24 68 22
33 32 36 32 36 34 33 34 33 32
64 11 66 11 66 13 64 13 64 11
9 56 11 56 11 58 9 58 9 56
26 92 29 92 29 96 26 96 26 92
56 32 60 32 60 35 56 35 56 32
41 78 45 78 45 81 41 81 41 78
70 82 74 82 74 86 70 86 70 82
9 95 13 95 13 97 9 97 9 95
14 4 17 4 17 6 14 6 14 4
83 91 87 91 87 94 83 94 83 91
52 51 54 51 54 54 52 54 52 51
4 65 8 65 8 68 4 68 4 65
78 56 82 56 82 58 78 58 78 56
61 37 64 37 64 40 61 40 61 37
79 2 82 2 82 5 79 5 79 2
61 26 64 26 64 29 61 29 61 26
4 59 6 59 6 63 4 63 4 59
8 25 12 25 12 28 8 28 8 25
39 15 41 15 41 17 39 17 39 15
42 90 44 90 44 93 42 93 42 90
57 53 60 53 60 57 57 57 57 53
86 62 88 62 88 66 86 66 86 62
19 16 21 16 21 18 19 18 19 16
30 77 32 77 32 79 30 79 30 77
24 64 27 64 27 68 24 68 24 64
86 28 89 28 89 30 86 30 86 28
82 26 84 26 84 28 82 28 82 26
19 62 22 62 22 65 19 65 19 62
92 84 94 84 94 88 92 88 92 84
57 95 61 95 61 98 57 98 57 95
81 36 85 36 85 40 81 40 81 36
19 3 23 3 23 6 19 6 19 3
30 90 33 90 33 93 30 93 30 90
4 78 6 78 6 82 4 82 4 78
40 30 42 30 42 33 40 33 40 30
78 70 82 70 82 74 78 74 78 70
21 88 25 88 25 90 21 90 21 88
74 34 78 34 78 38 74 38 74 34
12 72 15 72 15 75 12 75 12 72
19 41 22 41 22 44 19 44 19 41
64 85 67 85 67 88 64 88 64 85
70 60 73 60 73 64 70 64 70 60
95 61 97 61 97 63 95 63 95 61
11 50 13 50 13 52 11 52 11 50
85 47 88 47 88 49 85 49 85 47
46 19 50 19 50 21 46 21 46 19
40 27 44 27 44 29 40 29 40 27
52 36 56 36 56 40 52 40 52 36
21 68 23 68 23 71 21 71 21 68
38 86 41 86 41 90 38 90 38 86
42 3 46 3 46 7 42 7 42 3
30 11 34 11 34 15 30 15 30 11
5 75 7 75 7 77 5 77 5 75
59 10 61 10 61 13 59 13 59 10
13 21 16 21 16 25 13 25 13 21
32 52 36 52 36 54 32 54 32 52
88 32 90 32 90 35 88 35 88 32
56 66 60 66 60 69 56 69 56 66
42 83 46 83 46 86 42 86 42 83
3 17 7 17 7 20 3 20 3 17
66 66 70 66 70 69 66 69 66 66
47 3 49 3 49 5 47 5 47 3
63 94 66 94 66 97 63 97 63 94
54 44 58 44 58 48 54 48 54 44
51 58 53 58 53 60 51 60 51 58
34 20 36 20 36 22 34 22 34 20
75 16 77 16 77 20 75 20 75 16
33 2 36 2 36 4 33 4 33 2
33 78 35 78 35 80 33 80 33 78
60 48 62 48 62 52 60 52 60 48
30 85 32 85 32 87 30 87 30 85
75 87 77 87 77 90 75 90 75 87
73 41 77 41 77 43 73 43 73 41
21 11 23 11 23 15 21 15 21 11
69 46 71 46 71 48 69 48 69 46
48 85 52 85 52 88 48 88 48 85
90 94 92 94 92 98 90 98 90 94
20 51 24 51 24 54 20 54 20 51
87 96 89 96 89 98 87 98 87 96
96 16 98 16 98 19 96 19 96 16
32 72 35 72 35 75 32 75 32 72
22 91 25 91 25 95 22 95 22 91
9 82 11 82 11 84 9 84 9 82
67 16 71 16 71 20 67 20 67 16
14 91 17 91 17 94 14 94 14 91
54 56 56 56 56 59 54 59 54 56
68 27 70 27 70 30 68 30 68 27
95 72 98 72 98 76 95 76 95 72
78 19 81 19 81 22 78 22 78 19
36 25 39 25 39 27 36 27 36 25
43 36 45 36 45 38 43 38 43 36
24 38 27 38 27 41 24 41 24 38
47 22 49 22 49 26 47 26 47 22
10 68 13 68 13 70 10 70 10 68
40 55 42 55 42 59 40 59 40 55
50 55 53 55 53 57 50 57 50 55
17 66 19 66 19 68 17 68 17 66
75 2 78 2 78 6 75 6 75 2
34 37 37 37 37 39 34 39 34 37
3 46 5 46 5 49 3 49 3 46
79 59 83 59 83 61 79 61 79 59
2 41 4 41 4 43 2 43 2 41
61 73 64 73 64 76 61 76 61 73
66 57 68 57 68 61 66 61 66 57
5 39 9 39 9 41 5 41 5 39
37 94 39 94 39 97 37 97 37 94
86 82 90 82 90 85 86 85 86 82
71 65 73 65 73 68 71 68 71 65
37 21 40 21 40 23 37 23 37 21
17 23 20 23 20 26 17 26 17 23
62 79 64 79 64 83 62 83 62 79
48 59 50 59 50 61 48 61 48 59
25 4 28 4 28 6 25 6 25 4
45 63 48 63 48 65 45 65 45 63
22 20 24 20 24 23 22 23 22 20
49 79 53 79 53 81 49 81 49 79
79 79 82 79 82 81 79 81 79 79
65 48 67 48 67 51 65 51 65 48
85 67 87 67 87 71 85 71 85 67
13 7 16 7 16 9 13 9 13 7
2 30 6 30 6 33 2 33 2 30
25 49 27 49 27 53 25 53 25 49
48 70 52 70 52 74 48 74 48 70
19 75 21 75 21 79 19 79 19 75
49 7 53 7 53 10 49 10 49 7
26 30 29 30 29 32 26 32 26 30
45 29 48 29 48 31 45 31 45 29
40 38 42 38 42 41 40 41 40 38
36 78 38 78 38 81 36 81 36 78
36 15 38 15 38 18 36 18 36 15
38 3 41 3 41 7 38 7 38 3
7 22 11 22 11 24 7 24 7 22
62 42 65 42 65 44 62 44 62 42
68 4 72 4 72 6 68 6 68 4
10 11 12 11 12 14 10 14 10 11
89 79 92 79 92 81 89 81 89 79
85 5 89 5 89 7 85 7 85 5
19 28 22 28 22 31 19 31 19 28
57 84 61 84 61 86 57 86 57 84
40 8 44 8 44 12 40 12 40 8
90 89 92 89 92 91 90 91 90 89
