11 40 15 40 15 42 11 42 11 40
69 84 71 84 71 88 69 88 69 84
87 92 90 92 90 96 87 96 87 92
79 81 83 81 83 84 79 84 79 81
20 19 22 19 22 21 20 21 20 19
50 50 53 50 53 53 50 53 50 50
57 60 61 60 61 62 57 62 57 60
9 26 13 26 13 30 9 30 9 26
19 72 21 72 21 75 19 75 19 72
31 24 33 24 33 28 31 28 31 24
5 33 7 33 7 35 5 35 5 33
53 21 55 21 55 24 53 24 53 21
57 75 60 75 60 79 57 79 57 75
61 27 65 27 65 29 61 29 61 27
92 93 96 93 96 96 92 96 92 93
26 43 30 43 30 45 26 45 26 43
65 67 68 67 68 71 65 71 65 67
64 38 66 38 66 41 64 41 64 38
14 64 16 64 16 68 14 68 14 64
38 36 41 36 41 39 38 39 38 36
5 41 9 41 9 45 5 45 5 41
34 9 37 9 37 13 34 13 34 9
88 26 91 26 91 29 88 29 88 26
65 21 69 21 69 25 65 25 65 21
86 58 90 58 90 62 86 62 86 58
60 88 63 88 63 91 60 91 60 88
29 14 32 14 32 17 29 17 29 14
23 59 27 59 27 61 23 61 23 59
80 68 84 68 84 72 80 72 80 68
94 49 97 49 97 51 94 51 94 49
57 35 59 35 59 38 57 38 57 35
67 90 70 90 70 93 67 93 67 90
40 80 42 80 42 82 40 82 40 80
79 61 82 61 82 65 79 65 79 61
7 63 9 63 9 67 7 67 7 63
62 92 64 92 64 94 62 94 62 92
83 60 85 60 85 64 83 64 83 60
40 13 42 13 42 16 40 16 40 13
74 2 78 2 78 5 74 5 74 2
14 20 16 20 16 22 14 22 14 20
19 2 23 2 23 6 19 6 19 2
50 72 52 72 52 76 50 76 50 72
65 85 68 85 68 88 65 88 65 85
45 35 49 35 49 39 45 39 45 35
49 5 51 5 51 7 49 7 49 5
83 23 85 23 85 26 83 26 83 23
25 35 29 35 29 37 25 37 25 35
22 79 26 79 26 82 22 82 22 79
51 39 53 39 53 43 51 43 51 39
25 29 29 29 29 32 25 32 25 29
41 63 44 63 44 66 41 66 41 63
56 10 60 10 60 12 56 12 56 10
45 15 49 15 49 19 45 19 45 15
94 25 97 25 97 28 94 28 94 25
56 28 58 28 58 31 56 31 56 28
64 17 66 17 66 20 64 20 64 17
39 29 43 29 43 32 39 32 39 29
38 94 40 94 40 98 38 98 38 94
21 49 25 49 25 53 21 53 21 49
78 53 81 53 81 57 78 57 78 53
71 34 74 34 74 37 71 37 71 34
6 6 8 6 8 9 6 9 6 6
34 77 38 77 38 81 34 81 34 77
7 19 10 19 10 22 7 22 7 19
6 78 8 78 8 82 6 82 6 78
27 68 29 68 29 70 27 70 27 68
83 34 87 34 87 36 83 36 83 34
54 71 58 71 58 74 54 74 54 71
13 35 16 35 16 37 13 37 13 35
3 23 5 23 5 26 3 26 3 23
28 96 32 96 32 98 28 98 28 96
94 65 98 65 98 67 94 67 94 65
71 72 74 72 74 75 71 75 71 72
6 51 9 51 9 54 6 54 6 51
22 89 24 89 24 92 22 92 22 89
24 8 27 8 27 12 24 12 24 8
55 49 57 49 57 51 55 51 55 49
4 28 6 28 6 32 4 32 4 28
17 39 20 39 20 42 17 42 17 39
45 59 49 59 49 62 45 62 45 59
85 8 87 8 87 11 85 11 85 8
38 40 41 40 41 44 38 44 38 40
93 81 95 81 95 83 93 83 93 81
90 34 93 34 93 37 90 37 90 34
4 72 6 72 6 76 4 76 4 72
31 69 34 69 34 71 31 71 31 69
74 40 76 40 76 42 74 42 74 40
86 2 88 2 88 4 86 4 86 2
72 26 75 26 75 28 72 28 72 26
94 75 96 75 96 78 94 78 94 75
35 64 37 64 37 68 35 68 35 64
75 11 79 11 79 15 75 15 75 11
43 7 45 7 45 10 43 10 43 7
33 51 35 51 35 55 33 55 33 51
12 5 15 5 15 8 12 8 12 5
57 13 59 13 59 17 57 17 57 13
39 73 42 73 42 76 39 76 39 73
23 86 26 86 26 88 23 88 23 86
85 12 89 12 89 14 85 14 85 12
90 53 92 53 92 57 90 57 90 53
27 52 29 52 29 56 27 56 27 52
47 32 49 32 49 34 47 34 47 32
85 44 89 44 89 46 85 46 85 44
57 23 60 23 60 26 57 26 57 23
76 46 78 46 78 50 76 50 76 46
24 95 27 95 27 97 24 97 24 95
48 69 50 69 50 71 48 71 48 69
74 80 78 80 78 83 74 83 74 80
6 58 10 58 10 62 6 62 6 58
61 34 63 34 63 37 61 37 61 34
20 65 24 65 24 69 20 69 20 65
63 75 67 75 67 77 63 77 63 75
33 93 37 93 37 96 33 96 33 93
72 20 74 20 74 22 72 22 72 20
35 29 38 29 38 32 35 32 35 29
62 48 64 48 64 52 62 52 62 48
24 24 27 24 27 28 24 28 24 24
17 46 20 46 20 49 17 49 17 46
42 57 44 57 44 61 42 61 42 57
78 6 81 6 81 9 78 9 78 6
2 62 5 62 5 65 2 65 2 62
91 10 95 10 95 14 91 14 91 10
68 28 70 28 70 30 68 30 68 28
34 83 36 83 36 86 34 86 34 83
78 41 82 41 82 44 78 44 78 41
70 59 72 59 72 63 70 63 70 59
6 86 8 86 8 89 6 89 6 86
56 52 59 52 59 54 56 54 56 52
74 16 77 16 77 19 74 19 74 16
74 65 78 65 78 68 74 68 74 65
65 45 68 45 68 47 65 47 65 45
8 16 12 16 12 18 8 18 8 16
82 90 85 90 85 93 82 93 82 90
33 57 35 57 35 61 33 61 33 57
42 49 44 49 44 51 42 51 42 49
41 69 44 69 44 72 41 72 41 69
44 74 47 74 47 76 44 76 44 74
73 89 77 89 77 92 73 92 73 89
66 7 68 7 68 10 66 10 66 7
46 20 48 20 48 23 46 23 46 20
10 9 14 9 14 13 10 13 10 9
54 84 58 84 58 88 54 88 54 84
66 33 68 33 68 35 66 35 66 33
53 62 55 62 55 65 53 65 53 62
5 46 8 46 8 50 5 50 5 46
37 20 40 20 40 24 37 24 37 20
60 16 62 16 62 19 60 19 60 16
88 80 90 80 90 82 88 82 88 80
31 3 34 3 34 7 31 7 31 3
54 93 56 93 56 97 54 97 54 93
26 83 29 83 29 85 26 85 26 83
16 60 20 60 20 63 16 63 16 60
53 18 56 18 56 20 53 20 53 18
85 74 87 74 87 78 85 78 85 74
86 86 89 86 89 89 86 89 86 86
32 45 34 45 34 49 32 49 32 45
31 33 33 33 33 36 31 36 31 33
83 38 85 38 85 42 83 42 83 38
66 3 69 3 69 5 66 5 66 3
36 2 38 2 38 4 36 4 36 2
61 69 64 69 64 71 61 71 61 69
36 53 40 53 40 56 36 56 36 53
23 74 25 74 25 77 23 77 23 74
91 42 93 42 93 46 91 46 91 42
11 83 13 83 13 86 11 86 11 83
75 55 77 55 77 57 75 57 75 55
72 49 75 49 75 53 72 53 72 49
92 70 96 70 96 74 92 74 92 70
6 91 10 91 10 95 6 95 6 91
87 65 91 65 91 68 87 68 87 65
56 89 59 89 59 92 56 92 56 89
46 81 49 81 49 84 46 84 46 81
18 28 20 28 20 30 18 30 18 28
76 35 80 35 80 37 76 37 76 35
37 59 39 59 39 63 37 63 37 59
30 77 33 77 33 80 30 80 30 77
94 43 96 43 96 47 94 47 94 43
21 37 24 37 24 40 21 40 21 37
47 92 50 92 50 94 47 94 47 92
69 65 72 65 72 68 69 68 69 65
17 31 19 31 19 34 17 34 17 31
16 23 20 23 20 26 16 26 16 23
26 21 29 21 29 23 26 23 26 21
39 85 43 85 43 89 39 89 39 85
43 44 45 44 45 46 43 46 43 44
13 16 16 16 16 19 13 19 13 16
79 90 81 90 81 92 79 92 79 90
59 4 61 4 61 7 59 7 59 4
94 56 96 56 96 59 94 59 94 56
72 23 76 23 76 25 72 25 72 23
91 31 93 31 93 33 91 33 91 31
54 38 56 38 56 41 54 41 54 38
80 22 82 22 82 24 80 24 80 22
51 54 53 54 53 57 51 57 51 54
22 13 26 13 26 16 22 16 22 13
76 27 80 27 80 30 76 30 76 27
67 94 69 94 69 98 67 98 67 94
33 15 35 15 35 17 33 17 33 15
28 93 31 93 31 95 28 95 28 93
10 76 12 76 12 79 10 79 10 76
86 17 89 17 89 19 86 19 86 17
91 22 95 22 95 24 91 24 91 22
93 84 97 84 97 88 93 88 93 84
48 89 52 89 52 91 48 91 48 89
90 75 93 75 93 77 90 77 90 75
94 60 98 60 98 63 94 63 94 60
44 86 47 86 47 88 44 88 44 86
8 3 11 3 11 5 8 5 8 3
43 25 47 25 47 27 43 27 43 25
16 52 20 52 20 54 16 54 16 52
93 5 96 5 96 7 93 7 93 5
76 84 78 84 78 86 76 86 76 84
95 36 97 36 97 39 95 39 95 36
78 16 81 16 81 18 78 18 78 16
71 11 73 11 73 13 71 13 71 11
58 55 62 55 62 57 58 57 58 55
44 40 46 40 46 43 44 43 44 40
43 4 45 4 45 6 43 6 43 4
45 52 48 52 48 55 45 55 45 52
31 83 33 83 33 85 31 85 31 83
16 8 18 8 18 12 16 12 16 8
66 11 68 11 68 13 66 13 66 11
67 18 69 18 69 20 67 20 67 18
55 2 58 2 58 6 55 6 55 2
41 17 43 17 43 21 41 21 41 17
85 71 88 71 88 73 85 73 85 71
15 83 18 83 18 87 15 87 15 83
66 57 69 57 69 60 66 60 66 57
83 50 86 50 86 52 83 52 83 50
3 18 5 18 5 20 3 20 3 18
83 54 87 54 87 57 83 57 83 54
59 42 63 42 63 44 59 44 59 42
70 15 73 15 73 17 70 17 70 15
8 68 11 68 11 70 8 70 8 68
68 38 71 38 71 41 68 41 68 38
2 81 4 81 4 83 2 83 2 81
10 45 14 45 14 47 10 47 10 45
28 57 31 57 31 59 28 59 28 57
82 10 84 10 84 14 82 14 82 10
70 43 73 43 73 46 70 46 70 43
19 56 22 56 22 58 19 58 19 56
23 46 27 46 27 48 23 48 23 46
10 54 14 54 14 56 10 56 10 54
34 72 38 72 38 74 34 74 34 72
30 39 34 39 34 42 30 42 30 39
54 44 57 44 57 46 54 46 54 44
73 95 76 95 76 98 73 98 73 95
29 62 32 62 32 65 29 65 29 62
31 89 33 89 33 92 31 92 31 89
35 6 38 6 38 8 35 8 35 6
