73 11 75 11 75 14 73 14 73 11
86 52 89 52 89 54 86 54 86 52
61 20 63 20 63 24 61 24 61 20
17 93 19 93 19 96 17 96 17 93
6 6 9 6 9 10 6 10 6 6
56 62 60 62 60 65 56 65 56 62
29 4 33 4 33 7 29 7 29 4
13 2 17 2 17 4 13 4 13 2
14 50 16 50 16 54 14 54 14 50
20 17 23 17 23 21 20 21 20 17
10 31 12 31 12 34 10 34 10 31
38 41 42 41 42 44 38 44 38 41
3 10 5 10 5 14 3 14 3 10
14 22 16 22 16 24 14 24 14 22
24 11 27 11 27 13 24 13 24 11
61 7 64 7 64 10 61 10 61 7
7 80 9 80 9 82 7 82 7 80
39 18 43 18 43 20 39 20 39 18
60 91 63 91 63 95 60 95 60 91
9 59 13 59 13 62 9 62 9 59
67 76 71 76 71 79 67 79 67 76
72 68 74 68 74 71 72 71 72 68
86 89 89 89 89 93 86 93 86 89
81 60 85 60 85 62 81 62 81 60
11 8 15 8 15 12 11 12 11 8
6 44 8 44 8 48 6 48 6 44
3 22 7 22 7 26 3 26 3 22
87 48 90 48 90 50 87 50 87 48
16 76 18 76 18 80 16 80 16 76
66 59 69 59 69 62 66 62 66 59
19 61 21 61 21 63 19 63 19 61
70 31 74 31 74 33 70 33 70 31
23 80 25 80 25 83 23 83 23 80
45 92 48 92 48 95 45 95 45 92
68 21 71 21 71 24 68 24 68 21
80 16 84 16 84 20 80 20 80 16
46 47 48 47 48 49 46 49 46 47
49 18 53 18 53 20 49 20 49 18
49 75 53 75 53 79 49 79 49 75
67 42 70 42 70 45 67 45 67 42
38 56 40 56 40 59 38 59 38 56
22 90 26 90 26 93 22 93 22 90
8 40 10 40 10 43 8 43 8 40
92 41 95 41 95 43 92 43 92 41
70 34 74 34 74 37 70 37 70 34
19 9 21 9 21 12 19 12 19 9
50 49 54 49 54 52 50 52 50 49
51 90 55 90 55 93 51 93 51 90
83 75 87 75 87 77 83 77 83 75
70 55 72 55 72 58 70 58 70 55
51 21 53 21 53 24 51 24 51 21
56 82 60 82 60 84 56 84 56 82
61 77 65 77 65 79 61 79 61 77
87 55 90 55 90 59 87 59 87 55
34 55 36 55 36 57 34 57 34 55
10 70 13 70 13 72 10 72 10 70
91 68 94 68 94 72 91 72 91 68
50 96 52 96 52 98 50 98 50 96
74 42 77 42 77 46 74 46 74 42
65 11 67 11 67 15 65 15 65 11
66 7 70 7 70 9 66 9 66 7
78 30 82 30 82 33 78 33 78 30
18 45 22 45 22 48 18 48 18 45
61 48 63 48 63 51 61 51 61 48
60 27 62 27 62 29 60 29 60 27
35 31 37 31 37 33 35 33 35 31
62 43 65 43 65 47 62 47 62 43
45 71 48 71 48 75 45 75 45 71
24 33 27 33 27 35 24 35 24 33
88 10 91 10 91 12 88 12 88 10
58 70 60 70 60 74 58 74 58 70
36 51 40 51 40 54 36 54 36 51
94 30 97 30 97 33 94 33 94 30
30 68 34 68 34 71 30 71 30 68
40 22 43 22 43 24 40 24 40 22
55 31 58 31 58 33 55 33 55 31
41 58 43 58 43 62 41 62 41 58
75 66 77 66 77 69 75 69 75 66
38 69 42 69 42 73 38 73 38 69
88 69 90 69 90 72 88 72 88 69
2 51 6 51 6 55 2 55 2 51
36 8 40 8 40 12 36 12 36 8
65 27 68 27 68 31 65 31 65 27
96 5 98 5 98 9 96 9 96 5
67 65 71 65 71 67 67 67 67 65
87 17 89 17 89 21 87 21 87 17
62 64 66 64 66 68 62 68 62 64
3 90 6 90 6 94 3 94 3 90
54 67 56 67 56 70 54 70 54 67
96 51 98 51 98 53 96 53 96 51
48 40 50 40 50 42 48 42 48 40
14 93 16 93 16 96 14 96 14 93
80 40 83 40 83 44 80 44 80 40
82 66 85 66 85 70 82 70 82 66
25 22 27 22 27 24 25 24 25 22
73 39 75 39 75 41 73 41 73 39
80 24 84 24 84 27 80 27 80 24
70 87 73 87 73 89 70 89 70 87
28 91 31 91 31 95 28 95 28 91
24 58 28 58 28 61 24 61 24 58
8 54 10 54 10 58 8 58 8 54
35 88 37 88 37 91 35 91 35 88
56 44 59 44 59 47 56 47 56 44
29 9 31 9 31 13 29 13 29 9
93 16 95 16 95 18 93 18 93 16
67 70 70 70 70 72 67 72 67 70
15 88 17 88 17 91 15 91 15 88
59 85 61 85 61 87 59 87 59 85
75 26 79 26 79 28 75 28 75 26
4 60 6 60 6 64 4 64 4 60
27 47 31 47 31 50 27 50 27 47
7 30 9 30 9 33 7 33 7 30
29 77 33 77 33 81 29 81 29 77
11 87 13 87 13 89 11 89 11 87
40 66 44 66 44 68 40 68 40 66
19 24 21 24 21 26 19 26 19 24
10 76 12 76 12 79 10 79 10 76
7 16 10 16 10 18 7 18 7 16
23 39 26 39 26 42 23 42 23 39
28 16 30 16 30 20 28 20 28 16
83 31 85 31 85 35 83 35 83 31
50 81 53 81 53 85 50 85 50 81
30 88 33 88 33 90 30 90 30 88
2 80 5 80 5 83 2 83 2 80
62 38 66 38 66 42 62 42 62 38
26 7 28 7 28 10 26 10 26 7
8 20 12 20 12 24 8 24 8 20
31 57 33 57 33 61 31 61 31 57
91 88 95 88 95 91 91 91 91 88
59 35 63 35 63 37 59 37 59 35
42 76 45 76 45 78 42 78 42 76
95 25 97 25 97 29 95 29 95 25
27 84 31 84 31 87 27 87 27 84
76 87 80 87 80 91 76 91 76 87
12 65 16 65 16 69 12 69 12 65
34 35 38 35 38 39 34 39 34 35
87 33 89 33 89 37 87 37 87 33
5 38 7 38 7 41 5 41 5 38
3 47 5 47 5 49 3 49 3 47
66 93 68 93 68 97 66 97 66 93
75 77 79 77 79 81 75 81 75 77
55 10 58 10 58 13 55 13 55 10
68 3 72 3 72 5 68 5 68 3
44 79 46 79 46 82 44 82 44 79
34 74 36 74 36 77 34 77 34 74
46 35 50 35 50 39 46 39 46 35
15 72 18 72 18 74 15 74 15 72
45 24 47 24 47 28 45 28 45 24
22 85 26 85 26 87 22 87 22 85
29 27 32 27 32 29 29 29 29 27
34 47 36 47 36 50 34 50 34 47
8 49 10 49 10 53 8 53 8 49
68 83 72 83 72 86 68 86 68 83
95 45 97 45 97 48 95 48 95 45
24 67 26 67 26 69 24 69 24 67
85 22 87 22 87 26 85 26 85 22
51 54 53 54 53 56 51 56 51 54
38 92 42 92 42 94 38 94 38 92
19 29 22 29 22 32 19 32 19 29
46 88 49 88 49 91 46 91 46 88
18 81 20 81 20 83 18 83 18 81
74 48 78 48 78 52 74 52 74 48
73 61 76 61 76 65 73 65 73 61
27 62 31 62 31 65 27 65 27 62
72 94 74 94 74 97 72 97 72 94
82 84 84 84 84 88 82 88 82 84
55 14 57 14 57 16 55 16 55 14
75 17 78 17 78 21 75 21 75 17
42 87 44 87 44 89 42 89 42 87
88 76 91 76 91 80 88 80 88 76
40 45 43 45 43 47 40 47 40 45
94 54 97 54 97 57 94 57 94 54
39 29 41 29 41 32 39 32 39 29
28 34 31 34 31 37 28 37 28 34
33 24 35 24 35 28 33 28 33 24
14 37 17 37 17 41 14 41 14 37
25 28 27 28 27 32 25 32 25 28
12 43 15 43 15 46 12 46 12 43
19 65 22 65 22 69 19 69 19 65
80 7 84 7 84 10 80 10 80 7
58 19 60 19 60 22 58 22 58 19
2 85 5 85 5 88 2 88 2 85
76 10 78 10 78 14 76 14 76 10
33 96 37 96 37 98 33 98 33 96
42 14 46 14 46 16 42 16 42 14
42 36 44 36 44 40 42 40 42 36
63 86 65 86 65 90 63 90 63 86
88 60 91 60 91 64 88 64 88 60
23 52 27 52 27 55 23 55 23 52
92 61 96 61 96 64 92 64 92 61
61 11 64 11 64 15 61 15 61 11
54 75 58 75 58 77 54 77 54 75
62 3 65 3 65 5 62 5 62 3
66 87 68 87 68 89 66 89 66 87
63 58 65 58 65 60 63 60 63 58
68 11 70 11 70 14 68 14 68 11
36 82 40 82 40 85 36 85 36 82
54 19 56 19 56 22 54 22 54 19
66 49 68 49 68 53 66 53 66 49
87 43 89 43 89 45 87 45 87 43
30 42 34 42 34 45 30 45 30 42
10 80 14 80 14 83 10 83 10 80
23 45 26 45 26 47 23 47 23 45
13 14 15 14 15 16 13 16 13 14
54 2 58 2 58 5 54 5 54 2
79 21 81 21 81 23 79 23 79 21
37 61 39 61 39 65 37 65 37 61
39 33 42 33 42 35 39 35 39 33
41 25 43 25 43 27 41 27 41 25
47 10 51 10 51 13 47 13 47 10
80 49 82 49 82 53 80 53 80 49
75 73 77 73 77 76 75 76 75 73
82 55 84 55 84 58 82 58 82 55
42 7 44 7 44 9 42 9 42 7
93 94 97 94 97 98 93 98 93 94
52 62 55 62 55 65 52 65 52 62
45 59 48 59 48 61 45 61 45 59
86 84 88 84 88 88 86 88 86 84
51 14 54 14 54 17 51 17 51 14
83 45 85 45 85 48 83 48 83 45
18 4 20 4 20 8 18 8 18 4
6 69 9 69 9 73 6 73 6 69
9 92 11 92 11 96 9 96 9 92
85 6 88 6 88 8 85 8 85 6
73 6 76 6 76 9 73 9 73 6
50 66 52 66 52 68 50 68 50 66
51 40 53 40 53 44 51 44 51 40
78 68 80 68 80 70 78 70 78 68
18 52 20 52 20 55 18 55 18 52
36 18 38 18 38 22 36 22 36 18
90 31 92 31 92 33 90 33 90 31
16 12 18 12 18 16 16 16 16 12
78 36 82 36 82 38 78 38 78 36
56 91 58 91 58 94 56 94 56 91
8 64 11 64 11 66 8 66 8 64
77 59 80 59 80 62 77 62 77 59
18 41 21 41 21 44 18 44 18 41
80 79 84 79 84 82 80 82 80 79
39 79 41 79 41 81 39 81 39 79
48 6 52 6 52 9 48 9 48 6
66 34 69 34 69 37 66 37 66 34
45 65 47 65 47 69 45 69 45 65
3 19 6 19 6 21 3 21 3 19
76 39 79 39 79 41 76 41 76 39
75 53 78 53 78 55 75 55 75 53
91 73 93 73 93 75 91 75 91 73
81 94 84 94 84 97 81 97 81 94
40 2 42 2 42 6 40 6 40 2
75 92 79 92 79 95 75 95 75 92
90 24 92 24 92 27 90 27 90 24
