27 49 29 49 29 53 27 53 27 49
90 85 92 85 92 87 90 87 90 85
14 14 16 14 16 18 14 18 14 14
92 35 95 35 95 37 92 37 92 35
60 29 63 29 63 32 60 32 60 29
66 85 70 85 70 89 66 89 66 85
63 55 67 55 67 58 63 58 63 55
5 33 7 33 7 35 5 35 5 33
85 39 87 39 87 41 85 41 85 39
54 10 57 10 57 12 54 12 54 10
46 19 48 19 48 23 46 23 46 19
49 40 51 40 51 43 49 43 49 40
25 31 29 31 29 35 25 35 25 31
87 29 91 29 91 33 87 33 87 29
89 10 93 10 93 12 89 12 89 10
51 90 55 90 55 93 51 93 51 90
10 47 13 47 13 49 10 49 10 47
87 54 89 54 89 58 87 58 87 54
86 62 90 62 90 64 86 64 86 62
73 64 76 64 76 67 73 67 73 64
4 12 7 12 7 14 4 14 4 12
2 80 4 80 4 83 2 83 2 80
28 57 30 57 30 61 28 61 28 57
11 33 13 33 13 37 11 37 11 33
16 40 20 40 20 43 16 43 16 40
5 7 9 7 9 10 5 10 5 7
16 84 19 84 19 86 16 86 16 84
41 89 44 89 44 92 41 92 41 89
37 92 40 92 40 95 37 95 37 92
25 25 28 25 28 28 25 28 25 25
66 10 70 10 70 12 66 12 66 10
73 59 77 59 77 62 73 62 73 59
95 94 97 94 97 98 95 98 95 94
78 95 80 95 80 98 78 98 78 95
84 19 86 19 86 23 84 23 84 19
12 26 15 26 15 30 12 30 12 26
51 23 53 23 53 27 51 27 51 23
34 10 37 10 37 14 34 14 34 10
94 42 98 42 98 45 94 45 94 42
16 66 18 66 18 70 16 70 16 66
86 73 90 73 90 75 86 75 86 73
20 15 23 15 23 19 20 19 20 15
2 47 4 47 4 51 2 51 2 47
52 30 55 30 55 32 52 32 52 30
76 29 79 29 79 33 76 33 76 29
2 94 4 94 4 97 2 97 2 94
19 46 23 46 23 50 19 50 19 46
76 89 78 89 78 91 76 91 76 89
82 66 86 66 86 69 82 69 82 66
65 27 68 27 68 30 65 30 65 27
19 25 23 25 23 28 19 28 19 25
24 22 26 22 26 24 24 24 24 22
64 95 66 95 66 97 64 97 64 95
23 74 25 74 25 78 23 78 23 74
80 14 82 14 82 17 80 17 80 14
37 31 40 31 40 34 37 34 37 31
72 49 76 49 76 52 72 52 72 49
18 5 22 5 22 7 18 7 18 5
21 94 23 94 23 97 21 97 21 94
8 88 11 88 11 91 8 91 8 88
14 57 18 57 18 61 14 61 14 57
33 51 36 51 36 55 33 55 33 51
47 49 51 49 51 53 47 53 47 49
44 28 47 28 47 32 44 32 44 28
51 78 54 78 54 80 51 80 51 78
36 23 40 23 40 25 36 25 36 23
24 36 28 36 28 39 24 39 24 36
60 14 64 14 64 18 60 18 60 14
21 81 23 81 23 83 21 83 21 81
74 15 76 15 76 18 74 18 74 15
93 48 95 48 95 52 93 52 93 48
33 26 37 26 37 29 33 29 33 26
50 60 54 60 54 63 50 63 50 60
47 88 49 88 49 90 47 90 47 88
14 92 16 92 16 96 14 96 14 92
41 64 45 64 45 66 41 66 41 64
91 76 94 76 94 79 91 79 91 76
37 6 40 6 40 8 37 8 37 6
21 62 25 62 25 64 21 64 21 62
29 62 31 62 31 66 29 66 29 62
5 2 9 2 9 5 5 5 5 2
78 80 80 80 80 83 78 83 78 80
40 38 43 38 43 40 40 40 40 38
40 47 42 47 42 50 40 50 40 47
27 81 29 81 29 84 27 84 27 81
34 85 37 85 37 87 34 87 34 85
55 39 59 39 59 43 55 43 55 39
39 19 43 19 43 22 39 22 39 19
29 38 32 38 32 40 29 40 29 38
23 41 27 41 27 43 23 43 23 41
43 33 47 33 47 35 43 35 43 33
73 10 75 10 75 14 73 14 73 10
29 22 32 22 32 26 29 26 29 22
27 96 31 96 31 98 27 98 27 96
96 19 98 19 98 22 96 22 96 19
61 72 63 72 63 76 61 76 61 72
6 24 10 24 10 26 6 26 6 24
34 75 37 75 37 79 34 79 34 75
68 21 72 21 72 25 68 25 68 21
8 93 10 93 10 97 8 97 8 93
20 20 22 20 22 24 20 24 20 20
44 83 48 83 48 85 44 85 44 83
50 69 54 69 54 71 50 71 50 69
68 5 70 5 70 7 68 7 68 5
5 58 9 58 9 62 5 62 5 58
48 54 52 54 52 56 48 56 48 54
33 36 35 36 35 39 33 39 33 36
48 72 51 72 51 74 48 74 48 72
31 2 34 2 34 4 31 4 31 2
70 53 72 53 72 56 70 56 70 53
71 81 73 81 73 84 71 84 71 81
83 88 86 88 86 91 83 91 83 88
39 72 41 72 41 75 39 75 39 72
91 24 95 24 95 26 91 26 91 24
14 89 18 89 18 91 14 91 14 89
78 51 80 51 80 54 78 54 78 51
32 93 36 93 36 96 32 96 32 93
68 33 70 33 70 37 68 37 68 33
60 67 63 67 63 71 60 71 60 67
75 82 77 82 77 85 75 85 75 82
60 80 63 80 63 83 60 83 60 80
38 65 40 65 40 68 38 68 38 65
80 46 84 46 84 50 80 50 80 46
88 40 90 40 90 44 88 44 88 40
5 53 7 53 7 56 5 56 5 53
18 78 20 78 20 81 18 81 18 78
66 14 70 14 70 17 66 17 66 14
68 68 71 68 71 72 68 72 68 68
59 35 62 35 62 38 59 38 59 35
49 64 51 64 51 66 49 66 49 64
11 81 15 81 15 83 11 83 11 81
67 59 69 59 69 62 67 62 67 59
46 46 48 46 48 48 46 48 46 46
80 24 84 24 84 27 80 27 80 24
51 10 53 10 53 13 51 13 51 10
12 76 16 76 16 79 12 79 12 76
55 49 59 49 59 51 55 51 55 49
53 72 55 72 55 74 53 74 53 72
77 19 79 19 79 22 77 22 77 19
59 92 63 92 63 95 59 95 59 92
69 27 73 27 73 30 69 30 69 27
90 20 93 20 93 22 90 22 90 20
93 31 97 31 97 34 93 34 93 31
54 23 57 23 57 27 54 27 54 23
74 54 76 54 76 58 74 58 74 54
9 15 12 15 12 18 9 18 9 15
76 23 78 23 78 27 76 27 76 23
24 44 28 44 28 48 24 48 24 44
75 68 79 68 79 70 75 70 75 68
27 14 29 14 29 18 27 18 27 14
59 52 61 52 61 55 59 55 59 52
72 31 74 31 74 33 72 33 72 31
61 2 64 2 64 6 61 6 61 2
87 26 89 26 89 28 87 28 87 26
8 20 12 20 12 22 8 22 8 20
16 10 19 10 19 13 16 13 16 10
35 63 37 63 37 67 35 67 35 63
20 8 24 8 24 12 20 12 20 8
94 5 96 5 96 8 94 8 94 5
63 48 65 48 65 52 63 52 63 48
13 4 15 4 15 7 13 7 13 4
95 59 98 59 98 63 95 63 95 59
19 89 22 89 22 93 19 93 19 89
68 90 70 90 70 93 68 93 68 90
42 78 45 78 45 80 42 80 42 78
82 54 84 54 84 58 82 58 82 54
85 49 88 49 88 51 85 51 85 49
82 32 86 32 86 34 82 34 82 32
9 72 13 72 13 74 9 74 9 72
46 4 49 4 49 7 46 7 46 4
66 76 69 76 69 78 66 78 66 76
23 87 25 87 25 91 23 91 23 87
59 88 63 88 63 90 59 90 59 88
88 3 91 3 91 7 88 7 88 3
85 70 87 70 87 72 85 72 85 70
80 72 84 72 84 76 80 76 80 72
71 74 74 74 74 76 71 76 71 74
82 6 85 6 85 10 82 10 82 6
74 92 77 92 77 95 74 95 74 92
42 3 45 3 45 5 42 5 42 3
31 86 33 86 33 90 31 90 31 86
57 30 59 30 59 32 57 32 57 30
59 9 61 9 61 13 59 13 59 9
19 56 23 56 23 60 19 60 19 56
28 74 30 74 30 77 28 77 28 74
48 14 51 14 51 16 48 16 48 14
41 12 43 12 43 14 41 14 41 12
34 44 38 44 38 48 34 48 34 44
79 92 82 92 82 94 79 94 79 92
70 42 73 42 73 45 70 45 70 42
39 53 42 53 42 55 39 55 39 53
7 76 11 76 11 80 7 80 7 76
91 69 95 69 95 72 91 72 91 69
78 58 80 58 80 61 78 61 78 58
14 51 16 51 16 55 14 55 14 51
25 4 27 4 27 8 25 8 25 4
55 67 59 67 59 70 55 70 55 67
7 40 10 40 10 42 7 42 7 40
5 83 9 83 9 85 5 85 5 83
43 52 46 52 46 54 43 54 43 52
30 5 33 5 33 9 30 9 30 5
3 39 5 39 5 43 3 43 3 39
52 83 55 83 55 85 52 85 52 83
93 15 96 15 96 17 93 17 93 15
78 63 81 63 81 66 78 66 78 63
16 33 19 33 19 37 16 37 16 33
45 67 47 67 47 71 45 71 45 67
5 47 7 47 7 50 5 50 5 47
73 86 75 86 75 90 73 90 73 86
54 45 57 45 57 47 54 47 54 45
73 2 76 2 76 6 73 6 73 2
64 73 67 73 67 75 64 75 64 73
63 42 66 42 66 44 63 44 63 42
47 78 49 78 49 82 47 82 47 78
45 60 49 60 49 63 45 63 45 60
96 70 98 70 98 72 96 72 96 70
8 69 10 69 10 71 8 71 8 69
28 86 30 86 30 88 28 88 28 86
77 86 79 86 79 88 77 88 77 86
94 80 98 80 98 84 94 84 94 80
64 38 66 38 66 41 64 41 64 38
32 15 34 15 34 18 32 18 32 15
61 19 64 19 64 21 61 21 61 19
72 37 76 37 76 39 72 39 72 37
28 10 30 10 30 12 28 12 28 10
41 23 45 23 45 27 41 27 41 23
2 68 4 68 4 70 2 70 2 68
83 15 86 15 86 17 83 17 83 15
82 79 84 79 84 82 82 82 82 79
93 53 96 53 96 57 93 57 93 53
67 48 70 48 70 52 67 52 67 48
83 61 85 61 85 64 83 64 83 61
58 62 61 62 61 66 58 66 58 62
39 78 41 78 41 80 39 80 39 78
54 56 56 56 56 58 54 58 54 56
95 74 97 74 97 77 95 77 95 74
12 63 14 63 14 66 12 66 12 63
55 62 57 62 57 65 55 65 55 62
4 86 6 86 6 89 4 89 4 86
45 12 47 12 47 15 45 15 45 12
86 8 88 8 88 12 86 12 86 8
11 69 14 69 14 71 11 71 11 69
31 56 35 56 35 58 31 58 31 56
8 43 11 43 11 46 8 46 8 43
57 5 59 5 59 8 57 8 57 5
54 94 57 94 57 97 54 97 54 94
64 63 68 63 68 67 64 67 64 63
3 72 5 72 5 75 3 75 3 72
18 71 22 71 22 74 18 74 18 71
75 43 78 43 78 47 75 47 75 43
