65 38 67 38 67 41 65 41 65 38
39 19 42 19 42 23 39 23 39 19
63 84 66 84 66 87 63 87 63 84
53 37 57 37 57 41 53 41 53 37
90 90 94 90 94 94 90 94 90 90
42 45 45 45 45 49 42 49 42 45
66 91 68 91 68 95 66 95 66 91
30 8 34 8 34 11 30 11 30 8
41 74 45 74 45 76 41 76 41 74
88 45 90 45 90 47 88 47 88 45
91 72 94 72 94 76 91 76 91 72
64 51 68 51 68 55 64 55 64 51
59 26 63 26 63 29 59 29 59 26
23 11 26 11 26 13 23 13 23 11
41 27 43 27 43 31 41 31 41 27
72 42 75 42 75 44 72 44 72 42
93 10 96 10 96 12 93 12 93 10
71 19 75 19 75 21 71 21 71 19
30 41 32 41 32 44 30 44 30 41
85 20 87 20 87 22 85 22 85 20
48 12 50 12 50 15 48 15 48 12
11 18 15 18 15 22 11 22 11 18
60 7 63 7 63 9 60 9 60 7
18 51 21 51 21 53 18 53 18 51
47 48 49 48 49 50 47 50 47 48
67 43 71 43 71 45 67 45 67 43
85 75 89 75 89 77 85 77 85 75
95 27 98 27 98 31 95 31 95 27
39 56 42 56 42 59 39 59 39 56
75 51 78 51 78 54 75 54 75 51
59 55 63 55 63 59 59 59 59 55
45 65 47 65 47 69 45 69 45 65
9 88 13 88 13 90 9 90 9 88
52 64 56 64 56 66 52 66 52 64
21 69 25 69 25 72 21 72 21 69
20 78 24 78 24 80 20 80 20 78
34 21 37 21 37 24 34 24 34 21
18 91 21 91 21 95 18 95 18 91
57 69 60 69 60 73 57 73 57 69
57 88 59 88 59 91 57 91 57 88
13 26 16 26 16 30 13 30 13 26
90 84 92 84 92 87 90 87 90 84
80 40 82 40 82 43 80 43 80 40
61 12 65 12 65 15 61 15 61 12
4 50 7 50 7 53 4 53 4 50
20 20 24 20 24 22 20 22 20 20
15 79 17 79 17 83 15 83 15 79
63 46 65 46 65 48 63 48 63 46
48 26 50 26 50 30 48 30 48 26
66 46 68 46 68 49 66 49 66 46
49 51 53 51 53 53 49 53 49 51
26 90 30 90 30 93 26 93 26 90
37 80 41 80 41 82 37 82 37 80
44 57 46 57 46 59 44 59 44 57
55 7 57 7 57 11 55 11 55 7
59 92 61 92 61 96 59 96 59 92
45 22 49 22 49 24 45 24 45 22
68 14 72 14 72 17 68 17 68 14
5 6 8 6 8 10 5 10 5 6
73 6 75 6 75 9 73 9 73 6
59 75 61 75 61 77 59 77 59 75
80 7 84 7 84 10 80 10 80 7
10 25 12 25 12 27 10 27 10 25
91 64 94 64 94 68 91 68 91 64
70 29 74 29 74 33 70 33 70 29
65 61 67 61 67 63 65 63 65 61
37 43 39 43 39 46 37 46 37 43
83 60 87 60 87 64 83 64 83 60
27 27 30 27 30 31 27 31 27 27
44 8 46 8 46 10 44 10 44 8
64 56 67 56 67 60 64 60 64 56
17 44 20 44 20 46 17 46 17 44
5 30 9 30 9 34 5 34 5 30
46 80 50 80 50 82 46 82 46 80
88 4 91 4 91 6 88 6 88 4
20 37 24 37 24 40 20 40 20 37
80 73 83 73 83 75 80 75 80 73
30 48 34 48 34 51 30 51 30 48
28 56 30 56 30 60 28 60 28 56
8 39 11 39 11 42 8 42 8 39
41 83 43 83 43 87 41 87 41 83
83 67 85 67 85 69 83 69 83 67
15 59 18 59 18 63 15 63 15 59
30 36 33 36 33 39 30 39 30 36
69 74 71 74 71 76 69 76 69 74
58 19 61 19 61 21 58 21 58 19
86 37 88 37 88 40 86 40 86 37
50 42 52 42 52 44 50 44 50 42
17 30 21 30 21 32 17 32 17 30
49 61 52 61 52 63 49 63 49 61
18 85 20 85 20 87 18 87 18 85
46 35 48 35 48 38 46 38 46 35
84 92 87 92 87 94 84 94 84 92
50 85 52 85 52 87 50 87 50 85
50 20 54 20 54 24 50 24 50 20
56 52 59 52 59 54 56 54 56 52
51 31 53 31 53 33 51 33 51 31
17 54 21 54 21 57 17 57 17 54
6 19 9 19 9 22 6 22 6 19
93 40 95 40 95 43 93 43 93 40
77 88 81 88 81 92 77 92 77 88
2 85 5 85 5 87 2 87 2 85
29 72 32 72 32 74 29 74 29 72
25 39 27 39 27 42 25 42 25 39
79 82 83 82 83 84 79 84 79 82
77 21 81 21 81 25 77 25 77 21
85 29 89 29 89 33 85 33 85 29
91 46 93 46 93 50 91 50 91 46
85 24 88 24 88 27 85 27 85 24
7 66 11 66 11 69 7 69 7 66
88 15 91 15 91 19 88 19 88 15
19 3 21 3 21 5 19 5 19 3
32 16 35 16 35 20 32 20 32 16
35 28 37 28 37 32 35 32 35 28
74 69 77 69 77 72 74 72 74 69
94 78 96 78 96 80 94 80 94 78
22 45 25 45 25 47 22 47 22 45
63 66 66 66 66 69 63 69 63 66
45 90 49 90 49 93 45 93 45 90
56 45 59 45 59 47 56 47 56 45
6 93 10 93 10 97 6 97 6 93
41 2 43 2 43 6 41 6 41 2
95 66 98 66 98 68 95 68 95 66
11 47 13 47 13 51 11 51 11 47
55 2 59 2 59 6 55 6 55 2
4 78 6 78 6 80 4 80 4 78
25 81 27 81 27 83 25 83 25 81
82 78 86 78 86 80 82 80 82 78
25 23 29 23 29 25 25 25 25 23
41 32 43 32 43 34 41 34 41 32
10 59 13 59 13 61 10 61 10 59
24 55 27 55 27 57 24 57 24 55
9 7 13 7 13 10 9 10 9 7
37 37 41 37 41 40 37 40 37 37
2 94 4 94 4 98 2 98 2 94
79 29 82 29 82 31 79 31 79 29
72 34 75 34 75 37 72 37 72 34
3 89 7 89 7 91 3 91 3 89
18 13 20 13 20 15 18 15 18 13
83 56 85 56 85 58 83 58 83 56
4 73 7 73 7 76 4 76 4 73
67 34 70 34 70 36 67 36 67 34
68 59 72 59 72 63 68 63 68 59
88 71 90 71 90 73 88 73 88 71
38 5 40 5 40 8 38 8 38 5
36 54 38 54 38 58 36 58 36 54
86 85 89 85 89 88 86 88 86 85
66 78 70 78 70 80 66 80 66 78
9 83 13 83 13 86 9 86 9 83
2 28 4 28 4 32 2 32 2 28
59 62 62 62 62 65 59 65 59 62
48 2 50 2 50 4 48 4 48 2
80 36 82 36 82 38 80 38 80 36
63 81 67 81 67 83 63 83 63 81
59 36 61 36 61 40 59 40 59 36
50 45 52 45 52 48 50 48 50 45
62 32 65 32 65 36 62 36 62 32
2 4 4 4 4 6 2 6 2 4
82 89 84 89 84 91 82 91 82 89
29 45 31 45 31 47 29 47 29 45
58 30 61 30 61 32 58 32 58 30
14 67 17 67 17 69 14 69 14 67
4 63 6 63 6 66 4 66 4 63
68 84 72 84 72 88 68 88 68 84
24 66 28 66 28 68 24 68 24 66
51 5 53 5 53 9 51 9 51 5
81 26 84 26 84 28 81 28 81 26
27 94 31 94 31 96 27 96 27 94
77 48 79 48 79 50 77 50 77 48
80 67 82 67 82 69 80 69 80 67
8 53 11 53 11 55 8 55 8 53
84 46 86 46 86 49 84 49 84 46
69 71 73 71 73 73 69 73 69 71
90 38 92 38 92 42 90 42 90 38
47 56 51 56 51 58 47 58 47 56
71 24 73 24 73 27 71 27 71 24
81 53 84 53 84 55 81 55 81 53
17 64 19 64 19 66 17 66 17 64
25 77 28 77 28 80 25 80 25 77
61 43 63 43 63 45 61 45 61 43
42 94 45 94 45 98 42 98 42 94
41 41 43 41 43 43 41 43 41 41
76 58 78 58 78 62 76 62 76 58
22 49 25 49 25 53 22 53 22 49
72 74 74 74 74 78 72 78 72 74
46 31 48 31 48 33 46 33 46 31
8 76 12 76 12 80 8 80 8 76
50 74 54 74 54 76 50 76 50 74
5 12 8 12 8 14 5 14 5 12
86 56 88 56 88 59 86 59 86 56
59 82 62 82 62 86 59 86 59 82
29 32 33 32 33 35 29 35 29 32
85 95 89 95 89 98 85 98 85 95
51 94 53 94 53 98 51 98 51 94
71 94 74 94 74 97 71 97 71 94
52 54 54 54 54 56 52 56 52 54
35 65 38 65 38 69 35 69 35 65
40 11 43 11 43 15 40 15 40 11
83 43 86 43 86 45 83 45 83 43
8 72 11 72 11 75 8 75 8 72
18 24 20 24 20 28 18 28 18 24
2 40 4 40 4 42 2 42 2 40
30 86 32 86 32 88 30 88 30 86
76 77 80 77 80 81 76 81 76 77
33 25 36 25 36 27 33 27 33 25
31 63 34 63 34 67 31 67 31 63
24 34 26 34 26 36 24 36 24 34
43 51 47 51 47 55 43 55 43 51
20 61 23 61 23 63 20 63 20 61
81 13 85 13 85 16 81 16 81 13
94 21 96 21 96 23 94 23 94 21
26 48 29 48 29 51 26 51 26 48
36 71 38 71 38 73 36 73 36 71
45 39 48 39 48 42 45 42 45 39
91 24 93 24 93 28 91 28 91 24
32 92 36 92 36 96 32 96 32 92
70 91 74 91 74 93 70 93 70 91
24 3 28 3 28 5 24 5 24 3
52 14 56 14 56 18 52 18 52 14
55 75 58 75 58 77 55 77 55 75
50 70 54 70 54 73 50 73 50 70
58 41 60 41 60 43 58 43 58 41
15 74 18 74 18 76 15 76 15 74
30 52 32 52 32 55 30 55 30 52
88 12 90 12 90 14 88 14 88 12
52 90 55 90 55 92 52 92 52 90
56 94 58 94 58 96 56 96 56 94
91 7 93 7 93 9 91 9 91 7
35 77 38 77 38 79 35 79 35 77
33 2 36 2 36 5 33 5 33 2
96 5 98 5 98 8 96 8 96 5
16 47 18 47 18 50 16 50 16 47
53 28 55 28 55 30 53 30 53 28
54 85 56 85 56 89 54 89 54 85
91 78 93 78 93 80 91 80 91 78
21 24 23 24 23 26 21 26 21 24
24 61 27 61 27 63 24 63 24 61
43 18 47 18 47 21 43 21 43 18
38 88 42 88 42 91 38 91 38 88
72 48 75 48 75 50 72 50 72 48
67 3 70 3 70 5 67 5 67 3
14 6 18 6 18 8 14 8 14 6
22 86 25 86 25 90 22 90 22 86
92 15 95 15 95 19 92 19 92 15
2 54 4 54 4 58 2 58 2 54
93 2 95 2 95 4 93 4 93 2
53 80 56 80 56 84 53 84 53 80
90 54 92 54 92 58 90 58 90 54
14 10 17 10 17 13 14 13 14 10
10 43 12 43 12 45 10 45 10 43
