86 84 89 84 89 87 86 87 86 84
92 20 95 20 95 22 92 22 92 20
36 64 39 64 39 68 36 68 36 64
31 83 35 83 35 86 31 86 31 83
20 28 23 28 23 30 20 30 20 28
33 14 37 14 37 18 33 18 33 14
46 22 49 22 49 25 46 25 46 22
7 2 9 2 9 6 7 6 7 2
19 44 22 44 22 47 19 47 19 44
9 43 12 43 12 45 9 45 9 43
26 75 29 75 29 77 26 77 26 75
3 45 6 45 6 49 3 49 3 45
59 78 61 78 61 80 59 80 59 78
80 23 82 23 82 25 80 25 80 23
22 73 25 73 25 75 22 75 22 73
18 84 20 84 20 88 18 88 18 84
27 17 30 17 30 21 27 21 27 17
46 86 48 86 48 89 46 89 46 86
65 63 69 63 69 65 65 65 65 63
40 53 42 53 42 57 40 57 40 53
77 86 81 86 81 88 77 88 77 86
60 46 64 46 64 49 60 49 60 46
30 38 33 38 33 40 30 40 30 38
56 75 59 75 59 77 56 77 56 75
76 13 78 13 78 16 76 16 76 13
43 42 47 42 47 44 43 44 43 42
50 41 52 41 52 44 50 44 50 41
16 78 20 78 20 81 16 81 16 78
91 4 95 4 95 6 91 6 91 4
85 44 87 44 87 47 85 47 85 44
86 90 90 90 90 92 86 92 86 90
52 25 54 25 54 28 52 28 52 25
37 87 41 87 41 90 37 90 37 87
28 4 31 4 31 8 28 8 28 4
82 53 86 53 86 56 82 56 82 53
58 54 61 54 61 57 58 57 58 54
13 86 15 86 15 90 13 90 13 86
6 22 9 22 9 24 6 24 6 22
47 62 51 62 51 66 47 66 47 62
30 68 32 68 32 70 30 70 30 68
22 63 26 63 26 67 22 67 22 63
17 51 19 51 19 53 17 53 17 51
83 70 87 70 87 72 83 72 83 70
92 11 95 11 95 14 92 14 92 11
74 38 76 38 76 40 74 40 74 38
67 27 71 27 71 29 67 29 67 27
90 94 92 94 92 98 90 98 90 94
46 94 48 94 48 96 46 96 46 94
91 26 95 26 95 28 91 28 91 26
53 56 55 56 55 58 53 58 53 56
55 23 57 23 57 25 55 25 55 23
51 22 54 22 54 24 51 24 51 22
77 73 81 73 81 77 77 77 77 73
6 11 8 11 8 15 6 15 6 11
76 47 78 47 78 51 76 51 76 47
71 12 73 12 73 15 71 15 71 12
49 13 51 13 51 15 49 15 49 13
95 42 97 42 97 46 95 46 95 42
93 58 97 58 97 61 93 61 93 58
5 59 9 59 9 61 5 61 5 59
71 55 73 55 73 57 71 57 71 55
73 94 77 94 77 97 73 97 73 94
37 38 41 38 41 42 37 42 37 38
12 2 14 2 14 6 12 6 12 2
60 32 63 32 63 36 60 36 60 32
92 78 95 78 95 81 92 81 92 78
33 44 36 44 36 48 33 48 33 44
9 27 13 27 13 29 9 29 9 27
18 5 21 5 21 8 18 8 18 5
44 14 47 14 47 17 44 17 44 14
17 18 21 18 21 21 17 21 17 18
33 77 36 77 36 79 33 79 33 77
4 32 6 32 6 34 4 34 4 32
56 83 60 83 60 87 56 87 56 83
37 77 40 77 40 81 37 81 37 77
78 69 82 69 82 72 78 72 78 69
57 67 60 67 60 69 57 69 57 67
89 63 91 63 91 67 89 67 89 63
40 71 43 71 43 75 40 75 40 71
78 94 81 94 81 97 78 97 78 94
64 2 67 2 67 5 64 5 64 2
76 27 79 27 79 29 76 29 76 27
34 93 37 93 37 97 34 97 34 93
8 82 10 82 10 86 8 86 8 82
60 11 63 11 63 14 60 14 60 11
21 34 25 34 25 37 21 37 21 34
61 61 64 61 64 63 61 63 61 61
18 13 21 13 21 16 18 16 18 13
31 73 34 73 34 76 31 76 31 73
7 76 11 76 11 79 7 79 7 76
38 83 41 83 41 85 38 85 38 83
15 94 18 94 18 98 15 98 15 94
90 54 94 54 94 56 90 56 90 54
4 67 8 67 8 69 4 69 4 67
51 16 55 16 55 19 51 19 51 16
25 42 28 42 28 46 25 46 25 42
37 52 39 52 39 54 37 54 37 52
83 7 86 7 86 11 83 11 83 7
88 41 91 41 91 43 88 43 88 41
57 59 60 59 60 61 57 61 57 59
72 89 76 89 76 93 72 93 72 89
90 68 94 68 94 71 90 71 90 68
82 28 86 28 86 31 82 31 82 28
65 83 69 83 69 85 65 85 65 83
67 11 70 11 70 14 67 14 67 11
48 32 52 32 52 35 48 35 48 32
75 18 79 18 79 20 75 20 75 18
53 6 55 6 55 9 53 9 53 6
83 34 86 34 86 37 83 37 83 34
44 79 46 79 46 82 44 82 44 79
90 85 92 85 92 88 90 88 90 85
15 73 19 73 19 77 15 77 15 73
11 23 15 23 15 26 11 26 11 23
58 91 62 91 62 94 58 94 58 91
43 4 46 4 46 8 43 8 43 4
37 2 40 2 40 6 37 6 37 2
71 30 75 30 75 32 71 32 71 30
54 65 56 65 56 69 54 69 54 65
56 70 59 70 59 73 56 73 56 70
25 27 28 27 28 29 25 29 25 27
48 81 50 81 50 84 48 84 48 81
11 8 14 8 14 11 11 11 11 8
14 18 16 18 16 21 14 21 14 18
34 60 38 60 38 62 34 62 34 60
28 93 30 93 30 97 28 97 28 93
62 17 65 17 65 21 62 21 62 17
28 13 31 13 31 16 28 16 28 13
74 71 76 71 76 74 74 74 74 71
94 74 97 74 97 77 94 77 94 74
48 67 51 67 51 69 48 69 48 67
68 79 71 79 71 82 68 82 68 79
83 2 87 2 87 4 83 4 83 2
27 31 30 31 30 34 27 34 27 31
16 63 19 63 19 66 16 66 16 63
23 55 25 55 25 58 23 58 23 55
29 45 32 45 32 47 29 47 29 45
71 63 75 63 75 67 71 67 71 63
15 40 17 40 17 44 15 44 15 40
3 53 7 53 7 56 3 56 3 53
72 79 76 79 76 82 72 82 72 79
8 70 12 70 12 74 8 74 8 70
47 6 50 6 50 8 47 8 47 6
75 21 78 21 78 24 75 24 75 21
64 7 68 7 68 9 64 9 64 7
78 6 81 6 81 9 78 9 78 6
42 93 44 93 44 96 42 96 42 93
94 34 96 34 96 37 94 37 94 34
58 23 60 23 60 26 58 26 58 23
5 86 7 86 7 90 5 90 5 86
23 38 27 38 27 41 23 41 23 38
42 38 44 38 44 40 42 40 42 38
25 8 27 8 27 10 25 10 25 8
94 29 96 29 96 31 94 31 94 29
68 71 70 71 70 73 68 73 68 71
70 45 72 45 72 49 70 49 70 45
19 38 21 38 21 40 19 40 19 38
93 85 96 85 96 88 93 88 93 85
57 40 61 40 61 44 57 44 57 40
52 90 54 90 54 94 52 94 52 90
43 45 45 45 45 48 43 48 43 45
82 14 85 14 85 18 82 18 82 14
63 27 66 27 66 30 63 30 63 27
38 19 40 19 40 22 38 22 38 19
30 56 33 56 33 59 30 59 30 56
53 78 55 78 55 80 53 80 53 78
67 31 69 31 69 35 67 35 67 31
20 69 24 69 24 71 20 71 20 69
69 50 71 50 71 54 69 54 69 50
79 55 81 55 81 57 79 57 79 55
30 25 32 25 32 27 30 27 30 25
6 62 10 62 10 64 6 64 6 62
3 95 6 95 6 97 3 97 3 95
14 32 16 32 16 35 14 35 14 32
68 18 72 18 72 20 68 20 68 18
84 93 86 93 86 97 84 97 84 93
52 48 56 48 56 50 52 50 52 48
87 28 90 28 90 32 87 32 87 28
4 71 6 71 6 75 4 75 4 71
91 15 93 15 93 17 91 17 91 15
32 4 34 4 34 8 32 8 32 4
3 17 5 17 5 21 3 21 3 17
57 19 60 19 60 21 57 21 57 19
84 78 86 78 86 81 84 81 84 78
21 60 25 60 25 62 21 62 21 60
17 90 19 90 19 93 17 93 17 90
95 91 98 91 98 94 95 94 95 91
88 35 90 35 90 37 88 37 88 35
26 48 30 48 30 50 26 50 26 48
63 24 66 24 66 26 63 26 63 24
49 73 53 73 53 76 49 76 49 73
86 19 90 19 90 22 86 22 86 19
21 91 23 91 23 95 21 95 21 91
93 49 96 49 96 53 93 53 93 49
43 52 45 52 45 56 43 56 43 52
24 16 26 16 26 20 24 20 24 16
65 41 67 41 67 45 65 45 65 41
20 49 23 49 23 52 20 52 20 49
55 29 58 29 58 32 55 32 55 29
80 64 82 64 82 66 80 66 80 64
14 47 18 47 18 50 14 50 14 47
61 8 63 8 63 10 61 10 61 8
16 60 19 60 19 62 16 62 16 60
58 5 62 5 62 7 58 7 58 5
46 71 48 71 48 74 46 74 46 71
51 51 53 51 53 55 51 55 51 51
69 7 73 7 73 10 69 10 69 7
86 59 88 59 88 62 86 62 86 59
77 39 81 39 81 41 77 41 77 39
80 78 83 78 83 81 80 81 80 78
69 68 71 68 71 70 69 70 69 68
23 21 26 21 26 25 23 25 23 21
83 90 85 90 85 92 83 92 83 90
89 44 93 44 93 48 89 48 89 44
42 76 45 76 45 78 42 78 42 76
66 87 69 87 69 90 66 90 66 87
11 64 14 64 14 68 11 68 11 64
73 34 77 34 77 36 73 36 73 34
48 3 52 3 52 5 48 5 48 3
74 2 78 2 78 5 74 5 74 2
41 24 43 24 43 26 41 26 41 24
77 43 81 43 81 45 77 45 77 43
34 30 36 30 36 32 34 32 34 30
2 41 4 41 4 43 2 43 2 41
8 54 11 54 11 57 8 57 8 54
65 57 68 57 68 60 65 60 65 57
32 89 35 89 35 91 32 91 32 89
21 85 23 85 23 87 21 87 21 85
78 91 80 91 80 93 78 93 78 91
28 51 30 51 30 55 28 55 28 51
71 21 73 21 73 23 71 23 71 21
48 46 50 46 50 48 48 48 48 46
93 82 96 82 96 84 93 84 93 82
8 30 10 30 10 34 8 34 8 30
39 11 41 11 41 13 39 13 39 11
87 10 91 10 91 12 87 12 87 10
87 49 89 49 89 53 87 53 87 49
33 67 35 67 35 69 33 69 33 67
44 31 46 31 46 35 44 35 44 31
19 22 21 22 21 26 19 26 19 22
87 75 89 75 89 77 87 77 87 75
61 68 64 68 64 71 61 71 61 68
15 36 17 36 17 38 15 38 15 36
91 30 93 30 93 33 91 33 91 30
50 86 53 86 53 88 50 88 50 86
66 37 70 37 70 40 66 40 66 37
4 82 7 82 7 85 4 85 4 82
85 38 87 38 87 42 85 42 85 38
51 10 54 10 54 12 51 12 51 10
63 51 65 51 65 55 63 55 63 51
28 81 30 81 30 85 28 85 28 81
