8 2 12 2 12 4 8 4 8 2
84 69 88 69 88 71 84 71 84 69
81 42 85 42 85 45 81 45 81 42
10 8 13 8 13 11 10 11 10 8
14 95 18 95 18 98 14 98 14 95
69 2 73 2 73 5 69 5 69 2
5 64 9 64 9 67 5 67 5 64
63 53 66 53 66 56 63 56 63 53
22 79 24 79 24 82 22 82 22 79
87 34 89 34 89 38 87 38 87 34
30 41 34 41 34 45 30 45 30 41
43 17 45 17 45 19 43 19 43 17
19 70 21 70 21 74 19 74 19 70
95 80 97 80 97 83 95 83 95 80
60 84 64 84 64 86 60 86 60 84
63 96 66 96 66 98 63 98 63 96
31 11 34 11 34 14 31 14 31 11
53 23 57 23 57 26 53 26 53 23
41 48 44 48 44 50 41 50 41 48
39 4 42 4 42 7 39 7 39 4
82 74 85 74 85 76 82 76 82 74
70 42 72 42 72 46 70 46 70 42
53 50 55 50 55 53 53 53 53 50
46 11 49 11 49 15 46 15 46 11
67 70 70 70 70 74 67 74 67 70
68 35 71 35 71 39 68 39 68 35
10 26 14 26 14 30 10 30 10 26
68 94 70 94 70 98 68 98 68 94
45 47 47 47 47 49 45 49 45 47
45 32 49 32 49 35 45 35 45 32
77 74 80 74 80 76 77 76 77 74
44 87 46 87 46 91 44 91 44 87
22 60 26 60 26 62 22 62 22 60
44 42 48 42 48 44 44 44 44 42
75 57 77 57 77 61 75 61 75 57
12 77 15 77 15 81 12 81 12 77
95 35 98 35 98 37 95 37 95 35
57 73 59 73 59 77 57 77 57 73
31 48 33 48 33 51 31 51 31 48
86 26 90 26 90 29 86 29 86 26
4 44 8 44 8 47 4 47 4 44
36 27 38 27 38 30 36 30 36 27
61 77 64 77 64 80 61 80 61 77
13 36 16 36 16 38 13 38 13 36
51 60 53 60 53 62 51 62 51 60
33 89 36 89 36 92 33 92 33 89
37 93 39 93 39 97 37 97 37 93
20 19 22 19 22 21 20 21 20 19
6 49 10 49 10 51 6 51 6 49
27 59 30 59 30 61 27 61 27 59
95 8 97 8 97 11 95 11 95 8
91 62 93 62 93 65 91 65 91 62
81 83 84 83 84 86 81 86 81 83
63 29 67 29 67 32 63 32 63 29
31 65 33 65 33 68 31 68 31 65
28 20 30 20 30 24 28 24 28 20
83 37 86 37 86 39 83 39 83 37
29 94 32 94 32 98 29 98 29 94
64 62 66 62 66 65 64 65 64 62
4 24 8 24 8 27 4 27 4 24
62 72 66 72 66 75 62 75 62 72
40 65 43 65 43 69 40 69 40 65
23 23 26 23 26 25 23 25 23 23
80 50 84 50 84 54 80 54 80 50
75 19 78 19 78 23 75 23 75 19
92 27 94 27 94 29 92 29 92 27
92 89 94 89 94 93 92 93 92 89
12 86 14 86 14 90 12 90 12 86
86 82 88 82 88 84 86 84 86 82
84 47 87 47 87 49 84 49 84 47
66 84 69 84 69 86 66 86 66 84
4 85 8 85 8 89 4 89 4 85
86 90 90 90 90 93 86 93 86 90
73 42 76 42 76 46 73 46 73 42
90 3 93 3 93 5 90 5 90 3
19 11 23 11 23 14 19 14 19 11
96 72 98 72 98 74 96 74 96 72
58 6 62 6 62 10 58 10 58 6
90 34 93 34 93 38 90 38 90 34
77 78 81 78 81 80 77 80 77 78
81 26 83 26 83 28 81 28 81 26
36 13 40 13 40 16 36 16 36 13
20 34 22 34 22 38 20 38 20 34
62 45 66 45 66 47 62 47 62 45
45 26 48 26 48 28 45 28 45 26
70 20 73 20 73 22 70 22 70 20
72 38 74 38 74 40 72 40 72 38
17 25 20 25 20 28 17 28 17 25
66 20 69 20 69 23 66 23 66 20
36 52 38 52 38 56 36 56 36 52
24 84 27 84 27 88 24 88 24 84
9 34 12 34 12 36 9 36 9 34
86 5 88 5 88 9 86 9 86 5
85 16 88 16 88 20 85 20 85 16
26 38 29 38 29 40 26 40 26 38
76 82 80 82 80 85 76 85 76 82
16 63 18 63 18 66 16 66 16 63
68 24 72 24 72 27 68 27 68 24
52 83 55 83 55 87 52 87 52 83
39 80 42 80 42 82 39 82 39 80
18 41 20 41 20 43 18 43 18 41
33 23 35 23 35 25 33 25 33 23
67 62 69 62 69 66 67 66 67 62
45 83 48 83 48 86 45 86 45 83
74 47 76 47 76 51 74 51 74 47
28 15 31 15 31 19 28 19 28 15
33 78 36 78 36 82 33 82 33 78
59 93 61 93 61 96 59 96 59 93
37 87 39 87 39 89 37 89 37 87
39 83 43 83 43 86 39 86 39 83
21 45 23 45 23 47 21 47 21 45
28 72 31 72 31 76 28 76 28 72
56 49 60 49 60 53 56 53 56 49
21 40 23 40 23 43 21 43 21 40
81 65 85 65 85 68 81 68 81 65
53 66 57 66 57 70 53 70 53 66
77 92 80 92 80 95 77 95 77 92
41 39 44 39 44 41 41 41 41 39
31 34 33 34 33 37 31 37 31 34
17 80 19 80 19 82 17 82 17 80
81 2 85 2 85 4 81 4 81 2
28 88 32 88 32 92 28 92 28 88
61 66 65 66 65 68 61 68 61 66
30 3 34 3 34 7 30 7 30 3
49 54 52 54 52 57 49 57 49 54
25 26 29 26 29 30 25 30 25 26
70 78 74 78 74 81 70 81 70 78
80 8 82 8 82 11 80 11 80 8
62 16 64 16 64 19 62 19 62 16
92 84 96 84 96 86 92 86 92 84
23 17 25 17 25 19 23 19 23 17
90 71 93 71 93 74 90 74 90 71
74 66 78 66 78 70 74 70 74 66
83 6 85 6 85 8 83 8 83 6
78 61 81 61 81 63 78 63 78 61
73 62 77 62 77 65 73 65 73 62
50 8 53 8 53 11 50 11 50 8
5 96 9 96 9 98 5 98 5 96
3 31 7 31 7 35 3 35 3 31
6 16 10 16 10 19 6 19 6 16
71 85 75 85 75 87 71 87 71 85
43 8 47 8 47 10 43 10 43 8
2 10 6 10 6 12 2 12 2 10
44 54 47 54 47 57 44 57 44 54
74 3 78 3 78 7 74 7 74 3
37 32 39 32 39 36 37 36 37 32
19 93 22 93 22 97 19 97 19 93
40 27 42 27 42 30 40 30 40 27
78 14 80 14 80 16 78 16 78 14
87 78 90 78 90 80 87 80 87 78
81 95 83 95 83 98 81 98 81 95
81 46 83 46 83 48 81 48 81 46
40 22 44 22 44 25 40 25 40 22
74 10 76 10 76 14 74 14 74 10
26 95 28 95 28 97 26 97 26 95
45 20 47 20 47 22 45 22 45 20
5 78 7 78 7 80 5 80 5 78
54 17 56 17 56 19 54 19 54 17
42 61 46 61 46 63 42 63 42 61
81 31 83 31 83 35 81 35 81 31
41 94 45 94 45 97 41 97 41 94
21 75 25 75 25 77 21 77 21 75
92 56 94 56 94 58 92 58 92 56
93 39 96 39 96 41 93 41 93 39
85 23 87 23 87 25 85 25 85 23
86 74 88 74 88 77 86 77 86 74
4 38 6 38 6 41 4 41 4 38
94 94 98 94 98 98 94 98 94 94
69 48 72 48 72 50 69 50 69 48
59 41 62 41 62 44 59 44 59 41
13 23 15 23 15 25 13 25 13 23
17 55 21 55 21 57 17 57 17 55
34 60 37 60 37 64 34 64 34 60
71 51 73 51 73 54 71 54 71 51
60 56 62 56 62 59 60 59 60 56
2 5 6 5 6 7 2 7 2 5
10 13 12 13 12 15 10 15 10 13
13 43 16 43 16 47 13 47 13 43
41 33 43 33 43 36 41 36 41 33
20 6 22 6 22 9 20 9 20 6
69 9 72 9 72 13 69 13 69 9
87 10 89 10 89 13 87 13 87 10
72 72 74 72 74 74 72 74 72 72
94 67 96 67 96 71 94 71 94 67
28 49 30 49 30 51 28 51 28 49
2 48 4 48 4 50 2 50 2 48
14 3 16 3 16 6 14 6 14 3
55 41 58 41 58 45 55 45 55 41
23 2 26 2 26 6 23 6 23 2
8 55 11 55 11 58 8 58 8 55
79 17 81 17 81 21 79 21 79 17
54 92 57 92 57 96 54 96 54 92
24 52 26 52 26 54 24 54 24 52
18 48 22 48 22 52 18 52 18 48
54 63 58 63 58 65 54 65 54 63
34 69 38 69 38 71 34 71 34 69
14 51 16 51 16 55 14 55 14 51
52 4 54 4 54 6 52 6 52 4
93 50 97 50 97 52 93 52 93 50
88 44 90 44 90 47 88 47 88 44
94 16 97 16 97 20 94 20 94 16
46 66 50 66 50 69 46 69 46 66
69 67 73 67 73 69 69 69 69 67
60 31 62 31 62 35 60 35 60 31
73 88 76 88 76 92 73 92 73 88
47 93 51 93 51 95 47 95 47 93
61 13 65 13 65 15 61 15 61 13
37 8 39 8 39 11 37 11 37 8
95 5 98 5 98 7 95 7 95 5
51 42 54 42 54 45 51 45 51 42
49 79 53 79 53 82 49 82 49 79
82 17 84 17 84 19 82 19 82 17
66 15 70 15 70 17 66 17 66 15
86 58 89 58 89 61 86 61 86 58
83 10 86 10 86 12 83 12 83 10
14 8 17 8 17 11 14 11 14 8
51 12 54 12 54 15 51 15 51 12
23 32 27 32 27 35 23 35 23 32
36 23 38 23 38 26 36 26 36 23
76 37 79 37 79 40 76 40 76 37
6 59 8 59 8 62 6 62 6 59
65 33 67 33 67 35 65 35 65 33
56 60 59 60 59 62 56 62 56 60
56 37 59 37 59 39 56 39 56 37
24 9 28 9 28 11 24 11 24 9
63 37 67 37 67 41 63 41 63 37
46 36 48 36 48 39 46 39 46 36
38 76 42 76 42 78 38 78 38 76
80 71 82 71 82 73 80 73 80 71
36 43 39 43 39 45 36 45 36 43
89 15 91 15 91 19 89 19 89 15
62 90 66 90 66 93 62 93 62 90
33 72 37 72 37 74 33 74 33 72
50 33 54 33 54 35 50 35 50 33
5 72 7 72 7 74 5 74 5 72
50 38 52 38 52 40 50 40 50 38
32 56 35 56 35 59 32 59 32 56
77 87 80 87 80 90 77 90 77 87
15 12 18 12 18 15 15 15 15 12
49 49 51 49 51 53 49 53 49 49
95 89 98 89 98 91 95 91 95 89
69 56 71 56 71 59 69 59 69 56
95 45 97 45 97 47 95 47 95 45
14 48 17 48 17 50 14 50 14 48
4 68 7 68 7 71 4 71 4 68
2 91 6 91 6 93 2 93 2 91
14 32 18 32 18 35 14 35 14 32
73 15 76 15 76 18 73 18 73 15
44 77 46 77 46 80 44 80 44 77
63 3 67 3 67 6 63 6 63 3
