12 32 14 32 14 35 12 35 12 32
68 80 70 80 70 82 68 82 68 80
96 11 98 11 98 14 96 14 96 11
18 70 22 70 22 72 18 72 18 70
61 70 63 70 63 72 61 72 61 70
37 64 41 64 41 67 37 67 37 64
88 57 90 57 90 60 88 60 88 57
79 26 83 26 83 30 79 30 79 26
38 33 41 33 41 37 38 37 38 33
70 44 73 44 73 48 70 48 70 44
40 90 44 90 44 93 40 93 40 90
55 12 58 12 58 15 55 15 55 12
11 62 15 62 15 64 11 64 11 62
89 89 91 89 91 93 89 93 89 89
23 61 25 61 25 65 23 65 23 61
61 14 63 14 63 18 61 18 61 14
58 74 62 74 62 78 58 78 58 74
64 37 66 37 66 41 64 41 64 37
34 45 38 45 38 48 34 48 34 45
58 8 62 8 62 11 58 11 58 8
71 40 74 40 74 43 71 43 71 40
30 31 33 31 33 35 30 35 30 31
92 73 95 73 95 77 92 77 92 73
88 75 91 75 91 79 88 79 88 75
50 84 52 84 52 87 50 87 50 84
21 25 24 25 24 28 21 28 21 25
7 80 11 80 11 84 7 84 7 80
93 29 97 29 97 31 93 31 93 29
3 86 7 86 7 89 3 89 3 86
62 27 64 27 64 30 62 30 62 27
11 85 13 85 13 87 11 87 11 85
61 34 65 34 65 36 61 36 61 34
14 11 17 11 17 14 14 14 14 11
73 88 77 88 77 92 73 92 73 88
18 90 20 90 20 93 18 93 18 90
76 93 79 93 79 95 76 95 76 93
20 51 22 51 22 54 20 54 20 51
37 78 40 78 40 81 37 81 37 78
41 53 43 53 43 55 41 55 41 53
87 41 89 41 89 45 87 45 87 41
52 20 54 20 54 23 52 23 52 20
9 23 11 23 11 27 9 27 9 23
13 45 17 45 17 48 13 48 13 45
38 61 41 61 41 63 38 63 38 61
13 79 16 79 16 83 13 83 13 79
57 56 61 56 61 60 57 60 57 56
10 29 14 29 14 31 10 31 10 29
70 73 72 73 72 77 70 77 70 73
94 36 96 36 96 39 94 39 94 36
85 80 87 80 87 83 85 83 85 80
32 5 35 5 35 7 32 7 32 5
35 28 37 28 37 31 35 31 35 28
2 39 6 39 6 41 2 41 2 39
76 76 79 76 79 78 76 78 76 76
17 33 19 33 19 35 17 35 17 33
14 73 17 73 17 75 14 75 14 73
65 11 68 11 68 13 65 13 65 11
87 19 89 19 89 22 87 22 87 19
25 92 28 92 28 95 25 95 25 92
41 94 43 94 43 96 41 96 41 94
71 22 75 22 75 25 71 25 71 22
56 63 60 63 60 67 56 67 56 63
36 19 38 19 38 21 36 21 36 19
31 42 33 42 33 45 31 45 31 42
62 2 66 2 66 5 62 5 62 2
2 14 5 14 5 17 2 17 2 14
83 14 86 14 86 18 83 18 83 14
77 60 79 60 79 62 77 62 77 60
79 41 81 41 81 43 79 43 79 41
83 54 86 54 86 56 83 56 83 54
57 68 60 68 60 71 57 71 57 68
96 8 98 8 98 10 96 10 96 8
48 96 50 96 50 98 48 98 48 96
50 33 52 33 52 37 50 37 50 33
37 55 39 55 39 59 37 59 37 55
29 79 31 79 31 82 29 82 29 79
32 55 35 55 35 59 32 59 32 55
62 64 64 64 64 67 62 67 62 64
60 43 62 43 62 46 60 46 60 43
77 22 81 22 81 24 77 24 77 22
8 91 11 91 11 93 8 93 8 91
46 14 50 14 50 17 46 17 46 14
94 15 96 15 96 19 94 19 94 15
41 13 43 13 43 16 41 16 41 13
57 89 60 89 60 91 57 91 57 89
13 65 15 65 15 69 13 69 13 65
38 73 40 73 40 76 38 76 38 73
51 7 55 7 55 10 51 10 51 7
78 10 82 10 82 12 78 12 78 10
43 28 46 28 46 31 43 31 43 28
13 49 15 49 15 52 13 52 13 49
72 35 74 35 74 37 72 37 72 35
8 65 11 65 11 67 8 67 8 65
73 63 77 63 77 66 73 66 73 63
52 49 54 49 54 53 52 53 52 49
17 60 19 60 19 63 17 63 17 60
90 18 93 18 93 20 90 20 90 18
13 93 17 93 17 95 13 95 13 93
25 56 29 56 29 59 25 59 25 56
44 61 47 61 47 65 44 65 44 61
51 15 54 15 54 19 51 19 51 15
78 68 80 68 80 72 78 72 78 68
82 57 86 57 86 60 82 60 82 57
89 8 92 8 92 10 89 10 89 8
41 77 45 77 45 79 41 79 41 77
87 23 91 23 91 26 87 26 87 23
22 93 24 93 24 95 22 95 22 93
63 50 65 50 65 53 63 53 63 50
47 32 49 32 49 34 47 34 47 32
25 7 27 7 27 11 25 11 25 7
71 94 75 94 75 96 71 96 71 94
82 96 84 96 84 98 82 98 82 96
6 54 10 54 10 58 6 58 6 54
29 72 31 72 31 76 29 76 29 72
47 53 49 53 49 55 47 55 47 53
12 2 15 2 15 4 12 4 12 2
27 36 30 36 30 38 27 38 27 36
8 16 11 16 11 19 8 19 8 16
31 28 33 28 33 30 31 30 31 28
6 44 9 44 9 46 6 46 6 44
64 94 68 94 68 96 64 96 64 94
67 64 70 64 70 66 67 66 67 64
90 94 94 94 94 98 90 98 90 94
52 54 54 54 54 58 52 58 52 54
18 95 21 95 21 98 18 98 18 95
57 24 60 24 60 26 57 26 57 24
19 5 22 5 22 8 19 8 19 5
4 68 7 68 7 70 4 70 4 68
35 14 39 14 39 16 35 16 35 14
71 80 73 80 73 83 71 83 71 80
80 78 84 78 84 82 80 82 80 78
19 80 22 80 22 83 19 83 19 80
94 60 97 60 97 63 94 63 94 60
54 27 58 27 58 31 54 31 54 27
55 37 59 37 59 40 55 40 55 37
47 91 50 91 50 93 47 93 47 91
83 66 86 66 86 70 83 70 83 66
94 43 98 43 98 45 94 45 94 43
2 43 4 43 4 46 2 46 2 43
58 79 60 79 60 83 58 83 58 79
46 71 49 71 49 74 46 74 46 71
31 15 34 15 34 17 31 17 31 15
12 6 15 6 15 9 12 9 12 6
25 82 28 82 28 86 25 86 25 82
26 87 30 87 30 89 26 89 26 87
73 18 77 18 77 20 73 20 73 18
42 18 46 18 46 22 42 22 42 18
29 60 32 60 32 64 29 64 29 60
96 53 98 53 98 57 96 57 96 53
28 67 30 67 30 70 28 70 28 67
20 46 23 46 23 49 20 49 20 46
47 79 49 79 49 83 47 83 47 79
83 48 86 48 86 51 83 51 83 48
5 90 7 90 7 94 5 94 5 90
30 10 32 10 32 12 30 12 30 10
59 50 62 50 62 53 59 53 59 50
20 55 23 55 23 59 20 59 20 55
36 9 38 9 38 11 36 11 36 9
20 66 24 66 24 69 20 69 20 66
4 51 6 51 6 53 4 53 4 51
18 9 22 9 22 13 18 13 18 9
20 37 23 37 23 39 20 39 20 37
71 14 73 14 73 16 71 16 71 14
12 17 16 17 16 21 12 21 12 17
85 95 87 95 87 98 85 98 85 95
52 43 56 43 56 47 52 47 52 43
33 37 35 37 35 40 33 40 33 37
31 21 33 21 33 23 31 23 31 21
2 31 5 31 5 35 2 35 2 31
93 87 97 87 97 89 93 89 93 87
84 71 87 71 87 73 84 73 84 71
69 67 71 67 71 70 69 70 69 67
88 51 92 51 92 53 88 53 88 51
83 91 87 91 87 94 83 94 83 91
5 2 9 2 9 4 5 4 5 2
21 75 24 75 24 77 21 77 21 75
38 23 40 23 40 25 38 25 38 23
74 2 77 2 77 4 74 4 74 2
40 29 42 29 42 32 40 32 40 29
32 70 34 70 34 74 32 74 32 70
71 28 74 28 74 30 71 30 71 28
47 3 51 3 51 6 47 6 47 3
35 88 39 88 39 91 35 91 35 88
87 11 89 11 89 14 87 14 87 11
54 83 56 83 56 86 54 86 54 83
25 71 27 71 27 74 25 74 25 71
51 74 54 74 54 77 51 77 51 74
39 41 43 41 43 45 39 45 39 41
25 40 29 40 29 42 25 42 25 40
5 95 7 95 7 97 5 97 5 95
32 25 35 25 35 27 32 27 32 25
17 17 19 17 19 21 17 21 17 17
47 42 50 42 50 44 47 44 47 42
28 3 31 3 31 7 28 7 28 3
34 49 37 49 37 52 34 52 34 49
67 52 69 52 69 56 67 56 67 52
31 92 33 92 33 95 31 95 31 92
74 6 77 6 77 8 74 8 74 6
17 28 19 28 19 30 17 30 17 28
40 58 43 58 43 60 40 60 40 58
50 68 53 68 53 72 50 72 50 68
27 53 30 53 30 55 27 55 27 53
36 4 39 4 39 6 36 6 36 4
16 42 19 42 19 44 16 44 16 42
47 22 50 22 50 24 47 24 47 22
54 94 57 94 57 98 54 98 54 94
57 42 59 42 59 44 57 44 57 42
81 61 85 61 85 65 81 65 81 61
36 94 38 94 38 98 36 98 36 94
7 8 11 8 11 12 7 12 7 8
56 21 60 21 60 23 56 23 56 21
21 90 23 90 23 92 21 92 21 90
74 47 78 47 78 49 74 49 74 47
82 84 85 84 85 87 82 87 82 84
51 88 54 88 54 91 51 91 51 88
57 86 60 86 60 88 57 88 57 86
51 62 55 62 55 64 51 64 51 62
15 54 17 54 17 56 15 56 15 54
63 90 65 90 65 93 63 93 63 90
58 17 60 17 60 19 58 19 58 17
14 37 16 37 16 40 14 40 14 37
44 54 46 54 46 58 44 58 44 54
66 44 69 44 69 47 66 47 66 44
90 46 93 46 93 48 90 48 90 46
63 58 65 58 65 62 63 62 63 58
44 8 47 8 47 11 44 11 44 8
67 33 71 33 71 37 67 37 67 33
24 13 27 13 27 16 24 16 24 13
10 75 12 75 12 77 10 77 10 75
78 18 80 18 80 20 78 20 78 18
71 85 74 85 74 87 71 87 71 85
93 81 96 81 96 85 93 85 93 81
76 55 79 55 79 57 76 57 76 55
23 2 26 2 26 4 23 4 23 2
96 48 98 48 98 52 96 52 96 48
2 75 6 75 6 79 2 79 2 75
4 28 8 28 8 30 4 30 4 28
16 4 18 4 18 7 16 7 16 4
22 22 25 22 25 24 22 24 22 22
66 84 70 84 70 86 66 86 66 84
74 50 77 50 77 53 74 53 74 50
68 58 71 58 71 62 68 62 68 58
11 57 14 57 14 60 11 60 11 57
76 44 79 44 79 46 76 46 76 44
84 36 87 36 87 40 84 40 84 36
49 59 52 59 52 61 49 61 49 59
23 31 26 31 26 35 23 35 23 31
39 68 43 68 43 70 39 70 39 68
28 13 30 13 30 16 28 16 28 13
27 46 29 46 29 50 27 50 27 46
