80 19 84 19 84 23 80 23 80 19
79 13 83 13 83 16 79 16 79 13
61 16 63 16 63 20 61 20 61 16
38 27 42 27 42 31 38 31 38 27
78 28 80 28 80 30 78 30 78 28
87 26 91 26 91 29 87 29 87 26
61 27 63 27 63 29 61 29 61 27
33 31 35 31 35 34 33 34 33 31
51 27 53 27 53 29 51 29 51 27
40 43 42 43 42 45 40 45 40 43
28 87 30 87 30 91 28 91 28 87
15 6 17 6 17 8 15 8 15 6
33 72 37 72 37 76 33 76 33 72
10 48 13 48 13 51 10 51 10 48
76 52 78 52 78 56 76 56 76 52
95 14 98 14 98 16 95 16 95 14
15 38 18 38 18 41 15 41 15 38
25 44 28 44 28 47 25 47 25 44
51 72 55 72 55 75 51 75 51 72
45 20 48 20 48 24 45 24 45 20
80 62 84 62 84 65 80 65 80 62
91 85 93 85 93 88 91 88 91 85
21 45 23 45 23 48 21 48 21 45
38 35 42 35 42 37 38 37 38 35
64 31 67 31 67 33 64 33 64 31
84 52 88 52 88 55 84 55 84 52
38 72 42 72 42 76 38 76 38 72
62 51 64 51 64 54 62 54 62 51
52 16 56 16 56 19 52 19 52 16
61 89 63 89 63 93 61 93 61 89
24 26 28 26 28 30 24 30 24 26
27 76 31 76 31 78 27 78 27 76
7 53 11 53 11 55 7 55 7 53
5 67 8 67 8 71 5 71 5 67
40 62 42 62 42 64 40 64 40 62
13 62 16 62 16 64 13 64 13 62
53 36 57 36 57 39 53 39 53 36
27 15 30 15 30 17 27 17 27 15
83 38 86 38 86 41 83 41 83 38
17 16 21 16 21 19 17 19 17 16
30 55 32 55 32 57 30 57 30 55
19 33 22 33 22 36 19 36 19 33
49 59 51 59 51 63 49 63 49 59
13 93 15 93 15 97 13 97 13 93
40 83 42 83 42 85 40 85 40 83
21 53 25 53 25 57 21 57 21 53
71 4 75 4 75 7 71 7 71 4
21 93 24 93 24 96 21 96 21 93
48 90 52 90 52 93 48 93 48 90
55 2 59 2 59 4 55 4 55 2
58 31 60 31 60 35 58 35 58 31
36 7 39 7 39 9 36 9 36 7
69 71 73 71 73 73 69 73 69 71
68 32 70 32 70 36 68 36 68 32
58 94 60 94 60 98 58 98 58 94
4 8 6 8 6 11 4 11 4 8
87 65 90 65 90 68 87 68 87 65
4 19 7 19 7 21 4 21 4 19
74 90 77 90 77 92 74 92 74 90
55 63 59 63 59 65 55 65 55 63
52 52 56 52 56 54 52 54 52 52
13 67 15 67 15 69 13 69 13 67
89 89 91 89 91 93 89 93 89 89
59 73 62 73 62 76 59 76 59 73
2 44 5 44 5 46 2 46 2 44
71 16 75 16 75 19 71 19 71 16
84 57 86 57 86 61 84 61 84 57
91 16 93 16 93 18 91 18 91 16
85 72 88 72 88 75 85 75 85 72
67 26 70 26 70 28 67 28 67 26
45 11 47 11 47 14 45 14 45 11
68 41 71 41 71 44 68 44 68 41
70 76 73 76 73 79 70 79 70 76
73 23 76 23 76 25 73 25 73 23
42 2 45 2 45 5 42 5 42 2
31 90 33 90 33 93 31 93 31 90
94 6 96 6 96 8 94 8 94 6
20 77 24 77 24 81 20 81 20 77
76 39 79 39 79 43 76 43 76 39
62 5 65 5 65 9 62 9 62 5
87 57 91 57 91 61 87 61 87 57
81 86 84 86 84 89 81 89 81 86
26 50 30 50 30 52 26 52 26 50
62 11 65 11 65 13 62 13 62 11
9 23 13 23 13 25 9 25 9 23
9 78 12 78 12 81 9 81 9 78
70 38 73 38 73 40 70 40 70 38
49 37 51 37 51 41 49 41 49 37
42 15 45 15 45 18 42 18 42 15
50 10 52 10 52 13 50 13 50 10
44 63 48 63 48 66 44 66 44 63
56 43 58 43 58 47 56 47 56 43
95 45 98 45 98 49 95 49 95 45
34 63 37 63 37 66 34 66 34 63
16 67 20 67 20 69 16 69 16 67
41 48 45 48 45 52 41 52 41 48
94 52 97 52 97 56 94 56 94 52
96 65 98 65 98 69 96 69 96 65
33 22 37 22 37 26 33 26 33 22
94 26 98 26 98 30 94 30 94 26
29 2 31 2 31 6 29 6 29 2
36 85 39 85 39 88 36 88 36 85
80 44 83 44 83 47 80 47 80 44
62 83 65 83 65 85 62 85 62 83
4 91 7 91 7 94 4 94 4 91
56 21 59 21 59 23 56 23 56 21
65 70 67 70 67 74 65 74 65 70
4 73 7 73 7 76 4 76 4 73
94 77 97 77 97 81 94 81 94 77
10 40 12 40 12 44 10 44 10 40
33 3 35 3 35 6 33 6 33 3
52 78 54 78 54 82 52 82 52 78
73 57 77 57 77 60 73 60 73 57
92 39 95 39 95 43 92 43 92 39
41 89 45 89 45 91 41 91 41 89
53 93 55 93 55 97 53 97 53 93
36 15 39 15 39 18 36 18 36 15
92 36 95 36 95 38 92 38 92 36
25 41 28 41 28 43 25 43 25 41
74 31 76 31 76 35 74 35 74 31
25 62 28 62 28 65 25 65 25 62
27 71 29 71 29 73 27 73 27 71
66 81 69 81 69 84 66 84 66 81
13 32 16 32 16 36 13 36 13 32
46 95 50 95 50 98 46 98 46 95
15 47 19 47 19 49 15 49 15 47
2 3 6 3 6 5 2 5 2 3
85 80 89 80 89 82 85 82 85 80
13 76 15 76 15 79 13 79 13 76
8 82 10 82 10 86 8 86 8 82
85 14 89 14 89 18 85 18 85 14
94 88 96 88 96 92 94 92 94 88
13 42 15 42 15 46 13 46 13 42
91 79 93 79 93 83 91 83 91 79
6 60 8 60 8 63 6 63 6 60
48 6 51 6 51 9 48 9 48 6
30 19 32 19 32 23 30 23 30 19
69 46 71 46 71 49 69 49 69 46
82 90 84 90 84 93 82 93 82 90
85 5 88 5 88 7 85 7 85 5
55 6 58 6 58 10 55 10 55 6
34 96 37 96 37 98 34 98 34 96
81 83 84 83 84 85 81 85 81 83
49 84 52 84 52 88 49 88 49 84
47 77 51 77 51 80 47 80 47 77
8 27 10 27 10 29 8 29 8 27
23 19 25 19 25 21 23 21 23 19
74 74 76 74 76 77 74 77 74 74
59 41 61 41 61 45 59 45 59 41
43 78 46 78 46 82 43 82 43 78
6 12 8 12 8 16 6 16 6 12
32 81 34 81 34 84 32 84 32 81
52 56 54 56 54 60 52 60 52 56
32 38 36 38 36 40 32 40 32 38
17 12 19 12 19 14 17 14 17 12
25 6 28 6 28 9 25 9 25 6
85 95 88 95 88 98 85 98 85 95
13 70 17 70 17 74 13 74 13 70
94 17 96 17 96 21 94 21 94 17
25 88 27 88 27 90 25 90 25 88
29 33 32 33 32 35 29 35 29 33
16 56 19 56 19 59 16 59 16 56
16 75 19 75 19 77 16 77 16 75
63 59 65 59 65 62 63 62 63 59
69 58 72 58 72 61 69 61 69 58
71 32 73 32 73 35 71 35 71 32
18 27 21 27 21 31 18 31 18 27
3 31 6 31 6 35 3 35 3 31
23 12 26 12 26 15 23 15 23 12
65 53 68 53 68 55 65 55 65 53
89 73 91 73 91 77 89 77 89 73
70 92 72 92 72 96 70 96 70 92
54 11 56 11 56 14 54 14 54 11
44 67 48 67 48 71 44 71 44 67
33 43 36 43 36 46 33 46 33 43
21 68 25 68 25 71 21 71 21 68
66 62 69 62 69 66 66 66 66 62
81 74 84 74 84 76 81 76 81 74
36 3 40 3 40 5 36 5 36 3
4 40 8 40 8 43 4 43 4 40
19 85 21 85 21 89 19 89 19 85
21 64 23 64 23 66 21 66 21 64
94 83 96 83 96 85 94 85 94 83
75 45 79 45 79 49 75 49 75 45
30 26 32 26 32 30 30 30 30 26
93 32 96 32 96 34 93 34 93 32
45 33 49 33 49 35 45 35 45 33
80 67 82 67 82 69 80 69 80 67
64 42 67 42 67 44 64 44 64 42
38 47 40 47 40 50 38 50 38 47
21 22 23 22 23 25 21 25 21 22
61 34 65 34 65 38 61 38 61 34
92 10 94 10 94 12 92 12 92 10
36 59 39 59 39 62 36 62 36 59
81 28 84 28 84 31 81 31 81 28
62 56 65 56 65 58 62 58 62 56
93 71 97 71 97 74 93 74 93 71
15 21 18 21 18 24 15 24 15 21
80 24 83 24 83 26 80 26 80 24
78 6 80 6 80 9 78 9 78 6
2 27 4 27 4 30 2 30 2 27
77 34 81 34 81 36 77 36 77 34
30 11 33 11 33 14 30 14 30 11
75 85 79 85 79 89 75 89 75 85
27 38 30 38 30 40 27 40 27 38
95 59 97 59 97 61 95 61 95 59
48 29 50 29 50 31 48 31 48 29
61 46 64 46 64 49 61 49 61 46
46 46 50 46 50 49 46 49 46 46
42 7 44 7 44 9 42 9 42 7
54 68 57 68 57 71 54 71 54 68
24 32 27 32 27 34 24 34 24 32
12 28 15 28 15 30 12 30 12 28
21 61 24 61 24 63 21 63 21 61
46 73 48 73 48 76 46 76 46 73
89 94 93 94 93 97 89 97 89 94
91 23 95 23 95 25 91 25 91 23
11 18 14 18 14 21 11 21 11 18
84 34 86 34 86 37 84 37 84 34
20 74 22 74 22 76 20 76 20 74
78 10 82 10 82 12 78 12 78 10
12 57 14 57 14 59 12 59 12 57
3 23 5 23 5 25 3 25 3 23
63 67 65 67 65 69 63 69 63 67
29 79 31 79 31 83 29 83 29 79
35 92 37 92 37 94 35 94 35 92
80 54 83 54 83 58 80 58 80 54
51 46 55 46 55 49 51 49 51 46
79 95 81 95 81 98 79 98 79 95
42 54 45 54 45 56 42 56 42 54
58 17 60 17 60 19 58 19 58 17
86 88 88 88 88 92 86 92 86 88
12 52 15 52 15 54 12 54 12 52
88 41 91 41 91 43 88 43 88 41
64 86 68 86 68 90 64 90 64 86
18 7 20 7 20 10 18 10 18 7
11 83 14 83 14 86 11 86 11 83
34 27 37 27 37 29 34 29 34 27
54 86 57 86 57 90 54 90 54 86
39 19 43 19 43 23 39 23 39 19
52 6 54 6 54 9 52 9 52 6
31 58 35 58 35 60 31 60 31 58
20 40 23 40 23 43 20 43 20 40
47 55 49 55 49 57 47 57 47 55
11 88 15 88 15 92 11 92 11 88
9 12 11 12 11 15 9 15 9 12
23 83 25 83 25 85 23 85 23 83
3 56 7 56 7 58 3 58 3 56
32 49 35 49 35 53 32 53 32 49
8 19 10 19 10 21 8 21 8 19
