34 55 37 55 37 57 34 57 34 55
3 55 7 55 7 59 3 59 3 55
25 92 28 92 28 94 25 94 25 92
8 35 12 35 12 38 8 38 8 35
57 31 61 31 61 35 57 35 57 31
72 91 75 91 75 93 72 93 72 91
90 22 92 22 92 24 90 24 90 22
78 27 82 27 82 31 78 31 78 27
83 67 85 67 85 71 83 71 83 67
33 4 37 4 37 7 33 7 33 4
36 46 40 46 40 50 36 50 36 46
80 56 83 56 83 58 80 58 80 56
48 22 51 22 51 26 48 26 48 22
45 9 47 9 47 12 45 12 45 9
37 36 39 36 39 38 37 38 37 36
3 72 6 72 6 74 3 74 3 72
70 86 72 86 72 88 70 88 70 86
90 93 92 93 92 97 90 97 90 93
40 72 42 72 42 74 40 74 40 72
29 24 33 24 33 28 29 28 29 24
46 62 50 62 50 64 46 64 46 62
72 80 74 80 74 82 72 82 72 80
17 20 19 20 19 22 17 22 17 20
92 59 95 59 95 63 92 63 92 59
45 16 48 16 48 19 45 19 45 16
9 61 12 61 12 64 9 64 9 61
33 81 36 81 36 85 33 85 33 81
6 45 9 45 9 48 6 48 6 45
8 56 12 56 12 59 8 59 8 56
37 60 40 60 40 64 37 64 37 60
80 21 84 21 84 25 80 25 80 21
80 60 82 60 82 63 80 63 80 60
76 2 80 2 80 5 76 5 76 2
63 26 67 26 67 29 63 29 63 26
8 8 10 8 10 11 8 11 8 8
57 12 61 12 61 15 57 15 57 12
73 34 76 34 76 37 73 37 73 34
55 25 58 25 58 27 55 27 55 25
85 63 88 63 88 66 85 66 85 63
52 86 55 86 55 88 52 88 52 86
94 88 97 88 97 92 94 92 94 88
88 42 91 42 91 44 88 44 88 42
55 54 57 54 57 57 55 57 55 54
15 11 17 11 17 15 15 15 15 11
75 44 78 44 78 47 75 47 75 44
70 14 72 14 72 18 70 18 70 14
87 58 91 58 91 61 87 61 87 58
53 69 57 69 57 72 53 72 53 69
68 36 71 36 71 40 68 40 68 36
69 44 72 44 72 47 69 47 69 44
2 89 4 89 4 92 2 92 2 89
44 56 47 56 47 59 44 59 44 56
19 44 23 44 23 47 19 47 19 44
13 93 17 93 17 96 13 96 13 93
18 14 22 14 22 17 18 17 18 14
50 48 52 48 52 50 50 50 50 48
17 85 21 85 21 88 17 88 17 85
86 77 88 77 88 80 86 80 86 77
33 93 36 93 36 97 33 97 33 93
28 69 31 69 31 72 28 72 28 69
43 87 47 87 47 90 43 90 43 87
84 94 88 94 88 96 84 96 84 94
72 40 74 40 74 42 72 42 72 40
70 29 72 29 72 33 70 33 70 29
87 8 89 8 89 12 87 12 87 8
25 10 29 10 29 13 25 13 25 10
50 52 54 52 54 54 50 54 50 52
57 4 59 4 59 7 57 7 57 4
33 17 35 17 35 20 33 20 33 17
26 22 28 22 28 25 26 25 26 22
66 53 68 53 68 57 66 57 66 53
5 80 8 80 8 82 5 82 5 80
15 45 18 45 18 47 15 47 15 45
63 73 67 73 67 77 63 77 63 73
77 13 80 13 80 15 77 15 77 13
66 4 70 4 70 7 66 7 66 4
27 19 31 19 31 21 27 21 27 19
79 64 83 64 83 66 79 66 79 64
85 34 88 34 88 36 85 36 85 34
61 50 64 50 64 54 61 54 61 50
51 16 53 16 53 19 51 19 51 16
41 24 44 24 44 28 41 28 41 24
21 19 24 19 24 21 21 21 21 19
20 64 24 64 24 67 20 67 20 64
15 17 17 17 17 19 15 19 15 17
15 37 19 37 19 40 15 40 15 37
18 29 21 29 21 32 18 32 18 29
54 46 58 46 58 48 54 48 54 46
70 58 74 58 74 61 70 61 70 58
5 49 7 49 7 53 5 53 5 49
39 41 42 41 42 45 39 45 39 41
5 40 8 40 8 44 5 44 5 40
94 50 97 50 97 54 94 54 94 50
55 65 58 65 58 67 55 67 55 65
14 53 16 53 16 56 14 56 14 53
93 29 96 29 96 33 93 33 93 29
95 10 97 10 97 14 95 14 95 10
23 51 26 51 26 53 23 53 23 51
4 84 7 84 7 87 4 87 4 84
25 78 27 78 27 80 25 80 25 78
18 55 20 55 20 57 18 57 18 55
51 31 55 31 55 34 51 34 51 31
51 39 55 39 55 43 51 43 51 39
17 23 20 23 20 27 17 27 17 23
23 95 27 95 27 97 23 97 23 95
88 27 91 27 91 31 88 31 88 27
28 39 31 39 31 42 28 42 28 39
80 90 82 90 82 93 80 93 80 90
57 18 61 18 61 21 57 21 57 18
14 67 17 67 17 70 14 70 14 67
85 53 89 53 89 55 85 55 85 53
10 50 14 50 14 52 10 52 10 50
89 81 91 81 91 83 89 83 89 81
89 38 92 38 92 41 89 41 89 38
63 82 67 82 67 86 63 86 63 82
49 92 52 92 52 94 49 94 49 92
48 9 50 9 50 11 48 11 48 9
95 79 98 79 98 81 95 81 95 79
37 90 40 90 40 92 37 92 37 90
51 5 55 5 55 9 51 9 51 5
6 28 10 28 10 30 6 30 6 28
70 20 72 20 72 23 70 23 70 20
25 30 27 30 27 32 25 32 25 30
38 53 40 53 40 57 38 57 38 53
73 23 77 23 77 25 73 25 73 23
62 63 64 63 64 67 62 67 62 63
60 78 64 78 64 80 60 80 60 78
3 23 7 23 7 26 3 26 3 23
63 32 66 32 66 34 63 34 63 32
96 45 98 45 98 49 96 49 96 45
79 50 83 50 83 54 79 54 79 50
90 71 92 71 92 73 90 73 90 71
48 72 50 72 50 75 48 75 48 72
23 33 27 33 27 35 23 35 23 33
59 43 61 43 61 47 59 47 59 43
43 96 47 96 47 98 43 98 43 96
24 46 28 46 28 49 24 49 24 46
24 2 28 2 28 4 24 4 24 2
39 80 42 80 42 83 39 83 39 80
66 66 70 66 70 69 66 69 66 66
17 89 20 89 20 92 17 92 17 89
92 67 96 67 96 69 92 69 92 67
52 61 54 61 54 65 52 65 52 61
28 36 32 36 32 38 28 38 28 36
80 39 83 39 83 43 80 43 80 39
73 66 77 66 77 69 73 69 73 66
45 27 47 27 47 31 45 31 45 27
94 42 97 42 97 44 94 44 94 42
84 37 88 37 88 40 84 40 84 37
61 2 65 2 65 5 61 5 61 2
41 6 45 6 45 8 41 8 41 6
58 75 61 75 61 77 58 77 58 75
42 2 44 2 44 4 42 4 42 2
81 45 83 45 83 49 81 49 81 45
49 79 51 79 51 81 49 81 49 79
78 67 80 67 80 69 78 69 78 67
24 27 27 27 27 29 24 29 24 27
73 5 75 5 75 8 73 8 73 5
67 94 71 94 71 97 67 97 67 94
58 61 61 61 61 63 58 63 58 61
5 91 9 91 9 94 5 94 5 91
95 18 98 18 98 21 95 21 95 18
79 86 83 86 83 88 79 88 79 86
15 73 19 73 19 75 15 75 15 73
63 13 66 13 66 17 63 17 63 13
24 83 26 83 26 85 24 85 24 83
75 60 79 60 79 62 75 62 75 60
79 76 82 76 82 78 79 78 79 76
63 41 67 41 67 44 63 44 63 41
62 19 65 19 65 23 62 23 62 19
83 16 86 16 86 20 83 20 83 16
77 79 79 79 79 81 77 81 77 79
43 34 46 34 46 38 43 38 43 34
27 51 29 51 29 54 27 54 27 51
32 62 36 62 36 66 32 66 32 62
33 74 37 74 37 76 33 76 33 74
67 9 69 9 69 13 67 13 67 9
38 14 40 14 40 18 38 18 38 14
12 4 14 4 14 6 12 6 12 4
71 72 74 72 74 74 71 74 71 72
59 84 61 84 61 88 59 88 59 84
94 6 96 6 96 8 94 8 94 6
11 72 14 72 14 74 11 74 11 72
9 86 12 86 12 89 9 89 9 86
90 50 93 50 93 52 90 52 90 50
38 94 42 94 42 98 38 98 38 94
45 47 49 47 49 51 45 51 45 47
81 32 83 32 83 34 81 34 81 32
89 47 93 47 93 49 89 49 89 47
19 6 21 6 21 8 19 8 19 6
62 56 64 56 64 60 62 60 62 56
28 61 31 61 31 63 28 63 28 61
64 87 67 87 67 90 64 90 64 87
51 76 55 76 55 78 51 78 51 76
10 45 14 45 14 49 10 49 10 45
37 27 40 27 40 30 37 30 37 27
46 93 48 93 48 95 46 95 46 93
53 90 55 90 55 94 53 94 53 90
34 8 38 8 38 11 34 11 34 8
16 50 19 50 19 52 16 52 16 50
12 27 14 27 14 30 12 30 12 27
28 77 31 77 31 80 28 80 28 77
24 56 27 56 27 58 24 58 24 56
84 87 87 87 87 91 84 91 84 87
12 23 16 23 16 25 12 25 12 23
41 16 44 16 44 19 41 19 41 16
87 19 91 19 91 21 87 21 87 19
10 80 14 80 14 83 10 83 10 80
18 60 22 60 22 63 18 63 18 60
68 81 70 81 70 84 68 84 68 81
93 70 97 70 97 73 93 73 93 70
6 12 8 12 8 15 6 15 6 12
52 24 54 24 54 27 52 27 52 24
22 39 24 39 24 41 22 41 22 39
6 19 10 19 10 21 6 21 6 19
61 69 65 69 65 72 61 72 61 69
6 31 9 31 9 33 6 33 6 31
89 66 91 66 91 68 89 68 89 66
9 67 13 67 13 70 9 70 9 67
37 66 40 66 40 70 37 70 37 66
29 5 31 5 31 9 29 9 29 5
69 54 73 54 73 57 69 57 69 54
57 95 60 95 60 97 57 97 57 95
5 68 8 68 8 71 5 71 5 68
50 67 52 67 52 70 50 70 50 67
41 30 44 30 44 33 41 33 41 30
3 18 5 18 5 22 3 22 3 18
25 42 27 42 27 45 25 45 25 42
83 26 86 26 86 28 83 28 83 26
43 76 47 76 47 78 43 78 43 76
18 78 20 78 20 82 18 82 18 78
19 34 21 34 21 36 19 36 19 34
20 72 24 72 24 75 20 75 20 72
55 49 59 49 59 52 55 52 55 49
72 48 76 48 76 50 72 50 72 48
45 83 47 83 47 86 45 86 45 83
30 12 32 12 32 14 30 14 30 12
80 73 82 73 82 75 80 75 80 73
84 46 88 46 88 48 84 48 84 46
35 39 37 39 37 43 35 43 35 39
62 35 66 35 66 38 62 38 62 35
31 45 33 45 33 49 31 49 31 45
75 84 77 84 77 88 75 88 75 84
74 26 77 26 77 30 74 30 74 26
30 83 32 83 32 87 30 87 30 83
13 32 17 32 17 35 13 35 13 32
48 33 50 33 50 37 48 37 48 33
32 30 34 30 34 34 32 34 32 30
65 91 68 91 68 93 65 93 65 91
96 22 98 22 98 24 96 24 96 22
