80 19 4 4
79 13 4 3
61 16 2 4
38 27 4 4
78 28 2 2
87 26 4 3
61 27 2 2
33 31 2 3
51 27 2 2
40 43 2 2
28 87 2 4
15 6 2 2
33 72 4 4
10 48 3 3
76 52 2 4
95 14 3 2
15 38 3 3
25 44 3 3
51 72 4 3
45 20 3 4
80 62 4 3
91 85 2 3
21 45 2 3
38 35 4 2
64 31 3 2
84 52 4 3
38 72 4 4
62 51 2 3
52 16 4 3
61 89 2 4
24 26 4 4
27 76 4 2
7 53 4 2
5 67 3 4
40 62 2 2
13 62 3 2
53 36 4 3
27 15 3 2
83 38 3 3
17 16 4 3
30 55 2 2
19 33 3 3
49 59 2 4
13 93 2 4
40 83 2 2
21 53 4 4
71 4 4 3
21 93 3 3
48 90 4 3
55 2 4 2
58 31 2 4
36 7 3 2
69 71 4 2
68 32 2 4
58 94 2 4
4 8 2 3
87 65 3 3
4 19 3 2
74 90 3 2
55 63 4 2
52 52 4 2
13 67 2 2
89 89 2 4
59 73 3 3
2 44 3 2
71 16 4 3
84 57 2 4
91 16 2 2
85 72 3 3
67 26 3 2
45 11 2 3
68 41 3 3
70 76 3 3
73 23 3 2
42 2 3 3
31 90 2 3
94 6 2 2
20 77 4 4
76 39 3 4
62 5 3 4
87 57 4 4
81 86 3 3
26 50 4 2
62 11 3 2
9 23 4 2
9 78 3 3
70 38 3 2
49 37 2 4
42 15 3 3
50 10 2 3
44 63 4 3
56 43 2 4
95 45 3 4
34 63 3 3
16 67 4 2
41 48 4 4
94 52 3 4
96 65 2 4
33 22 4 4
94 26 4 4
29 2 2 4
36 85 3 3
80 44 3 3
62 83 3 2
4 91 3 3
56 21 3 2
65 70 2 4
4 73 3 3
94 77 3 4
10 40 2 4
33 3 2 3
52 78 2 4
73 57 4 3
92 39 3 4
41 89 4 2
53 93 2 4
36 15 3 3
92 36 3 2
25 41 3 2
74 31 2 4
25 62 3 3
27 71 2 2
66 81 3 3
13 32 3 4
46 95 4 3
15 47 4 2
2 3 4 2
85 80 4 2
13 76 2 3
8 82 2 4
85 14 4 4
94 88 2 4
13 42 2 4
91 79 2 4
6 60 2 3
48 6 3 3
30 19 2 4
69 46 2 3
82 90 2 3
85 5 3 2
55 6 3 4
34 96 3 2
81 83 3 2
49 84 3 4
47 77 4 3
8 27 2 2
23 19 2 2
74 74 2 3
59 41 2 4
43 78 3 4
6 12 2 4
32 81 2 3
52 56 2 4
32 38 4 2
17 12 2 2
25 6 3 3
85 95 3 3
13 70 4 4
94 17 2 4
25 88 2 2
29 33 3 2
16 56 3 3
16 75 3 2
63 59 2 3
69 58 3 3
71 32 2 3
18 27 3 4
3 31 3 4
23 12 3 3
65 53 3 2
89 73 2 4
70 92 2 4
54 11 2 3
44 67 4 4
33 43 3 3
21 68 4 3
66 62 3 4
81 74 3 2
36 3 4 2
4 40 4 3
19 85 2 4
21 64 2 2
94 83 2 2
75 45 4 4
30 26 2 4
93 32 3 2
45 33 4 2
80 67 2 2
64 42 3 2
38 47 2 3
21 22 2 3
61 34 4 4
92 10 2 2
36 59 3 3
81 28 3 3
62 56 3 2
93 71 4 3
15 21 3 3
80 24 3 2
78 6 2 3
2 27 2 3
77 34 4 2
30 11 3 3
75 85 4 4
27 38 3 2
95 59 2 2
48 29 2 2
61 46 3 3
46 46 4 3
42 7 2 2
54 68 3 3
24 32 3 2
12 28 3 2
21 61 3 2
46 73 2 3
89 94 4 3
91 23 4 2
11 18 3 3
84 34 2 3
20 74 2 2
78 10 4 2
12 57 2 2
3 23 2 2
63 67 2 2
29 79 2 4
35 92 2 2
80 54 3 4
51 46 4 3
79 95 2 3
42 54 3 2
58 17 2 2
86 88 2 4
12 52 3 2
88 41 3 2
64 86 4 4
18 7 2 3
11 83 3 3
34 27 3 2
54 86 3 4
39 19 4 4
52 6 2 3
31 58 4 2
20 40 3 3
47 55 2 2
11 88 4 4
9 12 2 3
23 83 2 2
3 56 4 2
32 49 3 4
8 19 2 2
