30 6 4 2
64 21 2 4
54 91 2 3
58 80 3 3
39 48 3 2
46 11 2 3
59 39 3 3
20 26 3 4
33 13 4 3
34 41 4 2
33 56 4 2
36 70 4 2
19 64 3 2
76 88 3 4
28 37 3 4
64 76 4 4
89 41 2 4
83 96 2 2
52 19 4 2
5 89 4 4
77 62 2 2
70 53 3 3
15 3 2 4
44 61 3 2
50 91 2 2
54 48 3 3
43 87 2 2
41 80 3 4
36 59 4 2
55 12 4 4
15 89 3 4
84 41 3 2
90 61 3 4
49 11 4 3
91 23 2 2
82 46 3 2
86 80 4 2
42 96 4 2
8 58 2 4
81 13 3 2
59 45 2 2
71 62 3 3
44 45 3 4
3 60 4 3
73 80 3 3
26 51 4 3
63 44 3 3
16 84 3 2
81 20 4 2
81 80 3 4
73 39 3 4
38 89 2 2
38 76 4 3
76 6 3 2
45 15 4 3
17 80 3 2
10 81 3 4
57 19 3 3
53 35 2 2
42 3 4 2
18 53 3 3
34 78 2 4
31 68 3 4
49 58 2 4
77 39 2 3
27 46 4 3
16 13 3 2
66 40 2 3
79 65 2 3
46 35 3 2
9 31 2 2
28 89 2 3
27 59 4 4
68 84 4 2
15 47 2 4
88 68 2 4
68 18 3 3
40 25 3 3
18 44 4 4
82 2 2 4
41 69 4 2
78 51 3 3
69 70 4 2
91 84 2 4
48 76 4 2
90 30 2 3
37 34 4 4
45 79 2 3
63 96 3 2
57 7 2 3
4 34 3 2
95 37 2 3
72 24 3 2
4 69 4 2
5 54 2 4
86 50 4 4
25 76 3 3
10 42 4 3
53 57 2 2
13 18 3 4
50 28 3 2
12 71 3 4
48 38 3 4
81 34 3 2
75 16 3 3
3 64 2 2
77 70 4 3
12 10 4 2
81 60 2 3
21 57 2 2
39 16 4 2
48 81 2 2
41 63 2 3
38 29 4 3
11 48 3 2
12 57 4 3
24 25 2 4
47 5 4 3
6 25 3 2
55 52 3 2
6 77 3 2
85 84 2 2
90 57 4 2
69 74 4 2
46 64 2 3
31 18 2 2
76 27 3 2
36 3 3 4
27 68 2 4
64 86 2 4
50 24 3 3
72 49 2 3
6 2 3 3
92 92 3 3
52 15 2 3
21 69 2 4
69 96 3 2
73 94 4 4
63 59 3 2
67 22 2 3
95 21 2 4
75 50 2 2
58 70 2 2
14 65 4 4
63 10 2 2
62 69 2 3
91 46 3 2
8 22 4 2
50 70 2 3
67 66 2 2
90 8 2 4
69 12 2 3
13 54 2 2
63 5 4 2
6 49 2 3
49 87 3 3
62 14 4 3
19 34 4 3
92 27 3 2
77 33 2 2
48 47 3 3
53 38 2 2
40 54 3 4
54 71 2 2
9 16 2 2
25 33 4 3
95 17 3 2
87 19 2 3
51 64 3 4
15 40 2 3
57 56 2 4
33 90 3 2
5 72 3 3
33 24 3 3
34 49 4 2
39 39 3 2
67 36 2 3
68 60 2 4
57 96 3 2
88 35 4 3
30 30 4 2
93 13 4 3
8 65 4 2
47 19 3 2
85 7 4 4
85 74 4 2
27 28 2 3
55 67 3 2
6 7 2 2
94 66 2 4
67 48 4 2
23 42 4 2
86 61 2 2
90 3 4 4
67 88 3 4
77 74 3 4
84 66 3 2
68 32 4 2
59 25 3 3
71 2 2 2
61 30 2 4
2 53 2 4
42 72 3 2
86 26 2 3
10 28 3 2
69 78 3 4
48 95 4 2
93 81 2 2
19 2 3 3
86 94 2 3
30 81 2 2
66 26 3 4
53 78 2 3
58 35 4 3
82 37 3 2
70 36 2 4
27 22 4 3
77 43 3 3
20 85 3 3
2 72 2 4
9 52 3 3
51 31 3 2
64 52 4 4
17 95 4 2
53 42 4 2
2 90 2 4
4 40 2 2
10 93 4 2
26 3 4 2
92 49 4 4
16 29 2 2
77 80 3 3
2 28 2 4
2 21 3 4
82 27 3 3
11 89 3 3
58 87 4 4
5 28 3 2
21 14 2 2
96 26 2 3
18 17 2 2
93 73 3 4
80 94 2 3
85 56 3 2
38 12 2 3
60 66 2 2
17 9 4 2
54 82 3 2
5 44 2 3
95 5 3 4
