40 84 3 4
13 10 4 2
26 72 4 2
95 92 2 2
79 7 4 2
69 81 3 2
17 48 2 3
37 78 4 4
63 86 4 2
88 79 4 2
71 27 3 4
34 22 2 3
3 70 2 3
19 5 3 3
83 31 3 3
17 45 2 2
61 81 3 3
61 55 3 3
49 23 3 2
94 74 2 4
40 2 3 2
48 35 2 4
65 93 3 2
21 86 2 2
51 75 4 3
85 18 3 3
11 58 2 4
56 63 4 2
50 27 2 4
25 23 2 3
22 58 2 4
74 82 2 4
57 33 3 4
52 41 3 4
28 28 3 2
52 69 4 4
27 63 2 4
45 74 2 2
8 22 3 3
63 39 3 2
76 88 2 2
52 10 4 2
55 47 2 3
24 11 4 4
59 28 3 4
4 81 2 3
83 70 3 2
43 35 3 3
26 47 3 2
26 31 2 3
13 30 4 3
44 18 2 3
14 81 4 2
80 33 2 4
65 56 4 3
87 71 4 4
32 94 2 4
84 8 2 2
65 61 3 3
95 53 3 3
10 89 4 3
60 16 4 4
30 42 3 3
37 35 2 4
43 94 2 2
25 40 3 2
61 34 4 3
69 24 2 2
38 41 4 3
68 41 4 4
55 15 4 3
57 76 4 4
4 19 4 2
94 59 2 4
25 35 2 2
94 28 3 3
4 36 2 2
20 53 2 3
94 46 2 3
42 58 3 4
37 69 2 2
93 6 3 2
46 27 3 4
85 11 4 4
57 59 2 2
76 63 2 3
39 53 2 3
18 10 3 2
94 68 3 4
48 48 2 2
12 68 4 3
80 21 2 4
74 35 3 3
49 16 3 4
85 38 3 2
59 3 3 4
20 96 4 2
4 41 3 2
58 24 3 2
62 45 2 2
64 67 4 3
48 90 2 2
15 34 4 3
79 61 2 4
3 56 4 2
65 13 2 2
68 18 3 2
66 30 4 2
20 2 4 2
30 33 4 3
30 68 4 3
85 49 2 3
15 24 2 4
42 76 2 4
96 24 2 3
44 43 3 4
52 94 4 2
17 39 2 3
78 17 2 2
30 60 3 3
29 84 2 4
41 90 2 3
49 72 2 2
33 57 2 2
93 19 4 2
91 83 2 2
63 71 3 2
39 72 2 3
67 78 2 2
19 90 2 2
81 66 2 3
50 86 2 2
84 88 3 2
86 65 4 4
81 42 4 2
86 93 2 4
27 89 4 4
10 93 4 2
47 60 3 3
91 34 4 3
34 85 3 2
21 70 3 3
67 49 4 2
84 76 3 4
13 74 4 3
23 53 4 4
42 8 3 2
32 77 3 3
75 92 3 3
76 74 4 3
31 7 4 4
37 64 4 4
71 75 2 3
49 53 4 2
88 25 3 3
23 92 2 3
32 48 2 3
84 53 3 3
57 88 3 3
39 22 2 4
69 62 2 4
8 56 2 3
74 58 2 2
80 91 3 2
14 20 4 3
4 44 3 4
76 45 4 3
92 22 3 2
73 69 3 4
28 22 2 3
63 4 3 4
92 50 2 4
8 37 2 4
87 84 3 2
6 73 4 4
93 11 4 4
5 26 2 4
96 37 2 4
76 13 4 3
23 74 2 3
47 6 2 2
38 89 2 2
69 88 3 2
81 84 2 4
20 45 4 3
51 59 2 4
19 81 4 3
61 89 4 2
58 8 3 3
83 81 2 2
30 18 2 3
3 7 2 4
35 29 3 2
36 4 2 3
9 17 3 4
7 9 2 4
33 14 4 2
92 41 2 2
68 85 2 2
88 50 3 4
57 41 3 2
68 35 4 3
52 6 2 2
42 68 4 2
48 32 2 2
39 48 2 3
15 91 2 4
21 41 3 3
12 84 4 4
80 10 3 2
8 32 2 4
70 8 4 3
49 79 3 3
63 24 2 3
49 94 2 2
5 31 2 4
54 23 2 4
76 42 2 2
52 34 4 3
17 15 4 4
45 23 3 3
31 24 2 2
14 14 2 3
70 2 3 3
21 21 2 3
42 50 3 4
4 65 4 2
87 30 2 2
39 6 2 2
56 44 4 2
94 81 2 3
20 33 4 2
82 62 2 3
79 56 3 3
14 5 4 4
20 26 3 4
7 78 2 3
45 12 2 3
44 55 2 2
7 90 2 2
27 77 2 3
55 3 3 4
40 11 4 4
34 81 2 3
57 94 2 2
34 88 3 3
63 29 2 3
3 12 2 3
89 55 3 4
63 49 2 3
