14 79 2 4
39 24 2 4
29 53 4 2
54 56 2 4
25 89 4 4
9 35 2 4
83 33 2 3
24 8 3 3
88 27 2 3
52 42 4 2
95 40 3 3
18 73 2 4
8 82 4 2
16 85 3 2
94 59 4 4
70 42 3 2
83 84 4 2
70 94 4 3
77 90 4 4
76 82 4 3
42 15 2 3
43 64 2 4
6 92 4 4
94 73 3 2
68 82 3 3
73 16 3 3
90 73 3 4
37 42 3 3
34 28 2 3
25 4 2 2
77 23 3 4
6 28 4 4
44 31 3 2
6 50 4 4
23 58 3 2
9 40 3 3
44 47 2 3
67 59 2 3
90 87 4 3
29 6 4 3
45 3 2 4
63 35 3 2
23 83 3 3
26 45 2 2
72 46 4 2
75 64 3 4
53 94 4 4
88 37 2 2
21 66 3 4
41 3 2 3
6 19 3 4
14 65 2 3
8 87 2 2
86 51 2 3
54 14 2 3
73 5 4 3
25 26 3 3
68 24 4 2
12 36 4 2
27 83 2 2
34 82 4 3
92 46 2 3
90 9 3 4
33 93 3 3
29 42 3 2
28 12 2 3
40 66 2 3
13 26 3 3
69 69 4 4
14 69 3 3
81 4 4 4
63 66 4 4
46 93 2 4
14 75 2 2
2 86 4 4
55 68 4 3
38 21 2 2
50 72 3 3
52 8 4 2
2 6 2 2
82 22 2 3
44 80 4 3
65 41 2 3
13 19 3 4
28 2 2 3
39 92 4 4
21 49 4 4
91 29 2 2
48 84 4 4
50 65 3 3
58 54 4 3
50 69 4 2
43 25 4 4
35 52 4 3
24 40 3 2
26 65 4 4
91 66 4 3
11 13 3 4
76 49 4 4
15 53 2 3
35 86 3 3
35 4 3 3
57 11 2 4
33 72 4 2
58 49 3 2
95 49 2 2
86 59 2 3
92 2 2 2
82 95 2 3
89 55 4 3
64 85 3 2
32 37 3 2
76 30 3 4
34 68 4 2
75 58 2 4
77 11 4 2
28 71 2 2
82 49 3 4
6 44 2 4
5 58 2 2
8 8 3 4
79 73 4 3
25 34 2 4
84 78 4 3
40 52 3 2
73 75 4 4
36 64 3 3
19 6 4 3
81 44 2 2
14 3 3 4
21 75 2 2
50 89 2 2
94 17 2 3
54 90 3 2
90 78 3 3
94 77 4 2
50 32 2 4
84 90 3 3
38 60 3 2
69 5 3 3
59 87 4 3
48 59 2 3
51 12 2 3
43 36 2 3
85 74 3 3
56 81 2 2
70 12 2 2
49 53 2 3
35 19 2 2
87 43 3 3
40 76 4 3
58 77 3 2
40 87 2 4
5 68 3 4
49 22 4 3
71 34 3 3
68 75 3 2
15 14 3 3
69 2 3 2
40 63 2 2
19 30 3 2
15 94 3 2
19 15 3 4
18 37 3 4
8 56 4 4
57 40 4 4
20 20 3 3
16 59 2 3
16 44 4 4
19 56 3 3
73 10 3 2
60 5 2 4
42 12 2 2
93 96 2 2
65 48 3 4
27 59 4 2
71 53 4 3
73 21 2 3
68 15 4 3
64 20 2 3
27 76 3 3
84 55 2 3
8 2 3 3
64 90 2 2
63 27 2 4
13 8 4 3
84 11 2 4
25 18 2 3
37 56 4 3
38 36 4 4
78 6 2 3
54 4 4 2
35 13 3 2
50 39 2 2
31 45 3 4
82 63 2 4
90 17 2 2
7 62 3 2
57 61 2 2
60 19 3 4
95 84 2 3
61 24 3 2
20 95 3 2
81 37 3 3
95 45 2 3
69 27 4 3
85 28 2 2
25 71 2 3
5 38 2 3
54 46 3 2
10 70 3 2
84 41 2 2
54 29 3 4
32 32 3 4
92 92 2 3
21 61 3 2
12 94 2 4
76 42 4 2
30 86 4 4
54 85 4 4
46 18 3 3
80 18 4 3
13 46 2 3
2 62 4 2
50 78 4 4
32 59 4 4
41 72 2 3
53 50 2 4
7 76 2 4
28 50 2 2
57 34 4 2
60 81 3 2
85 66 2 4
79 55 4 2
19 25 2 2
61 95 3 3
39 7 2 4
45 13 3 3
39 17 2 2
34 76 2 4
2 78 4 3
31 16 3 4
95 30 3 3
68 87 4 4
95 2 3 4
20 89 3 3
30 22 3 2
63 45 2 2
87 71 2 2
92 23 3 2
