77 29 2 4
24 29 4 3
14 61 2 2
70 7 4 2
27 18 3 2
60 3 4 3
91 57 4 3
86 14 2 4
43 36 3 2
38 89 3 3
8 51 4 2
48 58 2 4
61 16 3 2
73 45 3 2
37 73 3 3
3 49 3 2
38 54 3 2
5 17 3 3
75 14 3 3
31 64 2 4
9 11 4 3
12 37 3 4
84 90 2 3
45 64 3 4
81 15 3 2
32 83 3 4
94 34 2 2
71 85 4 3
20 42 2 4
33 54 4 2
9 89 4 3
74 93 4 3
36 61 4 4
15 28 3 3
27 78 3 3
14 94 2 4
46 94 4 3
70 31 4 2
20 48 4 3
42 23 4 4
75 72 4 4
67 75 2 2
70 60 3 4
92 7 2 2
55 80 4 2
90 25 2 4
56 75 3 2
82 50 3 3
31 71 3 3
70 13 3 2
39 17 3 4
67 48 4 2
43 91 2 4
57 11 4 4
82 26 3 2
39 51 4 2
49 69 4 3
60 38 2 4
44 42 2 4
54 67 3 4
93 16 2 4
68 4 3 2
89 53 4 3
54 9 2 4
79 37 3 4
32 45 4 2
30 14 4 3
4 87 3 2
18 58 4 2
48 83 4 2
29 37 3 4
51 91 4 3
4 40 2 2
21 63 3 4
21 93 4 3
77 49 2 3
17 75 2 4
15 69 3 2
94 10 4 2
60 75 3 4
94 28 2 4
25 6 2 2
7 62 2 3
38 2 3 3
72 70 2 4
78 85 3 3
44 18 4 2
29 27 2 4
44 5 2 2
71 22 3 3
4 24 3 3
42 48 3 2
6 68 3 3
14 3 3 4
8 81 2 3
50 40 3 2
64 40 2 2
88 35 4 4
82 68 4 4
51 10 2 4
51 79 2 3
21 35 2 4
3 91 4 2
51 58 4 3
82 64 3 2
75 89 2 3
69 92 4 3
92 80 3 3
47 41 2 4
89 79 2 2
69 37 2 2
25 42 4 2
84 19 4 3
9 23 2 4
24 34 2 3
46 12 3 2
31 9 3 4
51 18 3 2
37 94 3 4
2 11 3 2
14 15 3 3
92 46 3 3
40 58 3 2
91 88 2 4
92 40 2 3
68 55 3 4
2 53 4 3
9 42 4 4
67 26 4 3
79 5 4 3
25 63 2 2
2 60 4 4
87 89 3 4
3 31 2 4
56 61 3 3
72 40 4 2
94 64 4 2
63 80 4 2
53 84 3 3
78 19 4 4
21 11 4 2
79 45 4 2
80 82 4 2
20 81 3 3
92 76 4 2
92 69 4 3
51 74 3 3
24 71 2 3
5 4 3 4
16 8 2 2
78 77 2 4
81 9 2 4
63 90 3 3
73 52 3 3
21 4 2 3
9 3 3 2
5 94 2 4
17 34 2 2
68 86 2 3
39 31 3 2
34 58 4 2
26 2 3 3
24 18 2 2
38 79 2 2
64 33 2 3
60 22 2 2
84 73 4 3
63 68 3 4
34 35 2 4
43 70 3 2
38 34 4 2
46 28 3 3
86 60 2 3
24 45 3 2
46 49 2 4
60 58 4 4
2 69 3 4
27 74 2 3
88 84 2 3
81 77 2 2
27 69 2 3
50 46 2 3
56 37 3 3
14 80 3 4
49 86 2 3
93 93 4 4
31 48 3 3
36 9 2 2
39 43 4 3
20 53 2 3
28 58 4 3
88 6 3 3
44 82 2 2
80 60 4 2
17 46 2 4
50 33 3 4
24 52 2 3
16 64 4 4
54 27 3 3
82 33 4 2
31 91 4 3
41 75 4 2
67 18 2 3
36 28 4 2
22 24 4 2
17 23 3 4
41 83 2 2
75 59 4 4
16 51 2 3
68 70 2 4
29 24 4 2
35 67 4 2
3 81 4 2
86 95 4 2
72 17 2 3
55 18 4 3
7 74 4 4
61 64 4 2
43 88 2 2
83 87 2 2
43 78 2 3
64 29 2 2
94 86 3 4
59 87 4 2
57 55 2 2
35 40 2 3
47 73 3 2
58 90 3 2
84 44 3 3
89 44 2 3
58 69 4 2
54 44 3 3
2 45 4 2
89 49 2 2
93 2 2 3
3 76 3 2
96 54 2 3
33 20 4 3
58 30 2 2
36 86 3 2
17 72 4 2
11 7 2 3
60 94 3 2
48 6 2 4
89 75 2 2
7 28 3 2
80 93 3 2
23 14 4 3
49 3 3 2
17 41 2 4
