92 65 4 4
85 10 4 3
79 86 3 3
32 58 3 3
71 35 2 3
87 52 4 3
81 42 4 3
7 44 4 3
55 2 2 4
3 6 4 4
92 40 2 3
37 9 2 4
62 19 3 2
61 60 4 2
5 71 3 3
43 56 3 3
2 34 3 4
44 39 2 3
58 75 2 3
35 67 3 4
38 52 2 2
89 72 3 4
29 50 2 4
49 32 3 2
67 92 2 4
54 10 3 4
83 76 2 4
81 65 3 2
76 79 2 4
49 93 4 4
95 84 3 3
94 47 4 4
23 72 3 4
21 32 2 2
73 12 3 3
92 28 3 3
18 88 2 4
35 62 3 4
34 83 3 2
15 35 2 3
23 16 2 2
44 72 3 3
7 85 2 4
73 51 2 3
13 30 3 4
13 78 2 2
13 63 2 3
28 81 4 2
53 73 3 3
58 23 2 4
74 26 4 3
89 41 2 4
54 93 2 3
17 57 4 3
11 16 2 2
51 11 2 3
84 21 3 4
14 44 4 3
39 18 3 2
75 63 3 3
63 30 4 4
46 8 2 4
18 81 4 4
92 10 4 4
31 65 3 2
9 65 3 2
84 32 3 2
95 56 3 2
86 17 3 3
26 11 3 3
92 6 4 2
44 22 2 2
54 23 3 4
80 7 4 2
24 45 3 2
57 39 3 4
75 9 2 2
31 44 4 3
44 46 4 2
92 16 3 2
55 17 2 4
29 34 2 3
89 22 2 2
67 76 3 2
65 39 4 2
19 20 2 2
43 32 2 2
8 35 2 3
79 31 4 4
30 6 3 3
53 83 2 2
58 80 2 3
12 85 2 2
28 21 4 4
96 20 2 4
56 88 4 4
10 59 2 4
44 66 2 3
9 78 3 2
61 68 2 3
4 50 2 3
29 68 2 4
6 13 3 2
14 13 4 3
66 8 4 2
24 25 3 4
38 45 2 2
27 58 2 2
68 22 4 2
33 32 3 2
64 11 2 2
9 56 2 2
26 92 3 4
56 32 4 3
41 78 4 3
70 82 4 4
9 95 4 2
14 4 3 2
83 91 4 3
52 51 2 3
4 65 4 3
78 56 4 2
61 37 3 3
79 2 3 3
61 26 3 3
4 59 2 4
8 25 4 3
39 15 2 2
42 90 2 3
57 53 3 4
86 62 2 4
19 16 2 2
30 77 2 2
24 64 3 4
86 28 3 2
82 26 2 2
19 62 3 3
92 84 2 4
57 95 4 3
81 36 4 4
19 3 4 3
30 90 3 3
4 78 2 4
40 30 2 3
78 70 4 4
21 88 4 2
74 34 4 4
12 72 3 3
19 41 3 3
64 85 3 3
70 60 3 4
95 61 2 2
11 50 2 2
85 47 3 2
46 19 4 2
40 27 4 2
52 36 4 4
21 68 2 3
38 86 3 4
42 3 4 4
30 11 4 4
5 75 2 2
59 10 2 3
13 21 3 4
32 52 4 2
88 32 2 3
56 66 4 3
42 83 4 3
3 17 4 3
66 66 4 3
47 3 2 2
63 94 3 3
54 44 4 4
51 58 2 2
34 20 2 2
75 16 2 4
33 2 3 2
33 78 2 2
60 48 2 4
30 85 2 2
75 87 2 3
73 41 4 2
21 11 2 4
69 46 2 2
48 85 4 3
90 94 2 4
20 51 4 3
87 96 2 2
96 16 2 3
32 72 3 3
22 91 3 4
9 82 2 2
67 16 4 4
14 91 3 3
54 56 2 3
68 27 2 3
95 72 3 4
78 19 3 3
36 25 3 2
43 36 2 2
24 38 3 3
47 22 2 4
10 68 3 2
40 55 2 4
50 55 3 2
17 66 2 2
75 2 3 4
34 37 3 2
3 46 2 3
79 59 4 2
2 41 2 2
61 73 3 3
66 57 2 4
5 39 4 2
37 94 2 3
86 82 4 3
71 65 2 3
37 21 3 2
17 23 3 3
62 79 2 4
48 59 2 2
25 4 3 2
45 63 3 2
22 20 2 3
49 79 4 2
79 79 3 2
65 48 2 3
85 67 2 4
13 7 3 2
2 30 4 3
25 49 2 4
48 70 4 4
19 75 2 4
49 7 4 3
26 30 3 2
45 29 3 2
40 38 2 3
36 78 2 3
36 15 2 3
38 3 3 4
7 22 4 2
62 42 3 2
68 4 4 2
10 11 2 3
89 79 3 2
85 5 4 2
19 28 3 3
57 84 4 2
40 8 4 4
90 89 2 2
