23 78 2 2
30 19 3 2
66 80 4 4
34 74 4 3
21 67 2 3
67 22 4 3
13 32 3 2
80 89 2 4
63 10 4 4
78 49 3 2
72 74 4 3
6 45 2 2
74 61 4 3
61 84 3 4
69 49 3 2
6 33 2 3
79 81 3 2
54 93 2 3
55 21 2 2
5 6 4 3
65 17 3 2
66 40 3 4
76 22 2 3
22 83 2 4
90 47 3 2
64 26 2 4
67 70 3 4
45 34 3 2
30 11 2 3
33 83 3 3
81 8 4 3
55 44 2 2
71 16 3 3
86 49 2 4
10 26 3 2
10 59 4 4
56 15 3 2
23 38 4 2
83 36 3 2
52 52 3 4
2 72 4 4
71 56 4 2
83 23 4 2
35 92 3 4
31 87 2 3
92 62 4 2
42 84 2 4
7 15 4 2
35 10 4 2
94 70 2 3
10 18 2 4
94 80 3 2
27 84 3 3
15 46 2 4
19 58 2 4
23 20 3 2
36 50 3 4
20 78 2 4
75 95 4 3
16 59 2 3
88 59 2 2
80 39 4 2
49 46 4 2
25 5 2 4
23 93 4 3
57 54 3 2
46 47 2 2
86 63 3 2
84 19 4 3
18 45 4 4
49 92 4 3
39 69 2 2
32 30 3 3
50 65 4 4
57 41 3 2
61 72 4 2
62 92 2 2
73 31 4 3
9 94 4 2
43 25 3 4
76 65 2 2
42 90 2 3
21 7 2 4
2 16 4 2
25 50 3 4
44 75 2 2
55 24 4 3
32 50 3 2
25 69 4 4
55 48 3 2
13 2 4 4
26 55 3 3
5 55 4 4
89 29 3 3
44 4 3 3
70 43 3 3
77 13 3 2
52 57 2 2
37 31 2 4
45 38 2 2
17 94 2 4
62 3 2 4
42 51 4 4
89 86 2 2
13 54 2 2
81 32 4 3
8 3 2 2
4 29 4 2
19 23 2 3
94 49 3 4
51 19 3 2
60 32 4 3
2 62 3 2
81 26 2 2
90 71 2 4
82 49 3 4
16 36 2 4
80 76 3 2
25 13 4 2
87 95 4 2
96 18 2 4
31 75 2 2
26 45 2 2
41 13 2 2
20 34 4 2
35 55 4 3
74 35 4 4
8 70 2 2
33 14 4 4
68 92 4 4
6 66 3 3
2 50 3 4
44 9 2 2
41 16 4 2
30 46 3 3
92 54 3 3
63 54 2 3
94 33 4 2
11 7 2 3
39 40 2 3
95 25 3 2
22 60 3 3
50 82 2 4
26 65 4 2
30 80 2 2
39 20 4 2
37 61 4 2
58 79 2 2
71 4 4 4
76 17 2 4
84 71 3 2
44 58 2 2
20 71 3 4
71 78 4 2
8 10 2 3
95 92 2 2
65 45 3 2
72 86 2 4
53 35 4 4
80 86 2 2
75 90 3 4
52 8 2 3
62 81 3 2
45 30 4 2
63 77 2 3
57 89 3 2
40 65 4 3
2 93 4 2
43 69 4 3
3 81 3 2
67 31 2 2
34 38 4 2
40 77 3 4
59 10 2 4
86 45 2 2
13 67 3 2
70 9 3 3
7 83 3 4
88 66 2 4
37 4 2 3
67 58 3 2
66 75 4 3
50 13 2 4
83 63 2 2
34 69 3 2
76 53 4 3
30 38 2 2
16 11 4 3
94 45 3 3
70 37 3 3
49 35 2 4
83 5 3 2
90 89 4 2
86 88 2 3
17 76 2 3
45 83 3 4
45 89 2 4
88 4 3 2
61 25 2 4
10 79 2 2
74 44 4 2
25 42 4 2
26 24 2 2
7 41 3 2
3 45 2 2
12 23 4 2
64 67 3 2
47 74 3 3
88 92 3 2
66 48 2 4
58 69 2 3
17 30 2 3
9 45 2 3
17 53 2 2
64 89 3 2
14 70 2 2
15 42 2 2
51 40 4 3
50 78 2 3
33 5 2 4
4 22 3 3
92 84 4 4
55 59 4 2
88 36 4 4
21 27 2 2
87 11 2 4
13 16 4 3
31 25 3 4
57 7 4 2
37 27 4 2
3 32 2 4
15 20 4 2
26 33 4 3
48 26 2 3
59 63 2 2
81 17 2 4
61 42 3 3
70 27 2 2
2 55 2 4
91 10 3 2
75 69 2 3
58 95 2 2
46 42 2 3
5 77 4 3
80 58 4 2
80 2 2 4
70 65 3 4
6 37 3 3
21 15 3 2
17 65 3 2
