75 33 3 3
95 61 2 4
73 12 4 2
90 22 4 4
19 69 4 3
44 85 2 2
65 80 3 2
80 95 3 3
60 96 3 2
9 53 2 2
75 78 4 4
48 53 4 4
38 4 2 2
84 20 3 3
16 10 3 2
9 34 4 4
51 11 2 3
90 36 3 2
5 49 4 3
70 85 4 3
96 77 2 2
12 3 3 4
2 52 2 4
2 16 4 4
32 92 3 2
62 74 3 3
30 60 2 2
16 38 2 4
92 47 2 2
40 22 3 4
3 58 3 3
32 85 3 2
15 60 3 4
20 15 3 4
16 17 3 3
55 36 3 3
84 69 2 4
91 41 4 3
82 84 4 3
44 64 3 3
79 20 4 4
38 48 4 2
52 15 3 4
57 57 3 3
85 55 2 3
19 77 4 4
44 26 2 2
8 73 3 4
89 94 3 2
51 43 2 2
45 93 2 3
49 77 4 3
53 64 4 4
20 63 4 2
27 20 4 4
7 27 2 4
25 54 2 3
50 89 4 4
70 42 4 4
69 76 3 2
2 5 3 3
83 9 4 3
42 16 2 4
25 32 4 4
86 64 4 2
73 70 2 3
86 27 2 3
52 37 2 4
73 26 4 3
36 70 4 4
51 83 3 3
48 64 2 2
35 59 2 3
87 74 3 3
32 31 4 4
89 80 2 2
50 3 2 2
26 48 3 3
69 21 4 3
26 5 3 3
36 51 2 3
31 75 4 3
79 67 3 4
29 25 3 2
73 59 4 2
54 2 2 4
23 11 3 2
2 79 2 2
44 39 4 4
57 77 4 2
77 2 4 4
82 16 4 2
67 41 2 3
81 33 3 4
60 12 2 3
89 58 4 2
30 55 4 2
3 9 3 4
94 90 3 2
2 85 4 4
63 65 2 2
64 18 2 2
87 67 4 4
15 95 4 2
45 8 4 4
4 92 3 4
4 36 2 4
51 22 3 2
56 89 3 2
72 36 2 2
11 46 3 4
43 54 4 2
76 7 3 3
81 27 3 2
2 67 3 4
62 47 3 3
76 41 2 4
92 7 4 2
18 31 4 4
18 45 4 4
30 69 4 4
19 25 3 2
31 14 4 4
37 17 3 4
87 49 2 4
86 44 2 3
39 38 4 2
7 40 4 3
33 65 3 3
94 17 2 4
87 87 2 2
36 78 3 4
73 62 2 2
74 54 3 3
78 47 3 2
64 13 4 3
2 82 2 2
55 40 4 4
24 95 4 3
14 65 4 3
39 28 2 3
12 92 4 2
74 91 4 4
63 89 3 3
78 52 2 4
61 56 2 2
60 21 3 4
13 53 4 2
74 66 3 3
24 81 4 4
72 8 3 3
65 35 4 3
63 51 4 3
61 32 2 2
50 25 3 4
64 55 2 4
27 42 3 2
42 57 3 2
37 13 4 3
91 75 2 3
8 15 2 4
82 48 2 3
79 14 2 4
95 57 2 3
5 62 2 3
86 96 2 2
39 43 2 4
32 79 2 2
22 21 4 3
10 78 4 2
61 26 2 4
44 22 3 2
82 42 2 3
31 47 3 2
10 9 4 3
59 2 3 2
45 73 4 3
69 9 2 2
26 16 3 2
26 76 3 2
37 63 3 3
7 3 3 3
40 7 3 4
93 3 2 3
48 19 2 2
70 62 2 2
32 40 2 4
14 30 3 4
39 56 2 3
62 6 4 2
38 83 4 4
70 4 3 3
12 87 4 4
2 72 3 3
11 68 2 2
20 87 4 3
69 66 2 2
21 51 2 3
76 73 3 2
37 8 2 4
94 93 4 2
66 23 2 2
32 6 3 2
58 82 3 2
22 37 2 3
27 39 3 2
56 31 4 3
47 49 4 2
48 36 2 2
50 6 2 2
15 81 3 2
19 2 3 2
34 26 2 3
76 16 2 4
95 37 2 2
29 83 2 4
58 66 3 4
13 13 3 2
44 33 4 2
39 88 2 2
67 56 2 3
38 94 4 4
69 29 3 4
20 8 2 2
55 23 4 4
18 50 2 4
80 63 3 2
84 92 3 3
95 68 3 3
23 46 2 4
89 27 3 2
15 25 3 4
92 82 2 3
32 19 2 3
53 70 4 3
70 53 2 2
64 60 4 2
47 83 3 2
26 66 2 4
76 22 2 2
58 51 4 3
4 32 3 2
25 89 4 4
47 59 2 4
68 26 4 2
27 28 2 2
58 92 3 3
44 50 2 2
66 93 3 3
11 17 2 2
