27 22 3 4
49 11 3 4
58 6 3 4
90 50 4 3
16 37 4 3
37 90 4 2
76 43 3 2
56 87 4 2
9 5 3 2
16 85 4 2
92 94 4 2
44 91 3 3
12 55 4 3
25 47 3 3
52 58 4 4
44 2 3 3
67 80 4 2
2 39 2 3
35 37 3 3
85 88 3 4
30 34 2 4
73 54 4 3
52 50 4 3
88 11 4 3
38 18 2 3
69 69 4 2
19 56 3 4
90 85 3 4
40 31 4 3
7 29 2 3
73 95 3 3
19 18 3 4
49 18 2 3
14 31 2 2
61 45 3 2
73 58 2 2
91 63 2 2
81 6 2 4
53 66 2 3
11 88 2 3
71 7 3 4
61 21 3 4
84 5 4 3
11 34 3 4
23 79 4 3
86 39 4 3
43 38 2 4
60 59 3 3
65 23 4 2
73 88 2 2
30 94 2 3
33 87 4 2
26 88 4 4
48 40 2 2
54 3 2 3
14 71 3 3
65 4 4 3
92 73 2 4
81 13 3 4
16 24 2 3
88 94 2 2
65 84 2 3
42 79 2 2
93 13 2 3
38 26 2 2
20 41 4 2
56 95 2 2
53 13 3 4
27 30 3 3
56 75 4 4
29 54 4 3
50 75 3 2
8 64 3 3
94 8 3 2
84 94 2 2
15 90 2 3
71 3 2 2
92 57 2 4
87 79 3 3
83 65 3 3
69 33 4 3
72 76 2 2
16 76 3 3
66 62 3 2
28 79 3 4
29 42 4 2
25 93 4 3
56 54 4 3
34 33 3 3
75 50 2 3
8 51 2 3
3 70 2 3
87 71 2 4
80 43 3 3
10 68 2 4
17 61 2 2
33 73 4 2
79 24 3 2
71 24 3 3
68 92 3 2
35 68 3 4
34 53 4 3
3 84 4 3
9 81 4 2
74 36 3 3
30 4 3 2
2 28 2 3
43 20 2 3
63 32 4 2
38 86 4 2
7 72 2 4
14 62 2 4
35 2 4 2
46 66 3 2
29 64 4 3
65 67 2 4
55 24 2 3
53 71 4 3
70 17 4 4
72 83 2 2
85 33 4 3
20 25 2 4
6 44 2 3
44 9 2 2
93 28 4 2
61 77 4 3
2 48 2 4
46 61 3 3
4 94 3 4
92 67 4 2
35 6 2 3
84 50 2 4
95 79 2 3
31 19 2 2
30 7 2 4
57 67 3 3
30 15 2 2
26 63 2 2
87 19 3 3
86 84 2 2
77 17 3 4
23 16 2 3
8 92 2 3
13 46 4 2
69 51 2 3
31 68 2 3
19 96 3 2
89 47 2 2
48 82 2 2
62 40 3 3
48 93 4 2
62 54 4 4
41 46 2 3
40 51 4 4
33 92 2 2
76 69 4 2
77 80 4 2
9 20 2 4
78 51 4 4
14 15 4 3
22 13 2 2
68 75 3 2
46 46 3 4
9 42 2 2
19 69 2 3
9 45 2 3
58 16 2 3
63 91 4 4
60 81 3 2
48 6 2 2
82 30 2 3
25 71 2 2
48 34 2 3
78 35 3 3
53 43 3 4
15 10 2 3
65 27 3 2
34 62 3 2
70 87 2 3
23 36 2 3
5 14 2 3
37 12 3 3
45 12 3 3
6 6 2 2
20 52 2 2
9 10 2 3
76 87 4 2
12 20 4 2
68 46 2 3
82 18 4 3
18 32 2 3
6 34 2 2
19 9 2 4
82 73 4 3
26 38 2 3
55 34 2 3
83 78 3 2
32 24 2 2
27 75 3 3
20 89 4 3
65 14 4 2
85 29 2 2
48 55 2 4
23 65 2 3
88 25 2 2
76 58 4 2
19 47 3 2
34 45 3 3
28 18 2 2
76 23 2 4
35 29 3 2
23 54 3 4
64 11 2 2
39 65 2 3
58 90 4 4
91 80 3 2
95 24 2 2
42 95 3 2
4 23 2 3
41 43 4 2
39 36 2 2
90 28 2 2
54 40 2 2
82 87 2 2
42 67 3 3
77 28 4 3
93 40 3 2
58 49 2 4
11 93 3 3
6 77 2 2
5 2 2 3
78 94 2 3
7 39 2 2
51 35 3 2
95 56 2 2
2 11 2 3
80 84 4 2
96 51 2 4
50 69 2 2
4 88 3 3
45 26 2 2
27 9 2 3
3 56 2 3
36 93 4 3
67 40 2 3
43 85 4 3
45 29 2 3
88 56 3 4
20 74 3 4
63 35 3 2
