73 45 4 4
68 14 3 4
47 57 4 4
42 19 4 4
9 4 3 2
38 39 2 4
84 27 3 3
62 46 2 4
3 56 4 2
53 91 4 4
10 69 2 4
73 86 2 4
26 51 2 3
78 5 3 4
53 16 2 4
62 68 4 2
24 32 4 3
24 45 3 4
14 49 4 3
35 35 3 2
86 42 3 4
47 40 2 2
56 9 2 2
92 53 2 3
3 90 3 4
26 95 2 2
37 72 4 4
4 4 4 4
47 76 2 4
23 65 2 2
19 58 2 2
13 61 3 4
33 66 3 3
61 24 3 2
28 7 4 3
84 33 2 4
81 45 2 3
63 94 4 2
90 61 2 4
69 37 3 4
70 94 4 3
18 84 4 4
29 28 4 2
30 37 4 4
64 35 3 2
41 69 2 2
63 82 4 4
46 92 3 4
19 31 4 3
13 32 4 3
59 64 2 2
59 70 2 2
63 77 3 3
27 60 3 2
84 94 4 4
41 61 2 4
26 12 3 2
60 4 2 2
74 31 3 2
9 76 3 4
8 19 3 2
18 26 2 4
2 75 3 3
23 80 2 2
86 69 2 2
56 85 4 3
11 12 2 2
26 67 2 3
34 5 4 3
13 67 2 2
33 70 3 3
86 59 2 3
64 12 3 2
45 53 3 3
46 10 2 3
41 48 4 3
44 65 4 3
91 30 3 3
41 93 2 4
92 23 2 3
88 35 2 2
83 79 2 2
57 80 2 4
70 83 2 3
49 5 3 4
36 30 4 4
68 48 3 4
64 61 2 2
92 87 2 4
67 79 3 2
85 87 3 2
40 13 3 3
73 80 3 4
95 14 3 3
20 42 2 3
59 29 4 4
94 64 2 3
6 23 3 2
30 33 3 2
7 32 3 2
24 84 2 4
22 25 2 4
49 22 4 3
56 75 3 2
94 74 4 4
52 49 3 3
38 86 3 3
61 57 2 2
22 75 4 3
79 32 3 2
90 38 4 3
32 24 2 3
11 8 2 3
60 19 2 3
9 51 3 2
17 75 2 4
74 22 2 3
29 16 3 4
84 3 4 3
91 14 2 2
90 8 2 3
26 56 3 2
3 65 3 3
8 88 4 2
48 29 4 3
55 31 3 4
30 77 3 2
73 59 3 3
3 48 3 2
78 78 3 2
36 57 4 2
89 93 2 2
37 15 2 4
15 36 2 4
38 23 3 3
64 4 4 4
79 84 2 3
73 76 4 2
61 88 3 3
73 2 4 3
50 37 2 3
93 47 3 2
9 38 4 2
53 70 4 4
2 29 4 3
26 18 2 3
65 71 4 4
8 45 4 4
41 57 3 3
18 18 4 3
69 42 3 3
43 76 3 2
75 73 4 2
31 42 2 3
3 80 3 3
64 38 3 3
92 82 4 3
69 54 4 4
53 4 2 2
5 13 3 4
55 42 4 4
74 66 2 3
9 29 2 2
63 52 4 4
75 16 3 3
69 29 4 2
52 53 2 3
83 38 4 2
19 68 4 4
80 11 4 3
45 86 4 3
39 2 3 2
75 95 2 2
80 49 2 3
85 76 4 2
85 14 3 3
78 92 3 4
20 51 4 2
95 9 2 3
58 49 2 3
2 11 2 2
84 64 3 4
59 10 2 2
25 8 2 2
55 63 3 2
86 79 2 3
44 32 2 2
28 2 2 2
81 72 4 2
80 19 2 4
4 18 2 4
68 20 3 2
69 63 4 2
72 10 3 2
79 35 4 2
14 12 4 4
81 57 4 4
37 63 3 3
56 53 4 4
93 92 2 3
57 15 2 3
58 37 2 2
89 71 4 3
78 42 4 2
39 7 3 4
20 46 2 4
44 25 3 4
8 85 3 2
32 81 3 4
3 41 2 3
62 15 2 3
64 30 2 3
20 6 3 3
31 48 2 4
36 80 3 2
69 9 2 2
47 34 2 4
75 34 2 4
23 3 4 2
4 52 3 3
6 41 4 2
41 79 4 2
17 90 4 4
77 65 4 4
30 87 2 3
51 65 2 4
96 23 2 4
24 38 3 2
55 60 3 2
74 53 2 3
45 71 4 3
10 22 2 3
85 10 4 3
84 19 4 3
50 76 2 2
35 94 2 2
95 52 3 2
14 26 2 3
27 76 2 4
8 62 4 4
88 29 2 2
35 49 2 4
54 25 2 3
31 94 3 2
2 59 2 4
50 11 3 2
81 27 2 3
74 26 4 3
57 4 2 3
22 61 2 3
