61 43 4 2
54 61 3 4
16 81 2 2
15 77 2 3
48 40 4 3
84 78 3 4
27 31 3 3
79 62 3 4
62 26 4 2
7 6 2 2
84 58 2 3
55 90 4 2
21 92 2 3
54 30 3 3
31 79 4 2
5 25 2 4
53 67 2 2
58 50 4 4
43 28 4 4
2 79 2 4
4 59 3 2
36 56 4 3
33 4 4 2
72 26 2 4
76 86 2 2
14 91 4 2
55 47 3 2
7 46 3 4
3 51 3 2
56 23 2 2
49 18 2 3
4 69 2 3
61 63 4 4
2 19 2 3
65 52 4 3
92 28 3 4
46 48 3 4
17 13 4 4
15 49 2 2
68 66 3 2
48 8 3 4
37 71 4 4
19 49 3 3
62 3 3 2
64 72 4 3
22 68 4 4
34 24 3 2
30 75 3 3
24 92 4 4
61 15 3 3
43 17 4 2
76 11 2 3
86 13 2 3
48 27 2 3
11 3 3 2
40 14 2 3
29 93 4 4
10 86 4 3
24 50 2 4
8 53 3 3
78 37 2 4
76 67 2 2
64 94 3 3
88 38 4 2
91 48 3 3
13 39 4 3
17 28 4 3
67 32 3 2
36 51 2 3
89 33 2 4
29 45 2 2
75 74 3 3
60 88 4 3
40 80 2 2
76 29 3 2
92 22 3 2
11 75 3 3
57 82 4 4
56 26 2 2
71 3 4 2
78 51 3 3
10 15 3 2
35 94 4 4
72 31 2 3
80 8 3 4
28 69 3 2
84 30 2 4
82 16 2 2
41 6 2 3
38 3 2 3
11 18 2 4
96 6 2 2
70 61 3 4
84 63 2 3
70 14 2 3
48 22 2 2
66 63 3 2
46 73 3 2
73 79 4 3
47 69 3 3
56 7 2 2
29 64 3 2
66 45 2 3
9 58 4 4
89 10 3 2
89 63 3 3
32 7 4 4
70 19 4 4
74 52 3 4
63 85 3 2
7 63 4 3
88 20 3 3
39 41 2 3
34 66 2 2
31 38 4 2
25 57 4 2
59 25 2 4
72 95 2 2
33 33 3 4
5 80 3 4
6 38 2 4
57 78 2 3
7 67 2 2
6 89 2 2
74 45 2 3
23 7 4 3
10 33 2 2
23 42 3 3
4 75 4 3
24 76 2 3
19 85 2 2
94 81 2 4
10 8 2 4
93 8 2 3
60 6 3 3
78 42 2 3
42 68 2 3
79 73 4 3
26 87 3 4
44 35 2 2
56 67 4 4
65 19 2 2
37 35 2 4
40 51 3 2
68 91 2 3
58 34 2 2
64 78 2 3
88 47 2 2
37 84 3 3
78 91 2 4
29 20 2 4
28 51 3 2
84 8 3 4
82 47 3 3
42 21 4 3
24 47 2 2
83 84 2 4
87 44 2 2
65 69 3 2
93 2 2 3
35 89 4 3
52 13 3 2
80 81 2 4
3 2 3 4
24 20 4 3
14 69 2 4
57 38 2 4
54 74 2 3
9 79 2 4
83 69 2 3
76 8 2 2
92 67 2 3
24 24 2 2
74 15 4 3
32 54 3 4
87 71 3 4
12 46 2 4
48 58 2 3
50 49 2 2
31 28 4 3
49 84 3 2
89 4 3 4
34 44 2 4
53 56 4 4
93 93 3 4
48 31 2 4
92 16 2 2
17 60 4 3
53 41 3 4
71 86 2 4
52 20 3 2
63 30 2 2
94 62 4 4
75 71 3 2
89 82 4 3
91 43 4 3
80 86 2 3
15 86 2 3
25 82 4 3
20 2 4 2
6 22 3 2
81 34 2 4
42 60 3 4
67 6 4 2
28 28 2 2
75 23 4 4
65 11 3 4
74 64 4 2
29 25 4 2
96 68 2 3
44 77 2 4
17 23 4 3
29 15 4 3
88 52 2 3
67 36 4 3
16 45 4 2
23 38 4 2
44 86 4 3
21 56 2 3
32 59 3 3
94 56 3 2
50 2 2 2
19 34 3 4
29 3 3 3
68 28 2 3
34 16 2 4
67 82 3 3
5 93 4 2
92 71 3 4
2 93 2 2
48 77 3 2
73 57 2 3
71 40 4 4
9 29 3 3
57 16 3 4
38 27 4 2
82 95 2 3
75 32 2 2
80 3 4 3
53 85 3 2
92 52 2 3
46 4 3 2
25 2 2 2
2 34 2 2
26 35 2 2
32 69 4 4
4 66 2 2
38 76 3 3
42 91 4 3
94 86 4 2
