61 33 4 3
43 94 3 3
78 25 2 2
86 74 2 3
38 31 2 2
6 12 4 4
29 55 4 3
50 3 2 2
40 78 2 2
53 61 4 3
93 74 4 4
67 68 4 4
24 46 4 4
49 79 3 2
94 82 3 3
60 48 2 3
10 19 2 2
70 75 3 4
43 66 4 3
12 4 3 3
84 49 4 2
2 73 2 2
93 12 4 2
95 56 3 2
22 54 3 2
67 32 4 2
6 31 4 4
19 57 2 3
13 56 3 3
10 61 4 4
12 70 2 2
85 31 3 3
5 57 2 4
15 36 2 3
92 95 2 3
56 37 4 4
7 83 4 4
15 25 4 3
94 69 4 3
75 21 4 3
78 39 4 2
75 47 4 2
43 87 4 4
76 72 4 2
42 71 2 3
93 5 4 4
44 6 2 3
54 88 4 4
75 57 2 4
33 88 4 3
35 92 4 2
78 87 3 3
45 49 3 3
16 89 2 4
50 39 4 2
27 90 4 3
26 74 3 4
64 28 4 3
79 82 2 3
15 31 2 2
12 77 3 4
51 68 2 4
17 43 3 2
20 69 3 4
35 11 3 4
9 93 2 2
89 41 2 4
45 42 4 3
54 16 4 2
90 49 3 2
80 94 4 4
49 24 3 4
65 54 3 3
30 17 4 3
59 95 2 3
11 89 2 2
86 28 4 2
47 19 2 3
73 83 2 3
11 39 2 4
28 85 2 3
91 68 2 3
49 61 3 2
63 41 3 3
33 29 2 3
4 37 2 2
32 41 2 3
78 5 4 2
81 44 4 3
32 3 3 4
29 33 2 2
38 47 3 4
69 58 2 2
62 93 2 3
44 21 2 2
34 53 2 3
50 55 3 4
32 95 3 3
38 71 2 4
20 87 3 4
31 60 3 3
56 83 4 2
73 40 4 4
28 64 3 3
33 48 3 4
36 82 2 4
23 80 3 2
2 14 3 4
71 46 2 2
95 94 2 4
53 75 3 4
90 59 3 4
6 6 2 4
26 39 4 2
76 94 2 4
60 18 4 3
8 24 3 4
63 8 3 4
2 62 3 3
44 38 4 2
50 52 3 2
15 48 3 4
16 72 2 4
80 77 2 4
30 75 3 4
47 84 3 2
63 24 4 2
45 72 3 2
68 38 2 4
38 21 4 2
94 16 2 3
13 21 2 3
48 31 4 2
53 21 3 4
37 5 4 3
72 69 2 2
80 29 2 4
72 52 4 3
5 43 4 2
16 9 2 3
2 89 2 2
3 70 4 2
45 27 2 2
68 5 4 2
86 82 4 3
30 24 2 2
69 93 3 4
61 60 3 2
95 47 2 3
90 34 3 4
93 30 3 2
67 90 4 2
37 34 3 4
3 84 2 3
68 11 4 4
74 77 2 2
48 6 3 3
29 68 3 4
63 70 2 2
25 21 3 4
23 6 4 3
56 28 2 2
40 16 3 4
74 9 2 4
84 40 2 3
26 17 3 2
84 22 2 4
94 20 4 2
30 28 2 4
90 92 2 2
64 2 4 2
37 17 2 2
19 19 4 4
2 19 3 3
25 27 4 3
79 54 4 3
11 36 3 2
63 75 2 2
7 64 2 2
54 33 4 2
2 27 4 2
35 40 2 3
11 47 3 4
3 11 2 2
26 52 2 2
44 16 3 2
39 26 2 3
62 87 3 4
7 67 2 2
22 57 4 3
46 54 2 2
33 69 2 3
44 10 4 4
59 10 3 2
89 87 3 3
21 42 2 3
61 78 4 4
4 46 2 2
19 66 2 2
65 63 3 3
31 82 3 4
75 30 4 4
91 17 2 2
2 3 2 2
65 94 3 2
24 84 3 3
87 12 4 3
92 44 3 2
79 13 3 3
8 73 2 2
94 60 2 3
27 95 2 3
47 34 4 2
23 61 3 2
63 48 4 4
87 35 2 3
72 26 4 3
72 49 2 2
39 42 2 4
85 88 3 4
79 64 3 2
56 95 2 3
40 87 2 2
96 42 2 3
73 87 4 4
43 82 2 2
43 53 2 4
82 61 3 2
76 2 4 2
8 70 3 2
83 78 3 2
35 77 3 3
92 52 2 2
47 76 3 2
58 3 2 4
79 9 4 3
57 71 3 3
22 93 4 2
41 37 2 2
57 19 2 3
8 53 2 4
38 65 2 2
52 12 3 2
82 73 2 2
90 5 2 2
22 11 2 2
69 63 3 3
56 8 2 4
20 26 2 2
66 74 3 2
