88 19 2 3
17 44 2 2
69 22 4 2
81 16 4 3
76 56 3 4
30 51 2 3
28 81 2 3
68 49 3 2
72 50 3 2
67 88 3 2
45 90 3 4
25 55 3 2
6 72 3 3
53 21 3 3
50 75 2 4
87 47 2 3
3 76 2 4
48 27 2 3
27 59 4 3
34 39 4 4
37 58 2 2
5 63 2 3
39 7 4 2
34 65 4 4
65 44 3 4
71 87 4 2
13 73 3 4
31 87 3 4
51 14 4 3
21 66 3 4
12 20 4 3
44 60 3 3
33 17 3 2
5 85 3 2
16 25 3 4
93 18 2 3
78 75 2 2
56 90 3 3
76 37 4 2
87 64 2 4
89 74 4 3
56 80 4 2
19 92 4 3
34 54 2 3
18 31 2 2
6 77 4 4
77 82 4 2
64 11 2 4
91 84 2 2
79 53 4 2
85 51 4 2
82 23 3 4
51 82 2 3
57 25 2 4
50 6 2 3
60 62 3 2
14 35 3 3
35 28 2 3
52 41 4 3
8 33 3 2
15 51 4 4
82 38 3 3
22 25 3 3
54 8 2 4
74 7 4 2
59 5 3 3
81 66 3 3
4 24 2 2
11 95 3 2
21 80 4 4
23 36 2 4
3 49 2 4
73 74 4 2
70 36 4 2
17 11 2 4
29 46 2 4
79 42 4 4
91 59 3 4
34 6 2 3
42 70 3 4
60 17 2 3
63 3 3 2
21 71 3 2
4 32 3 2
49 89 2 4
9 2 4 3
85 69 4 2
2 43 3 3
32 44 3 3
46 10 3 2
88 87 2 4
55 48 2 4
43 51 2 3
47 4 2 2
45 37 3 4
24 76 4 3
24 8 4 2
89 78 2 4
15 87 3 4
91 88 3 4
25 91 3 4
67 12 4 2
95 57 2 3
74 64 3 4
43 78 3 4
5 67 4 2
70 25 3 4
36 32 4 4
44 30 2 2
76 79 2 2
59 35 2 4
72 10 4 2
34 80 3 3
80 5 2 2
95 40 2 3
82 30 2 2
66 8 2 2
61 50 3 4
36 85 2 2
5 91 4 2
27 64 4 3
6 51 4 2
10 40 2 3
86 33 3 4
65 66 3 3
11 66 3 3
35 22 2 4
2 40 2 2
41 29 2 3
61 56 3 3
64 95 2 3
53 91 2 3
83 3 2 4
72 95 3 2
64 62 3 2
78 48 2 3
77 12 3 3
88 5 3 2
29 40 4 2
12 60 4 2
93 24 4 2
29 31 2 3
89 39 2 2
56 67 2 3
81 77 4 3
38 51 2 4
69 56 2 2
23 87 2 3
18 19 4 3
76 87 2 2
75 70 3 2
74 3 2 3
85 59 2 4
21 33 4 2
23 50 3 4
91 93 2 2
95 66 3 4
14 2 3 3
21 61 3 2
28 70 2 2
37 17 3 4
3 10 4 4
83 86 2 2
93 35 4 2
63 71 2 3
40 12 2 4
58 22 4 2
36 11 3 3
9 84 2 2
93 78 3 4
78 22 2 4
55 54 3 2
32 76 4 2
39 83 2 2
50 45 3 4
46 18 2 4
93 11 3 3
20 41 4 2
61 25 4 3
54 26 2 2
6 19 2 2
39 88 2 4
71 77 3 2
7 37 4 2
38 80 4 2
10 8 4 2
15 93 3 2
32 28 2 3
46 52 2 4
44 67 4 2
10 15 4 2
6 42 3 3
53 95 3 2
92 47 3 4
41 39 3 2
83 10 3 2
89 2 4 2
67 75 3 2
86 44 4 2
64 87 2 2
27 16 2 4
61 83 2 4
72 16 2 2
68 4 4 3
21 29 4 2
53 30 2 2
67 91 2 4
81 56 3 4
65 52 3 3
27 24 4 4
57 86 2 2
20 56 4 2
41 42 2 3
24 44 4 3
85 92 3 3
27 87 3 3
2 81 2 3
68 61 4 2
63 76 3 2
90 30 3 3
88 13 3 3
44 42 2 4
2 59 3 3
63 80 3 2
71 32 4 2
30 92 4 4
50 33 2 3
96 16 2 3
70 42 2 3
51 60 3 4
94 2 4 4
65 29 3 3
90 55 3 2
40 75 2 2
81 74 3 2
32 60 4 4
10 26 3 4
79 94 2 4
57 58 2 2
70 91 2 3
2 19 3 4
30 6 3 2
93 71 3 2
30 17 2 4
82 96 4 2
49 67 4 2
16 70 3 2
62 36 2 3
37 95 2 2
78 27 2 4
