17 79 2 2
52 72 3 4
81 92 4 2
91 46 2 3
22 12 4 4
29 87 3 3
94 40 3 4
85 88 2 2
67 6 2 2
78 80 3 4
72 84 3 3
30 6 3 4
19 63 3 3
50 94 3 4
35 92 2 4
12 47 4 3
32 81 3 3
88 43 2 2
6 56 3 3
50 51 4 2
44 94 2 2
89 29 4 4
61 41 4 4
89 9 2 3
58 46 2 2
31 40 4 4
82 60 4 4
70 26 3 4
80 30 3 3
76 58 4 3
75 43 4 2
44 84 4 4
24 78 2 4
39 37 2 4
63 72 4 4
51 13 2 4
43 26 2 4
84 19 3 4
62 12 2 3
96 34 2 4
12 53 3 2
44 35 4 3
62 35 3 2
54 5 2 2
18 54 2 2
62 63 3 3
70 12 3 2
44 58 4 4
78 88 2 2
93 10 2 3
18 6 3 3
64 25 3 3
68 31 3 2
19 18 2 4
29 30 4 2
6 51 4 3
7 38 2 3
7 42 4 4
2 2 2 2
84 74 4 2
75 68 4 3
7 75 3 2
42 31 2 3
14 62 2 2
64 17 4 3
48 65 2 2
34 71 3 2
46 18 2 4
4 66 3 2
41 66 4 4
32 20 3 2
91 23 3 2
58 9 3 2
83 65 4 2
32 52 4 3
18 30 3 3
51 79 3 2
2 25 3 4
27 23 4 2
11 32 2 3
24 39 3 3
66 68 4 3
43 78 3 4
10 19 4 4
34 66 2 4
65 46 4 2
9 79 4 3
76 48 2 4
26 55 3 4
25 33 3 2
89 91 3 4
2 14 3 3
37 12 2 3
55 48 2 2
61 49 3 3
83 78 2 3
29 96 3 2
74 4 2 3
4 91 3 2
51 18 3 3
51 54 4 2
80 17 3 2
22 69 2 4
61 85 2 4
76 62 2 3
80 73 2 4
6 6 4 4
92 86 3 4
61 80 3 2
12 41 2 4
77 9 2 3
6 29 2 2
23 87 2 3
93 91 2 3
32 23 3 2
59 94 3 3
33 35 3 2
50 35 2 3
39 94 3 4
89 62 2 3
44 74 4 2
20 75 3 3
69 60 3 2
22 56 3 4
32 46 3 3
84 29 2 3
3 57 2 2
37 28 2 2
57 60 3 3
21 91 3 2
77 18 2 3
35 86 2 4
92 18 3 3
74 53 3 3
72 78 2 4
70 55 3 3
48 77 2 3
56 32 2 2
79 54 4 3
53 23 3 4
87 35 2 3
31 59 2 3
27 49 3 4
84 5 4 3
85 24 2 4
74 89 2 3
50 91 3 2
63 31 2 2
23 48 2 3
78 14 3 2
37 33 3 2
11 85 3 4
91 57 4 2
72 39 3 2
96 81 2 4
23 63 3 2
10 62 2 4
44 53 2 2
53 84 3 4
46 2 2 3
3 80 3 4
82 37 2 4
28 2 4 3
87 53 4 2
35 76 2 3
53 10 3 2
64 54 3 3
24 75 3 2
65 85 2 2
39 76 3 4
56 51 2 4
30 27 3 2
24 27 4 2
50 28 4 2
50 46 2 3
77 22 3 3
67 42 3 3
30 72 2 3
15 68 4 4
70 92 3 2
7 72 2 2
79 46 3 4
95 2 2 2
38 18 2 4
11 91 4 2
2 41 4 3
70 95 4 3
28 18 3 2
64 7 2 2
71 50 4 2
65 22 2 2
4 21 2 2
39 5 3 3
37 2 4 2
51 65 2 3
38 83 2 2
42 39 4 4
76 36 3 2
38 61 4 3
60 2 3 3
3 50 2 2
90 35 2 2
28 77 2 2
30 34 2 2
13 26 2 3
34 4 2 3
73 21 3 3
12 14 3 3
19 95 4 3
16 13 2 2
88 19 3 2
16 88 2 4
93 62 2 2
15 21 2 4
9 27 3 3
11 69 3 2
84 48 4 3
56 40 4 3
96 61 2 3
16 82 4 2
83 70 4 3
16 2 2 3
67 12 2 4
21 83 2 3
87 78 2 4
91 39 2 4
30 67 2 3
6 94 3 2
60 71 2 3
57 84 2 3
63 90 3 3
54 94 3 2
73 32 4 3
59 31 2 4
56 15 4 2
40 45 4 4
91 72 4 2
76 94 4 4
18 23 3 3
13 74 3 3
96 90 2 4
8 67 2 4
70 63 2 3
85 39 4 3
36 47 2 3
93 77 4 3
12 11 3 2
18 45 2 4
4 34 2 2
94 14 4 2
