66 67 4 3
87 35 3 4
6 10 2 4
51 93 4 4
59 28 3 4
86 10 4 3
29 5 4 4
73 42 3 4
78 90 4 2
91 6 2 3
3 41 3 2
70 4 3 2
15 64 3 3
70 47 3 3
25 25 2 3
22 70 2 4
76 12 4 2
54 30 2 3
35 72 3 4
36 35 2 4
70 55 4 3
80 94 2 2
13 42 4 2
72 65 2 4
11 55 4 4
91 31 3 4
4 80 4 4
30 32 2 3
31 71 3 2
27 91 2 3
23 5 2 4
19 47 2 4
31 56 2 4
11 83 3 4
54 77 4 4
69 23 4 2
28 81 3 2
20 79 3 3
27 51 3 3
50 34 4 2
90 2 2 2
85 78 3 3
53 22 4 2
3 21 2 2
40 3 4 4
37 24 2 4
26 84 2 2
63 75 2 3
6 74 3 3
96 64 2 3
85 68 4 2
57 88 4 2
34 61 3 3
46 89 2 4
40 72 2 4
40 20 4 2
9 30 2 4
39 85 4 2
80 6 3 2
9 48 3 2
20 20 3 4
40 90 3 3
20 56 3 3
75 86 2 2
66 60 4 4
81 57 2 3
48 9 4 4
66 23 2 2
7 63 4 4
69 39 4 2
58 48 2 2
58 62 2 2
71 85 3 4
8 4 2 3
75 19 3 4
33 82 2 4
36 89 3 2
44 46 2 3
42 94 2 2
38 77 4 2
66 30 4 3
44 26 4 2
64 79 2 4
35 2 4 2
79 18 3 3
49 86 2 3
84 30 2 2
56 18 4 2
61 42 3 4
73 74 3 2
4 36 3 4
54 13 4 3
39 55 4 4
59 2 2 2
76 35 4 4
72 77 2 3
90 77 4 2
22 35 4 4
31 65 2 4
47 30 3 2
92 41 4 3
66 86 3 2
15 90 2 2
29 46 2 3
53 89 2 2
82 64 4 2
54 42 3 2
73 92 2 2
45 35 3 3
2 61 3 3
77 60 2 3
6 17 3 2
92 83 3 4
81 33 2 2
29 29 2 2
89 88 4 2
69 18 3 2
43 29 2 4
89 46 3 2
13 31 4 4
48 41 3 4
16 83 2 4
55 4 3 2
59 75 2 3
94 6 3 4
2 54 3 4
30 41 2 3
47 50 4 4
59 72 3 2
94 58 3 2
69 8 4 4
68 73 2 3
45 67 3 3
14 73 2 2
66 13 3 3
13 5 2 2
5 29 3 4
17 24 2 2
81 49 3 2
90 67 4 4
7 41 2 2
65 36 3 3
85 55 3 4
15 9 2 3
92 73 3 2
10 60 4 2
11 89 2 2
25 14 4 2
34 14 4 4
51 74 4 2
79 26 3 3
38 82 3 2
36 92 3 2
89 93 3 3
18 38 2 2
45 83 2 3
15 48 3 4
91 51 4 2
41 50 3 4
78 68 2 3
19 61 2 4
57 67 3 3
85 89 3 3
56 35 4 4
85 24 3 2
93 93 2 4
55 58 2 2
25 77 2 4
25 65 4 3
36 29 3 4
38 42 2 4
62 20 3 4
58 8 2 2
59 55 2 4
7 68 4 2
44 79 3 3
53 62 4 2
66 5 2 4
60 94 2 2
87 41 2 4
12 70 2 2
29 18 4 4
2 93 2 3
53 52 4 3
74 31 4 2
80 3 4 2
33 77 2 4
9 24 2 3
94 12 4 4
51 71 2 2
46 57 3 4
4 45 4 4
50 67 4 3
77 5 2 4
27 38 2 4
8 20 3 2
43 13 3 2
65 53 3 2
58 82 4 3
78 49 2 2
19 16 4 3
23 2 4 2
13 20 4 3
2 88 4 4
44 75 3 2
47 94 3 2
54 9 2 3
21 32 2 2
77 53 4 2
14 27 4 2
2 74 2 4
34 21 2 2
18 12 4 2
62 49 4 3
26 72 4 2
33 40 3 2
87 18 2 3
83 75 2 2
16 78 2 4
90 17 2 4
66 93 4 2
30 88 2 2
54 25 4 2
86 14 3 2
79 74 2 4
82 39 3 4
20 8 2 2
47 15 4 3
91 23 4 3
26 95 4 2
70 26 3 2
41 8 3 2
87 72 2 2
26 59 3 2
8 92 4 2
77 43 4 4
10 52 4 2
53 46 2 4
66 46 2 2
22 84 3 3
33 10 2 2
12 14 4 4
74 51 2 3
62 61 3 4
12 8 2 3
31 92 4 3
70 34 2 2
18 3 2 3
95 33 3 3
79 86 2 3
