63 90 3 3
62 70 4 3
53 46 2 2
94 73 3 2
35 55 3 3
66 83 4 2
68 79 2 3
11 46 4 4
36 6 4 2
77 71 2 4
18 25 2 3
40 27 2 4
10 19 4 4
57 10 3 3
81 29 2 3
54 20 3 2
6 88 3 4
16 78 2 3
40 92 4 3
2 84 4 2
86 11 2 4
89 26 4 2
79 36 4 4
26 92 4 4
85 44 4 3
95 58 2 2
56 35 3 3
46 11 3 3
38 76 2 2
13 8 3 2
46 71 4 4
69 48 3 2
7 31 3 4
67 19 2 2
29 72 3 4
81 92 4 4
94 89 3 4
61 46 2 2
95 35 2 4
67 74 3 3
74 79 4 3
68 5 2 2
52 25 3 3
60 56 2 3
31 16 2 3
6 46 4 4
28 63 2 2
42 63 2 4
7 3 4 4
60 20 4 4
67 69 4 3
15 4 3 3
42 19 2 2
24 73 3 2
30 38 4 4
7 23 2 4
27 24 4 3
3 13 3 2
33 26 3 3
90 93 3 3
94 5 2 4
44 68 3 2
21 40 2 2
45 30 3 2
23 68 2 4
90 80 4 3
86 26 2 2
39 50 4 3
80 62 2 2
94 18 4 2
53 94 4 4
50 83 3 3
3 19 3 4
69 38 3 2
46 61 3 3
79 57 2 2
52 7 2 2
78 49 3 3
87 67 4 4
17 50 4 2
37 91 2 2
49 46 2 3
53 67 3 2
26 55 2 3
5 78 4 3
45 50 3 4
86 21 3 2
49 42 4 3
84 35 2 4
82 41 3 2
94 96 3 2
38 36 2 2
14 15 4 2
57 30 4 3
71 43 2 4
42 9 3 3
13 88 3 3
24 60 3 4
75 89 2 3
20 94 4 2
17 83 4 2
26 16 4 4
26 47 3 2
16 68 4 2
31 51 3 3
94 26 2 3
9 74 3 2
17 44 4 4
81 13 2 3
72 83 2 2
6 63 4 2
94 69 4 2
69 63 2 2
51 58 2 4
22 90 2 2
43 23 3 3
8 9 3 4
61 5 2 4
26 10 2 4
46 79 2 4
85 85 3 3
76 93 2 3
17 33 4 2
26 38 2 2
55 49 4 2
49 29 3 2
63 79 2 2
79 81 4 3
14 53 3 4
96 46 2 4
56 82 2 2
81 72 4 2
54 2 4 2
2 41 4 4
23 47 2 3
47 91 3 3
27 68 3 2
65 58 3 4
96 21 2 3
41 83 3 4
71 30 4 2
53 55 4 2
51 12 3 4
14 94 2 2
26 32 4 2
57 25 2 2
61 35 3 4
46 55 2 3
84 62 3 2
72 74 4 3
35 13 4 2
68 54 3 2
11 41 3 2
7 82 2 2
59 87 4 2
29 9 4 2
36 47 2 2
62 29 2 4
2 69 2 3
51 89 2 3
6 51 4 3
37 70 2 3
91 60 2 3
10 14 2 2
65 63 2 4
82 75 3 4
15 59 2 3
73 70 3 3
66 22 3 2
60 64 3 3
76 30 4 3
77 65 4 4
69 13 3 3
35 63 3 4
6 67 4 2
86 96 3 2
69 34 4 3
44 4 2 4
88 16 2 4
26 41 2 4
3 9 3 2
57 5 2 2
41 42 4 4
89 72 4 3
78 21 3 3
11 79 3 4
3 36 2 4
18 87 3 3
27 52 2 2
79 8 3 2
46 19 2 2
17 36 2 2
48 66 2 2
93 43 2 3
33 30 2 4
20 75 2 3
42 14 3 3
19 16 4 4
2 6 3 2
20 61 3 4
85 56 4 3
43 56 2 2
7 60 3 2
89 7 2 2
22 4 3 3
29 28 2 2
47 96 2 2
33 4 2 3
31 62 3 3
36 96 4 2
73 5 2 2
53 77 2 4
61 12 3 3
60 93 2 4
95 83 2 2
64 45 3 3
68 30 2 2
21 8 4 4
35 41 4 3
71 18 3 2
3 95 2 3
58 40 3 2
49 5 2 4
92 33 2 2
30 58 2 2
69 87 2 4
40 39 4 2
11 52 2 3
72 23 3 3
6 37 4 3
15 11 2 3
42 79 3 2
72 65 4 4
51 72 3 2
17 29 2 3
58 74 2 4
89 12 4 2
45 88 2 2
76 58 2 4
90 51 3 3
40 88 2 3
53 39 4 2
2 91 2 2
48 24 3 2
69 92 4 4
15 71 4 3
83 65 3 3
48 36 4 3
16 22 3 2
66 34 2 3
