91 33 2 3
88 24 2 3
46 27 3 3
56 74 3 2
20 13 4 4
33 10 3 3
44 50 3 3
83 12 4 4
37 19 4 4
47 45 2 2
19 40 3 3
54 47 4 2
57 91 3 2
72 68 2 4
18 54 2 3
67 20 2 4
40 59 4 4
4 10 2 4
51 43 2 3
90 90 3 4
81 21 3 2
50 23 2 2
43 83 4 2
43 11 3 4
21 63 4 4
7 37 4 4
28 72 2 3
94 49 4 3
45 34 4 4
58 2 2 2
85 35 2 4
47 56 4 4
19 50 2 3
88 20 2 2
93 72 4 2
22 90 4 4
65 76 3 4
12 70 3 4
26 58 3 2
71 41 4 4
31 44 3 3
8 24 4 3
96 7 2 4
43 87 2 3
29 22 3 2
67 69 4 2
93 59 4 3
85 76 4 2
84 81 3 2
87 69 2 4
55 87 3 3
64 52 3 2
33 30 2 4
63 71 3 2
40 8 2 4
60 21 4 3
52 50 3 2
74 84 4 4
77 79 3 2
50 35 2 4
65 86 2 4
95 93 3 2
15 62 4 3
29 61 4 3
74 73 3 2
25 7 4 2
21 3 2 4
81 3 3 3
8 84 2 4
72 2 4 4
10 6 2 4
30 2 3 3
10 29 4 3
33 92 3 3
76 31 2 3
40 70 2 4
72 63 4 2
69 82 4 2
11 96 4 2
79 16 2 3
77 50 3 2
34 79 2 2
9 46 3 4
2 78 4 2
24 25 3 4
4 5 4 4
39 46 3 4
93 68 4 2
75 26 2 2
51 12 3 3
17 33 3 3
80 27 4 2
86 60 3 2
27 41 4 2
53 79 4 3
42 30 2 2
91 42 3 4
90 55 3 2
56 52 4 3
93 75 3 3
69 47 4 3
33 21 2 4
67 14 3 2
90 80 3 2
4 83 3 4
52 4 2 2
59 57 3 3
83 94 3 4
49 73 2 4
31 37 2 3
94 29 2 4
30 92 2 3
76 39 4 4
38 95 2 3
64 59 2 2
5 16 4 3
55 36 4 4
71 52 2 2
8 69 3 2
13 17 4 4
88 12 4 3
94 12 4 4
46 93 2 4
43 17 4 3
38 55 4 3
43 24 4 2
34 51 4 2
39 91 4 3
46 5 4 3
61 42 2 4
62 87 2 2
67 40 3 3
86 86 3 2
73 15 2 3
82 51 4 4
36 75 4 3
18 9 3 2
52 66 4 3
57 66 3 3
70 89 4 4
5 63 3 2
39 82 3 2
82 73 2 2
43 45 2 2
25 32 3 4
55 18 3 3
23 79 3 3
2 49 4 4
89 4 3 4
21 96 3 2
19 75 3 2
83 57 2 2
54 31 3 4
46 69 3 3
66 64 3 2
55 11 3 4
20 87 4 2
72 10 2 4
65 5 4 2
62 25 4 4
11 53 2 2
39 28 2 3
20 45 4 3
19 24 4 4
6 42 3 3
8 73 2 2
17 88 2 3
75 76 2 2
61 64 2 3
78 74 3 3
65 33 2 2
71 95 3 3
3 90 4 2
20 81 2 4
7 58 2 3
2 43 3 3
80 87 4 3
27 66 3 4
26 83 2 2
74 48 2 2
37 36 2 2
23 72 4 2
9 11 4 2
94 34 3 3
45 61 2 3
72 56 3 4
52 90 2 2
13 88 3 2
61 76 3 4
79 82 4 4
54 94 4 3
85 41 3 3
31 66 4 3
12 33 3 4
86 31 4 3
17 2 2 3
33 85 3 2
78 21 2 4
62 15 2 2
54 62 4 3
59 47 4 2
39 64 3 3
12 39 2 3
49 20 2 2
34 7 4 2
67 60 4 3
77 62 4 4
48 50 2 2
9 93 2 2
71 32 3 3
49 92 2 4
2 34 2 4
37 39 2 4
52 58 3 2
4 69 2 2
61 30 3 2
48 64 2 4
58 7 3 2
16 25 2 4
40 4 4 2
51 16 2 3
29 78 4 2
9 81 2 2
25 18 3 4
21 60 2 2
61 38 4 3
40 33 4 4
65 8 3 4
43 41 3 3
67 26 3 2
92 96 2 2
5 2 4 2
25 50 2 4
19 70 3 3
42 75 3 4
16 37 4 2
15 44 4 2
4 59 2 3
21 32 3 2
21 36 3 2
5 93 2 3
78 68 3 3
84 91 3 2
23 40 2 3
82 37 2 4
36 14 2 3
59 82 3 3
15 80 4 2
43 68 2 3
50 85 3 3
