50 16 2 3
36 8 3 3
10 16 2 3
70 8 2 4
9 89 2 2
8 68 3 3
64 20 2 3
34 47 4 3
63 91 2 2
69 89 3 3
20 80 2 3
49 92 2 4
12 5 3 2
52 54 2 2
45 36 3 2
89 65 3 3
55 93 3 4
23 48 3 3
91 41 2 4
46 9 4 3
64 85 2 2
21 31 2 3
4 68 2 2
16 69 3 4
68 45 3 2
87 14 3 3
23 16 4 2
79 54 4 2
65 2 4 2
70 37 4 4
16 55 2 3
34 73 2 4
76 3 3 4
40 69 3 3
40 66 3 2
21 60 4 3
67 66 4 4
10 54 4 4
57 52 4 2
21 67 3 3
31 79 4 3
77 29 3 4
95 66 3 2
2 12 2 2
66 5 2 4
58 32 4 2
41 61 4 4
40 33 2 3
62 35 3 3
2 93 2 2
5 25 4 2
31 17 4 4
50 20 3 4
73 71 2 2
5 95 2 2
89 28 4 2
53 31 4 4
49 65 4 4
86 45 4 3
5 14 2 3
84 77 4 4
42 26 4 4
92 46 4 4
76 66 4 4
75 52 2 3
13 91 2 4
34 51 2 3
18 35 4 4
57 18 3 3
71 82 3 3
80 37 2 3
4 42 2 2
66 78 4 4
13 74 4 4
61 47 2 3
57 68 4 3
58 40 4 3
15 19 4 3
67 50 2 4
45 41 4 4
57 23 2 2
92 73 4 2
7 63 2 4
82 29 3 4
46 51 4 2
93 88 3 4
62 70 2 4
38 74 3 4
46 69 2 4
67 11 2 2
61 9 4 3
84 18 3 3
41 15 4 3
84 37 3 2
3 83 3 4
63 58 2 3
50 74 3 2
93 79 3 4
84 56 2 3
71 79 3 2
6 3 4 3
31 39 4 3
55 8 2 4
22 2 2 2
6 28 3 4
36 79 2 4
79 72 2 2
74 56 4 2
17 11 4 2
18 86 2 2
30 53 3 2
59 84 2 4
22 12 3 3
32 31 4 3
15 25 2 4
67 28 2 3
60 23 3 4
81 50 2 2
5 91 3 2
23 85 3 2
25 40 2 2
68 58 3 2
35 23 4 2
57 76 4 2
73 15 4 2
30 9 4 3
92 60 3 4
46 32 2 3
9 79 4 4
27 48 3 4
69 19 2 3
87 23 4 2
79 84 2 2
5 47 3 2
85 89 3 4
8 41 2 3
41 93 4 3
30 25 4 4
18 90 2 3
24 21 2 4
15 43 2 4
74 23 3 2
5 80 2 2
16 6 3 3
29 14 2 2
26 55 2 4
67 36 2 4
31 60 2 3
39 48 4 2
8 72 4 4
52 40 4 4
26 60 4 2
92 11 2 3
89 31 2 2
13 65 2 3
28 93 2 3
76 62 3 2
94 38 3 4
69 24 4 3
82 84 3 4
5 10 4 3
30 75 2 2
62 82 2 2
77 8 2 2
18 64 2 2
50 4 3 4
44 87 3 4
46 81 4 3
8 20 2 4
77 38 2 3
26 28 3 4
47 4 2 3
2 76 3 3
81 2 2 4
37 20 2 2
47 61 3 3
25 73 4 2
2 71 2 3
77 44 4 4
26 8 2 4
8 36 2 4
46 56 3 3
22 54 3 4
34 64 2 3
13 33 4 4
94 15 3 4
20 16 2 3
16 79 2 3
26 88 3 4
88 37 2 2
24 35 3 3
32 2 3 4
46 46 3 4
60 28 2 2
23 9 2 2
89 75 2 2
32 35 4 2
33 94 3 3
96 55 2 3
50 27 4 3
54 14 2 4
51 80 2 3
46 13 2 2
59 89 2 4
23 77 4 4
62 6 2 2
2 20 2 3
38 60 2 3
50 89 3 2
70 2 2 3
2 37 3 4
74 46 2 3
56 4 3 3
87 50 3 3
14 30 4 2
46 75 3 3
85 3 2 3
94 32 4 2
54 79 2 4
54 71 2 2
51 60 2 3
8 94 3 4
80 10 2 2
29 67 2 4
93 22 2 4
60 63 4 3
21 88 2 3
72 32 4 2
79 15 4 2
63 77 2 3
36 84 4 3
19 46 3 4
7 59 2 2
87 54 2 4
56 57 3 4
79 20 3 3
90 6 4 4
93 52 2 3
86 69 2 2
26 82 4 2
45 21 3 3
38 53 4 2
89 87 2 4
63 52 2 4
55 26 4 3
50 36 4 2
13 49 4 2
17 96 4 2
40 22 4 2
87 11 2 2
