90 50 2 2
78 87 3 3
18 18 3 2
74 45 4 4
54 60 4 2
21 37 4 4
44 75 3 3
26 49 2 3
36 76 2 3
16 94 4 2
40 87 4 4
35 60 4 3
47 52 4 4
28 30 4 2
29 84 3 3
79 45 2 3
32 19 4 2
17 5 3 3
66 4 2 2
2 47 3 4
66 51 4 2
36 45 2 3
91 79 2 3
61 3 3 2
51 92 3 2
12 88 2 3
37 53 4 2
70 46 2 2
73 74 2 2
28 20 2 2
60 41 4 4
89 85 4 3
69 11 3 4
58 15 3 3
44 32 4 4
64 91 4 2
11 15 4 2
57 4 3 3
89 21 3 3
33 16 4 2
31 44 2 2
14 59 3 2
92 93 3 2
84 38 4 3
54 72 2 4
76 34 3 3
55 94 4 2
10 26 3 4
70 83 3 3
77 74 3 2
12 68 4 3
41 26 2 4
34 10 3 2
37 87 2 4
47 37 2 2
12 52 2 4
20 44 3 4
70 72 2 4
13 64 3 3
75 53 2 4
40 82 3 2
47 15 4 2
53 41 3 2
93 6 2 4
51 83 2 4
56 56 4 3
54 12 4 2
94 32 3 3
48 43 2 3
84 56 4 4
63 58 2 4
42 69 4 3
26 91 3 4
89 75 3 3
18 72 2 3
29 7 4 4
66 74 2 2
43 45 4 2
62 63 3 4
91 89 2 3
62 86 4 2
69 93 2 4
39 76 4 4
52 2 2 2
65 81 4 4
26 13 2 4
9 57 4 4
26 75 4 4
53 68 3 2
10 36 4 3
8 40 3 2
87 49 2 2
42 59 4 4
94 62 2 3
9 4 3 4
50 88 3 3
86 27 4 4
2 69 4 4
59 26 2 2
44 3 3 4
31 39 3 2
8 92 3 2
76 67 3 4
36 27 3 2
26 24 2 3
4 41 2 4
80 79 2 4
76 12 2 4
40 6 3 3
5 62 2 3
62 77 3 2
18 79 4 4
58 84 3 2
25 67 2 4
29 23 4 3
41 50 4 2
91 66 3 4
48 62 3 3
28 68 2 4
71 64 3 2
38 18 3 4
79 16 2 3
79 94 2 4
95 48 2 3
17 26 3 3
60 80 4 2
3 87 4 4
4 30 4 2
27 40 3 3
45 83 3 3
20 87 4 2
81 7 2 2
68 17 3 4
8 46 4 3
21 14 2 3
82 70 3 4
3 12 3 4
13 94 2 3
40 95 3 2
9 83 4 4
69 27 3 3
18 9 2 3
92 11 4 2
84 15 3 3
43 20 3 2
22 56 3 2
66 57 3 4
2 2 3 2
38 11 3 4
57 42 2 2
74 82 4 2
95 71 3 4
83 89 2 3
66 43 2 3
27 63 4 2
22 51 2 3
52 30 3 4
21 90 4 2
34 81 2 4
96 7 2 3
85 96 4 2
12 22 3 2
90 56 3 4
15 47 2 4
4 57 2 3
56 34 4 3
48 25 2 2
37 23 2 3
4 20 2 4
19 22 2 3
30 50 2 4
67 86 2 4
81 62 2 4
81 26 2 3
58 74 3 3
24 31 2 3
33 52 2 4
78 41 3 3
84 44 2 4
13 40 2 2
74 3 3 4
48 94 2 4
36 94 3 4
80 22 4 2
94 19 2 2
17 13 2 4
59 30 3 3
92 40 3 3
3 27 3 2
57 51 2 2
64 24 4 2
62 8 2 3
21 7 2 3
49 40 2 2
35 65 2 4
54 81 3 4
83 33 3 3
78 2 3 4
5 81 2 4
62 17 2 3
29 14 3 4
52 45 3 4
51 37 2 2
84 80 2 2
87 61 4 2
75 21 2 2
2 74 4 4
20 67 2 2
71 52 3 3
24 80 3 4
48 76 4 3
86 90 2 3
90 14 4 2
14 31 2 3
13 79 4 3
37 30 3 3
66 35 4 3
68 62 2 2
9 72 4 2
34 22 2 4
56 21 4 2
58 67 2 2
59 61 2 2
19 61 2 3
22 28 4 2
95 52 2 4
39 39 3 2
88 80 2 3
24 60 2 2
13 18 3 3
96 92 2 2
31 91 4 3
6 95 2 3
87 3 2 3
74 41 2 3
10 9 3 3
82 85 3 2
61 94 2 2
87 70 3 4
42 17 2 2
2 35 2 4
35 73 4 2
5 6 3 2
24 18 2 4
2 95 2 2
49 47 2 3
27 2 2 4
73 24 3 3
18 52 2 2
77 8 2 2
