8 82 2 4
80 77 4 3
82 8 3 4
56 15 4 3
78 87 3 2
80 38 4 2
78 61 3 4
70 60 4 2
42 39 2 2
27 58 2 3
96 91 2 4
92 14 4 2
61 56 3 2
17 43 2 2
70 16 2 4
59 94 3 4
85 87 4 4
36 42 3 4
86 11 3 4
27 44 4 4
46 3 2 3
33 9 2 2
89 51 2 4
93 86 4 4
95 5 3 2
8 74 2 3
47 50 4 2
59 48 3 2
6 10 2 2
15 20 2 3
71 26 2 2
74 43 4 4
45 55 3 4
11 42 2 2
52 31 4 2
52 64 3 4
55 23 3 4
44 77 2 2
3 37 4 3
80 26 2 3
82 21 4 3
63 78 2 2
10 32 3 4
61 15 3 3
52 7 2 3
34 95 2 3
16 17 4 2
96 23 2 4
56 79 3 4
30 61 4 4
69 32 2 2
27 75 3 2
92 32 4 2
45 71 2 2
74 23 3 2
93 69 4 2
73 71 4 4
37 36 4 2
47 13 2 4
31 22 2 4
66 86 3 3
86 68 3 3
92 72 3 4
86 47 2 3
42 54 2 3
40 4 4 3
39 9 2 3
44 30 4 4
84 41 2 4
45 44 4 2
7 17 2 3
88 4 2 2
66 74 2 4
44 21 4 3
74 94 3 4
19 62 4 2
37 17 3 4
33 81 4 4
21 22 3 4
69 41 3 2
2 63 4 4
57 74 4 3
37 58 4 3
75 59 2 2
34 68 2 2
10 53 3 3
33 72 3 3
35 51 4 2
5 31 4 3
80 68 2 4
36 24 3 2
7 55 2 2
19 85 4 2
31 34 2 3
20 48 4 2
21 69 3 4
15 10 2 3
31 90 4 4
30 14 3 3
27 2 3 2
62 25 4 4
93 59 2 4
50 58 3 2
53 85 4 4
72 64 2 3
2 55 3 2
3 86 4 3
72 30 2 3
8 27 4 2
23 10 2 3
7 3 3 2
47 87 3 3
14 59 2 2
27 34 3 2
10 9 2 2
26 51 4 3
76 48 4 4
15 64 2 2
40 92 4 2
22 93 4 2
2 90 2 4
55 5 2 3
54 20 4 2
86 80 2 4
14 49 2 2
79 9 2 3
2 74 4 4
86 33 4 4
66 38 4 2
48 63 3 4
68 92 2 3
55 58 4 4
82 62 2 3
92 54 4 3
16 84 2 4
16 69 3 4
67 82 3 3
74 11 2 3
11 18 2 4
75 36 4 4
15 74 3 2
67 24 3 4
41 71 2 3
14 95 2 2
70 8 3 4
7 91 4 2
85 16 4 4
11 57 2 3
12 4 3 2
61 38 4 4
42 51 4 2
87 22 2 2
21 41 3 3
59 88 3 3
2 11 3 4
54 51 3 2
38 81 3 4
90 27 3 4
75 8 2 2
51 93 4 4
68 52 4 2
48 72 4 3
2 45 3 4
43 36 2 2
91 78 3 3
37 31 2 4
54 42 2 4
28 28 4 4
45 66 2 3
20 53 4 3
18 29 3 2
65 11 4 4
63 91 3 2
11 79 4 3
60 81 2 3
33 54 3 4
35 27 4 2
20 6 3 3
12 88 3 4
28 38 4 2
52 90 3 2
40 86 4 3
31 96 2 2
69 96 3 2
87 77 3 2
74 53 2 2
60 7 3 4
24 14 2 2
77 83 2 2
71 83 3 4
58 32 3 4
27 84 4 2
29 78 2 2
88 92 4 4
46 26 4 2
41 45 2 3
14 32 4 2
24 30 3 2
82 95 4 2
22 88 3 2
37 75 2 3
41 65 2 2
49 78 4 4
9 68 3 2
92 11 3 2
58 66 2 3
77 17 3 2
65 61 2 3
91 45 3 2
3 41 2 3
61 65 3 4
59 70 3 2
9 12 4 3
27 23 3 3
27 92 3 4
86 61 2 4
72 77 2 4
85 27 4 4
30 66 2 3
4 81 2 4
42 81 4 2
42 59 2 2
11 94 2 3
80 44 2 2
80 74 3 2
79 32 3 3
60 20 3 3
41 20 2 4
53 36 2 2
13 68 2 2
7 48 2 4
43 15 3 2
53 72 3 4
36 63 2 3
63 30 4 3
69 69 2 4
9 39 4 2
36 2 3 3
3 95 4 2
74 5 2 2
92 38 4 2
30 57 2 2
31 2 2 2
40 26 2 3
47 92 3 3
14 37 4 4
71 57 2 2
12 45 2 3
78 55 2 4
2 16 3 4
