87 84 4 4
77 28 4 3
82 10 4 2
8 18 3 4
19 31 2 2
15 14 4 4
20 11 4 4
40 14 2 4
25 9 2 2
22 31 2 2
49 89 4 3
20 92 3 4
7 51 2 2
71 73 4 2
85 91 2 4
6 69 2 3
79 53 2 3
84 42 3 2
32 96 2 2
70 41 3 4
32 86 3 4
55 30 3 4
54 68 4 2
67 6 3 3
86 25 2 3
22 76 4 2
3 30 3 4
61 58 3 4
70 30 2 2
22 47 2 2
72 84 4 2
60 48 4 4
66 35 4 2
65 15 2 2
74 22 3 4
3 78 2 2
26 43 4 3
28 61 4 4
10 81 4 3
10 74 4 2
63 32 4 2
77 46 4 4
40 26 3 4
70 64 3 3
71 10 3 3
43 42 3 2
38 7 2 3
54 22 4 2
8 86 3 3
92 32 3 4
55 93 2 3
80 88 3 3
82 68 4 4
54 41 4 3
27 31 2 3
86 63 4 4
48 5 2 3
74 36 2 2
77 62 2 2
94 61 3 2
95 91 2 4
57 49 2 3
55 15 2 3
51 57 2 3
20 69 2 3
50 50 3 3
52 80 3 3
74 16 2 2
65 63 2 3
78 75 2 3
33 8 3 3
77 93 2 4
93 83 3 3
19 81 4 4
44 9 2 2
85 55 2 3
7 42 3 3
19 4 3 4
50 29 3 3
23 52 4 3
69 60 4 2
64 93 3 2
34 51 4 4
80 35 3 2
44 74 4 2
40 61 2 3
89 39 4 3
44 63 4 3
20 38 3 4
33 14 4 3
33 44 3 3
15 3 2 4
7 75 2 4
13 57 2 4
64 11 4 2
56 76 4 2
94 46 2 3
50 33 3 3
60 87 3 3
36 19 2 4
85 36 3 3
82 92 2 2
95 4 3 3
92 92 2 2
11 12 3 2
27 28 2 2
60 15 3 2
33 33 2 4
12 62 2 4
6 64 3 2
93 72 2 2
80 23 4 3
85 16 3 4
10 32 2 2
58 35 2 2
70 96 3 2
19 46 2 3
63 43 4 3
42 39 3 2
78 3 3 2
54 59 2 2
66 18 2 2
58 25 4 3
35 71 3 2
75 42 2 3
89 95 3 2
13 19 4 3
37 45 4 4
55 6 4 2
26 87 4 3
63 39 3 2
33 28 4 2
74 87 3 3
48 56 2 2
26 15 2 3
83 78 3 2
70 19 3 2
90 8 2 4
51 94 2 3
71 92 2 2
86 46 3 2
40 78 3 3
92 53 4 2
91 19 3 4
11 3 3 4
13 77 3 3
60 68 2 4
47 41 2 3
32 23 3 2
23 24 4 3
21 87 4 2
17 60 3 3
11 42 2 3
52 12 2 3
31 57 2 3
7 11 3 3
91 24 2 4
81 38 2 3
82 82 4 3
7 26 2 2
93 64 3 4
18 26 2 2
34 63 4 3
16 87 3 3
10 67 3 2
41 83 3 2
74 51 4 3
78 13 2 2
2 23 4 2
3 56 2 3
72 2 3 3
20 64 3 3
53 45 3 3
69 54 3 3
51 20 2 4
3 19 4 3
65 28 2 2
49 63 2 4
8 56 2 3
71 35 2 3
63 67 3 3
25 19 3 2
32 93 2 2
39 66 2 2
34 80 3 2
8 36 3 3
68 50 4 2
18 77 3 2
63 77 4 4
24 39 4 3
90 58 2 4
70 68 2 4
42 68 3 3
48 78 2 2
22 19 2 2
75 76 2 4
52 54 4 2
6 3 4 4
87 50 4 3
91 78 4 4
24 79 3 3
69 15 4 3
12 46 4 2
58 62 2 3
28 11 3 2
65 89 4 2
54 2 4 2
51 2 2 2
88 89 2 3
38 94 2 4
46 88 2 4
37 11 2 2
43 13 4 3
59 19 3 4
3 48 2 3
68 76 2 3
89 4 3 2
2 85 2 3
30 31 2 3
30 4 3 3
27 83 2 2
74 48 2 2
55 63 2 2
46 93 3 2
57 9 2 4
85 31 3 4
70 81 4 2
61 10 2 2
46 27 2 4
12 95 2 2
41 50 3 3
45 19 2 3
38 33 3 2
37 56 2 4
49 73 2 2
15 94 4 3
13 23 3 4
25 66 2 2
25 3 3 3
78 6 4 2
18 54 3 2
79 83 2 3
94 10 4 3
78 39 2 2
27 74 3 3
18 21 2 3
14 49 2 4
49 46 3 2
93 16 2 2
23 70 2 4
