10 15 3 2
93 16 2 4
94 90 4 4
89 56 4 3
36 14 2 2
62 13 3 4
14 30 2 4
46 61 3 2
77 47 4 3
37 38 2 3
11 12 2 2
11 33 2 3
64 37 2 3
42 4 3 3
6 59 2 4
56 7 4 2
19 14 2 4
48 43 2 3
81 92 4 2
42 77 3 3
80 5 2 4
10 38 2 3
55 16 2 4
60 45 3 2
16 80 4 2
86 96 4 2
35 78 2 2
7 52 3 4
92 10 3 4
26 85 4 3
31 67 4 2
31 70 2 2
67 39 2 2
18 26 2 3
78 23 4 4
52 70 4 3
37 74 3 3
25 2 3 4
73 86 3 4
2 38 3 3
5 83 3 4
54 42 4 3
16 93 3 3
89 73 2 2
61 54 4 3
33 30 3 4
68 32 4 4
16 68 4 2
11 72 2 3
43 42 2 2
96 65 2 4
80 40 4 3
42 29 2 3
26 19 2 4
89 3 2 2
46 22 3 3
88 16 4 4
81 87 4 3
38 60 3 2
79 80 4 4
84 7 2 2
29 38 2 4
54 49 2 2
91 51 4 3
15 74 3 4
34 7 2 2
17 84 3 2
23 80 4 3
19 60 3 4
67 56 4 3
30 55 3 3
63 62 4 2
47 29 4 2
9 94 3 3
53 90 2 2
45 84 2 4
46 92 4 4
56 28 3 3
80 34 2 3
18 33 3 3
42 23 3 4
34 48 4 2
77 86 3 3
30 15 3 4
39 57 4 2
54 59 3 3
46 14 2 2
76 36 2 2
93 37 4 4
4 95 3 3
39 18 2 2
68 3 2 3
64 78 3 4
15 24 2 3
93 73 4 2
68 90 2 3
15 56 3 2
52 28 2 3
73 16 3 2
6 31 4 3
26 33 2 4
39 84 4 3
83 57 2 4
4 3 2 2
18 47 3 3
5 10 4 2
68 14 4 4
38 45 3 2
48 2 3 3
18 21 3 3
60 49 3 4
60 2 2 3
9 80 2 4
87 46 4 4
60 77 2 2
89 9 2 3
14 10 3 2
75 64 3 4
42 9 2 3
66 70 4 2
37 91 4 2
10 47 2 3
9 6 4 2
76 40 3 3
73 91 2 2
52 93 2 2
33 89 2 4
32 23 2 3
58 63 3 2
57 88 2 2
34 83 4 3
6 35 3 2
76 94 3 2
95 31 2 2
16 88 3 4
95 24 3 3
93 85 3 4
8 23 4 3
46 65 3 3
3 29 2 2
2 24 2 2
14 63 2 2
2 72 4 2
64 50 4 3
13 86 2 4
52 79 3 4
11 57 2 4
29 20 2 2
75 31 2 4
28 81 3 3
19 52 2 3
23 52 3 3
19 5 3 2
69 78 2 2
50 23 2 3
49 17 4 3
9 62 3 2
79 73 3 4
90 77 2 3
62 28 3 4
40 37 4 2
74 83 4 2
70 19 3 3
26 9 2 4
73 73 2 2
75 77 2 2
29 23 2 4
27 91 4 2
71 8 4 2
28 50 2 3
95 55 2 3
24 74 3 3
23 88 2 3
22 17 3 2
34 43 2 4
77 13 2 4
59 23 3 4
29 34 3 3
87 31 4 2
51 38 2 3
83 19 4 3
51 53 3 3
13 47 4 3
14 16 3 3
54 21 2 4
70 37 3 2
57 52 2 2
16 37 2 3
30 73 3 2
26 69 4 2
25 56 3 4
60 86 3 2
79 18 2 4
75 56 4 3
7 18 4 2
48 10 3 2
63 91 4 4
22 46 4 2
79 29 3 4
45 34 3 3
95 7 2 2
87 79 2 2
65 7 2 2
71 51 4 2
50 87 2 2
51 49 2 2
84 69 4 2
56 94 2 4
74 24 2 2
30 94 2 3
45 53 4 4
68 45 3 4
69 26 3 4
50 62 2 3
81 54 3 2
72 47 2 2
68 64 4 4
22 41 4 4
47 7 4 2
15 51 3 3
51 96 4 2
88 82 4 2
59 69 4 2
79 51 4 2
92 2 2 4
2 45 4 2
28 63 2 3
69 85 3 3
12 81 2 3
51 59 2 2
90 64 3 2
3 33 2 4
37 63 4 3
39 70 2 2
58 14 2 3
87 35 4 3
87 6 4 2
40 14 3 2
60 34 2 4
68 11 4 2
2 61 2 2
20 92 4 3
52 5 2 2
51 66 4 3
34 17 4 3
46 39 3 2
59 81 3 4
8 75 2 4
87 91 2 3
47 72 3 4
