71 17 2 4
85 63 2 3
85 19 2 3
65 76 2 4
33 44 2 4
17 34 3 2
65 68 3 4
86 49 4 3
13 12 4 4
32 32 4 2
9 94 3 2
38 17 3 3
51 68 3 4
87 13 3 3
82 3 4 4
53 54 3 3
67 15 2 3
48 79 3 4
74 18 2 2
16 64 2 3
77 70 3 3
74 46 2 2
83 58 2 4
38 68 2 4
87 90 2 2
38 95 3 2
59 46 3 3
62 25 3 2
94 11 4 3
70 3 2 2
41 41 3 3
56 38 2 3
78 15 3 3
19 45 4 3
44 79 2 3
27 36 4 3
83 16 3 2
55 81 2 3
48 40 2 4
56 15 4 4
61 34 2 4
14 20 3 3
42 88 2 3
5 95 3 3
77 24 2 4
65 60 2 3
76 30 3 4
86 81 3 2
81 34 2 2
23 94 2 3
92 88 4 2
70 42 3 2
77 53 2 4
47 23 3 2
44 13 2 2
39 77 2 3
65 84 3 2
27 31 2 4
86 35 2 4
56 74 3 2
72 90 2 4
3 4 3 3
88 85 2 4
16 71 2 2
34 25 2 3
61 3 2 3
43 8 2 4
11 63 4 4
48 55 3 2
4 30 4 3
13 60 2 2
24 83 4 2
75 6 3 2
7 11 2 3
83 48 2 4
26 65 3 3
5 40 2 3
19 93 2 3
42 28 4 2
26 93 3 3
13 84 3 4
50 29 2 4
59 91 2 3
88 9 2 3
3 92 3 2
20 24 3 2
17 68 2 2
53 91 2 4
69 53 3 3
62 93 3 3
86 78 2 2
2 67 3 3
68 90 2 3
40 33 3 2
22 13 4 2
37 84 2 3
10 79 2 4
79 90 4 2
30 17 4 3
32 60 2 3
81 9 3 3
16 59 4 4
79 78 4 4
25 43 4 4
62 30 2 2
58 78 4 3
37 9 4 3
42 22 3 4
63 57 2 2
88 22 3 2
82 86 3 2
87 44 4 2
44 60 4 4
83 68 3 2
51 39 2 2
44 55 2 4
62 8 2 4
17 77 3 2
32 11 4 4
28 75 4 2
3 15 2 3
90 68 4 2
13 32 2 3
24 79 4 3
8 2 3 3
46 70 4 3
12 26 2 4
65 4 4 2
35 90 4 3
91 63 2 3
26 49 3 4
52 46 4 4
67 22 4 4
49 84 2 4
88 17 2 4
7 34 4 2
14 7 4 3
56 26 2 3
10 48 4 2
4 25 3 4
77 47 4 2
92 94 2 3
68 27 2 4
62 53 3 3
50 13 3 4
39 60 2 2
10 41 2 2
22 59 4 3
95 5 2 4
37 40 3 3
55 62 3 4
41 66 2 4
28 86 4 3
65 9 2 3
76 35 4 2
9 74 3 2
21 85 2 3
7 54 4 2
87 93 2 2
42 49 3 4
61 67 3 3
25 73 2 2
27 13 4 2
80 42 4 3
58 87 2 2
55 67 4 4
2 20 4 3
2 82 3 4
31 54 4 4
62 39 2 4
72 86 3 2
9 86 3 4
44 95 3 2
21 63 4 2
91 84 4 3
73 76 3 4
53 30 2 3
36 52 4 2
24 86 3 3
50 3 3 3
90 40 4 3
45 31 2 2
93 26 2 2
72 35 2 2
61 73 4 2
77 41 2 3
70 6 4 2
52 80 2 2
13 37 4 4
5 8 2 2
22 91 2 2
39 81 3 2
2 40 2 2
19 55 4 2
24 17 4 2
70 71 4 2
90 5 4 3
5 44 3 3
72 62 2 4
85 73 3 2
2 59 2 2
25 24 2 2
73 95 3 3
32 6 4 4
58 30 2 4
47 9 2 4
93 35 2 4
58 53 2 2
68 47 4 3
32 38 3 4
2 77 4 2
59 20 3 4
66 43 3 3
27 28 4 2
66 39 4 2
87 56 4 3
69 63 2 2
72 12 3 4
68 10 2 3
92 58 2 3
81 29 3 2
89 31 4 3
67 34 2 3
11 68 2 4
35 74 3 4
84 94 2 3
49 90 2 2
89 25 3 2
21 29 3 3
21 39 4 3
5 61 2 4
6 17 4 2
91 75 2 3
52 51 2 2
79 93 4 3
41 73 3 2
68 79 4 2
4 11 2 3
44 16 3 4
21 16 2 4
77 19 4 2
35 71 2 2
73 27 2 3
3 51 3 4
49 75 2 3
19 6 2 3
37 36 4 3
30 24 2 2
77 61 2 2
6 57 4 2
