45 83 2 3
78 4 4 2
18 52 3 2
81 20 2 3
25 84 4 3
39 90 3 3
21 35 2 3
39 83 3 4
36 88 2 4
9 48 3 2
33 81 4 2
72 44 2 2
36 70 3 4
5 53 3 3
37 24 4 2
13 2 2 4
50 18 4 3
6 86 3 4
84 84 2 4
54 89 3 4
42 36 4 2
61 7 4 3
63 55 3 3
17 2 2 3
89 18 4 4
2 74 3 4
63 74 2 2
10 22 4 4
30 38 3 3
84 44 3 2
50 46 3 3
64 17 4 2
92 9 3 2
64 48 4 4
87 13 4 3
57 37 3 2
85 31 3 4
79 46 3 4
94 44 4 3
58 75 2 3
12 73 4 4
75 8 3 4
55 58 3 4
3 38 3 2
13 85 2 4
58 50 3 2
64 77 3 3
16 86 4 3
95 38 3 3
17 39 4 2
90 49 4 3
66 12 4 2
30 23 2 3
77 90 4 3
30 80 2 4
30 11 3 2
72 40 4 3
49 11 2 4
57 20 3 4
11 31 3 2
31 85 2 4
26 31 3 4
57 40 2 2
52 15 2 2
35 3 3 3
34 75 3 4
21 66 3 2
52 83 4 3
71 62 2 4
9 79 3 3
55 47 2 4
46 24 4 4
7 27 2 4
80 72 3 3
66 30 2 2
93 27 3 2
19 55 4 3
86 94 3 2
18 61 2 3
36 35 3 4
47 72 4 3
59 2 4 3
58 27 3 3
22 73 3 2
34 48 4 3
22 27 2 4
53 9 2 2
3 58 2 2
71 27 3 3
59 43 2 3
93 23 2 2
10 44 2 2
20 11 2 4
69 8 2 3
31 15 2 4
43 4 2 3
25 23 4 3
24 91 3 4
12 52 4 4
60 31 4 4
46 51 4 4
55 53 2 4
91 38 2 4
39 48 3 4
32 69 3 3
69 93 3 2
41 56 3 2
73 71 3 4
18 17 2 3
44 90 4 4
60 11 2 3
64 81 2 2
36 66 4 2
57 81 2 3
54 39 2 2
71 19 3 4
88 79 3 3
2 11 3 3
24 17 4 3
36 20 3 2
84 66 4 4
78 27 4 3
5 92 4 2
85 24 4 4
78 20 2 3
41 72 4 4
48 31 3 3
48 76 2 2
57 8 2 2
52 33 2 2
10 18 2 2
20 43 4 3
48 37 3 3
79 38 2 3
69 74 2 4
24 53 2 2
28 90 2 4
90 92 2 2
76 15 3 2
29 51 3 2
39 29 3 2
68 85 3 2
94 63 2 4
14 12 3 4
91 60 4 2
69 5 3 2
91 30 4 4
41 66 4 2
42 12 3 4
72 2 4 2
42 26 2 2
32 34 2 3
16 66 3 4
95 85 3 2
39 62 3 3
29 58 2 2
44 46 4 3
83 49 4 2
78 76 3 4
83 39 2 4
2 30 2 4
45 19 2 2
55 64 3 2
18 26 3 3
73 33 3 4
59 63 4 2
42 41 3 2
22 39 3 2
69 51 2 4
68 66 2 4
62 42 2 4
89 84 3 2
38 44 4 2
21 90 2 3
91 6 2 2
29 5 3 3
49 67 4 4
26 14 4 2
33 53 3 4
79 64 3 4
90 67 3 3
15 46 4 2
15 49 4 2
73 91 2 2
60 53 2 3
90 89 2 2
64 37 2 3
37 94 4 2
80 60 2 3
16 92 4 3
87 10 4 2
82 52 3 4
87 74 4 3
2 5 2 3
30 74 3 4
46 79 3 2
25 59 2 4
6 32 3 3
72 12 2 4
72 78 4 3
64 61 3 3
26 10 2 3
51 91 2 3
26 68 4 2
35 8 2 4
67 42 3 3
86 6 3 3
43 32 3 3
55 75 2 2
30 64 2 3
93 71 2 3
9 9 2 2
64 65 2 3
34 60 2 2
60 92 4 4
76 56 2 3
16 7 3 4
87 60 2 4
4 26 2 2
66 72 2 3
15 63 2 2
80 31 2 4
90 56 2 2
20 7 2 2
50 3 2 2
16 21 2 4
94 93 2 2
94 56 3 3
6 67 2 2
8 41 4 2
70 58 2 3
59 15 4 4
14 96 2 2
72 50 3 3
40 19 2 4
75 66 3 4
17 80 3 4
91 43 2 2
96 22 2 3
7 2 4 3
64 26 4 2
3 95 2 3
49 88 2 2
51 58 2 4
84 81 2 2
80 94 3 4
96 77 2 3
37 40 3 3
56 68 2 4
30 45 3 2
