4 23 4 3
39 59 4 3
64 76 4 4
35 48 3 2
92 90 2 3
11 71 3 2
86 63 2 2
23 72 4 2
49 74 3 4
4 38 3 2
86 36 4 4
26 62 3 2
33 19 4 4
81 10 4 2
73 38 4 4
74 64 4 2
72 19 4 4
81 73 2 3
93 27 4 4
37 15 2 3
53 36 3 2
35 93 2 2
58 31 3 4
68 8 3 3
27 18 2 3
92 76 4 2
4 15 3 3
30 2 4 3
39 63 4 3
56 72 2 4
4 73 4 4
81 25 2 2
44 53 3 2
29 41 3 2
56 82 4 4
85 30 2 4
93 19 3 4
92 84 4 3
58 40 3 4
66 82 2 3
35 67 3 3
44 63 3 3
48 13 2 3
54 2 2 3
85 96 2 2
48 84 2 3
59 89 3 3
14 4 3 3
24 29 4 2
32 68 2 4
65 30 2 3
8 37 4 3
3 95 4 2
25 9 3 2
37 72 3 2
9 64 3 2
64 44 4 4
39 78 3 3
73 26 4 4
36 87 2 3
44 29 4 4
2 91 2 2
4 29 4 4
56 47 4 4
35 33 2 2
64 64 2 4
94 56 4 4
48 18 2 2
57 56 3 2
82 16 4 3
45 35 2 3
83 42 2 4
66 22 3 3
79 40 2 3
58 66 2 3
23 60 2 3
21 14 4 2
5 8 3 3
74 78 4 4
39 39 2 2
43 47 4 4
12 46 2 4
54 41 2 4
83 57 4 3
86 72 2 4
19 74 2 2
20 7 4 3
49 31 4 2
24 55 2 4
13 20 2 4
48 92 4 2
6 82 2 2
21 17 2 3
38 24 3 4
32 78 3 2
48 62 2 2
37 5 4 2
29 12 3 2
15 82 3 4
19 67 4 2
30 47 4 4
82 34 2 3
46 80 4 3
17 13 3 3
69 34 2 3
72 61 3 2
3 19 2 3
5 44 4 4
91 62 4 4
21 31 2 3
45 73 3 4
93 48 4 4
10 84 2 2
28 55 2 3
2 80 2 2
65 56 2 2
70 3 2 4
58 52 4 2
7 49 2 2
67 16 3 2
78 57 3 2
84 66 3 2
72 68 3 2
43 5 4 2
26 14 2 2
75 51 3 4
66 35 2 3
34 63 3 3
61 17 4 4
32 90 2 4
23 76 4 2
12 52 3 4
68 68 2 4
82 53 2 2
30 35 3 4
78 95 2 3
15 30 4 2
17 22 3 3
17 94 2 2
24 49 3 2
20 54 2 2
54 77 4 3
39 36 4 2
9 89 2 4
78 67 3 3
90 11 3 4
89 41 2 3
88 53 4 4
69 89 3 3
87 16 2 4
49 2 4 3
71 43 4 2
70 49 2 2
86 46 2 3
63 59 3 4
75 14 2 4
68 26 4 4
78 28 4 3
58 3 2 3
28 80 3 3
49 43 2 2
56 11 4 3
91 7 4 2
39 11 4 3
12 88 4 4
31 24 4 2
73 93 2 2
96 93 2 3
66 91 2 2
76 4 3 3
12 75 4 2
5 53 3 3
8 14 4 2
25 38 3 2
15 39 2 3
95 32 2 3
28 76 2 2
27 90 3 3
62 7 2 3
34 39 3 2
16 61 2 2
19 59 2 2
19 63 3 3
75 86 2 4
68 94 3 2
13 67 4 3
34 53 3 3
88 29 3 2
18 34 2 4
88 95 4 2
24 46 3 2
20 43 2 3
51 81 2 3
26 96 3 2
89 81 3 2
2 44 2 2
7 3 2 4
73 8 3 2
33 59 2 3
58 23 4 2
95 11 3 4
95 81 2 2
78 36 3 3
49 89 3 2
41 71 2 2
59 28 4 2
39 52 4 2
53 7 4 2
44 8 3 3
44 90 2 3
43 17 3 2
5 85 3 3
39 43 4 3
49 52 2 2
55 60 2 3
25 67 3 4
70 78 2 4
43 23 3 4
77 45 2 4
85 24 4 4
21 39 3 2
43 87 2 2
62 39 2 3
21 21 3 3
20 92 2 2
89 88 2 3
51 12 2 3
2 65 3 2
30 16 3 2
80 89 2 4
19 81 2 4
84 78 4 4
48 66 4 2
93 67 4 4
80 21 2 3
72 31 4 2
11 43 3 2
13 15 2 2
46 42 2 3
7 79 3 2
48 38 3 2
49 69 2 4
9 31 2 4
54 15 2 3
74 73 4 3
8 94 2 3
94 43 3 2
71 58 2 2
89 70 2 2
54 28 3 3
