17 9 4 3
91 11 3 4
18 65 4 4
10 18 4 4
13 42 2 4
92 47 4 2
43 89 2 4
90 53 2 2
63 74 3 2
62 86 4 4
5 52 2 4
94 50 4 3
29 83 2 3
37 67 2 2
41 30 2 3
28 71 4 3
58 10 3 3
62 34 3 4
85 19 4 3
59 28 4 2
12 70 3 2
37 36 4 3
66 5 4 2
77 41 3 4
51 50 2 4
85 81 4 4
45 80 3 3
51 59 4 2
95 56 3 4
17 43 4 4
93 74 4 4
72 3 2 2
84 67 3 4
26 82 2 2
39 93 2 4
69 41 4 3
90 40 3 3
86 63 2 2
46 53 4 3
47 18 2 4
45 60 3 2
20 14 4 2
67 35 2 3
53 42 2 2
71 35 2 3
56 34 3 4
29 9 4 2
44 63 4 2
5 43 4 2
78 68 4 4
47 47 2 4
86 28 2 4
37 2 4 2
66 25 4 4
68 91 3 3
59 42 2 2
89 93 4 2
60 51 4 4
23 91 2 3
19 36 3 2
63 18 2 4
9 25 4 4
95 85 3 2
34 5 4 4
23 47 2 2
73 11 3 2
13 78 2 4
4 60 2 3
7 93 4 3
4 64 2 2
42 21 2 2
49 91 4 2
29 16 3 4
76 53 4 3
46 24 3 3
88 87 2 4
15 35 2 4
33 38 2 2
16 60 2 4
58 74 3 2
20 51 3 3
38 77 2 4
69 82 4 4
21 26 4 3
88 9 2 3
9 4 3 2
78 46 2 3
24 33 3 4
4 23 4 4
19 76 4 3
23 73 2 2
91 67 2 2
15 2 3 4
2 94 2 2
83 30 2 3
62 67 3 4
32 33 3 3
40 56 2 4
86 24 4 2
88 47 3 3
20 57 2 3
81 91 3 4
58 92 2 2
45 68 4 3
5 34 4 3
82 77 4 3
27 25 4 3
17 83 3 2
33 57 4 4
88 2 2 2
27 44 2 3
45 96 4 2
53 85 3 3
29 37 3 2
82 57 2 3
55 69 2 2
65 55 2 2
52 10 2 4
56 2 4 3
40 73 2 3
76 60 3 2
15 27 4 3
37 44 3 4
74 16 2 2
19 91 3 2
82 52 4 4
74 8 3 2
43 3 3 4
63 58 3 4
22 95 2 2
21 19 2 2
68 32 2 2
65 47 3 4
4 14 2 3
9 80 2 3
43 8 2 3
30 43 4 4
76 5 4 2
80 2 3 2
51 7 2 2
72 68 4 3
68 70 3 4
34 30 2 2
20 22 2 3
72 90 2 3
84 37 3 2
57 64 4 3
87 6 3 2
8 12 4 3
2 29 2 4
8 74 2 3
34 62 2 3
96 69 2 4
44 29 4 2
26 62 3 3
81 85 2 4
35 18 3 4
81 45 3 2
75 50 4 2
28 92 2 2
49 74 4 4
38 50 2 3
76 77 2 2
69 54 2 2
35 71 4 2
78 63 3 2
41 40 2 3
74 31 2 4
65 93 2 4
33 53 2 2
88 74 3 2
28 77 4 2
53 16 4 3
35 10 3 2
86 57 2 3
59 7 2 2
74 46 3 3
54 55 4 3
15 52 3 2
89 63 3 2
75 82 3 2
77 14 4 3
42 80 2 3
9 88 3 3
65 42 2 3
58 86 2 4
52 47 2 2
58 14 2 3
6 47 2 3
25 55 3 4
91 31 3 4
55 29 2 3
94 88 3 2
10 36 4 4
16 71 2 4
39 62 3 4
38 25 2 3
7 67 3 3
3 84 3 3
91 4 2 2
56 79 3 4
46 33 3 2
89 59 4 2
68 77 4 4
30 58 2 4
27 48 2 3
71 61 2 4
69 57 3 3
83 12 4 4
13 47 3 2
8 7 4 2
20 2 2 3
96 19 2 2
5 20 3 2
11 59 3 2
32 82 2 2
46 85 2 4
59 71 2 2
22 87 2 2
13 86 3 3
24 76 2 2
51 68 2 2
66 21 2 3
60 48 4 2
39 86 2 2
83 72 2 3
23 5 2 4
94 43 4 2
11 66 2 3
92 22 2 2
28 66 2 2
83 25 2 2
69 49 4 3
33 87 2 3
85 41 4 4
17 31 2 2
75 72 2 4
55 74 2 2
3 5 3 2
53 2 2 2
69 12 2 3
70 45 3 3
3 10 4 3
54 25 3 2
10 48 2 3
4 78 3 3
59 23 4 3
31 67 3 2
68 64 2 4
29 52 3 2
