73 11 2 3
86 52 3 2
61 20 2 4
17 93 2 3
6 6 3 4
56 62 4 3
29 4 4 3
13 2 4 2
14 50 2 4
20 17 3 4
10 31 2 3
38 41 4 3
3 10 2 4
14 22 2 2
24 11 3 2
61 7 3 3
7 80 2 2
39 18 4 2
60 91 3 4
9 59 4 3
67 76 4 3
72 68 2 3
86 89 3 4
81 60 4 2
11 8 4 4
6 44 2 4
3 22 4 4
87 48 3 2
16 76 2 4
66 59 3 3
19 61 2 2
70 31 4 2
23 80 2 3
45 92 3 3
68 21 3 3
80 16 4 4
46 47 2 2
49 18 4 2
49 75 4 4
67 42 3 3
38 56 2 3
22 90 4 3
8 40 2 3
92 41 3 2
70 34 4 3
19 9 2 3
50 49 4 3
51 90 4 3
83 75 4 2
70 55 2 3
51 21 2 3
56 82 4 2
61 77 4 2
87 55 3 4
34 55 2 2
10 70 3 2
91 68 3 4
50 96 2 2
74 42 3 4
65 11 2 4
66 7 4 2
78 30 4 3
18 45 4 3
61 48 2 3
60 27 2 2
35 31 2 2
62 43 3 4
45 71 3 4
24 33 3 2
88 10 3 2
58 70 2 4
36 51 4 3
94 30 3 3
30 68 4 3
40 22 3 2
55 31 3 2
41 58 2 4
75 66 2 3
38 69 4 4
88 69 2 3
2 51 4 4
36 8 4 4
65 27 3 4
96 5 2 4
67 65 4 2
87 17 2 4
62 64 4 4
3 90 3 4
54 67 2 3
96 51 2 2
48 40 2 2
14 93 2 3
80 40 3 4
82 66 3 4
25 22 2 2
73 39 2 2
80 24 4 3
70 87 3 2
28 91 3 4
24 58 4 3
8 54 2 4
35 88 2 3
56 44 3 3
29 9 2 4
93 16 2 2
67 70 3 2
15 88 2 3
59 85 2 2
75 26 4 2
4 60 2 4
27 47 4 3
7 30 2 3
29 77 4 4
11 87 2 2
40 66 4 2
19 24 2 2
10 76 2 3
7 16 3 2
23 39 3 3
28 16 2 4
83 31 2 4
50 81 3 4
30 88 3 2
2 80 3 3
62 38 4 4
26 7 2 3
8 20 4 4
31 57 2 4
91 88 4 3
59 35 4 2
42 76 3 2
95 25 2 4
27 84 4 3
76 87 4 4
12 65 4 4
34 35 4 4
87 33 2 4
5 38 2 3
3 47 2 2
66 93 2 4
75 77 4 4
55 10 3 3
68 3 4 2
44 79 2 3
34 74 2 3
46 35 4 4
15 72 3 2
45 24 2 4
22 85 4 2
29 27 3 2
34 47 2 3
8 49 2 4
68 83 4 3
95 45 2 3
24 67 2 2
85 22 2 4
51 54 2 2
38 92 4 2
19 29 3 3
46 88 3 3
18 81 2 2
74 48 4 4
73 61 3 4
27 62 4 3
72 94 2 3
82 84 2 4
55 14 2 2
75 17 3 4
42 87 2 2
88 76 3 4
40 45 3 2
94 54 3 3
39 29 2 3
28 34 3 3
33 24 2 4
14 37 3 4
25 28 2 4
12 43 3 3
19 65 3 4
80 7 4 3
58 19 2 3
2 85 3 3
76 10 2 4
33 96 4 2
42 14 4 2
42 36 2 4
63 86 2 4
88 60 3 4
23 52 4 3
92 61 4 3
61 11 3 4
54 75 4 2
62 3 3 2
66 87 2 2
63 58 2 2
68 11 2 3
36 82 4 3
54 19 2 3
66 49 2 4
87 43 2 2
30 42 4 3
10 80 4 3
23 45 3 2
13 14 2 2
54 2 4 3
79 21 2 2
37 61 2 4
39 33 3 2
41 25 2 2
47 10 4 3
80 49 2 4
75 73 2 3
82 55 2 3
42 7 2 2
93 94 4 4
52 62 3 3
45 59 3 2
86 84 2 4
51 14 3 3
83 45 2 3
18 4 2 4
6 69 3 4
9 92 2 4
85 6 3 2
73 6 3 3
50 66 2 2
51 40 2 4
78 68 2 2
18 52 2 3
36 18 2 4
90 31 2 2
16 12 2 4
78 36 4 2
56 91 2 3
8 64 3 2
77 59 3 3
18 41 3 3
80 79 4 3
39 79 2 2
48 6 4 3
66 34 3 3
45 65 2 4
3 19 3 2
76 39 3 2
75 53 3 2
91 73 2 2
81 94 3 3
40 2 2 4
75 92 4 3
90 24 2 3
