88 5 2 2
86 92 4 4
25 90 2 2
76 79 4 2
51 49 3 3
2 93 2 2
25 71 3 3
61 80 3 3
60 75 3 2
25 29 4 3
78 87 4 2
80 46 4 4
40 29 3 3
62 54 4 2
73 57 4 4
87 28 3 4
15 89 4 3
36 45 4 4
75 35 3 2
90 38 2 2
27 65 4 2
63 31 3 2
89 19 4 3
47 12 3 3
36 31 2 2
67 76 4 4
42 77 2 4
9 22 4 3
9 11 3 2
42 46 2 3
75 8 3 3
85 39 2 3
16 32 2 2
55 77 4 2
17 39 2 3
40 69 2 3
8 80 2 3
12 85 4 3
74 52 4 4
91 15 3 2
91 92 2 3
24 40 3 2
10 53 2 4
28 95 4 2
32 82 2 3
48 4 4 2
45 16 3 3
70 27 2 4
69 18 4 3
14 65 4 4
83 69 4 2
75 75 2 3
92 84 3 4
70 2 3 2
82 7 3 4
83 20 4 4
4 54 2 3
25 77 2 3
46 30 2 3
32 49 2 4
60 7 3 2
14 75 4 4
95 77 2 4
31 14 3 2
22 14 3 2
92 71 3 3
47 26 2 3
33 41 3 3
16 50 2 3
28 22 3 2
44 8 3 2
57 53 4 2
23 86 3 2
8 36 3 2
65 9 2 2
17 12 4 3
78 21 3 4
52 93 2 3
47 77 3 2
49 39 4 3
45 83 3 4
57 39 2 2
33 74 4 2
51 20 2 2
44 60 4 3
81 79 3 4
56 69 2 2
66 46 2 4
61 21 3 2
24 58 4 3
29 3 4 3
79 67 3 4
36 13 2 3
60 25 2 2
51 83 2 3
5 39 2 3
12 40 4 2
40 73 2 2
21 2 4 4
27 84 4 4
60 37 3 2
42 89 4 3
62 57 2 2
65 57 4 4
59 60 4 4
45 56 2 3
74 39 3 2
79 18 2 2
74 95 3 3
53 26 3 4
74 42 3 3
71 81 4 2
5 6 3 3
52 67 2 4
17 16 3 3
83 54 3 4
36 77 3 2
39 59 3 3
75 12 4 2
49 89 4 2
49 55 2 3
67 63 2 2
65 88 2 3
78 62 2 2
89 64 4 4
77 30 4 2
47 66 3 2
63 26 3 4
56 2 4 3
19 28 2 3
54 22 2 3
89 59 2 3
70 6 3 3
41 11 3 3
40 20 2 4
18 62 2 2
21 92 2 2
64 95 3 2
2 69 3 4
8 42 3 2
10 96 4 2
91 43 2 2
6 48 2 2
40 35 2 3
31 54 3 3
43 41 4 4
96 30 2 2
3 36 3 2
33 91 4 2
74 3 2 3
27 25 3 3
24 35 2 2
16 20 3 3
4 78 3 2
26 12 2 4
34 65 3 2
21 74 2 2
93 23 2 3
14 44 4 4
85 86 4 3
34 21 2 4
28 34 4 4
21 47 2 3
36 9 4 3
46 94 2 4
20 35 2 3
53 33 2 4
59 88 4 2
65 2 2 3
46 72 2 2
70 89 2 4
12 7 2 3
9 29 3 3
95 11 2 2
45 36 2 3
7 18 2 2
96 87 2 2
9 66 3 2
69 69 2 4
37 50 3 2
54 63 4 2
60 29 2 3
59 96 2 2
91 9 3 3
89 70 2 3
37 41 3 2
20 9 2 2
5 95 3 3
42 4 3 3
29 60 3 4
40 15 4 3
4 81 3 4
4 87 3 2
82 73 2 4
57 46 4 4
55 42 3 3
11 76 2 3
5 11 2 4
57 35 2 2
69 45 4 4
14 25 2 2
34 2 4 4
50 25 2 3
52 58 4 3
72 23 4 3
64 34 3 3
45 51 2 3
74 15 3 2
4 32 4 3
4 21 4 3
40 25 3 3
8 73 2 3
83 3 4 3
26 50 2 4
11 90 3 4
13 81 4 3
66 6 3 2
25 9 2 2
25 68 4 2
74 88 2 2
2 59 3 2
17 57 4 4
58 12 2 3
84 12 3 3
57 20 2 3
13 2 3 4
75 67 2 4
53 72 3 3
78 26 4 2
30 68 2 3
91 80 2 2
58 91 3 4
37 86 2 4
6 70 4 2
33 61 4 2
94 42 2 3
35 56 2 4
33 28 3 2
95 51 2 3
64 40 4 4
83 28 3 4
39 65 4 3
24 17 4 3
21 24 3 3
74 64 2 2
17 70 3 4
28 91 4 2
46 20 3 2
32 7 3 2
13 52 2 4
