64 42 4 3
80 56 3 2
48 54 3 4
51 35 2 2
33 61 4 2
41 21 4 2
20 54 4 3
29 83 4 2
37 81 4 2
16 26 3 4
8 19 2 4
73 13 4 2
86 72 2 3
55 62 4 4
44 13 3 4
39 75 2 2
74 36 4 3
90 60 4 4
79 66 3 2
79 40 3 2
12 74 4 4
88 43 2 3
90 11 4 4
72 81 3 4
48 6 2 2
46 29 3 4
4 76 3 2
51 88 3 2
32 64 3 4
37 34 2 4
16 67 3 3
73 66 2 4
96 87 2 4
63 5 2 3
27 25 3 4
50 24 4 3
59 41 4 4
9 58 4 3
24 31 2 2
18 81 4 2
25 53 3 2
79 87 2 4
12 50 4 2
17 87 3 2
68 39 3 2
2 17 2 3
71 47 3 4
29 96 2 2
11 64 4 2
39 24 3 2
41 57 2 4
4 50 3 3
29 42 3 4
39 5 3 4
15 93 3 3
39 67 3 4
18 35 3 4
77 71 2 2
87 2 4 4
50 61 4 4
43 86 4 2
36 13 2 2
84 25 3 2
34 92 4 3
53 41 4 3
83 9 2 3
22 71 2 3
63 78 3 2
55 3 4 4
77 30 2 3
9 50 2 4
68 22 4 3
70 95 4 3
11 5 4 4
95 72 3 2
67 70 2 3
88 33 3 4
64 9 2 4
68 2 3 2
65 14 3 4
5 40 3 2
54 21 3 2
80 35 3 3
45 46 2 3
48 74 2 3
14 31 4 3
48 92 4 2
66 88 3 2
34 84 4 2
85 59 3 2
54 93 4 3
26 91 4 4
80 81 2 3
85 79 2 3
12 11 3 4
3 54 4 2
5 62 2 4
8 74 2 4
56 17 3 2
18 42 4 2
41 62 3 4
43 42 4 3
83 46 2 3
27 30 4 3
72 7 4 3
48 85 2 4
32 20 2 3
62 67 3 4
75 24 2 2
83 88 4 3
91 48 3 3
44 6 2 4
23 41 4 4
52 74 2 4
85 19 4 3
45 18 4 2
92 78 4 2
41 38 3 3
91 75 4 2
54 47 2 4
89 27 2 4
7 35 2 3
52 15 2 4
55 54 4 3
9 43 2 2
96 55 2 3
77 17 4 2
60 53 3 2
48 13 3 4
75 60 3 2
62 87 2 2
37 89 4 2
66 92 2 4
75 45 2 3
21 17 4 4
25 48 3 3
68 8 2 4
50 66 2 3
10 70 3 3
71 33 3 2
66 48 4 3
68 32 2 3
43 93 4 3
63 21 2 2
62 57 4 2
40 30 3 2
3 10 4 4
29 76 2 3
27 34 4 2
64 27 2 4
93 20 2 2
72 52 3 4
87 67 3 4
82 69 4 2
25 60 4 3
69 26 2 2
69 65 2 3
32 77 3 2
11 18 2 4
93 68 2 3
48 38 3 4
22 3 4 3
7 81 4 3
92 42 2 3
60 35 3 2
3 83 3 4
2 23 2 3
33 46 4 2
95 37 2 3
51 84 3 2
45 50 2 3
34 71 2 4
36 42 4 2
32 6 4 4
40 34 3 2
91 83 3 4
79 47 3 3
20 65 4 2
70 13 2 3
40 51 3 4
16 7 4 3
20 92 3 4
14 57 3 3
53 67 4 3
24 88 2 2
69 76 3 3
21 13 3 2
18 72 3 2
39 27 3 2
4 93 4 2
60 38 4 2
89 39 4 2
58 9 4 2
25 81 3 3
20 26 3 3
11 36 2 3
95 48 3 3
44 55 2 3
16 3 2 2
30 52 2 3
83 29 4 3
5 26 3 2
27 7 3 2
69 18 4 3
85 38 3 2
56 36 2 2
83 85 3 2
57 48 3 3
25 57 3 2
94 65 2 2
53 28 4 4
63 74 3 3
2 35 4 2
64 33 2 2
95 28 3 4
61 92 3 4
74 3 3 3
39 46 2 2
56 25 3 2
60 76 2 3
91 24 2 2
96 4 2 4
88 54 3 3
14 19 3 4
83 62 3 2
71 91 4 2
63 81 3 4
73 27 2 2
72 60 2 2
19 78 4 2
60 18 3 2
12 91 2 4
32 25 3 2
91 8 4 2
77 74 2 3
80 94 4 4
10 86 4 3
91 65 2 2
29 15 2 4
7 87 2 4
80 5 4 3
92 31 2 4
30 71 3 2
40 15 3 4
15 42 2 2
66 61 2 3
53 8 4 4
45 63 4 3
59 29 4 3
88 84 2 3
