75 41 2 4
74 60 4 4
43 7 2 4
13 15 2 2
80 53 4 4
59 49 2 2
47 22 3 3
63 29 3 2
71 93 3 3
53 51 4 3
58 7 4 2
22 53 2 4
6 77 3 4
27 90 4 4
12 52 4 2
82 29 3 2
22 75 4 4
26 37 4 4
27 55 3 2
46 18 3 2
71 46 3 3
75 51 4 2
27 5 3 4
42 48 4 3
80 76 2 2
5 21 4 2
72 27 4 4
33 55 4 3
3 92 3 3
89 16 3 3
54 59 2 4
87 66 2 2
21 80 2 4
75 21 2 4
21 8 4 3
48 85 3 4
67 38 3 4
5 26 2 4
6 72 4 3
31 28 2 3
50 40 4 2
49 62 4 4
37 39 3 4
65 45 4 4
17 23 3 3
51 95 2 3
36 81 4 4
44 43 4 4
39 11 2 2
57 81 4 4
25 82 3 3
63 32 2 3
75 32 3 2
63 60 4 4
39 74 4 2
6 46 4 3
10 23 4 3
74 74 2 4
81 4 4 4
50 27 2 4
31 10 4 3
10 29 4 4
4 58 3 2
16 5 4 2
59 91 4 4
3 11 2 3
16 62 2 4
32 69 3 2
23 43 2 3
54 89 4 3
39 21 2 4
14 72 3 2
44 37 2 4
15 84 2 3
61 52 3 3
41 32 4 3
69 17 3 2
62 22 2 3
4 68 2 2
16 13 2 2
81 22 2 3
7 18 3 2
39 67 3 2
32 74 2 2
24 20 3 2
33 16 2 3
16 42 3 4
71 68 4 2
95 43 2 3
53 21 4 2
86 31 4 4
56 2 3 3
79 35 4 3
6 85 3 3
41 79 2 2
33 47 4 2
72 4 4 4
26 58 3 3
38 90 3 4
67 77 2 2
90 24 2 3
72 57 3 2
62 2 4 3
89 2 3 4
4 40 4 3
65 95 3 2
79 44 4 4
47 57 3 2
84 39 4 4
46 2 4 4
94 18 2 3
90 85 3 2
2 82 3 3
50 79 3 4
50 44 4 2
90 89 3 2
56 42 3 3
11 7 2 3
4 50 3 3
43 94 4 4
58 96 2 2
93 30 3 3
83 14 4 3
84 60 2 2
21 50 4 2
23 13 2 3
43 24 3 3
13 78 4 4
59 18 2 2
31 87 3 2
65 52 4 3
94 74 3 2
74 14 2 2
34 44 4 2
85 49 2 2
85 96 3 2
71 10 3 2
17 29 4 3
59 61 3 3
2 73 3 2
28 42 2 3
71 35 4 4
9 96 4 2
81 91 3 2
59 29 2 3
48 93 2 4
29 50 3 4
63 37 3 3
28 67 2 2
84 77 3 3
82 70 2 3
62 16 2 4
53 11 4 4
79 81 3 2
66 34 3 2
21 37 4 2
49 51 2 4
28 76 2 4
58 69 2 2
3 36 2 2
46 69 3 2
94 94 3 2
15 58 4 3
21 65 2 2
78 13 3 2
90 58 2 4
85 25 3 3
36 77 2 2
36 6 2 3
94 77 4 4
68 2 2 4
38 64 4 2
16 38 2 3
46 61 2 3
91 43 3 3
7 67 3 4
31 5 4 2
37 28 4 2
71 88 2 3
57 65 4 3
86 70 3 3
8 92 3 3
40 58 4 4
92 35 2 3
27 24 4 3
84 83 2 4
9 50 2 3
56 55 2 3
15 92 3 4
26 16 3 2
17 19 4 3
47 48 4 2
93 60 3 3
43 90 3 2
50 72 3 4
38 47 2 4
39 17 4 3
2 89 2 2
44 75 2 2
45 13 3 2
69 74 2 2
13 45 2 4
60 57 2 2
69 61 3 4
27 95 3 3
20 96 2 2
25 47 4 2
2 47 3 2
30 60 3 4
54 48 2 2
94 54 3 2
69 20 3 3
31 35 2 3
49 8 3 4
68 25 2 4
64 69 2 3
7 89 3 2
3 17 2 2
63 75 3 3
59 10 4 3
89 52 3 2
34 92 3 4
52 16 4 4
28 70 2 4
78 85 2 4
49 35 2 2
93 57 3 2
94 67 2 2
18 79 2 4
27 11 3 3
63 84 3 3
44 78 2 3
55 73 2 2
86 88 2 4
89 38 2 3
11 83 2 4
79 58 2 2
25 34 3 2
55 93 2 3
75 80 3 3
96 13 2 4
40 44 2 2
37 32 3 2
93 3 2 3
88 48 2 3
55 24 2 4
94 88 3 4
78 7 2 3
92 39 3 2
94 70 4 3
