37 94 2 3
33 69 3 3
12 13 4 2
17 44 2 3
59 78 4 3
39 24 4 4
33 46 2 2
4 48 3 4
11 57 2 4
33 78 4 3
2 32 3 3
78 60 4 3
8 31 3 2
54 73 3 2
70 67 4 3
25 39 2 2
94 53 2 4
32 39 3 4
72 49 3 4
9 19 2 3
51 60 2 4
33 95 2 3
63 3 4 4
52 3 4 3
43 63 2 2
12 91 2 4
62 8 4 4
3 20 3 2
24 88 4 3
87 70 3 2
2 7 3 2
16 78 2 3
52 41 3 4
49 37 4 3
38 11 3 2
21 68 2 3
83 36 4 2
32 5 4 4
9 83 3 4
21 39 3 3
51 76 4 2
19 6 3 2
75 61 2 3
41 18 4 4
23 62 2 4
46 67 4 4
6 35 3 2
12 26 2 2
32 34 2 4
96 32 2 2
26 69 3 3
31 24 4 4
91 74 4 3
10 71 2 3
19 26 2 3
59 54 4 2
75 29 2 3
54 22 3 4
85 83 2 2
45 42 2 4
72 15 2 2
18 70 2 3
42 31 3 2
75 14 2 2
32 59 3 3
95 81 3 4
80 39 2 4
69 19 2 3
93 16 2 4
75 35 2 4
38 31 2 4
19 20 4 3
60 40 2 2
59 59 3 3
38 43 2 4
59 74 3 3
68 31 3 3
18 12 4 4
53 9 2 2
69 52 2 3
35 32 2 4
63 47 2 4
17 49 4 2
5 41 3 4
64 90 4 2
4 90 2 2
33 54 4 4
24 11 2 2
52 80 2 4
71 94 4 2
48 5 3 4
95 89 3 3
87 61 2 4
16 89 2 4
55 27 4 4
77 92 3 2
86 25 3 2
93 47 4 4
9 63 2 2
53 92 2 3
92 59 4 3
84 69 2 2
73 2 4 3
13 73 3 3
81 87 3 2
34 15 4 3
39 63 3 3
75 78 4 4
89 13 2 3
86 87 4 3
75 89 2 2
19 36 3 2
34 75 2 2
36 85 3 3
71 83 2 4
56 90 3 3
66 36 3 3
90 6 3 2
90 82 4 3
89 58 2 2
94 25 2 2
29 32 2 3
9 53 2 3
71 6 3 2
56 39 3 4
59 18 2 2
46 77 2 2
91 41 2 4
78 2 4 3
64 69 2 4
46 11 2 2
94 22 2 2
19 80 2 2
4 66 3 2
94 93 3 4
2 60 2 2
68 73 3 2
86 20 2 4
42 34 2 2
25 76 3 4
48 15 3 4
62 15 4 4
29 83 3 3
60 31 2 4
22 32 4 2
63 27 4 4
59 84 3 3
3 84 3 3
9 6 3 3
39 71 3 3
50 87 4 2
39 82 4 2
26 53 4 2
2 27 3 3
45 48 3 2
23 48 3 2
18 31 3 2
90 48 2 3
42 90 2 4
80 51 4 4
76 20 3 2
20 83 3 2
83 32 4 2
45 34 3 2
85 51 2 4
76 25 3 3
27 24 2 2
40 67 4 3
13 67 4 2
40 76 3 2
77 45 4 2
12 40 3 3
54 55 4 2
28 18 4 3
94 67 4 2
68 25 2 4
61 88 2 2
81 76 2 2
51 51 2 2
86 40 4 3
13 6 3 4
32 64 4 3
80 25 4 3
75 65 3 4
61 67 2 4
38 52 2 4
67 14 3 2
26 5 3 2
64 53 4 4
29 39 2 4
27 44 4 3
18 52 2 4
86 6 3 2
81 83 2 3
86 75 4 3
19 3 2 2
55 96 4 2
48 53 2 2
46 22 2 4
78 35 3 3
43 59 3 2
76 55 2 2
41 54 4 2
17 60 4 4
11 45 4 2
37 4 4 3
13 53 4 3
94 38 4 4
90 9 3 3
2 80 2 2
4 13 3 4
91 63 3 2
70 41 2 4
23 8 2 2
64 41 2 2
26 57 4 3
49 90 2 2
63 32 3 2
45 37 2 2
70 76 3 2
10 66 2 4
37 67 2 3
28 12 4 3
79 56 3 2
22 52 3 4
93 31 2 2
3 77 3 2
40 58 2 4
54 66 2 2
24 92 3 4
11 2 3 2
19 87 3 4
88 29 4 2
60 2 2 3
45 73 3 2
28 95 2 2
81 64 2 4
79 69 2 2
64 44 3 2
25 18 2 3
66 82 3 2
49 79 2 2
79 7 4 4
2 71 4 4
45 95 4 2
83 42 2 2
23 27 4 4
46 87 2 4
16 27 2 2
56 10 2 3
