34 55 3 2
3 55 4 4
25 92 3 2
8 35 4 3
57 31 4 4
72 91 3 2
90 22 2 2
78 27 4 4
83 67 2 4
33 4 4 3
36 46 4 4
80 56 3 2
48 22 3 4
45 9 2 3
37 36 2 2
3 72 3 2
70 86 2 2
90 93 2 4
40 72 2 2
29 24 4 4
46 62 4 2
72 80 2 2
17 20 2 2
92 59 3 4
45 16 3 3
9 61 3 3
33 81 3 4
6 45 3 3
8 56 4 3
37 60 3 4
80 21 4 4
80 60 2 3
76 2 4 3
63 26 4 3
8 8 2 3
57 12 4 3
73 34 3 3
55 25 3 2
85 63 3 3
52 86 3 2
94 88 3 4
88 42 3 2
55 54 2 3
15 11 2 4
75 44 3 3
70 14 2 4
87 58 4 3
53 69 4 3
68 36 3 4
69 44 3 3
2 89 2 3
44 56 3 3
19 44 4 3
13 93 4 3
18 14 4 3
50 48 2 2
17 85 4 3
86 77 2 3
33 93 3 4
28 69 3 3
43 87 4 3
84 94 4 2
72 40 2 2
70 29 2 4
87 8 2 4
25 10 4 3
50 52 4 2
57 4 2 3
33 17 2 3
26 22 2 3
66 53 2 4
5 80 3 2
15 45 3 2
63 73 4 4
77 13 3 2
66 4 4 3
27 19 4 2
79 64 4 2
85 34 3 2
61 50 3 4
51 16 2 3
41 24 3 4
21 19 3 2
20 64 4 3
15 17 2 2
15 37 4 3
18 29 3 3
54 46 4 2
70 58 4 3
5 49 2 4
39 41 3 4
5 40 3 4
94 50 3 4
55 65 3 2
14 53 2 3
93 29 3 4
95 10 2 4
23 51 3 2
4 84 3 3
25 78 2 2
18 55 2 2
51 31 4 3
51 39 4 4
17 23 3 4
23 95 4 2
88 27 3 4
28 39 3 3
80 90 2 3
57 18 4 3
14 67 3 3
85 53 4 2
10 50 4 2
89 81 2 2
89 38 3 3
63 82 4 4
49 92 3 2
48 9 2 2
95 79 3 2
37 90 3 2
51 5 4 4
6 28 4 2
70 20 2 3
25 30 2 2
38 53 2 4
73 23 4 2
62 63 2 4
60 78 4 2
3 23 4 3
63 32 3 2
96 45 2 4
79 50 4 4
90 71 2 2
48 72 2 3
23 33 4 2
59 43 2 4
43 96 4 2
24 46 4 3
24 2 4 2
39 80 3 3
66 66 4 3
17 89 3 3
92 67 4 2
52 61 2 4
28 36 4 2
80 39 3 4
73 66 4 3
45 27 2 4
94 42 3 2
84 37 4 3
61 2 4 3
41 6 4 2
58 75 3 2
42 2 2 2
81 45 2 4
49 79 2 2
78 67 2 2
24 27 3 2
73 5 2 3
67 94 4 3
58 61 3 2
5 91 4 3
95 18 3 3
79 86 4 2
15 73 4 2
63 13 3 4
24 83 2 2
75 60 4 2
79 76 3 2
63 41 4 3
62 19 3 4
83 16 3 4
77 79 2 2
43 34 3 4
27 51 2 3
32 62 4 4
33 74 4 2
67 9 2 4
38 14 2 4
12 4 2 2
71 72 3 2
59 84 2 4
94 6 2 2
11 72 3 2
9 86 3 3
90 50 3 2
38 94 4 4
45 47 4 4
81 32 2 2
89 47 4 2
19 6 2 2
62 56 2 4
28 61 3 2
64 87 3 3
51 76 4 2
10 45 4 4
37 27 3 3
46 93 2 2
53 90 2 4
34 8 4 3
16 50 3 2
12 27 2 3
28 77 3 3
24 56 3 2
84 87 3 4
12 23 4 2
41 16 3 3
87 19 4 2
10 80 4 3
18 60 4 3
68 81 2 3
93 70 4 3
6 12 2 3
52 24 2 3
22 39 2 2
6 19 4 2
61 69 4 3
6 31 3 2
89 66 2 2
9 67 4 3
37 66 3 4
29 5 2 4
69 54 4 3
57 95 3 2
5 68 3 3
50 67 2 3
41 30 3 3
3 18 2 4
25 42 2 3
83 26 3 2
43 76 4 2
18 78 2 4
19 34 2 2
20 72 4 3
55 49 4 3
72 48 4 2
45 83 2 3
30 12 2 2
80 73 2 2
84 46 4 2
35 39 2 4
62 35 4 3
31 45 2 4
75 84 2 4
74 26 3 4
30 83 2 4
13 32 4 3
48 33 2 4
32 30 2 4
65 91 3 2
96 22 2 2
