14 32 4 3
23 46 3 4
49 4 3 4
49 43 2 4
23 52 2 4
11 89 2 2
80 94 4 2
89 81 3 2
85 5 3 4
49 73 3 3
74 63 4 4
15 82 2 2
72 46 3 3
40 43 4 3
85 43 4 2
24 32 2 2
69 12 3 3
75 19 4 3
2 62 4 2
8 60 3 2
4 78 4 2
64 79 2 3
76 2 3 4
15 23 4 4
43 31 3 4
94 2 2 2
63 50 4 3
28 67 3 3
3 51 4 3
54 54 4 2
78 15 2 3
45 89 2 3
62 35 3 2
59 14 3 2
65 91 2 3
45 69 2 4
85 50 2 3
93 14 3 4
4 17 3 3
46 63 2 4
54 29 2 2
72 71 4 2
86 89 4 2
7 55 2 3
81 49 3 4
81 34 2 3
81 73 4 3
48 79 3 3
68 42 4 2
10 93 4 2
27 90 2 2
41 60 2 4
34 29 2 2
7 65 3 4
76 87 4 3
80 79 2 4
59 10 4 3
39 36 3 2
2 24 3 2
59 93 3 3
9 52 4 2
39 69 2 4
48 50 2 2
48 60 2 2
70 64 2 2
54 13 3 3
66 60 2 3
30 22 4 2
73 53 2 4
91 31 4 4
13 48 4 2
61 64 2 2
25 81 3 3
58 29 3 2
59 38 4 2
8 73 3 4
71 25 4 3
57 34 2 2
63 25 2 3
33 8 4 3
13 7 2 4
80 57 3 3
68 47 3 4
73 29 2 2
64 38 2 3
64 12 4 3
37 59 2 4
36 93 4 2
89 27 4 3
12 60 3 4
24 25 3 4
81 61 2 3
54 67 2 4
2 7 2 4
39 33 2 2
94 65 3 3
6 22 2 4
29 52 4 2
83 23 4 3
44 78 3 2
91 73 2 2
25 12 4 2
22 77 4 2
11 14 4 3
27 38 3 4
19 57 3 2
41 55 3 2
91 22 2 4
61 83 2 4
34 89 3 2
47 34 3 2
67 23 2 3
38 21 2 4
43 84 2 3
68 19 3 2
12 73 3 2
63 5 2 2
44 17 2 2
15 52 2 2
29 77 4 2
74 91 3 4
53 37 4 3
12 69 2 3
94 25 4 2
88 47 3 4
34 65 3 4
67 65 2 3
52 80 3 4
16 4 2 3
78 28 3 4
79 9 4 3
6 4 4 3
44 14 3 2
96 90 2 3
71 84 2 3
27 71 2 2
20 65 2 3
52 92 3 4
69 76 4 2
83 68 2 4
34 26 4 2
57 7 4 2
82 4 2 3
16 41 3 4
19 72 4 4
7 40 4 4
44 49 2 2
70 4 4 4
19 31 4 4
35 52 2 4
63 75 3 3
26 8 2 2
78 69 2 4
83 38 3 4
11 28 2 3
74 36 2 4
66 86 3 4
33 93 2 3
59 70 4 4
84 65 2 2
6 87 3 4
28 43 3 4
35 14 2 3
58 57 4 3
40 3 4 3
71 33 2 2
33 57 2 2
26 4 4 3
50 26 2 3
12 43 2 4
86 56 4 3
66 2 2 2
17 60 2 3
38 84 4 4
95 59 3 2
87 12 3 3
22 8 3 2
96 83 2 3
18 53 3 2
58 25 2 3
13 85 2 2
2 91 2 3
23 88 2 2
16 74 2 3
19 47 3 4
43 94 3 2
92 76 2 4
68 52 3 4
75 42 4 3
44 59 3 2
93 52 4 3
88 65 4 2
70 9 3 2
74 82 3 4
23 94 4 4
27 58 4 3
71 58 4 2
91 3 2 2
70 91 3 4
92 86 3 2
18 92 4 3
59 88 4 2
35 73 3 2
96 69 2 2
92 69 3 3
49 94 2 4
63 42 2 3
21 37 4 4
64 56 2 2
13 56 3 2
93 9 4 2
23 21 2 2
37 76 4 4
2 69 4 3
39 65 4 3
58 45 3 2
92 42 4 4
14 19 3 3
50 22 3 3
30 15 4 2
3 65 2 3
49 69 2 3
93 38 4 3
87 60 2 3
22 62 2 2
52 62 2 4
90 61 2 3
14 37 3 3
27 85 3 4
9 79 3 4
47 37 4 3
62 29 3 2
79 23 2 2
88 76 2 3
7 34 2 4
94 22 2 2
40 81 2 2
16 8 3 4
32 35 4 2
2 33 3 4
38 54 2 4
49 55 4 3
2 55 3 2
37 47 3 4
54 72 3 2
83 15 3 3
57 81 3 4
74 79 2 2
61 21 2 3
8 9 4 3
