12 32 2 3
68 80 2 2
96 11 2 3
18 70 4 2
61 70 2 2
37 64 4 3
88 57 2 3
79 26 4 4
38 33 3 4
70 44 3 4
40 90 4 3
55 12 3 3
11 62 4 2
89 89 2 4
23 61 2 4
61 14 2 4
58 74 4 4
64 37 2 4
34 45 4 3
58 8 4 3
71 40 3 3
30 31 3 4
92 73 3 4
88 75 3 4
50 84 2 3
21 25 3 3
7 80 4 4
93 29 4 2
3 86 4 3
62 27 2 3
11 85 2 2
61 34 4 2
14 11 3 3
73 88 4 4
18 90 2 3
76 93 3 2
20 51 2 3
37 78 3 3
41 53 2 2
87 41 2 4
52 20 2 3
9 23 2 4
13 45 4 3
38 61 3 2
13 79 3 4
57 56 4 4
10 29 4 2
70 73 2 4
94 36 2 3
85 80 2 3
32 5 3 2
35 28 2 3
2 39 4 2
76 76 3 2
17 33 2 2
14 73 3 2
65 11 3 2
87 19 2 3
25 92 3 3
41 94 2 2
71 22 4 3
56 63 4 4
36 19 2 2
31 42 2 3
62 2 4 3
2 14 3 3
83 14 3 4
77 60 2 2
79 41 2 2
83 54 3 2
57 68 3 3
96 8 2 2
48 96 2 2
50 33 2 4
37 55 2 4
29 79 2 3
32 55 3 4
62 64 2 3
60 43 2 3
77 22 4 2
8 91 3 2
46 14 4 3
94 15 2 4
41 13 2 3
57 89 3 2
13 65 2 4
38 73 2 3
51 7 4 3
78 10 4 2
43 28 3 3
13 49 2 3
72 35 2 2
8 65 3 2
73 63 4 3
52 49 2 4
17 60 2 3
90 18 3 2
13 93 4 2
25 56 4 3
44 61 3 4
51 15 3 4
78 68 2 4
82 57 4 3
89 8 3 2
41 77 4 2
87 23 4 3
22 93 2 2
63 50 2 3
47 32 2 2
25 7 2 4
71 94 4 2
82 96 2 2
6 54 4 4
29 72 2 4
47 53 2 2
12 2 3 2
27 36 3 2
8 16 3 3
31 28 2 2
6 44 3 2
64 94 4 2
67 64 3 2
90 94 4 4
52 54 2 4
18 95 3 3
57 24 3 2
19 5 3 3
4 68 3 2
35 14 4 2
71 80 2 3
80 78 4 4
19 80 3 3
94 60 3 3
54 27 4 4
55 37 4 3
47 91 3 2
83 66 3 4
94 43 4 2
2 43 2 3
58 79 2 4
46 71 3 3
31 15 3 2
12 6 3 3
25 82 3 4
26 87 4 2
73 18 4 2
42 18 4 4
29 60 3 4
96 53 2 4
28 67 2 3
20 46 3 3
47 79 2 4
83 48 3 3
5 90 2 4
30 10 2 2
59 50 3 3
20 55 3 4
36 9 2 2
20 66 4 3
4 51 2 2
18 9 4 4
20 37 3 2
71 14 2 2
12 17 4 4
85 95 2 3
52 43 4 4
33 37 2 3
31 21 2 2
2 31 3 4
93 87 4 2
84 71 3 2
69 67 2 3
88 51 4 2
83 91 4 3
5 2 4 2
21 75 3 2
38 23 2 2
74 2 3 2
40 29 2 3
32 70 2 4
71 28 3 2
47 3 4 3
35 88 4 3
87 11 2 3
54 83 2 3
25 71 2 3
51 74 3 3
39 41 4 4
25 40 4 2
5 95 2 2
32 25 3 2
17 17 2 4
47 42 3 2
28 3 3 4
34 49 3 3
67 52 2 4
31 92 2 3
74 6 3 2
17 28 2 2
40 58 3 2
50 68 3 4
27 53 3 2
36 4 3 2
16 42 3 2
47 22 3 2
54 94 3 4
57 42 2 2
81 61 4 4
36 94 2 4
7 8 4 4
56 21 4 2
21 90 2 2
74 47 4 2
82 84 3 3
51 88 3 3
57 86 3 2
51 62 4 2
15 54 2 2
63 90 2 3
58 17 2 2
14 37 2 3
44 54 2 4
66 44 3 3
90 46 3 2
63 58 2 4
44 8 3 3
67 33 4 4
24 13 3 3
10 75 2 2
78 18 2 2
71 85 3 2
93 81 3 4
76 55 3 2
23 2 3 2
96 48 2 4
2 75 4 4
4 28 4 2
16 4 2 3
22 22 3 2
66 84 4 2
74 50 3 3
68 58 3 4
11 57 3 3
76 44 3 2
84 36 3 4
49 59 3 2
23 31 3 4
39 68 4 2
28 13 2 3
27 46 2 4
