31 19 4 4
94 3 3 4
70 67 3 3
3 79 3 3
48 85 4 3
71 87 3 3
19 5 4 3
73 3 4 3
83 76 2 2
62 72 3 2
6 60 2 2
76 64 4 4
70 45 3 4
49 28 2 2
5 43 4 3
15 94 4 2
89 73 4 4
86 18 3 2
83 8 3 3
54 44 2 4
73 17 4 3
21 37 2 4
63 57 3 2
75 42 3 2
51 69 2 2
14 9 4 2
26 45 4 3
47 11 3 3
59 14 4 2
58 33 3 3
75 76 2 4
46 5 3 2
14 41 3 3
86 13 3 2
25 92 4 4
7 6 3 3
7 68 4 4
76 71 3 3
85 83 2 4
80 60 4 3
28 18 2 3
58 56 4 2
51 10 3 3
45 60 2 3
55 23 3 3
84 5 2 2
23 80 4 3
37 50 4 3
60 94 2 3
55 3 4 2
22 10 2 2
92 33 3 2
56 66 3 4
71 10 4 3
47 33 2 2
27 55 4 2
58 40 4 4
51 75 3 2
8 10 3 4
86 61 4 3
58 19 2 2
77 28 3 3
68 33 2 2
8 25 2 3
35 54 2 4
30 90 2 3
51 3 2 4
21 31 4 3
50 54 3 3
79 10 2 4
64 60 4 2
91 5 2 2
5 29 2 4
60 62 2 3
5 48 4 2
28 76 2 3
67 41 2 4
3 34 2 3
29 10 3 2
58 29 4 2
45 90 2 2
66 54 4 2
71 24 4 4
25 14 4 2
44 27 2 3
17 46 4 2
69 61 3 3
41 47 2 2
79 80 4 3
30 41 2 2
2 23 4 3
30 32 4 2
95 23 3 3
92 41 2 4
74 94 3 4
20 57 4 3
32 79 2 3
74 34 4 3
13 75 2 4
15 29 2 2
70 50 4 2
49 79 4 2
90 28 3 2
48 18 3 2
47 23 4 4
36 94 2 2
44 57 4 2
37 31 2 4
84 23 3 4
44 21 2 2
82 89 3 3
76 50 2 4
19 21 2 2
79 24 2 3
88 86 3 2
16 68 3 4
90 94 4 3
72 38 4 2
33 67 2 4
63 10 3 2
92 88 2 4
55 85 3 2
85 32 4 3
49 39 3 4
11 61 2 4
14 21 3 2
44 70 4 4
17 16 3 4
27 67 4 3
51 34 4 4
45 95 4 3
92 64 2 3
85 52 2 4
22 65 4 2
40 43 3 3
13 87 3 3
77 87 4 2
9 83 2 2
79 43 3 2
13 51 2 3
45 48 3 2
32 49 2 4
92 58 4 3
2 64 2 2
45 42 3 3
80 38 4 4
27 32 2 2
32 26 2 2
94 74 3 2
91 83 4 2
20 61 2 3
22 76 2 3
19 25 3 4
62 67 4 2
86 74 2 3
41 9 2 2
8 53 3 4
37 18 4 3
60 24 2 2
63 76 2 3
36 13 3 2
50 66 2 2
94 9 3 2
30 84 2 3
64 87 2 2
54 52 3 3
72 55 3 3
33 84 2 4
65 25 2 2
18 83 2 3
90 18 2 4
26 39 3 2
24 2 4 4
86 37 4 4
3 88 2 2
54 78 4 3
23 24 4 4
76 23 2 4
94 49 2 3
83 69 2 2
34 35 2 2
58 6 3 3
56 91 3 3
37 69 4 3
60 88 2 3
90 10 3 3
45 75 4 2
78 3 4 3
26 73 3 2
67 38 3 2
4 18 3 4
23 87 4 4
65 94 4 3
75 83 3 3
45 38 2 3
49 45 4 4
20 92 3 4
80 34 3 2
78 18 3 2
20 52 4 3
45 80 2 4
28 35 4 2
54 29 2 4
39 64 4 3
70 4 2 3
16 78 4 2
7 36 3 4
14 55 2 3
42 54 4 2
57 61 2 3
54 88 2 2
13 5 4 3
95 79 3 3
40 78 4 2
31 5 2 4
38 75 3 2
78 55 3 4
60 47 4 3
66 76 3 2
88 46 4 3
13 34 4 4
9 29 4 4
50 58 4 3
71 95 2 3
16 63 3 4
2 10 2 3
62 20 4 2
84 43 2 2
91 23 2 2
40 84 4 2
41 2 3 4
2 5 3 3
17 73 4 4
9 92 4 3
63 35 3 2
59 10 2 2
95 43 3 4
32 44 2 2
89 55 2 2
44 34 2 3
38 25 2 2
31 14 4 2
88 89 2 4
3 94 3 2
42 13 2 2
55 49 3 2
38 88 3 3
24 68 2 2
66 51 3 2
71 75 2 4
