49 40 2 3
65 88 4 4
36 94 3 4
93 34 4 2
12 36 3 3
76 92 2 2
37 16 3 2
40 64 2 2
53 14 4 2
8 93 2 3
27 70 3 4
7 45 4 4
33 37 2 2
36 30 4 2
95 50 3 4
64 82 4 3
63 56 4 3
54 67 4 2
5 24 3 4
54 18 3 2
83 36 3 2
29 83 4 3
40 9 3 3
47 18 2 4
21 80 4 2
52 24 3 4
61 6 4 4
90 60 2 4
70 46 2 4
54 6 4 3
86 75 4 3
27 79 4 3
3 50 3 2
74 37 3 4
84 54 3 3
11 79 3 2
85 43 4 3
75 7 4 2
58 44 2 3
36 45 2 4
16 70 2 4
14 20 3 4
17 31 4 4
25 18 2 4
55 38 4 3
9 14 2 4
46 15 4 2
30 33 3 2
13 52 3 4
70 59 2 3
23 89 2 2
27 47 4 2
63 44 4 4
78 83 4 3
36 27 2 2
87 95 4 2
15 64 3 2
12 57 4 2
2 91 4 4
34 4 2 2
81 3 4 2
32 47 3 4
4 6 2 2
50 65 2 3
69 67 4 2
35 33 4 3
80 33 4 2
41 91 2 3
91 15 3 4
27 94 2 2
28 17 4 4
52 86 4 2
67 13 2 2
5 63 4 2
17 13 2 2
7 59 3 3
53 56 4 3
24 54 4 2
68 10 4 2
73 14 3 4
80 89 3 4
46 11 2 2
63 65 3 3
20 36 2 2
78 52 2 4
17 39 3 2
92 67 3 2
33 90 2 4
81 95 2 3
7 39 4 2
91 22 2 2
62 15 3 3
83 75 2 2
66 4 4 2
85 27 4 3
38 72 3 2
61 60 3 4
20 55 3 3
57 70 2 2
80 36 2 2
78 13 4 2
15 88 4 2
24 41 3 2
26 31 2 4
45 2 2 2
8 31 3 3
26 89 3 4
36 52 3 3
47 70 2 3
15 79 2 4
32 23 3 3
87 50 3 2
45 63 4 4
15 25 2 3
39 44 4 2
36 7 2 4
44 36 4 3
60 21 3 3
34 72 3 4
90 89 3 2
91 52 3 4
4 34 2 2
77 57 4 3
39 4 3 2
36 23 2 3
77 79 3 2
94 63 3 2
62 51 4 2
90 86 2 2
45 56 3 4
93 6 3 2
20 14 3 3
46 47 2 2
6 73 2 4
55 64 4 2
71 87 3 2
94 38 2 2
52 91 4 2
39 21 2 2
42 82 4 3
74 74 2 4
44 77 2 3
60 27 3 2
4 68 4 4
14 14 2 4
60 35 2 4
82 47 3 3
70 24 2 2
27 9 4 2
72 80 2 2
53 82 4 3
23 60 2 4
40 53 3 2
27 2 4 3
87 67 2 3
20 88 2 2
21 67 3 2
70 51 3 2
2 78 3 2
52 32 4 3
20 59 2 2
18 8 3 3
54 11 4 2
46 24 3 4
3 86 3 4
18 27 3 2
9 3 3 3
70 29 4 4
42 87 2 3
67 52 2 3
71 2 2 4
90 33 2 2
41 26 2 3
81 69 3 2
81 39 4 2
77 2 2 2
53 60 3 3
58 74 3 2
9 75 3 2
46 42 2 4
2 45 2 3
27 57 3 3
32 65 4 4
32 53 3 2
77 66 3 4
76 44 3 2
47 74 4 2
28 36 2 2
55 73 2 2
2 9 3 2
9 69 3 2
40 75 3 2
64 72 4 2
58 2 4 3
13 94 4 3
72 95 4 2
8 7 4 4
68 75 4 2
2 29 3 3
6 54 4 4
71 38 2 4
65 61 4 2
27 12 2 3
74 22 4 4
64 95 4 3
20 92 4 2
94 29 3 3
4 13 2 2
92 9 4 4
22 5 2 2
13 6 2 3
87 33 2 4
56 27 2 2
75 49 2 3
73 56 2 3
69 35 2 2
91 26 3 2
49 51 4 4
13 46 2 2
77 62 2 2
86 4 3 4
35 84 2 2
57 35 2 2
32 77 4 2
59 93 4 2
37 61 4 2
3 96 4 2
18 22 4 2
62 78 3 2
85 16 2 4
95 55 3 3
86 89 3 4
9 87 4 2
95 59 2 2
95 77 3 3
88 71 2 2
26 75 4 3
23 32 2 3
62 88 2 4
24 25 2 4
48 83 4 2
17 2 3 4
20 47 4 2
79 20 2 3
92 41 4 4
43 71 3 3
72 71 2 2
51 37 2 2
83 59 3 3
61 69 2 4
