8 2 4 2
84 69 4 2
81 42 4 3
10 8 3 3
14 95 4 3
69 2 4 3
5 64 4 3
63 53 3 3
22 79 2 3
87 34 2 4
30 41 4 4
43 17 2 2
19 70 2 4
95 80 2 3
60 84 4 2
63 96 3 2
31 11 3 3
53 23 4 3
41 48 3 2
39 4 3 3
82 74 3 2
70 42 2 4
53 50 2 3
46 11 3 4
67 70 3 4
68 35 3 4
10 26 4 4
68 94 2 4
45 47 2 2
45 32 4 3
77 74 3 2
44 87 2 4
22 60 4 2
44 42 4 2
75 57 2 4
12 77 3 4
95 35 3 2
57 73 2 4
31 48 2 3
86 26 4 3
4 44 4 3
36 27 2 3
61 77 3 3
13 36 3 2
51 60 2 2
33 89 3 3
37 93 2 4
20 19 2 2
6 49 4 2
27 59 3 2
95 8 2 3
91 62 2 3
81 83 3 3
63 29 4 3
31 65 2 3
28 20 2 4
83 37 3 2
29 94 3 4
64 62 2 3
4 24 4 3
62 72 4 3
40 65 3 4
23 23 3 2
80 50 4 4
75 19 3 4
92 27 2 2
92 89 2 4
12 86 2 4
86 82 2 2
84 47 3 2
66 84 3 2
4 85 4 4
86 90 4 3
73 42 3 4
90 3 3 2
19 11 4 3
96 72 2 2
58 6 4 4
90 34 3 4
77 78 4 2
81 26 2 2
36 13 4 3
20 34 2 4
62 45 4 2
45 26 3 2
70 20 3 2
72 38 2 2
17 25 3 3
66 20 3 3
36 52 2 4
24 84 3 4
9 34 3 2
86 5 2 4
85 16 3 4
26 38 3 2
76 82 4 3
16 63 2 3
68 24 4 3
52 83 3 4
39 80 3 2
18 41 2 2
33 23 2 2
67 62 2 4
45 83 3 3
74 47 2 4
28 15 3 4
33 78 3 4
59 93 2 3
37 87 2 2
39 83 4 3
21 45 2 2
28 72 3 4
56 49 4 4
21 40 2 3
81 65 4 3
53 66 4 4
77 92 3 3
41 39 3 2
31 34 2 3
17 80 2 2
81 2 4 2
28 88 4 4
61 66 4 2
30 3 4 4
49 54 3 3
25 26 4 4
70 78 4 3
80 8 2 3
62 16 2 3
92 84 4 2
23 17 2 2
90 71 3 3
74 66 4 4
83 6 2 2
78 61 3 2
73 62 4 3
50 8 3 3
5 96 4 2
3 31 4 4
6 16 4 3
71 85 4 2
43 8 4 2
2 10 4 2
44 54 3 3
74 3 4 4
37 32 2 4
19 93 3 4
40 27 2 3
78 14 2 2
87 78 3 2
81 95 2 3
81 46 2 2
40 22 4 3
74 10 2 4
26 95 2 2
45 20 2 2
5 78 2 2
54 17 2 2
42 61 4 2
81 31 2 4
41 94 4 3
21 75 4 2
92 56 2 2
93 39 3 2
85 23 2 2
86 74 2 3
4 38 2 3
94 94 4 4
69 48 3 2
59 41 3 3
13 23 2 2
17 55 4 2
34 60 3 4
71 51 2 3
60 56 2 3
2 5 4 2
10 13 2 2
13 43 3 4
41 33 2 3
20 6 2 3
69 9 3 4
87 10 2 3
72 72 2 2
94 67 2 4
28 49 2 2
2 48 2 2
14 3 2 3
55 41 3 4
23 2 3 4
8 55 3 3
79 17 2 4
54 92 3 4
24 52 2 2
18 48 4 4
54 63 4 2
34 69 4 2
14 51 2 4
52 4 2 2
93 50 4 2
88 44 2 3
94 16 3 4
46 66 4 3
69 67 4 2
60 31 2 4
73 88 3 4
47 93 4 2
61 13 4 2
37 8 2 3
95 5 3 2
51 42 3 3
49 79 4 3
82 17 2 2
66 15 4 2
86 58 3 3
83 10 3 2
14 8 3 3
51 12 3 3
23 32 4 3
36 23 2 3
76 37 3 3
6 59 2 3
65 33 2 2
56 60 3 2
56 37 3 2
24 9 4 2
63 37 4 4
46 36 2 3
38 76 4 2
80 71 2 2
36 43 3 2
89 15 2 4
62 90 4 3
33 72 4 2
50 33 4 2
5 72 2 2
50 38 2 2
32 56 3 3
77 87 3 3
15 12 3 3
49 49 2 4
95 89 3 2
69 56 2 3
95 45 2 2
14 48 3 2
4 68 3 3
2 91 4 2
14 32 4 3
73 15 3 3
44 77 2 3
63 3 4 3
