78 88 4 2
94 25 3 3
24 61 4 3
70 48 2 2
44 69 3 2
62 65 4 2
88 56 2 2
20 28 4 4
17 80 2 4
5 39 2 3
38 34 4 4
3 79 3 2
45 30 3 3
86 33 2 2
13 4 2 2
58 74 4 2
8 91 2 4
70 2 2 4
33 15 2 3
73 16 3 2
50 33 3 3
37 79 4 4
33 84 2 2
86 4 2 2
20 68 4 3
85 67 3 3
14 47 2 3
40 61 2 2
65 46 4 3
15 87 2 4
55 34 3 3
17 17 2 4
65 50 3 3
6 86 3 4
48 6 2 4
52 21 4 2
8 79 3 4
41 17 3 2
30 34 4 2
40 92 4 4
14 92 2 3
72 31 4 4
37 7 4 3
49 39 4 4
32 74 3 4
76 56 2 2
63 77 4 4
62 5 3 4
20 2 4 3
42 21 4 3
95 43 3 2
88 91 3 2
47 25 2 4
2 73 3 4
6 46 4 4
52 62 4 2
46 3 3 2
51 79 3 3
53 53 3 2
80 67 3 2
62 51 2 3
52 72 3 3
8 28 4 2
43 47 3 4
83 36 3 3
88 95 2 3
30 85 2 2
26 54 4 4
15 70 2 2
66 91 3 2
77 3 4 4
30 47 3 3
2 57 2 2
36 47 3 4
12 81 2 3
77 14 2 4
61 57 3 3
39 57 3 2
78 60 4 3
41 85 3 2
7 23 4 3
37 41 4 4
29 88 4 3
73 79 2 2
82 43 2 3
13 62 2 3
73 25 3 2
5 52 3 3
11 52 4 2
7 33 2 3
22 90 3 2
25 44 2 4
5 12 2 2
80 17 4 4
50 45 3 4
35 25 2 4
7 70 2 3
83 51 3 2
88 79 2 4
4 60 2 3
57 92 2 4
48 59 3 3
81 28 2 2
72 11 3 4
91 50 4 4
10 19 4 2
72 86 3 3
58 46 3 3
60 36 4 3
89 13 4 3
44 40 2 4
76 46 4 4
57 40 2 3
77 66 2 2
84 57 2 4
27 28 4 2
58 87 3 4
45 52 4 4
87 22 3 4
32 69 4 3
37 4 4 2
14 12 4 3
18 54 4 2
94 70 2 3
2 17 4 4
72 42 2 3
79 10 2 3
30 42 3 4
46 77 4 4
93 59 2 2
6 2 2 2
11 85 3 4
75 53 4 2
17 95 4 2
90 4 4 2
27 31 4 2
26 23 4 4
18 64 3 2
87 19 2 2
20 33 2 4
78 24 2 2
40 65 4 3
61 12 4 2
76 36 3 2
71 67 3 4
18 42 4 4
22 7 4 2
45 13 2 3
32 8 4 4
71 53 3 4
70 16 2 3
46 94 2 2
51 2 3 2
57 2 4 2
46 88 4 4
4 66 3 2
68 38 4 3
60 92 4 3
94 37 4 3
61 31 4 2
84 40 4 2
77 76 3 3
7 74 3 2
30 63 4 2
64 40 3 3
16 23 2 4
63 85 4 3
76 95 4 2
24 35 3 4
66 55 4 4
35 93 3 4
25 67 4 2
20 23 4 4
40 69 2 2
49 64 2 3
31 2 4 4
95 7 3 4
67 33 2 2
89 42 4 4
95 62 2 4
44 74 2 2
76 41 4 3
47 18 3 4
52 9 4 3
42 78 3 2
90 85 2 3
85 29 2 3
61 26 4 3
27 95 2 2
52 28 4 4
53 69 4 2
39 74 4 2
40 30 4 3
83 90 4 3
2 22 3 3
9 8 2 3
27 11 3 3
66 2 3 3
42 13 2 2
92 80 3 2
18 75 4 2
38 27 4 2
20 11 3 3
87 74 2 3
59 70 4 2
39 21 2 2
36 52 3 3
60 61 2 3
16 35 3 2
87 59 4 3
77 33 3 2
95 84 3 3
6 43 4 2
53 13 3 4
23 93 3 4
36 87 4 4
67 72 2 2
27 78 2 2
34 30 2 3
96 34 2 2
12 37 3 2
68 81 2 3
93 94 3 4
69 62 2 2
53 58 4 3
62 44 2 4
84 10 3 3
35 65 2 3
13 43 4 3
67 8 2 2
85 46 3 4
72 20 2 4
93 18 4 4
70 90 2 3
44 59 3 4
73 72 3 4
13 66 4 2
53 92 3 3
14 55 3 2
91 70 2 3
36 73 2 4
94 31 2 2
43 4 2 3
42 8 4 2
20 49 4 4
33 59 2 3
83 14 2 2
12 70 2 4
96 51 2 4
84 78 2 4
