14 49 3 2
29 9 4 3
35 52 3 3
23 5 2 3
81 24 4 4
12 2 2 4
78 85 2 4
75 23 4 4
32 85 4 4
38 42 3 2
48 75 2 4
86 26 3 3
50 42 2 3
64 80 4 2
66 6 2 3
49 94 4 3
70 37 4 2
77 38 2 4
39 21 2 3
47 89 4 4
32 39 4 2
19 47 4 4
54 58 2 4
93 28 4 4
67 75 2 4
18 19 3 3
58 61 4 3
9 40 3 3
11 69 2 4
44 64 3 4
92 4 2 4
23 26 4 3
48 25 3 3
80 30 4 4
43 71 4 3
35 36 2 2
40 13 3 3
7 6 3 2
18 2 2 2
71 81 2 2
17 36 3 3
74 68 4 2
75 43 2 3
42 24 2 4
25 85 4 3
67 48 4 2
84 39 3 3
14 66 4 2
34 43 2 4
87 8 2 2
62 37 4 2
28 19 3 2
85 45 2 2
10 48 3 4
86 63 3 3
14 21 2 2
10 89 3 4
9 19 4 4
64 14 3 2
93 23 4 4
15 27 2 3
46 21 2 2
79 92 4 4
5 82 2 4
26 48 3 3
76 75 2 3
96 85 2 3
91 65 2 4
33 24 3 2
2 63 2 4
4 38 2 2
83 12 2 3
63 91 4 4
21 57 2 3
96 76 2 2
77 3 3 2
15 43 3 4
35 94 4 2
86 93 2 4
16 59 3 4
33 5 3 3
48 37 3 2
22 18 3 4
78 61 4 4
91 82 2 4
88 53 3 4
91 76 3 4
79 78 4 3
60 28 4 2
47 17 2 2
81 19 4 4
73 71 3 2
56 44 2 2
62 42 3 2
41 53 2 2
73 9 3 4
89 39 3 3
40 35 2 2
63 24 2 3
78 54 2 2
54 27 3 3
21 72 2 4
66 45 2 2
11 28 2 4
95 12 2 3
25 78 4 2
26 81 2 3
58 38 2 4
52 36 4 2
65 29 3 4
27 58 3 4
69 22 2 3
79 6 3 2
19 78 2 4
24 14 4 3
2 54 3 4
9 74 2 4
48 81 3 4
41 81 4 4
18 25 4 4
71 27 2 3
8 57 3 4
38 73 2 3
93 92 2 3
89 20 3 2
73 84 3 4
59 47 3 3
61 85 3 4
84 4 4 3
23 94 4 3
18 94 2 4
44 11 3 2
42 91 4 4
34 66 2 4
15 6 3 3
73 57 4 3
49 65 4 3
94 71 2 2
53 86 2 3
43 88 2 2
77 48 2 4
34 18 4 3
82 54 3 4
31 33 2 2
93 36 2 2
55 82 3 2
34 48 4 3
58 5 2 2
39 2 2 4
56 17 4 3
57 73 3 2
86 59 3 3
86 83 4 2
70 68 2 4
2 95 3 2
33 80 2 3
87 35 4 2
19 30 3 3
24 90 3 3
36 14 3 3
5 44 4 4
14 78 2 3
33 74 2 2
12 11 4 4
51 53 4 2
87 67 3 2
69 55 3 4
86 31 4 3
39 56 2 3
79 75 3 2
3 19 3 2
6 33 3 3
58 22 4 2
7 79 2 2
8 28 2 3
80 39 3 3
29 54 4 2
68 18 3 2
3 69 2 2
24 30 2 2
54 47 2 4
33 29 3 3
5 65 3 2
7 68 3 2
94 61 4 4
15 96 2 2
48 9 3 3
80 43 4 2
55 12 2 3
96 19 2 2
27 68 2 2
26 43 2 2
71 43 2 2
83 72 2 3
48 57 4 4
8 94 4 4
20 13 2 3
72 2 2 2
2 23 3 3
25 38 4 2
92 49 2 4
14 83 2 4
69 61 4 3
95 81 2 3
16 70 3 4
38 78 2 3
66 83 3 4
92 10 2 3
80 71 2 3
3 9 4 2
75 15 4 2
55 90 4 4
78 9 4 4
55 65 2 4
31 93 3 3
63 77 3 2
85 90 4 2
22 53 4 2
34 56 4 3
27 33 3 3
90 87 2 3
32 77 3 2
20 63 2 3
55 4 2 4
70 73 2 3
69 40 3 2
38 68 4 4
46 40 2 2
47 43 2 2
51 3 2 4
11 33 3 2
53 73 3 4
3 30 3 2
12 7 2 3
17 86 2 2
2 73 3 4
86 48 3 4
43 60 2 2
95 45 2 4
28 73 3 4
32 14 2 3
66 67 3 3
64 20 2 2
46 33 3 3
38 60 4 3
87 12 2 3
11 16 3 2
83 16 2 2
21 41 3 3
60 53 4 4
