10 95 4 2
59 72 4 4
69 8 2 3
42 38 3 3
22 74 4 2
82 33 3 2
73 6 3 4
60 6 4 2
5 27 4 3
35 90 4 4
28 44 3 2
18 60 2 3
93 78 4 3
85 42 3 2
48 17 3 2
50 74 3 2
43 27 4 2
72 44 4 2
4 73 4 4
52 50 3 3
53 38 4 2
66 30 3 4
74 91 4 2
65 22 2 4
24 41 2 2
17 15 4 3
45 16 2 2
7 51 4 4
74 76 3 4
19 48 3 2
89 19 2 4
16 40 2 3
19 53 3 3
68 12 2 2
49 29 3 4
49 39 3 4
80 26 2 4
79 45 3 3
57 59 4 3
3 95 4 2
27 32 3 4
34 85 4 3
15 36 3 2
76 95 3 2
22 10 2 3
55 95 2 3
55 11 3 4
6 21 3 3
54 28 4 4
92 24 2 2
35 63 4 2
59 65 2 2
62 88 4 4
24 51 3 3
26 56 2 4
93 35 2 3
43 60 4 3
12 91 2 2
52 80 4 2
74 50 4 2
86 61 3 4
27 5 3 3
31 26 4 3
28 68 3 3
74 88 4 2
19 82 2 3
29 61 2 4
8 39 2 2
69 59 2 2
78 61 2 2
30 48 2 3
64 17 4 4
78 72 4 2
32 77 2 2
38 29 4 2
60 53 2 4
70 47 3 2
19 41 2 3
75 40 4 2
73 71 2 2
7 63 4 2
11 20 2 2
62 64 3 3
72 59 3 4
30 10 2 3
94 3 2 3
67 41 4 4
49 70 2 3
61 28 2 4
5 12 4 3
54 46 2 3
34 2 4 2
73 67 2 2
55 63 3 3
47 84 2 3
90 40 3 3
7 69 2 3
2 39 4 3
79 7 4 3
77 21 2 2
49 21 2 4
19 89 4 4
44 67 2 2
30 55 2 2
76 32 2 2
91 28 3 3
61 41 3 2
53 90 2 4
13 68 3 3
86 84 3 2
43 50 2 2
7 85 2 4
39 20 2 2
95 67 2 4
6 17 2 2
13 78 2 4
38 35 4 2
16 75 4 3
56 17 4 3
94 60 4 2
27 76 3 4
93 20 4 3
40 54 3 4
58 37 3 2
92 45 2 3
72 15 2 2
73 30 2 2
68 36 2 4
44 4 3 3
34 34 2 4
84 26 3 2
68 75 3 3
82 82 2 3
15 26 2 4
58 77 4 4
66 48 3 2
70 50 3 2
35 44 2 3
93 63 2 3
87 51 2 2
88 79 2 3
12 87 2 2
23 47 2 2
11 36 2 4
4 34 2 2
2 20 2 3
10 29 3 2
65 55 4 3
86 35 4 3
70 86 2 3
38 68 3 2
37 76 2 3
47 51 2 2
44 79 4 3
29 20 3 2
84 76 2 3
20 71 3 2
95 89 2 2
90 12 3 4
57 48 3 4
10 82 2 3
16 94 4 4
86 56 3 2
67 84 2 2
15 48 2 4
66 79 4 2
87 95 3 2
55 71 2 3
8 58 4 4
32 82 4 2
37 55 2 4
48 57 4 3
27 88 3 4
27 93 4 4
78 13 2 4
78 77 2 3
36 18 2 4
58 95 3 3
33 68 2 2
91 68 2 4
43 9 4 3
37 40 4 2
8 46 4 4
15 60 2 2
82 13 4 4
25 17 3 4
77 4 4 2
90 88 4 3
17 68 2 3
39 24 3 3
4 84 2 3
13 72 3 2
96 54 2 2
39 47 3 2
92 50 3 4
64 73 3 2
27 26 3 3
52 17 3 2
19 27 2 4
22 3 2 4
68 65 4 2
69 23 3 4
64 35 2 2
78 64 4 4
41 14 2 4
18 23 4 3
10 5 3 4
4 65 2 4
35 71 3 4
22 27 3 4
4 81 4 2
47 34 4 4
39 9 3 2
71 18 2 3
34 13 3 3
83 21 4 2
34 95 3 3
83 68 3 4
80 58 2 2
4 7 4 3
91 7 2 4
34 56 2 4
62 9 4 3
95 24 2 4
50 5 3 4
75 16 2 2
38 5 2 2
20 64 4 2
17 20 3 2
46 93 4 3
41 86 2 4
15 90 2 3
26 83 3 2
92 94 3 4
21 68 2 2
73 84 2 3
40 71 2 3
95 41 3 2
80 91 4 4
38 51 4 2
69 94 4 3
66 60 2 4
44 55 2 4
82 38 3 2
73 56 4 2
26 10 2 2
7 33 3 4
27 40 3 2
67 3 2 2
3 45 4 3
