29 45 3 3
67 10 2 3
15 47 4 4
86 17 2 4
56 5 2 4
83 90 3 2
10 78 3 2
24 58 2 4
11 84 4 3
95 20 2 2
67 4 3 2
2 60 4 2
50 9 3 3
88 74 2 2
32 93 3 3
77 2 4 2
22 27 4 4
31 85 3 3
82 23 4 2
83 38 3 4
47 22 3 4
89 85 4 4
87 94 2 3
22 22 3 2
8 44 4 2
67 40 3 4
79 47 2 4
70 79 4 3
75 10 3 4
63 72 4 4
94 93 2 3
38 47 2 4
88 70 4 3
17 41 4 4
67 50 3 3
19 93 4 3
34 7 4 3
55 59 3 4
29 35 3 2
61 89 2 4
39 57 3 4
51 41 2 3
82 10 2 4
2 68 2 2
4 26 4 4
31 12 4 4
58 42 3 2
52 81 4 3
24 47 2 3
15 59 2 3
59 35 4 4
51 94 2 4
37 82 4 3
10 93 3 4
76 80 3 2
15 5 4 2
91 27 3 2
35 88 4 3
92 58 3 3
32 54 3 2
47 74 2 2
54 15 4 3
42 86 4 3
74 90 4 4
48 32 4 2
86 29 3 2
43 20 3 2
12 67 2 4
82 44 2 2
30 51 2 2
42 72 4 4
25 96 2 2
24 84 4 4
4 19 2 2
68 69 4 2
64 92 4 3
28 13 2 4
32 24 4 4
59 76 3 4
72 85 3 4
54 94 2 2
86 79 4 2
68 29 3 4
38 65 4 2
50 67 2 4
37 78 2 2
48 52 4 2
51 73 3 2
49 59 4 2
38 34 2 2
64 62 3 4
23 64 3 3
48 28 3 3
20 6 4 2
79 18 3 3
16 22 3 2
2 90 4 2
75 76 4 2
26 32 2 2
95 77 3 2
52 47 3 2
86 11 3 4
4 38 3 2
86 44 3 4
18 79 4 2
8 73 2 3
41 12 4 2
66 17 3 3
33 21 2 2
74 37 2 2
49 56 2 2
74 56 2 4
54 11 4 2
33 40 4 2
80 57 3 3
27 29 2 2
54 85 4 2
16 70 4 3
28 91 2 3
57 72 3 3
89 16 2 3
14 32 3 4
63 78 2 3
50 85 3 4
89 54 4 3
71 92 2 4
82 61 2 3
60 2 2 4
87 49 4 4
4 11 4 3
3 48 3 2
61 86 3 2
47 62 3 3
45 17 2 2
19 86 2 2
28 2 4 2
65 83 2 2
59 24 2 3
8 64 2 3
65 34 2 3
35 2 3 3
16 54 4 3
21 51 2 4
71 61 3 3
19 82 3 2
26 8 2 4
87 33 2 2
15 63 2 4
67 88 4 2
73 69 3 2
94 6 2 2
6 34 4 2
22 16 2 4
37 14 3 4
2 56 2 3
89 6 2 4
22 38 2 2
30 78 3 4
53 68 3 4
65 25 3 3
29 70 4 3
38 28 2 2
10 38 4 2
93 42 3 4
53 27 4 4
56 23 2 3
36 43 3 2
73 20 4 4
48 14 2 4
29 74 4 3
67 79 2 3
47 6 2 3
86 2 4 2
18 27 2 2
7 52 3 3
60 47 3 2
9 24 2 3
41 32 3 2
56 88 2 4
7 89 4 3
3 75 2 4
32 64 2 3
81 35 2 2
79 72 3 3
46 91 2 2
5 3 3 3
86 54 2 4
62 41 3 4
19 74 4 4
73 41 4 4
28 25 3 2
90 65 4 3
68 55 2 3
62 23 2 2
10 6 4 2
48 78 2 3
72 4 3 4
54 78 4 2
15 18 3 2
22 33 3 4
63 4 2 3
74 50 3 4
20 13 4 2
12 26 2 3
39 68 3 2
73 32 4 4
23 89 3 2
19 58 2 3
49 36 4 4
29 8 3 2
90 41 2 3
34 17 2 2
43 45 3 2
34 70 3 3
37 75 3 2
63 9 3 2
5 41 2 3
5 85 4 2
26 76 2 3
24 41 4 4
95 49 3 3
14 90 2 3
15 75 2 4
28 95 3 2
44 37 2 2
27 54 3 3
88 59 3 2
18 63 3 2
70 9 2 3
3 22 2 3
96 84 2 2
14 81 3 2
62 26 2 4
45 82 2 2
21 2 4 3
69 25 3 2
30 30 3 2
81 96 2 2
95 27 3 4
94 69 4 3
18 37 3 2
22 10 3 2
41 35 2 4
56 53 3 3
93 11 3 2
79 65 2 4
68 83 3 3
44 28 2 2
7 59 2 2
2 93 3 3
