25 89 2 2
34 70 4 4
12 21 4 4
47 30 3 2
28 15 2 4
57 68 3 2
72 91 4 2
85 2 2 2
73 84 4 4
5 93 3 4
80 22 3 2
19 94 2 3
38 23 3 3
17 31 3 4
21 16 2 4
18 59 4 4
47 92 2 2
14 48 3 4
43 25 3 3
79 64 2 2
88 65 2 3
96 59 2 3
76 43 4 3
2 34 3 4
64 57 2 4
82 15 3 3
80 58 4 4
23 41 2 4
67 82 4 4
17 56 3 2
56 62 3 3
78 93 3 2
51 79 4 2
21 2 2 4
27 33 4 2
16 73 3 3
30 84 2 4
83 65 3 3
80 78 2 3
58 91 4 2
94 3 2 2
36 3 3 2
65 65 3 2
30 53 3 4
40 68 2 3
65 87 2 3
90 54 4 3
35 41 2 4
6 87 3 3
41 40 4 4
9 60 3 2
18 46 4 2
33 64 2 4
18 39 3 4
56 5 4 2
46 20 3 4
19 9 3 3
73 24 4 4
64 71 3 3
76 74 3 2
56 20 4 2
93 12 2 3
21 76 2 4
88 26 2 2
41 92 3 2
25 37 3 2
93 69 2 4
91 41 2 2
25 55 3 2
51 22 4 4
15 90 3 3
28 66 2 2
64 19 4 4
76 6 2 4
54 71 4 4
38 86 4 2
85 33 4 2
44 49 3 2
96 93 2 4
57 94 2 4
33 6 4 2
31 60 4 2
9 10 4 3
51 5 4 4
5 45 3 2
52 29 4 2
90 36 2 3
44 6 4 3
7 70 2 4
65 92 2 3
79 38 2 3
68 69 3 2
73 38 2 2
19 85 4 3
92 81 4 4
56 39 2 3
77 53 2 3
37 32 2 2
25 72 4 3
90 29 4 2
28 26 3 4
51 34 3 4
17 65 3 4
2 76 4 3
8 31 3 3
65 40 4 2
85 77 2 4
76 13 3 4
54 87 3 2
89 47 4 4
22 94 3 2
39 58 2 3
25 82 2 4
56 81 4 4
75 78 2 2
70 19 2 3
76 32 2 3
65 6 2 4
32 90 3 3
39 79 3 2
13 34 2 2
71 75 2 2
6 37 3 4
39 9 4 3
36 65 3 3
17 14 2 3
69 87 2 4
9 48 2 2
45 58 3 4
3 28 2 2
41 15 3 2
64 34 2 3
26 77 2 4
4 7 3 2
61 45 2 3
61 49 2 3
80 47 2 4
47 42 4 3
10 40 4 3
26 60 2 3
80 88 2 4
90 60 4 3
77 61 2 2
27 9 3 2
78 25 4 4
37 16 3 3
85 59 2 3
10 92 2 4
34 76 3 3
38 27 2 3
11 79 3 4
65 50 2 3
79 35 2 2
21 24 4 3
10 3 4 4
53 50 3 4
86 29 3 3
68 5 4 3
33 20 3 2
50 17 3 2
83 71 3 3
61 21 2 3
38 45 4 3
94 44 4 3
16 79 4 2
82 83 2 4
63 26 3 2
70 42 4 3
22 64 2 4
65 75 3 2
47 73 2 4
4 49 2 3
14 37 3 2
85 92 2 3
24 20 3 2
58 32 4 4
51 13 2 3
50 66 3 3
11 73 3 4
86 5 3 4
65 2 3 2
32 29 2 2
55 43 3 4
71 64 2 3
61 64 2 4
7 54 2 2
58 53 4 3
66 45 3 3
68 34 3 2
93 64 4 2
12 16 3 4
44 32 2 4
52 58 4 3
82 54 4 3
18 21 4 2
3 59 3 3
37 93 3 3
35 37 4 3
31 80 3 2
61 69 2 4
32 46 3 4
90 19 3 4
30 23 3 2
49 52 3 3
11 67 3 3
91 76 3 4
74 29 3 2
95 7 3 3
55 34 2 3
14 30 2 2
80 19 2 2
24 17 3 2
89 90 2 3
49 62 2 2
85 85 2 3
73 33 2 2
57 14 2 4
22 32 2 3
75 20 2 3
2 87 3 3
24 46 4 4
26 42 4 2
96 17 2 3
28 89 3 2
52 76 4 2
33 85 4 2
11 26 2 2
7 14 4 2
51 94 2 3
75 47 2 4
14 86 3 2
43 18 2 4
80 3 4 4
13 58 3 4
70 56 3 3
95 35 2 2
68 13 3 3
35 11 2 2
21 73 2 2
4 3 2 3
35 81 3 3
63 96 2 2
61 79 4 3
44 80 3 2
88 12 3 2
95 28 2 2
56 24 3 4
85 96 2 2
71 95 2 3
25 4 3 3
