28 73 2 3
54 53 2 4
5 30 3 2
93 28 3 2
61 49 3 4
18 28 2 2
64 26 4 3
39 14 4 4
87 36 3 4
90 46 4 3
76 94 4 3
23 78 4 2
28 6 3 2
35 43 4 4
70 31 2 4
45 50 2 4
92 35 4 4
30 25 3 3
4 62 2 3
69 69 2 4
12 56 4 2
87 75 2 4
25 69 2 3
16 40 2 4
76 62 2 4
88 17 4 3
68 5 4 3
62 57 3 3
33 56 3 4
26 50 3 4
90 62 4 3
25 29 2 4
46 34 2 2
33 33 2 4
38 29 2 4
87 48 2 3
5 36 2 4
86 53 4 4
54 18 2 3
52 61 4 2
95 4 3 4
34 73 2 3
21 88 2 3
24 24 2 3
77 32 4 4
58 32 2 2
50 87 2 2
49 43 3 4
47 78 4 4
52 14 4 2
2 46 2 2
70 60 3 3
59 73 2 3
61 80 2 2
23 3 4 3
82 34 3 3
49 55 3 2
2 10 4 4
70 17 3 2
44 61 2 2
35 80 4 2
32 64 2 3
68 79 3 3
20 17 3 3
2 87 3 4
46 71 2 2
50 65 3 3
24 56 3 4
13 73 3 2
69 50 4 3
9 91 4 4
59 28 2 2
83 4 3 2
48 3 2 4
18 45 2 3
46 21 2 3
79 37 2 3
21 13 2 2
18 11 2 3
44 39 2 2
20 50 3 4
65 10 3 3
47 9 4 4
23 81 3 4
57 9 2 2
63 93 3 2
36 67 2 2
78 45 2 3
2 71 4 2
88 69 3 2
79 24 2 3
7 43 3 4
64 76 3 3
48 59 3 3
28 80 2 4
42 2 2 3
63 42 4 4
32 77 3 2
40 50 4 4
24 21 3 2
94 18 2 2
95 44 3 4
41 58 4 2
76 67 2 4
89 87 3 3
14 67 3 4
26 94 4 2
85 82 4 2
70 74 2 2
8 35 3 2
21 93 3 4
60 63 4 4
58 16 4 4
59 40 2 3
70 65 4 3
32 6 4 3
67 23 4 2
79 59 2 4
41 28 2 3
14 50 4 3
40 37 3 3
88 94 4 3
38 91 4 4
49 70 3 3
55 6 2 2
40 82 2 4
77 16 2 2
28 12 2 4
35 89 2 4
91 21 2 2
70 44 2 2
33 95 2 2
17 35 2 3
24 18 2 2
43 42 4 3
83 15 3 3
8 77 2 2
95 9 2 3
10 83 2 3
17 23 3 4
35 18 3 2
53 38 2 2
67 54 2 4
55 70 2 2
54 83 2 4
53 89 4 3
83 65 4 3
71 37 3 3
60 77 2 2
11 21 3 3
48 25 3 3
19 58 4 4
95 59 2 3
56 43 2 2
59 24 2 3
75 86 4 2
6 4 3 2
81 75 2 2
59 90 3 2
64 37 2 3
38 71 4 3
46 87 2 4
78 12 3 3
76 29 3 2
12 25 3 2
63 4 3 4
5 25 2 3
29 91 3 2
79 70 2 3
52 29 2 4
32 51 3 3
76 80 2 2
54 22 4 2
28 65 3 3
36 22 4 2
74 91 3 2
17 72 4 3
67 31 2 4
94 23 3 3
10 52 2 2
28 55 2 3
30 44 4 4
5 48 4 3
80 54 3 4
62 21 3 2
67 14 2 2
93 74 2 2
18 79 4 3
35 25 2 4
14 63 3 2
21 63 2 2
2 93 4 4
49 35 3 3
83 90 2 4
87 61 2 3
82 95 4 3
6 57 3 4
36 85 3 3
92 68 4 3
80 79 4 4
70 84 3 3
22 45 3 2
75 83 3 2
67 37 3 3
12 45 3 3
14 28 3 4
66 86 3 3
41 64 2 2
41 8 4 2
24 13 2 4
73 2 4 4
49 93 4 2
25 39 2 3
87 41 2 3
60 9 3 4
56 50 4 2
42 21 2 4
44 74 2 4
57 55 3 4
95 40 3 2
31 38 3 4
10 10 4 3
65 47 2 2
29 32 2 4
16 87 2 3
15 6 2 2
20 33 2 3
58 83 2 4
57 46 2 3
16 59 2 2
75 73 2 4
91 82 2 2
54 64 3 3
67 95 3 2
4 83 3 2
18 4 4 2
61 36 2 2
8 40 2 2
3 78 3 2
50 51 3 3
77 7 4 2
87 10 4 2
79 21 3 2
22 9 2 2
82 11 2 3
17 84 2 2
64 31 2 3
84 69 3 2
72 22 3 4
70 13 4 2
