35 56 2 2
8 23 4 2
46 4 4 4
57 31 2 4
55 19 2 2
41 83 4 4
22 6 4 3
7 64 3 3
69 26 2 3
58 41 3 3
37 26 4 4
45 67 4 4
50 66 4 3
65 41 4 3
47 79 3 3
44 14 2 2
40 63 4 3
5 86 3 3
13 10 3 3
77 29 2 3
51 58 4 3
38 11 4 3
25 65 3 4
28 40 3 3
18 12 4 4
41 45 3 2
3 49 3 2
60 63 4 2
28 24 3 3
64 17 4 4
81 31 2 3
77 65 3 3
10 59 2 3
9 50 4 3
13 83 3 3
8 8 4 4
25 91 3 3
28 35 2 3
84 82 4 2
33 83 3 3
29 87 3 3
78 13 3 2
36 43 3 3
67 85 3 3
68 75 2 3
59 9 2 3
24 49 2 2
19 21 3 2
64 56 2 4
18 29 4 2
53 42 2 2
61 66 4 4
84 71 4 2
75 35 2 2
30 57 4 3
88 21 3 4
89 94 4 3
93 32 4 4
67 90 3 4
20 41 2 4
72 3 2 2
59 72 3 2
67 63 4 3
85 63 4 4
95 74 3 3
85 90 3 2
93 2 3 3
40 48 2 2
77 87 3 4
37 87 2 2
32 15 2 4
90 34 2 3
83 56 2 2
70 80 3 4
68 67 2 2
30 51 4 3
39 73 4 4
89 57 4 4
79 78 3 2
46 35 4 4
87 31 2 3
4 16 4 4
74 88 2 4
52 83 3 3
32 24 3 3
23 20 2 2
74 18 3 2
35 5 3 4
70 70 3 3
59 13 3 2
34 47 4 2
21 74 3 2
12 66 4 4
37 51 4 3
42 38 3 2
67 22 2 3
29 96 4 2
74 23 2 2
58 55 4 2
13 77 3 4
44 25 2 4
22 96 4 2
51 9 3 4
92 48 3 2
13 35 4 2
77 54 4 2
80 5 4 2
95 41 2 3
5 90 4 2
65 35 3 3
57 23 4 4
75 6 2 2
49 50 3 2
6 36 3 3
60 46 3 3
44 31 4 3
88 43 4 2
84 39 4 2
58 94 2 2
75 38 2 3
26 88 2 2
28 30 4 2
15 71 3 3
81 64 3 4
2 22 3 4
36 79 3 3
71 12 4 3
56 62 3 2
89 51 3 3
27 11 4 4
51 77 4 2
26 2 4 3
4 72 4 4
2 58 3 2
9 82 3 4
59 82 4 4
85 6 2 4
81 50 4 2
30 72 4 2
23 24 4 2
72 94 3 2
72 42 3 3
26 53 2 3
55 11 3 2
18 94 2 2
95 90 2 4
13 4 4 3
49 32 2 2
49 44 2 4
27 46 4 4
64 26 4 3
40 88 2 4
14 41 2 4
49 25 2 3
40 96 2 2
23 28 4 2
11 89 4 3
84 44 2 4
85 17 2 3
45 42 3 2
8 47 2 2
37 34 2 3
51 92 4 2
74 75 2 4
67 13 2 2
79 9 4 3
84 94 4 3
10 29 4 2
41 33 2 3
27 16 4 2
78 95 3 2
63 30 2 2
34 93 3 3
47 21 2 2
88 5 2 2
31 67 2 2
71 48 2 2
70 32 2 2
51 19 3 3
25 57 2 3
77 81 2 4
48 89 2 2
18 63 3 4
16 87 2 3
89 11 3 4
19 33 2 4
80 59 3 2
91 82 2 2
50 15 2 2
19 69 2 4
46 10 4 3
24 15 2 3
17 54 3 3
94 57 3 2
76 62 4 2
53 87 2 2
29 81 2 2
7 93 2 4
8 42 2 2
7 56 2 2
48 84 2 2
77 74 4 3
47 56 2 2
53 37 2 3
20 58 4 2
70 37 4 3
45 95 2 3
94 12 2 2
95 9 3 2
7 4 2 3
17 41 2 2
96 37 2 2
80 37 2 3
81 22 4 3
70 52 4 4
69 58 3 2
92 21 2 3
80 19 3 2
58 17 3 4
58 51 4 3
40 6 2 4
35 13 2 4
23 42 3 3
44 48 4 4
2 32 3 3
64 3 3 2
85 79 4 2
37 62 2 4
55 65 2 2
32 61 2 3
66 71 2 2
14 51 3 2
13 60 4 3
85 60 3 2
32 43 3 3
52 24 4 3
64 79 2 2
61 90 2 2
12 14 2 2
14 17 2 3
74 58 3 2
44 20 2 4
94 17 4 2
11 46 3 2
20 79 3 3
35 73 2 3
34 40 4 2
3 9 3 3
63 8 3 3
59 36 2 4
