69 22 2 2
89 69 2 2
13 54 2 4
59 55 4 4
92 79 3 3
29 68 3 4
51 44 3 2
24 50 2 4
19 16 2 2
53 23 3 2
2 44 2 4
13 76 3 3
21 66 2 2
73 82 4 2
89 9 4 2
53 16 4 2
92 90 2 2
56 36 2 3
59 36 3 2
19 23 2 2
45 53 3 4
20 88 2 3
76 26 4 2
16 50 4 4
86 22 3 4
59 15 4 4
38 7 4 4
60 86 4 3
74 91 4 4
51 93 2 2
19 43 3 4
4 8 3 2
23 6 3 3
13 40 4 3
88 45 3 4
42 67 3 4
48 4 3 2
47 59 3 4
43 89 2 2
2 41 3 2
8 26 3 4
30 95 3 2
36 27 4 4
87 76 4 3
22 80 3 2
70 42 2 4
12 11 2 4
37 72 4 4
68 90 2 2
64 35 4 4
16 6 4 3
21 72 3 3
83 35 2 3
8 35 4 4
85 72 3 3
7 41 2 3
47 90 4 2
76 33 3 4
68 52 4 4
9 6 2 2
32 52 4 4
56 83 3 3
16 33 4 4
44 17 2 4
52 68 2 4
10 21 3 4
74 88 2 2
85 58 4 4
33 36 4 3
79 53 2 4
42 43 2 4
2 50 3 4
72 23 3 2
74 72 2 3
68 62 2 2
43 8 4 2
91 95 3 3
58 29 3 2
73 59 3 2
26 30 4 2
93 61 4 2
81 16 2 2
24 35 2 2
30 86 4 4
10 66 4 4
49 30 4 3
60 66 3 4
3 64 2 3
43 27 3 2
94 14 4 2
4 35 3 3
65 93 2 2
89 35 4 4
50 8 3 4
44 33 2 2
26 39 4 3
38 18 2 4
23 15 4 4
24 43 4 2
77 39 2 4
78 17 2 4
35 65 3 3
38 59 3 4
93 54 4 3
85 44 2 3
9 59 4 4
8 50 2 2
18 65 2 2
21 93 2 3
52 34 2 2
94 25 2 3
83 76 2 3
69 14 2 3
82 92 3 3
12 45 4 3
36 23 4 3
36 2 3 2
67 71 2 2
80 63 4 4
48 74 2 3
30 23 4 4
31 30 2 4
22 83 2 3
80 73 2 3
44 93 2 2
25 74 4 4
28 79 3 3
78 79 2 2
63 63 3 2
10 93 3 3
30 46 2 4
27 96 2 2
76 12 3 2
32 5 2 3
84 15 2 2
55 57 2 4
70 2 3 4
27 54 2 3
44 78 2 4
54 87 2 3
45 45 2 3
48 13 4 3
61 2 2 2
16 68 4 4
89 91 2 3
67 6 2 2
9 13 2 3
8 84 4 2
27 34 3 4
88 5 3 3
48 85 4 3
20 38 4 2
33 69 4 2
55 47 4 3
39 37 2 3
52 26 4 2
83 12 4 2
84 51 4 3
64 40 3 3
3 92 2 4
56 40 2 4
15 19 4 3
51 77 2 2
46 36 3 3
85 29 2 3
33 45 2 3
52 51 4 3
71 91 2 4
9 55 2 3
96 82 2 4
15 83 2 4
58 24 4 4
4 56 4 3
42 13 4 3
18 76 2 3
74 64 4 3
5 87 2 3
64 78 2 3
40 51 3 4
42 2 3 2
89 13 4 3
67 30 2 3
6 73 4 4
4 14 3 4
80 41 2 3
32 10 4 2
59 62 3 2
68 80 2 4
62 29 2 3
80 35 2 3
61 46 3 2
73 54 3 4
93 5 2 3
7 46 2 3
13 28 4 2
60 20 3 3
55 92 4 2
26 10 2 4
92 47 3 3
59 9 4 4
30 14 4 4
50 39 3 2
59 95 2 3
71 30 4 4
57 4 2 4
34 57 3 4
55 66 3 2
79 23 2 2
67 57 4 2
3 79 2 4
90 86 3 2
37 89 3 2
92 70 3 2
47 25 4 2
28 2 2 2
24 3 2 2
89 50 2 4
61 75 3 2
28 6 2 2
33 42 4 2
67 68 4 2
15 59 3 2
80 69 3 2
91 19 4 4
74 16 2 3
19 61 4 2
55 32 3 3
90 55 2 2
21 26 2 4
82 29 2 2
42 57 2 2
64 22 3 2
65 26 2 2
51 73 2 2
61 49 4 4
62 5 4 3
85 84 3 3
37 13 3 3
72 26 3 3
53 3 3 4
74 39 2 2
78 86 2 3
40 85 2 3
82 23 3 3
33 75 2 2
40 34 2 2
90 26 2 3
2 70 3 3
44 23 2 3
14 91 2 3
