76 54 3 2
53 10 2 3
42 38 4 3
46 30 3 3
61 60 4 3
88 75 3 3
54 88 2 2
5 67 3 4
27 27 2 3
81 60 4 3
35 94 3 2
94 11 3 2
68 69 3 3
44 69 3 4
37 85 3 2
13 56 4 4
16 44 3 3
14 38 4 2
8 45 3 3
15 34 3 2
20 17 3 2
74 9 4 2
54 91 4 3
86 29 4 2
26 9 3 2
47 6 3 2
51 64 4 2
28 37 2 3
46 79 2 4
71 36 3 4
66 21 4 3
31 52 4 2
58 56 2 3
20 43 2 4
70 77 3 4
13 76 4 2
4 4 3 2
60 42 4 4
85 51 3 2
48 38 4 2
28 5 4 3
82 44 4 3
93 47 4 3
52 55 2 3
87 94 3 2
33 45 3 2
51 81 3 3
26 2 3 2
43 5 3 3
53 14 2 3
70 96 4 2
32 13 2 3
7 77 3 3
22 75 4 2
57 64 4 2
66 37 2 2
12 82 4 2
78 21 2 3
35 6 3 2
83 88 2 4
63 87 2 4
51 88 2 2
35 76 3 3
58 69 3 2
90 84 2 3
68 53 2 4
40 60 4 3
95 38 2 3
15 11 4 4
80 10 4 2
94 60 4 4
40 66 2 3
52 61 3 2
61 30 2 3
47 51 3 4
90 24 4 3
24 94 4 3
23 63 2 4
87 15 4 2
41 13 2 3
11 94 2 4
4 83 2 2
85 21 2 2
10 25 3 2
57 78 3 4
61 3 3 4
77 29 2 4
46 13 3 3
38 46 4 2
25 87 4 3
24 51 2 3
68 61 4 2
75 80 4 4
31 20 2 2
13 20 4 4
81 14 2 4
93 55 2 4
83 39 2 2
53 31 3 2
23 82 3 2
21 93 2 2
48 85 2 3
91 88 4 4
41 9 3 2
92 33 4 2
40 19 3 4
40 24 2 3
76 40 2 2
68 10 2 2
34 63 3 3
72 82 2 3
44 23 4 4
33 89 4 4
86 33 4 3
76 44 2 2
73 72 3 2
30 81 3 4
13 29 4 4
82 24 3 4
92 65 2 3
76 94 3 4
35 33 4 3
5 23 2 2
4 88 3 2
3 35 4 4
18 48 2 2
10 20 2 2
65 4 4 4
82 95 3 2
42 51 2 3
55 44 4 2
71 13 2 3
39 70 2 4
66 14 3 4
17 89 3 2
59 91 2 4
5 54 2 4
21 20 2 4
19 56 3 2
29 63 2 4
15 69 4 3
67 90 3 3
25 70 3 2
56 60 4 3
7 32 3 2
61 12 3 2
57 84 3 4
10 85 2 2
24 57 3 2
85 6 4 4
19 51 3 2
10 53 2 4
5 46 2 2
58 38 4 2
76 59 3 4
75 25 2 2
87 60 3 4
75 36 3 2
65 29 2 2
20 84 2 2
19 64 3 3
34 70 3 2
54 36 2 4
10 12 2 3
62 17 2 3
24 18 3 3
29 43 3 4
40 94 2 4
49 59 2 2
20 25 3 2
44 45 4 3
40 75 4 2
72 44 2 2
45 65 3 2
5 96 3 2
84 56 4 2
71 28 3 4
40 55 2 3
22 12 2 3
35 2 2 3
56 17 2 2
85 74 2 3
92 14 2 2
79 85 2 3
17 93 2 3
73 47 4 2
94 3 2 3
96 78 2 2
34 25 2 2
87 70 3 3
79 71 3 3
17 7 3 3
89 21 4 2
41 82 4 2
14 66 2 2
49 3 4 2
93 94 4 4
54 20 3 3
5 20 4 2
67 46 2 2
51 96 2 2
73 19 3 4
62 72 4 4
4 12 2 2
90 38 3 3
37 25 2 3
50 72 4 4
21 37 3 2
31 60 2 2
13 3 4 2
93 74 2 2
19 34 4 2
53 26 4 4
19 40 3 2
71 93 4 2
64 95 4 3
71 33 2 2
31 69 2 4
48 20 2 2
53 50 3 3
46 91 3 3
71 66 4 2
84 78 2 3
83 65 3 3
9 17 3 2
63 77 2 3
23 48 4 2
78 6 2 2
39 88 2 3
80 30 4 4
34 20 2 2
3 29 2 2
72 57 2 3
74 2 3 4
59 25 2 3
92 71 4 2
6 40 3 3
49 34 2 3
10 72 4 3
80 89 2 2
63 68 2 3
49 25 3 3
21 7 4 2
86 48 2 2
16 51 2 4
31 48 2 2
44 95 4 2
74 14 4 4
8 3 4 2
38 38 3 2
