14 14 3 3
22 12 2 3
81 75 2 2
19 41 3 2
9 21 3 4
85 34 3 4
53 52 3 2
79 14 4 4
29 58 3 2
71 65 3 4
41 10 3 4
51 82 3 2
3 3 4 2
37 87 4 3
40 53 2 3
68 37 4 2
8 30 3 2
40 94 4 2
76 36 4 3
39 73 4 4
61 6 2 4
60 14 2 2
51 35 3 2
7 37 3 3
31 47 2 3
68 58 2 2
64 70 2 2
84 52 3 3
87 81 3 4
50 66 2 3
24 47 4 3
18 80 2 2
33 68 2 3
49 22 2 4
30 89 4 2
44 4 4 4
85 64 2 4
66 46 2 2
68 87 4 2
87 76 2 2
80 20 3 2
58 43 3 3
29 55 4 2
19 35 3 3
34 10 2 2
57 82 2 2
26 64 3 3
95 8 2 4
63 18 3 2
50 31 4 3
7 27 4 2
64 79 2 3
5 9 4 3
28 84 4 3
16 70 4 3
90 31 3 4
18 63 2 4
46 27 3 4
46 11 3 3
42 43 3 4
64 31 4 2
26 51 2 4
81 26 4 4
61 32 2 4
43 39 4 3
65 50 3 2
58 35 2 2
49 76 2 2
9 95 3 2
34 64 2 3
29 93 4 2
54 59 2 2
82 10 2 3
48 62 4 3
65 65 4 4
57 75 3 2
85 70 4 4
76 17 2 3
4 55 4 2
21 19 4 3
35 46 2 4
44 20 2 2
35 13 3 3
27 22 2 2
41 36 3 2
32 30 2 4
85 19 2 3
4 65 3 4
59 52 4 3
75 23 4 2
36 32 3 2
11 73 2 2
90 52 4 4
76 8 2 3
65 22 2 3
94 42 2 4
21 89 4 3
79 92 3 2
14 61 2 3
84 93 4 3
92 48 4 2
17 5 4 2
84 86 2 3
96 56 2 2
82 6 2 3
46 82 4 2
11 48 4 3
3 44 3 2
38 27 4 4
91 71 2 2
63 83 2 3
83 90 3 2
77 81 4 3
53 66 2 4
50 10 2 2
23 33 2 3
23 57 3 3
53 88 2 2
29 76 3 3
33 38 3 2
39 21 3 3
74 26 4 2
87 46 4 2
72 94 3 4
27 25 2 3
5 85 3 4
80 57 3 4
28 42 2 4
71 45 4 3
70 3 2 2
44 73 2 3
75 31 3 3
55 31 3 3
94 35 2 2
15 56 4 3
59 38 4 3
8 66 3 3
78 43 4 4
13 87 2 2
43 52 2 3
58 91 2 4
3 31 2 3
19 48 4 3
9 16 3 2
95 68 3 3
60 25 4 4
14 28 2 2
73 49 4 4
60 62 4 2
54 75 2 3
35 20 3 2
88 87 2 4
2 35 4 4
69 19 3 3
38 47 2 4
19 84 3 2
11 33 4 4
56 7 4 2
45 95 3 3
79 54 3 2
70 15 3 3
56 10 2 3
52 3 2 2
9 91 3 2
36 58 4 3
86 40 3 3
76 66 4 3
5 75 3 3
83 80 3 4
3 61 3 2
34 74 2 3
95 64 3 2
73 73 3 2
54 24 3 3
70 11 2 2
91 16 4 3
88 65 3 3
87 25 4 3
52 48 2 2
27 32 2 4
93 83 4 4
47 71 3 2
54 79 4 2
45 85 3 3
90 39 2 3
77 85 4 2
43 32 4 3
23 81 3 4
9 62 4 2
21 53 4 3
66 6 3 2
30 23 3 4
89 93 2 3
55 14 4 3
29 6 3 4
16 49 2 3
91 3 2 4
11 4 2 4
35 78 2 3
81 37 3 3
41 82 3 3
72 77 2 3
2 52 3 2
18 94 3 3
44 77 4 4
73 59 4 3
65 90 2 4
87 60 3 2
23 41 2 2
6 22 2 2
3 49 4 2
66 73 3 2
38 5 2 4
94 77 3 2
52 6 3 2
60 67 3 3
63 42 3 3
71 40 2 4
45 17 4 2
34 43 4 2
21 61 3 2
64 36 2 4
50 16 4 4
94 29 3 2
5 79 3 4
35 5 2 2
57 70 2 2
52 43 4 2
21 28 2 2
66 27 3 2
72 55 4 3
17 18 3 4
64 9 3 4
27 14 3 4
88 13 3 2
92 25 2 2
69 83 3 2
91 60 2 4
59 56 3 2
17 8 3 3
86 4 4 3
80 31 3 3
84 14 3 2
78 71 3 3
3 13 2 3
9 76 4 2
12 43 2 4
7 41 4 2
71 8 2 2
93 93 4 3
