46 26 4 3
68 42 3 4
3 78 2 3
54 69 2 4
72 39 3 2
22 65 2 3
52 30 4 3
24 49 4 4
75 33 3 3
76 42 4 4
21 21 4 2
90 81 3 4
20 16 3 4
81 43 3 3
73 23 4 2
72 75 3 4
9 28 4 4
52 63 4 3
79 48 3 2
62 19 3 4
93 33 4 2
5 94 3 4
57 24 3 2
72 49 3 4
31 96 3 2
94 94 4 2
27 43 4 3
53 50 3 3
45 20 2 2
44 47 2 3
37 11 2 3
6 82 3 4
69 48 2 3
44 88 3 4
29 53 4 4
65 36 4 4
77 75 4 3
17 68 3 2
50 74 2 3
11 52 2 4
49 91 4 4
20 6 4 2
81 52 3 4
73 94 4 2
62 43 2 3
40 57 4 2
31 60 3 2
12 92 3 4
83 47 2 3
24 75 4 4
42 41 4 3
16 80 2 4
94 49 3 3
37 65 2 3
64 31 2 3
73 88 4 4
45 63 3 2
43 75 2 4
21 81 2 4
30 33 3 3
14 40 4 3
65 75 2 2
38 18 4 4
93 63 2 4
45 71 4 2
57 13 2 4
38 31 2 3
3 2 3 3
26 27 2 4
91 86 3 3
59 92 4 2
83 12 4 4
3 49 3 4
95 82 3 3
52 54 2 2
62 25 3 2
68 22 3 4
4 62 4 2
39 70 4 4
25 2 2 2
11 63 4 4
31 47 3 4
50 81 4 2
57 82 3 3
58 8 4 2
43 52 4 3
47 40 4 3
10 35 3 2
90 18 3 4
14 52 3 3
5 18 3 3
58 3 4 3
32 81 3 2
28 93 3 2
55 54 2 2
87 29 2 4
8 89 3 2
12 81 2 4
38 84 2 2
17 19 2 4
41 28 2 3
24 32 3 4
23 70 4 4
75 15 4 4
4 6 2 2
32 11 2 3
15 35 3 4
67 29 3 3
8 76 4 2
64 53 3 2
40 46 3 2
81 71 3 2
83 36 4 3
73 3 3 2
49 84 3 3
32 75 2 4
53 39 3 3
17 9 3 3
42 7 3 2
51 9 4 2
92 54 4 3
8 14 2 3
82 87 2 3
57 96 3 2
48 37 2 2
66 81 2 4
77 8 2 4
85 67 4 2
3 34 2 3
57 48 2 3
67 14 3 4
3 25 3 4
37 44 2 4
74 9 2 4
90 93 3 3
14 13 4 2
23 87 2 2
59 56 4 3
95 4 3 4
32 65 4 4
69 7 4 4
91 41 2 3
46 4 4 3
26 5 4 3
48 50 2 3
57 19 3 4
60 32 2 4
65 62 2 2
86 85 2 2
39 50 2 2
47 68 3 2
24 12 4 4
35 87 3 3
80 17 3 4
17 92 3 4
46 79 3 2
47 8 3 4
92 13 4 4
45 56 4 2
40 77 2 3
26 80 4 4
87 57 2 4
34 18 2 3
12 22 4 3
24 59 3 4
46 15 4 3
62 96 3 2
33 15 4 2
24 38 4 2
3 59 3 2
69 71 2 4
59 68 3 3
77 55 2 3
72 59 4 4
51 88 3 2
81 24 3 2
80 58 3 4
18 75 4 3
63 49 2 3
53 6 4 2
92 76 3 4
5 39 3 4
9 58 4 4
86 80 3 2
29 86 2 2
32 26 4 3
73 66 3 3
66 96 2 2
20 43 3 2
65 9 3 2
43 36 3 2
80 3 3 2
39 2 4 4
54 91 4 3
49 60 2 2
51 18 3 3
59 62 2 3
83 63 3 2
15 46 2 4
90 28 4 3
3 71 2 4
17 59 2 3
64 13 2 2
19 28 4 3
39 37 2 2
21 91 4 4
39 93 3 3
12 72 3 3
67 86 4 2
77 81 2 2
82 93 3 2
34 2 4 2
75 29 4 2
52 23 4 3
93 60 4 2
2 67 3 3
90 4 2 3
21 2 2 2
27 65 4 4
9 68 2 2
29 23 4 2
37 78 2 3
20 39 3 2
9 8 3 3
49 31 2 4
77 51 2 2
51 13 2 3
28 17 2 3
77 66 2 3
59 72 3 2
17 86 2 3
61 75 3 4
65 68 3 4
18 46 2 4
30 39 4 2
64 88 2 2
8 46 2 2
28 89 4 3
9 39 4 4
4 30 4 2
70 91 2 2
56 27 2 2
69 61 2 3
22 54 4 2
54 76 2 3
57 87 3 2
30 70 4 2
87 74 4 2
37 60 2 2
87 93 2 4
