39 13 4 2
55 39 3 3
52 26 3 3
62 93 2 2
92 30 3 2
13 79 4 2
19 55 4 2
82 76 3 2
76 88 4 2
20 5 4 3
94 4 4 3
88 84 3 4
73 75 4 3
81 94 4 4
58 78 3 4
82 12 4 2
85 89 2 4
51 17 2 3
92 89 4 2
73 26 3 4
39 16 3 3
16 46 2 3
36 43 3 2
71 6 3 3
43 95 4 2
12 73 2 3
20 83 3 2
26 58 3 4
36 21 2 4
2 86 4 2
92 84 4 2
73 64 4 4
55 43 4 2
65 12 4 2
31 72 3 4
55 7 2 3
72 32 2 2
17 9 4 4
51 93 4 2
3 59 4 3
91 63 2 4
37 93 3 2
88 89 3 3
82 58 3 2
36 8 3 2
67 61 3 2
25 14 3 4
7 85 2 2
70 57 3 3
46 81 2 4
39 22 4 4
92 56 2 2
56 25 2 2
6 21 3 2
43 9 2 3
81 45 4 4
6 71 4 3
70 39 2 3
64 85 4 2
11 62 4 4
7 45 2 3
44 57 3 4
29 30 4 3
70 12 3 2
18 23 4 3
74 36 4 4
3 26 4 3
39 67 3 2
6 92 4 2
29 7 2 3
61 54 4 3
55 20 3 4
13 9 3 3
9 67 3 2
23 21 3 3
33 53 3 4
13 84 4 2
8 75 2 2
43 47 4 4
68 5 2 2
59 9 4 3
93 93 4 3
48 75 2 4
89 10 4 4
49 87 2 4
19 86 2 2
79 67 4 2
32 90 2 4
93 45 4 3
68 64 3 4
24 76 2 3
44 67 4 4
49 29 2 4
42 30 2 2
36 62 3 4
61 87 2 3
72 80 3 2
44 89 2 4
48 10 4 3
40 73 4 2
36 85 4 2
36 39 4 2
49 82 4 4
66 92 3 4
70 92 4 4
88 69 2 3
67 16 3 4
76 41 4 4
64 43 4 2
8 18 3 2
4 81 4 3
55 64 2 4
6 31 2 4
83 3 2 2
59 23 4 4
83 38 3 4
3 71 2 3
71 51 4 2
32 7 2 4
92 79 4 2
23 60 2 3
65 72 4 2
73 46 4 4
50 54 2 4
16 32 4 2
6 41 4 3
42 62 4 2
42 77 2 3
50 4 4 4
66 75 2 3
27 22 2 4
60 38 2 2
15 59 3 2
44 34 4 2
18 17 2 2
44 2 4 4
37 3 4 4
24 93 2 2
4 67 4 2
23 65 3 2
24 96 3 2
90 35 4 3
21 77 2 4
49 48 2 3
65 31 4 3
53 60 3 2
60 50 4 2
59 92 2 2
23 32 4 4
78 5 3 4
15 92 4 4
78 57 2 4
29 63 2 3
68 25 2 4
89 47 2 2
85 30 2 3
20 46 4 3
86 58 4 2
30 38 2 2
37 31 3 4
90 39 4 3
3 47 2 4
8 95 4 3
24 28 3 2
15 72 2 4
12 41 2 4
54 32 3 4
77 14 3 4
63 80 3 2
28 85 2 3
27 52 4 3
83 50 2 3
77 20 2 3
95 54 2 4
11 51 2 2
55 13 3 4
55 50 4 3
60 61 4 2
16 63 3 4
13 29 2 4
25 5 2 4
80 70 2 4
28 91 3 3
46 42 4 4
86 4 2 4
58 47 2 2
84 22 2 4
62 18 2 3
41 42 4 2
49 34 2 3
78 32 3 3
82 55 4 2
91 15 4 4
33 2 2 2
50 61 2 3
87 76 2 2
95 9 2 2
12 21 3 3
4 13 4 3
17 41 2 3
51 76 3 3
81 63 3 3
3 40 2 3
83 84 3 4
5 54 3 3
78 50 4 4
38 50 2 3
9 24 2 2
20 35 2 3
34 81 3 3
24 81 3 4
8 60 2 2
78 25 3 2
87 51 3 2
50 72 2 2
9 28 2 2
66 58 2 2
30 47 4 2
8 7 4 2
14 87 3 3
72 19 4 4
17 36 2 2
33 58 3 2
42 37 4 2
91 50 2 4
87 22 4 2
53 56 3 2
72 86 3 2
9 13 2 3
84 69 3 3
47 15 3 3
56 86 4 4
49 66 3 3
94 27 2 2
16 4 3 3
44 26 2 3
91 69 2 2
27 46 2 4
53 73 2 2
13 47 2 3
2 5 2 3
17 68 4 3
35 17 3 3
3 77 3 2
17 52 2 2
6 38 4 2
89 73 2 2
61 31 3 2
79 80 4 2
91 4 2 4
