66 44 3 4
85 26 4 2
19 7 2 2
14 69 3 3
94 61 4 3
33 49 4 2
61 86 2 4
31 55 2 4
81 82 2 2
89 33 2 2
2 47 4 3
9 78 2 4
79 46 2 2
12 59 3 4
40 66 2 4
58 73 4 2
52 81 2 4
27 78 2 3
4 33 2 4
93 65 2 3
23 21 3 2
12 28 4 4
2 90 3 3
71 8 4 4
64 3 3 2
69 69 4 3
91 70 4 3
72 50 4 4
79 58 4 3
49 93 2 3
53 43 2 4
46 89 2 4
59 42 3 2
12 65 4 2
57 24 2 4
17 12 2 2
92 89 3 2
26 63 3 4
29 19 3 2
18 94 4 3
19 18 3 4
31 11 4 3
60 65 3 3
54 64 3 4
48 46 4 4
80 39 4 4
33 27 3 4
46 58 4 4
70 46 2 3
65 75 2 2
21 72 2 4
33 4 2 4
83 88 2 2
47 21 2 2
54 32 2 3
7 48 2 3
27 32 4 4
88 82 4 3
71 81 2 2
2 10 4 3
47 70 4 3
93 15 2 2
76 43 3 2
24 11 2 4
21 2 4 4
87 48 2 2
47 39 4 2
83 18 3 4
77 11 3 2
60 10 2 4
79 67 4 3
56 88 3 2
90 7 4 3
79 22 3 2
32 95 4 3
92 50 4 3
96 70 2 2
72 14 3 4
22 25 2 3
87 61 4 2
12 51 2 3
58 2 3 2
73 20 3 3
20 36 2 3
7 40 3 3
43 47 2 2
68 78 2 3
7 70 3 3
34 22 4 2
70 39 4 4
8 20 3 4
68 89 3 4
68 29 4 3
23 50 4 2
84 93 3 3
89 21 3 2
68 73 4 4
23 87 2 3
37 85 2 3
86 73 2 2
73 84 3 2
6 28 3 2
28 94 3 3
83 52 3 4
21 79 2 4
82 6 2 3
22 45 2 4
38 35 3 3
11 15 4 4
21 32 4 2
66 60 4 3
62 59 3 2
33 75 4 2
95 44 2 2
66 19 2 2
7 31 2 3
3 80 3 4
88 4 3 2
54 21 2 3
58 81 2 3
33 43 2 2
48 8 4 4
36 10 3 3
32 69 3 4
41 93 4 2
19 90 3 2
53 75 3 4
37 67 2 3
77 26 3 4
91 45 3 2
15 45 3 3
40 82 3 3
65 64 4 3
38 32 4 2
79 34 2 4
15 2 3 2
53 95 2 2
66 10 3 2
39 22 3 3
62 6 2 2
61 30 3 2
21 58 3 3
29 86 4 3
86 32 2 3
39 78 4 3
45 84 3 4
68 3 4 4
90 26 4 4
11 36 3 4
30 40 4 2
75 63 3 3
67 35 3 3
2 23 2 3
13 79 4 3
53 52 3 3
75 69 2 4
43 59 2 2
61 26 4 3
5 75 3 4
36 41 3 2
45 33 2 2
48 77 4 2
85 10 4 3
88 36 4 4
43 23 3 2
62 33 4 2
16 41 2 2
53 2 4 4
14 23 4 2
77 81 3 3
73 88 4 2
35 15 4 3
3 16 4 3
5 64 3 4
41 87 3 2
9 86 2 3
27 23 4 3
83 14 3 2
34 32 3 3
55 8 2 4
57 18 4 3
41 26 2 3
28 48 4 2
30 78 4 4
13 94 2 2
39 54 4 3
34 90 3 4
89 54 2 4
95 22 2 4
18 54 2 2
19 48 2 3
25 73 2 2
90 76 4 3
35 53 2 3
78 15 2 2
67 94 2 4
47 36 4 2
64 39 2 3
25 46 2 3
86 66 2 4
75 3 4 3
66 24 3 2
52 59 2 3
20 63 3 4
48 25 2 3
6 53 2 2
57 29 2 4
80 73 4 3
45 2 4 3
57 46 3 4
2 38 2 3
15 75 3 3
22 69 2 2
11 83 2 2
59 53 4 3
96 81 2 2
56 91 4 2
95 33 2 3
32 63 2 2
75 75 3 4
64 14 4 2
4 59 2 4
73 29 2 3
94 37 3 4
77 50 3 2
63 46 2 2
17 59 3 3
7 4 2 4
41 44 2 2
60 77 2 2
26 6 3 3
29 74 2 3
65 71 2 2
24 16 3 2
58 60 2 3
25 37 3 3
20 87 2 2
71 33 3 2
73 59 3 3
43 9 2 2
72 65 2 2
42 38 3 2
11 44 2 4
89 93 2 4
81 2 2 2
14 87 4 3
95 76 2 3
43 13 4 2
65 90 2 3
35 79 3 3
