29 28 2 4
63 58 4 4
54 41 2 2
50 29 4 3
21 93 2 2
5 55 3 2
83 87 3 3
45 45 2 2
87 31 3 2
54 13 4 2
6 18 2 4
33 46 3 4
76 33 2 2
79 55 4 2
86 40 3 2
25 26 2 2
45 3 4 3
50 11 3 2
24 68 2 4
63 75 3 3
87 83 2 2
10 39 3 3
43 82 4 3
94 53 4 3
49 72 4 4
95 45 3 4
20 40 2 2
24 31 3 2
70 66 2 4
35 11 4 4
84 71 4 3
16 40 3 3
81 58 2 3
89 66 3 3
32 32 4 4
60 82 3 2
36 63 4 4
75 66 3 3
56 78 3 4
2 84 3 4
17 60 4 2
43 40 4 2
4 90 4 3
25 79 4 3
58 37 4 2
73 63 4 2
47 7 3 2
67 27 2 3
53 44 2 3
54 91 4 2
70 51 2 3
52 50 2 3
64 23 2 2
67 72 2 2
63 31 3 2
82 64 4 3
46 88 4 3
33 74 4 4
24 42 2 2
62 70 2 2
42 53 2 3
85 54 4 3
18 5 3 3
93 74 2 3
48 40 4 2
83 20 2 4
58 27 2 3
12 4 4 3
58 87 4 3
93 4 4 3
39 26 2 4
46 76 2 3
3 81 2 2
40 78 3 3
75 14 4 2
94 23 3 2
33 93 2 4
56 32 2 2
71 33 4 3
25 86 3 3
18 44 4 2
76 38 4 4
87 3 3 4
86 36 2 3
22 8 2 4
31 38 3 4
83 4 3 2
43 14 2 3
18 10 3 4
19 21 2 4
36 41 2 2
54 18 4 2
28 11 3 2
32 26 3 3
15 27 3 4
12 34 4 2
52 69 4 2
95 93 2 3
86 21 4 3
41 19 4 4
60 15 2 4
61 46 4 4
75 70 3 3
70 94 2 2
40 8 2 2
68 20 3 2
5 47 4 3
82 48 3 2
79 88 3 2
81 26 3 2
11 64 4 4
28 33 3 3
54 3 2 3
68 5 2 3
45 55 4 2
4 24 2 3
24 48 3 2
95 10 3 3
52 60 3 2
61 63 4 4
55 86 2 3
31 54 2 2
65 80 2 4
41 90 2 4
76 45 3 2
80 73 3 2
46 20 4 2
7 70 3 4
4 37 4 3
6 58 3 3
36 55 4 2
76 17 4 4
14 55 2 2
93 69 2 2
28 57 4 3
74 2 3 4
96 37 2 2
93 42 4 2
44 7 2 2
94 87 2 2
27 14 2 3
57 61 2 4
40 74 4 2
68 55 4 2
70 76 2 2
37 19 2 2
49 23 4 4
76 88 2 4
24 60 2 4
51 63 2 3
9 9 3 2
50 33 4 4
28 92 4 3
13 49 2 2
33 20 3 4
66 42 2 3
90 54 2 4
9 15 3 3
72 27 3 3
36 90 4 3
79 11 4 2
35 58 4 2
93 17 4 4
91 82 3 2
83 31 3 2
86 45 3 2
90 60 3 2
78 2 3 3
2 58 3 3
56 54 4 2
81 38 4 4
95 32 2 4
71 12 3 3
41 57 3 2
63 8 3 2
37 71 4 2
38 2 3 2
74 84 2 3
83 17 3 2
30 88 3 3
18 66 3 2
32 81 2 3
13 11 4 4
57 71 4 4
37 96 2 2
43 68 3 3
37 34 4 3
86 8 3 4
78 77 2 4
44 28 2 3
47 92 3 2
52 78 2 3
91 46 3 4
4 76 2 3
90 36 2 3
9 84 2 2
68 34 2 3
13 72 2 4
73 75 4 4
13 23 2 3
78 24 2 4
20 69 2 2
39 39 3 4
17 78 3 3
72 81 3 2
35 80 2 3
56 49 2 2
38 85 4 2
65 89 2 2
9 44 3 2
8 32 3 2
20 51 2 4
63 16 4 4
51 57 3 2
91 93 2 4
45 72 3 2
77 58 3 3
43 96 2 2
28 70 4 2
86 94 2 2
42 63 2 4
27 8 4 2
31 17 4 2
74 95 4 2
2 2 2 4
71 88 3 2
20 16 3 4
90 11 3 3
37 49 4 3
2 63 4 2
88 16 4 2
59 57 2 3
11 59 4 4
49 83 4 2
62 79 2 2
58 67 2 2
34 6 4 4
63 86 2 2
80 14 4 2
72 19 3 3
59 21 3 4
70 42 2 3
92 27 3 3
26 18 4 2
79 29 3 4
28 45 2 4
74 50 4 3
16 95 3 3
65 52 2 3
59 32 2 2
