75 15 3 3
14 94 2 4
85 19 2 3
53 62 2 2
16 41 4 2
18 55 2 2
13 22 2 4
32 66 2 3
82 6 4 3
63 72 2 2
34 15 3 3
56 62 4 3
66 76 4 3
43 25 2 2
31 59 2 2
3 39 3 2
11 32 3 4
47 20 2 4
83 39 2 4
83 68 3 2
45 95 4 3
89 30 4 4
69 66 3 4
34 7 4 2
3 53 2 4
8 82 2 4
18 60 4 3
62 26 4 4
44 64 2 3
30 32 3 4
40 71 3 3
24 13 3 4
95 43 2 3
26 90 2 3
6 64 3 3
3 47 2 4
61 47 3 3
91 20 4 4
19 81 3 3
71 25 4 4
67 73 4 2
38 90 3 2
61 52 2 3
37 51 3 4
32 50 2 2
76 71 3 4
44 6 4 2
96 28 2 2
18 4 3 3
55 23 4 2
87 71 2 4
78 11 4 2
40 34 4 4
24 40 3 4
40 8 3 2
12 44 4 2
67 27 3 3
44 47 2 4
19 86 4 3
15 67 3 2
7 3 3 2
12 15 2 2
49 50 4 4
45 90 3 2
71 87 4 4
54 2 3 2
6 32 2 2
47 16 2 3
38 39 4 2
59 6 2 2
34 83 3 2
15 33 3 3
50 5 4 4
49 87 4 2
70 37 4 2
21 94 2 3
14 70 3 3
20 47 3 2
2 79 4 2
79 22 4 4
67 19 4 4
54 77 4 3
24 59 2 2
39 21 2 2
7 13 3 2
85 78 3 2
14 51 4 3
28 86 3 3
45 59 4 4
81 83 2 2
85 90 4 2
19 50 2 3
35 77 3 2
28 41 3 2
27 64 4 2
75 62 3 2
94 94 2 3
77 51 2 3
56 36 2 3
30 47 2 2
41 54 4 3
44 70 2 4
16 28 3 4
48 79 4 4
39 77 3 4
63 13 4 2
11 64 3 4
39 43 4 2
52 55 2 4
68 9 2 4
29 54 3 4
19 70 3 4
14 81 4 2
90 12 4 4
49 43 4 3
39 15 4 3
70 14 4 2
85 30 3 4
73 34 2 2
50 73 2 4
67 39 2 4
54 47 3 4
7 44 3 3
31 13 2 2
26 50 2 2
90 90 3 4
59 17 4 3
62 90 4 2
3 33 2 2
92 53 4 2
87 26 4 2
47 68 2 4
94 86 2 4
81 27 3 3
79 93 2 2
80 50 4 3
88 85 4 3
61 41 3 2
91 56 2 2
94 63 4 2
62 10 2 2
51 16 3 4
30 79 2 3
79 15 3 2
18 12 3 2
71 44 4 3
9 75 2 2
57 83 2 3
57 56 4 2
50 30 3 3
96 68 2 2
24 21 4 2
65 93 2 4
2 75 3 2
95 75 3 4
6 55 2 2
24 8 3 2
53 13 3 2
40 67 3 3
41 11 3 2
67 33 4 3
55 94 4 4
19 19 3 2
65 2 3 4
31 26 3 3
11 56 2 3
90 7 2 2
57 40 3 4
88 44 4 2
79 44 3 3
12 75 4 4
29 38 2 2
60 77 4 4
69 94 2 2
90 61 2 4
31 21 2 3
78 32 4 4
26 68 2 4
62 21 4 4
39 64 3 2
10 19 4 2
66 83 4 4
68 59 2 2
23 27 3 3
91 77 3 2
60 72 2 3
85 65 3 2
25 35 3 3
23 4 3 3
82 74 3 3
96 57 2 4
42 91 2 4
77 4 4 2
20 24 3 2
71 7 3 4
11 93 2 2
94 5 2 2
9 88 3 4
86 81 2 3
23 63 3 4
8 26 4 2
91 47 3 3
95 34 2 4
14 9 3 2
83 10 3 2
45 11 3 3
46 34 2 3
37 56 2 2
35 71 4 4
71 59 2 2
54 89 3 3
93 25 2 2
29 44 4 2
7 9 3 3
34 86 3 2
7 6 3 2
56 7 2 3
33 2 4 2
71 53 4 4
24 95 3 3
38 47 3 3
11 39 4 2
87 4 2 3
60 2 3 3
42 2 4 3
94 80 4 3
85 51 3 2
83 94 4 2
32 89 4 3
5 17 3 3
62 35 4 3
33 93 4 2
51 69 3 2
74 94 2 2
80 79 3 3
52 66 3 2
61 64 3 2
81 57 3 4
65 62 3 3
20 29 2 2
3 12 2 3
3 44 3 2
12 3 4 4
90 2 3 2
54 27 4 2
23 77 2 3
80 62 4 4
33 37 4 3
3 60 3 2
90 95 3 3
