70 72 2 3
18 61 3 2
74 19 4 4
15 7 4 3
56 20 2 4
88 67 3 2
33 51 2 4
23 24 3 2
86 43 3 4
63 66 4 3
73 2 2 3
23 32 2 3
49 92 4 3
17 91 2 2
35 93 4 3
59 11 2 4
13 31 3 3
64 24 3 3
89 12 2 3
11 64 3 4
57 45 4 3
37 51 4 4
44 41 2 4
52 48 4 3
25 53 2 2
34 12 4 3
57 74 4 3
25 42 4 4
84 38 3 4
61 17 2 3
86 85 2 2
19 77 3 3
20 17 2 2
56 89 3 3
2 46 2 2
35 5 2 3
91 51 4 3
96 55 2 3
13 76 4 3
45 21 2 4
39 35 4 2
41 62 2 4
13 41 2 2
63 86 4 4
62 41 2 3
79 79 2 4
67 92 4 4
81 15 3 3
24 90 2 2
9 18 4 3
46 46 2 4
61 36 3 4
82 92 4 2
59 22 4 4
18 12 2 4
30 10 3 2
8 60 4 2
83 62 3 3
28 47 3 2
75 84 4 4
44 10 3 3
50 69 3 2
16 54 4 3
69 13 4 3
82 56 3 2
23 95 2 2
82 47 2 2
15 71 4 3
40 13 2 4
29 23 3 4
18 23 2 4
70 84 4 3
19 3 2 2
4 33 2 4
5 24 3 4
9 50 3 2
39 67 2 4
51 29 4 4
32 18 3 4
70 54 2 2
46 71 3 2
22 37 4 4
52 84 2 2
95 27 3 4
77 7 2 4
92 84 2 2
83 6 2 3
77 96 4 2
24 3 2 2
52 21 2 4
40 93 3 2
36 32 3 2
57 39 3 2
85 96 3 2
39 27 4 2
92 43 3 2
4 57 3 3
75 47 4 2
64 53 2 4
65 80 2 4
94 2 4 4
57 50 2 2
4 21 4 2
25 6 4 2
42 87 2 4
68 67 3 2
10 4 3 3
93 35 3 3
80 66 2 2
89 19 2 2
86 4 4 2
10 78 2 2
13 56 2 3
93 59 2 4
50 12 2 2
43 54 3 4
15 50 4 3
29 51 2 3
67 9 3 2
67 40 4 3
91 88 2 4
40 42 2 3
52 41 2 4
46 36 2 2
28 28 3 2
81 10 3 4
50 6 3 2
95 10 3 3
65 28 2 2
69 18 2 2
49 75 2 3
30 78 4 2
71 49 3 4
6 9 4 3
87 63 3 2
61 50 3 2
89 70 4 3
72 77 2 3
75 55 4 3
25 13 2 2
56 63 3 3
5 90 2 2
34 64 2 2
78 92 2 2
88 79 3 3
56 28 2 3
14 89 2 2
79 43 2 3
44 75 3 4
50 59 3 4
61 60 3 3
3 74 2 3
54 10 4 4
74 30 3 3
65 44 3 3
50 65 2 3
57 95 2 2
55 58 2 4
35 86 3 3
15 84 4 4
80 23 3 4
44 60 4 3
95 77 2 4
30 33 4 4
82 44 2 2
20 58 4 2
28 89 2 2
7 95 2 3
95 65 3 3
46 29 3 4
58 86 2 2
59 80 4 3
55 4 3 4
94 15 3 2
31 92 3 4
51 2 3 3
5 85 2 2
94 71 3 4
18 96 4 2
37 20 3 4
32 42 3 4
89 38 2 4
7 43 2 3
27 95 3 2
82 3 2 2
30 4 2 2
8 38 4 3
30 69 2 2
89 84 2 2
96 84 2 3
5 53 4 2
61 6 4 4
88 35 2 2
3 80 4 4
36 58 4 3
64 71 2 3
23 87 4 2
14 44 3 4
62 11 4 2
3 11 2 3
31 88 3 2
75 71 3 2
90 24 2 4
21 6 3 4
24 61 3 3
78 59 2 3
30 81 2 2
74 60 2 3
84 31 2 2
67 33 2 2
68 77 2 2
90 75 3 2
12 94 2 2
5 30 2 2
26 84 4 2
90 94 2 4
72 37 4 4
54 76 2 4
83 70 4 4
27 16 2 3
27 70 2 2
18 67 4 2
4 4 2 4
45 66 2 2
39 82 4 3
30 38 3 2
49 96 3 2
8 85 3 3
55 82 2 4
82 78 2 4
30 58 4 2
34 67 4 4
11 8 3 3
46 6 2 2
48 54 4 3
45 81 4 4
2 71 2 2
50 88 2 2
93 55 2 2
87 8 4 3
85 88 4 3
5 68 3 4
15 64 2 2
9 90 3 2
29 74 2 2
55 36 3 2
89 58 3 4
94 32 3 2
82 86 2 3
16 19 2 2
