70 76 2 3
32 77 2 4
62 26 3 3
28 82 4 4
40 95 2 3
16 57 2 4
16 48 2 3
46 90 2 3
73 39 3 2
66 68 4 4
51 82 4 4
77 25 4 4
83 87 4 2
35 78 4 2
68 40 3 3
79 54 3 4
23 62 4 3
44 27 2 4
53 64 3 2
52 36 4 3
25 69 4 2
10 57 4 3
12 14 3 3
76 75 2 2
3 81 3 3
46 59 4 4
96 29 2 4
83 56 2 4
25 15 3 2
54 61 2 2
37 35 3 3
55 90 3 3
20 47 2 3
3 58 2 2
73 18 3 3
52 55 4 3
90 96 2 2
17 30 3 2
78 64 4 3
22 56 4 2
67 75 2 3
30 89 2 2
86 38 4 2
28 30 2 2
95 63 2 4
75 57 3 2
32 73 3 3
62 70 3 4
87 77 4 3
41 34 3 2
33 14 2 3
71 85 2 3
58 12 2 4
55 21 3 2
95 24 2 2
39 58 2 3
43 89 2 2
36 94 2 4
92 42 3 4
64 89 3 4
50 15 3 2
40 4 4 4
63 12 2 4
90 32 2 4
9 2 4 4
92 57 3 3
74 83 4 2
90 23 4 4
55 71 4 2
36 68 2 2
22 5 4 3
89 64 4 4
87 55 3 3
26 66 3 2
95 35 2 4
52 95 3 2
50 69 4 4
36 9 3 3
36 56 2 4
82 77 4 4
5 27 3 4
65 81 2 3
91 92 2 3
93 7 2 2
25 28 2 3
56 46 4 4
42 85 2 3
67 2 3 2
95 47 3 4
61 48 2 4
20 79 3 3
74 64 2 3
14 24 4 3
38 15 3 3
95 3 2 2
46 11 4 2
7 45 2 2
77 93 3 2
58 40 4 4
65 55 2 3
71 90 4 3
2 65 3 2
76 36 4 2
4 94 3 4
33 27 4 3
81 44 4 3
53 5 3 3
36 20 2 3
6 67 4 2
12 43 3 4
48 25 2 2
16 37 3 4
87 41 2 3
66 5 4 4
2 10 4 3
14 84 4 4
30 4 2 3
70 50 4 2
60 63 2 3
50 77 3 2
9 31 3 3
44 41 4 4
18 19 3 3
7 12 2 3
47 49 4 2
19 62 3 4
43 68 4 2
7 20 2 3
25 44 4 3
14 73 2 3
86 31 2 3
54 30 3 2
4 15 2 3
88 4 4 3
27 24 4 3
19 4 2 2
19 85 2 3
89 85 2 4
2 68 2 4
81 5 2 2
91 52 4 2
70 44 3 2
36 75 2 2
81 13 4 2
90 15 3 2
40 24 2 4
86 45 4 3
75 86 3 2
4 74 4 2
74 45 4 3
74 8 3 3
16 65 2 2
69 55 3 2
77 16 3 2
49 34 2 3
22 40 2 3
59 77 4 2
72 60 2 2
67 18 3 3
61 35 2 3
46 21 3 2
26 18 4 4
64 64 4 3
3 35 3 2
59 93 3 4
19 44 4 2
3 51 2 2
95 74 3 2
77 69 4 3
81 93 4 2
76 2 3 4
46 79 2 3
81 18 4 4
46 5 3 4
20 59 2 2
45 32 3 2
35 42 2 3
44 52 4 4
63 61 3 2
83 69 4 4
41 29 2 2
31 44 2 4
58 53 2 3
29 94 2 3
86 62 2 2
13 50 2 3
69 94 3 4
50 91 4 3
9 80 2 4
3 47 2 3
71 33 3 4
84 50 3 3
41 49 4 2
22 11 2 2
24 52 3 2
95 84 3 3
78 49 2 4
42 62 3 2
35 48 3 3
50 87 2 3
20 25 3 3
14 9 4 3
96 92 2 4
12 37 2 2
46 84 4 2
73 23 3 2
77 21 2 3
24 76 2 4
39 41 2 2
15 93 4 3
66 27 3 2
8 7 4 3
20 69 2 4
89 18 4 3
31 64 3 2
33 4 3 4
79 82 4 4
56 85 4 4
58 60 3 2
8 89 3 3
22 90 2 3
71 11 2 4
12 78 4 3
58 29 3 4
6 70 4 2
34 35 2 3
7 38 3 4
84 74 2 2
68 12 2 2
43 17 4 3
29 36 4 2
86 20 2 4
58 7 4 2
38 53 3 2
19 7 2 2
48 66 2 2
64 32 4 4
10 22 2 3
87 8 3 2
61 3 3 2
12 54 4 2
65 47 3 3
22 94 2 2
31 59 3 2
31 9 2 2
5 2 3 3
79 32 4 2
73 30 3 2
58 80 4 4
67 59 4 4
