51 14 4 2
85 67 2 3
45 21 2 4
91 94 3 2
68 33 2 3
51 34 4 3
59 69 3 4
93 19 3 3
34 59 2 2
27 81 4 3
3 44 4 2
39 4 2 3
37 93 4 3
27 88 4 4
58 66 3 2
86 73 2 4
33 14 3 3
32 37 4 4
41 43 4 4
37 15 3 4
4 56 3 3
23 81 2 2
55 11 4 2
26 69 2 3
57 83 4 2
20 15 3 3
59 41 4 3
65 12 4 2
94 38 3 4
49 27 4 3
70 19 4 3
34 8 4 3
50 93 2 4
2 50 4 4
63 91 3 3
29 54 4 2
82 46 4 3
34 53 2 3
73 82 2 4
90 48 3 2
42 91 3 3
42 15 2 2
7 67 3 3
21 73 2 2
26 19 4 3
4 9 3 2
96 2 2 3
70 15 4 3
88 57 2 4
76 63 4 4
73 26 4 2
7 18 2 2
21 68 4 2
6 81 3 4
62 50 3 3
13 57 4 2
66 79 4 4
48 4 2 4
53 66 3 2
47 83 2 4
41 36 3 2
71 33 2 3
75 29 2 4
20 7 2 2
74 56 3 3
89 2 4 4
67 6 2 3
22 84 3 3
92 57 4 3
14 84 2 2
86 84 3 4
42 29 4 4
22 88 3 4
61 33 2 3
39 81 3 3
51 52 3 2
23 63 3 4
93 67 2 3
56 48 2 3
81 95 2 3
76 86 3 4
80 89 2 2
64 69 4 2
33 84 2 3
51 3 2 3
58 38 3 2
47 70 2 3
40 49 4 2
49 19 3 3
34 48 3 4
70 59 2 2
30 78 4 2
27 30 3 3
90 41 3 3
90 17 2 4
96 85 2 3
15 94 2 4
74 93 2 4
11 36 2 2
21 49 3 2
53 82 2 2
43 52 2 3
38 56 2 3
49 46 3 3
82 35 2 4
85 2 2 3
61 27 3 2
12 70 3 2
15 41 3 4
88 10 4 2
74 7 4 4
66 47 4 3
88 34 4 3
69 23 4 2
57 87 3 4
56 95 2 3
27 16 4 2
12 63 4 4
92 26 4 4
23 77 2 3
4 76 4 3
3 29 2 4
7 40 4 3
46 50 4 3
11 82 2 3
10 93 2 3
54 20 2 2
2 66 2 4
59 45 2 2
70 39 2 2
56 56 2 4
39 73 2 4
83 90 2 2
25 39 4 2
29 25 2 3
90 74 2 4
10 50 4 4
43 62 3 3
4 36 4 2
36 43 4 2
91 51 2 3
70 43 3 2
78 12 2 2
25 58 2 2
37 27 2 3
23 36 4 2
38 22 4 3
18 60 3 3
16 46 4 3
74 73 4 2
19 78 3 4
96 77 2 3
66 51 4 2
29 46 2 3
69 89 3 3
66 86 2 4
36 80 2 4
38 39 2 2
94 47 2 3
3 18 2 2
16 4 2 2
51 38 3 4
21 44 3 3
94 51 2 3
58 17 2 3
79 80 3 4
27 42 4 3
51 60 3 2
80 52 4 3
78 17 3 2
62 62 4 4
63 23 3 2
79 3 3 3
74 47 3 2
16 73 4 3
27 65 4 3
35 72 2 2
24 11 4 2
50 9 4 4
31 96 3 2
64 16 2 4
85 29 3 2
70 72 3 2
28 58 4 3
74 50 3 2
27 7 4 3
44 3 3 2
20 32 3 3
64 55 3 2
93 8 2 4
16 36 4 2
11 78 2 2
87 89 2 2
17 20 4 3
31 31 2 2
9 29 2 4
86 52 2 2
3 88 2 4
91 31 2 2
64 38 4 4
26 73 2 4
46 39 3 4
67 59 2 2
82 10 3 4
62 74 4 4
55 92 2 2
87 41 2 3
72 66 2 2
30 72 4 3
22 95 3 2
81 22 3 2
86 22 2 3
94 72 4 4
53 85 3 4
43 56 3 2
55 8 3 2
94 15 3 3
19 11 3 3
28 50 4 2
32 3 2 3
33 90 2 2
58 4 3 2
68 3 4 2
48 90 3 2
11 73 4 3
39 67 3 2
71 96 2 2
55 25 4 2
19 92 2 3
31 69 4 2
88 94 2 3
3 83 2 4
81 77 2 2
95 91 3 2
49 64 2 3
15 7 3 4
20 55 3 2
41 8 3 2
54 5 3 2
7 92 2 2
65 95 4 3
60 79 3 3
82 16 2 4
75 38 3 4
22 40 2 3
10 88 3 3
82 41 2 4
78 59 2 2
19 28 2 2
90 87 2 3
