69 76 2 2
78 73 3 4
29 43 3 4
57 90 2 3
79 93 3 4
28 79 4 4
58 24 4 2
94 33 3 3
21 20 4 3
11 93 4 4
86 57 2 3
36 29 4 2
53 16 3 4
49 52 3 2
48 92 2 3
70 70 4 2
91 64 2 4
58 55 3 4
13 29 3 3
59 61 2 3
78 32 2 3
84 73 2 4
65 33 3 3
3 65 4 2
22 96 4 2
29 51 4 2
84 63 4 2
28 58 3 4
56 80 2 3
74 83 4 4
58 73 3 4
29 38 3 3
89 47 4 3
11 84 3 3
42 45 4 4
26 47 2 2
31 87 2 4
49 23 4 4
62 29 3 3
77 90 4 2
76 27 2 3
14 57 4 2
32 67 4 3
87 33 3 2
22 59 3 4
34 90 4 3
12 8 4 2
5 10 4 2
9 37 4 2
36 40 3 3
17 32 3 2
22 43 4 2
21 67 3 2
45 29 4 4
69 79 2 4
20 46 3 4
17 8 3 4
76 13 3 4
47 83 4 3
40 38 2 4
60 66 4 4
90 90 3 2
73 38 4 2
47 13 4 4
52 62 4 4
29 16 3 2
2 85 3 3
52 30 2 3
8 59 4 4
83 92 3 3
95 84 2 4
43 60 4 2
44 41 4 2
56 36 2 3
51 88 3 2
35 83 4 3
44 55 4 4
16 94 3 2
60 89 2 4
40 75 4 3
59 13 2 3
68 27 3 4
16 48 2 4
6 81 4 4
51 67 4 2
42 88 2 4
2 22 4 2
46 8 4 4
82 68 4 2
50 4 2 3
67 58 2 2
34 78 3 4
75 44 2 2
5 33 3 3
86 85 3 3
88 41 4 3
64 37 4 4
17 63 2 2
68 93 2 2
66 4 2 2
63 52 4 3
34 48 2 4
66 87 2 2
14 20 4 3
11 14 4 4
26 36 2 2
9 51 2 4
57 50 4 2
41 79 2 4
41 13 4 2
73 33 4 2
94 95 2 2
69 87 2 3
4 18 3 3
17 88 2 4
84 7 2 2
13 69 4 4
72 57 4 2
89 38 3 2
61 84 4 2
94 65 3 3
33 96 2 2
5 70 4 4
36 25 2 3
29 7 3 2
44 19 2 2
75 80 4 2
90 85 2 3
78 19 2 2
27 3 4 3
23 91 2 4
45 3 2 4
53 12 2 2
93 37 4 2
23 86 2 2
6 15 3 2
19 70 3 2
40 4 4 2
23 13 2 4
3 13 2 4
42 50 4 2
55 31 3 4
43 66 3 2
2 60 4 4
75 67 2 2
79 50 2 4
17 29 3 2
71 73 3 2
9 44 2 3
4 46 4 4
25 31 2 2
36 17 3 2
53 44 4 4
82 13 4 2
84 48 4 4
40 16 2 2
78 55 3 2
80 25 3 4
88 25 2 3
66 11 3 2
88 14 3 3
36 53 2 3
78 65 3 2
94 46 4 2
13 40 4 2
86 45 2 2
50 38 2 2
75 64 2 2
2 38 4 3
36 5 3 3
51 79 3 3
83 34 3 4
59 38 3 2
68 47 3 2
60 7 3 3
93 6 3 4
14 60 3 2
66 19 2 3
6 29 4 2
92 20 4 4
30 33 2 2
5 90 2 3
19 53 4 4
78 58 4 3
28 92 3 2
38 67 3 2
79 7 4 3
2 56 3 2
26 52 2 2
10 71 2 4
57 84 3 4
19 4 3 3
28 24 3 4
93 58 2 3
35 64 2 2
51 55 3 3
15 81 4 4
27 69 4 3
81 30 2 3
3 96 3 2
96 41 2 2
41 85 3 2
66 71 2 2
77 41 3 2
73 19 2 3
8 41 4 2
15 44 4 3
80 81 3 4
39 93 4 3
34 44 2 3
54 2 4 3
74 6 3 2
63 95 4 3
52 96 2 2
52 71 4 2
66 90 2 2
84 79 4 2
93 30 2 2
64 76 2 4
29 64 2 4
95 3 3 2
93 69 4 2
63 88 2 3
24 73 3 3
95 77 2 2
44 70 4 3
86 21 4 3
80 86 4 2
60 42 4 3
36 57 3 3
75 52 2 3
89 74 3 2
51 75 4 2
95 12 3 3
92 81 4 2
19 38 3 2
59 19 4 2
5 76 4 4
3 53 2 2
72 78 2 3
88 68 2 3
15 2 3 4
86 3 4 3
24 7 2 3
67 23 4 2
91 93 2 2
69 67 3 2
89 54 2 2
69 36 3 4
95 62 3 2
