48 80 3 2
58 43 4 4
57 23 4 4
52 81 3 2
91 53 2 2
41 18 3 4
61 16 3 4
48 17 4 3
27 32 4 3
56 28 2 4
9 89 2 4
18 11 4 2
27 20 4 3
82 24 2 4
57 76 4 2
66 91 2 4
92 92 2 4
3 21 2 4
41 32 4 2
31 80 2 2
5 4 3 2
33 20 4 4
88 28 4 4
20 68 2 4
89 84 2 3
17 63 3 2
44 24 3 3
28 88 3 2
83 13 4 4
41 46 3 3
14 45 2 4
29 42 3 3
5 44 3 4
68 59 4 2
48 11 3 3
27 37 4 3
83 5 4 2
60 35 3 2
28 6 2 4
20 55 3 2
92 60 4 2
66 49 2 4
67 74 2 4
10 24 4 4
27 52 4 3
56 17 2 2
28 66 3 3
52 2 3 2
95 48 2 3
22 40 4 3
57 90 4 4
24 56 4 3
53 13 3 3
66 37 4 3
6 57 3 2
38 93 3 2
50 72 2 3
86 94 2 3
58 39 3 3
92 80 2 3
73 69 2 4
42 41 2 2
35 73 3 3
80 72 3 3
12 3 2 2
80 32 4 3
12 7 4 2
12 93 2 2
82 52 3 4
39 4 2 3
49 46 2 2
24 95 3 3
11 77 2 4
75 22 4 2
70 15 3 2
85 65 4 3
53 46 4 2
41 73 3 3
2 64 4 2
87 22 3 3
10 68 4 2
66 7 3 2
33 88 3 3
52 55 3 2
77 68 2 4
40 11 3 2
79 51 2 3
32 30 3 2
23 66 4 2
74 39 2 3
36 58 2 2
96 24 2 4
91 24 3 2
78 93 2 4
21 85 4 3
34 35 3 4
54 49 2 2
42 6 3 3
3 49 3 3
79 82 2 3
17 21 4 4
71 4 2 2
10 43 2 4
54 64 3 2
14 39 3 2
80 39 2 4
33 92 2 4
84 47 3 2
87 88 2 4
81 60 3 3
65 15 4 3
86 70 2 4
10 17 4 3
17 70 2 4
18 4 2 3
21 91 4 2
69 43 4 2
95 86 2 2
60 66 2 3
10 96 4 2
85 81 3 2
5 35 2 3
72 35 3 2
25 26 4 4
93 42 2 2
15 82 2 3
24 12 4 3
48 63 4 3
90 14 4 3
6 73 3 3
7 10 2 3
92 8 2 3
3 93 3 3
3 85 3 2
93 5 2 2
15 53 2 2
61 6 2 2
19 14 2 3
8 37 4 3
29 17 4 2
23 33 2 2
74 74 4 4
81 20 4 3
58 86 3 3
48 24 4 2
80 76 3 4
74 15 3 2
76 88 2 4
28 73 4 2
53 10 4 2
17 34 2 2
69 64 2 2
74 28 4 4
63 12 2 2
36 52 2 3
91 69 2 3
63 59 3 2
22 47 2 3
46 29 3 4
46 37 2 2
93 75 4 2
36 78 4 3
63 49 2 4
86 10 2 2
20 27 2 2
32 83 4 3
32 27 2 2
38 37 4 2
53 95 4 2
88 44 2 4
36 44 4 3
40 63 3 3
63 68 2 3
42 52 2 3
43 67 4 4
34 7 4 4
59 48 3 2
48 7 2 3
57 80 4 2
6 81 2 3
53 85 3 4
66 24 3 4
61 62 2 2
36 30 2 3
71 50 2 3
23 75 4 3
37 70 3 2
50 37 4 4
85 41 2 3
79 4 2 2
44 13 2 2
71 81 2 2
59 53 2 2
56 71 3 4
46 83 2 2
73 93 2 4
81 69 2 2
46 56 3 4
87 38 2 2
42 2 3 2
41 56 3 3
75 80 3 3
18 49 2 3
83 88 2 4
78 11 4 4
67 68 2 3
46 94 3 3
2 59 2 4
63 74 3 3
14 86 2 4
30 58 4 3
96 38 2 2
86 60 4 2
27 83 3 3
46 74 3 4
6 89 2 2
55 33 4 4
69 11 2 2
15 56 4 4
13 34 2 2
72 9 3 3
82 95 3 3
20 79 3 2
53 22 3 4
49 51 2 3
90 37 3 4
12 21 4 2
24 61 2 2
46 43 3 2
76 36 3 2
66 82 2 2
17 27 2 4
52 68 2 3
68 20 2 3
74 50 2 3
76 62 2 4
75 18 2 2
69 87 4 4
41 79 3 4
38 88 4 3
5 31 4 2
34 64 4 3
11 50 3 4
11 30 4 2
21 63 2 2
27 91 4 2
2 71 3 3
23 3 4 2
18 37 3 4
94 31 2 2
