36 45 4 4
2 12 4 3
43 92 2 2
31 62 2 4
54 6 4 2
12 47 4 2
25 41 3 3
87 38 4 3
51 41 4 4
34 77 3 2
39 12 4 4
19 90 2 4
41 56 2 2
94 77 3 2
84 3 3 2
45 7 4 2
85 56 2 3
69 19 4 2
93 36 4 4
14 93 4 3
73 64 3 2
21 64 4 4
37 55 2 3
92 21 2 2
14 53 2 2
19 39 4 3
4 73 2 3
38 35 2 2
38 95 3 2
19 85 3 2
39 20 3 3
72 4 2 4
40 5 4 3
12 70 2 2
83 52 2 2
73 68 3 4
67 33 3 4
38 89 4 3
94 85 4 3
37 80 3 4
51 26 2 4
24 16 2 2
68 30 3 2
44 74 4 2
63 59 3 3
44 19 4 3
75 10 4 4
26 79 4 2
10 36 2 3
46 12 4 4
86 84 3 4
44 35 4 2
55 62 3 4
11 2 4 2
13 78 3 4
57 93 4 3
29 72 4 4
39 41 4 2
76 29 2 4
92 43 2 4
73 77 2 2
8 76 4 4
31 43 4 3
16 28 2 4
71 81 2 2
76 4 3 4
81 78 3 4
57 28 4 2
67 16 4 2
91 5 4 3
9 12 4 2
24 87 4 3
81 69 4 3
10 57 2 4
57 22 3 2
19 32 3 4
5 63 2 2
21 79 4 2
53 91 2 4
93 12 4 2
11 24 4 4
95 20 3 2
27 55 2 3
19 56 3 3
35 64 3 2
26 26 2 4
24 82 2 2
20 11 3 3
67 10 2 4
69 85 4 2
68 48 4 2
84 64 3 4
75 52 3 3
51 96 4 2
79 28 3 4
14 6 4 3
54 58 4 3
30 55 2 4
20 71 4 4
35 29 3 4
27 12 3 3
35 3 3 2
60 87 2 4
14 13 2 3
78 87 2 2
72 27 2 4
93 53 4 2
58 36 3 3
2 84 4 4
60 40 3 2
20 21 2 4
77 42 3 2
83 89 4 2
52 86 2 2
91 62 4 4
51 16 2 3
30 19 4 3
57 51 3 2
10 8 3 2
25 93 3 4
12 31 2 2
21 46 2 2
44 52 3 2
61 47 4 2
2 56 3 3
76 81 4 3
61 67 3 2
70 40 4 2
43 23 3 2
35 20 2 4
61 10 3 4
2 90 3 4
82 39 2 4
54 11 3 3
87 93 4 3
5 41 2 4
17 2 3 2
3 80 4 2
80 6 2 3
14 20 2 2
23 34 2 4
41 81 3 4
48 63 3 4
43 89 2 2
90 73 4 3
85 17 4 4
69 91 2 4
4 96 4 2
38 71 4 2
50 23 2 2
12 40 3 3
12 66 3 2
79 59 4 4
53 50 3 2
93 68 3 3
84 10 4 4
3 67 4 3
5 17 3 2
75 90 2 4
65 51 3 3
12 63 4 2
81 45 2 4
15 83 3 3
48 85 2 3
15 58 3 2
52 46 2 2
48 79 4 2
64 21 4 3
87 27 2 4
54 35 3 3
58 70 3 3
95 28 2 2
56 80 4 4
19 52 2 3
32 9 2 3
90 13 2 3
78 71 2 2
52 76 3 2
34 39 3 3
48 91 4 4
30 30 3 3
84 92 2 4
74 43 2 3
61 63 4 2
47 55 3 4
50 73 3 2
60 55 2 3
45 28 2 2
32 95 3 2
26 64 4 3
95 58 3 3
25 8 4 2
27 51 2 2
74 86 3 3
88 53 4 4
63 17 3 2
15 71 3 4
5 29 2 2
47 41 2 3
89 77 2 2
62 77 3 3
63 89 3 3
67 56 4 2
88 81 3 2
86 44 3 4
82 73 3 4
43 62 2 3
51 83 3 2
84 49 3 2
88 68 4 3
60 43 4 3
8 51 2 4
62 82 2 2
27 31 2 3
77 15 4 4
27 45 2 4
33 88 2 4
3 52 4 3
32 6 3 2
77 39 4 2
68 43 4 2
14 88 3 4
62 73 4 2
60 7 3 2
44 46 2 3
95 46 3 2
35 25 3 3
64 39 3 3
10 19 3 4
31 49 2 3
8 82 4 4
24 19 3 2
65 82 3 4
89 32 2 2
82 55 2 3
63 30 3 4
40 29 4 4
80 21 4 2
22 26 3 2
20 7 3 3
65 5 3 4
92 17 2 3
2 46 2 4
79 96 3 2
52 66 2 4
32 84 4 3
72 14 2 3
22 52 4 3
74 56 3 2
65 68 2 2
