68 10 2 3
48 10 4 2
3 57 4 4
15 66 2 4
27 8 4 4
84 51 2 4
56 24 2 3
34 11 4 3
22 60 2 3
17 45 3 4
12 85 3 3
93 24 4 2
76 13 3 2
26 47 4 3
72 8 2 2
20 52 3 4
13 46 2 4
92 62 2 3
24 64 2 2
78 26 2 3
73 90 3 4
47 43 3 3
90 30 4 4
93 55 3 4
55 32 4 4
29 25 2 4
62 2 2 3
28 61 2 2
17 6 4 3
39 46 3 3
49 33 4 2
58 92 4 4
60 30 2 4
32 24 4 2
22 3 3 2
65 33 4 4
40 34 4 3
81 8 2 2
41 29 2 2
21 92 4 4
90 38 2 3
83 34 2 4
69 46 3 2
49 92 4 4
84 72 2 3
38 58 2 3
48 3 2 3
37 38 2 3
84 58 3 3
79 40 2 3
33 35 2 4
7 52 3 2
11 89 2 4
87 14 3 3
81 20 3 3
31 88 3 2
40 38 3 4
3 19 3 3
42 8 2 3
29 13 4 4
9 73 3 4
36 64 3 3
23 14 4 4
23 32 2 4
42 18 4 2
75 47 3 4
45 63 4 3
28 94 3 3
9 27 2 3
59 37 2 3
71 22 2 2
40 21 4 4
61 76 4 2
71 71 4 3
27 72 4 4
95 74 3 2
46 24 3 2
80 15 4 4
84 46 4 2
45 13 4 2
28 20 2 2
36 3 3 4
3 27 4 4
58 47 2 2
50 7 4 2
28 33 3 4
36 75 3 2
3 85 3 2
6 62 4 3
66 56 4 4
24 37 2 2
96 83 2 4
46 37 2 4
94 40 4 2
70 2 2 2
14 37 3 4
11 67 3 2
5 72 2 4
79 3 4 4
71 96 2 2
60 9 3 4
41 60 3 2
32 76 3 3
54 29 3 2
33 19 4 2
85 81 3 3
78 62 3 4
71 54 2 2
47 52 2 2
34 58 2 4
15 54 3 2
17 29 3 4
92 94 4 3
79 86 4 2
53 21 2 2
14 93 4 2
73 27 2 4
55 7 4 4
63 85 4 2
42 81 2 4
89 80 4 3
47 58 3 2
52 85 3 2
54 73 3 3
54 16 4 2
19 76 2 3
95 35 2 3
47 16 2 2
81 56 2 2
80 89 3 4
91 84 4 3
50 79 2 2
8 37 2 3
87 2 4 3
10 95 2 2
79 47 2 4
59 69 3 2
71 65 3 2
28 54 2 2
2 94 2 3
61 24 2 2
94 11 4 4
6 23 2 2
22 19 2 4
45 91 3 3
13 75 3 3
14 62 2 3
52 59 4 4
33 8 3 2
75 62 2 2
74 86 2 3
17 84 2 3
18 40 3 4
49 36 2 3
91 47 3 3
40 50 4 2
23 69 3 4
47 69 4 3
39 79 2 4
88 6 4 4
41 76 4 2
35 30 3 3
75 32 2 3
8 66 2 4
65 19 3 2
27 83 3 3
85 10 2 3
75 56 4 3
86 64 4 3
32 67 2 2
10 32 2 4
24 25 3 2
21 45 2 4
11 39 2 3
60 53 4 4
51 45 4 4
69 42 4 3
68 61 4 3
74 76 3 2
15 12 4 3
60 61 4 2
12 12 2 4
12 28 4 3
17 20 4 3
13 79 2 2
88 73 3 4
22 88 4 2
13 24 2 3
7 16 3 4
75 20 2 4
58 43 4 3
68 87 3 4
2 48 4 3
87 50 3 3
93 5 4 2
44 45 2 2
58 83 2 4
28 78 2 2
71 68 4 2
27 65 2 4
42 87 2 2
2 64 2 3
69 82 4 2
8 56 4 4
66 38 2 2
19 57 2 3
64 11 3 3
3 89 4 2
22 8 3 4
66 76 4 4
69 25 2 4
67 95 3 3
78 20 2 3
92 68 3 2
51 24 4 3
57 54 2 3
7 3 3 2
50 52 2 3
46 74 4 4
16 50 3 2
32 94 4 3
29 39 2 4
70 49 4 4
82 40 4 4
33 44 4 3
52 40 4 3
48 20 3 2
56 13 2 2
34 52 4 3
70 35 4 2
86 18 4 3
36 86 4 2
64 23 3 3
31 63 4 2
84 28 3 3
2 80 3 3
66 28 2 4
90 54 2 4
7 9 3 2
77 72 3 2
11 19 4 4
35 27 3 2
35 82 3 3
57 51 2 2
20 65 2 2
32 70 2 4
96 30 2 3
36 68 4 3
96 46 2 2
84 90 2 2
