5 47 4 3
33 50 2 4
10 55 4 2
78 90 3 3
33 87 3 4
49 94 3 2
42 85 4 3
36 31 3 2
82 28 4 2
24 47 2 3
16 57 3 2
52 61 4 2
47 56 4 4
87 75 4 2
75 24 4 2
71 75 2 2
4 73 2 4
30 9 4 4
71 8 2 4
65 49 3 2
25 24 2 2
72 84 3 2
8 28 4 3
23 69 3 2
79 17 3 3
26 15 4 4
65 70 4 3
51 37 3 2
65 61 4 3
25 27 3 2
69 88 3 2
55 20 2 2
57 47 2 4
9 9 2 4
41 70 3 3
78 47 2 2
75 52 2 3
88 28 3 4
49 18 2 3
66 19 4 2
29 23 4 4
93 55 4 2
3 35 4 4
67 15 3 2
35 41 3 2
64 6 3 3
84 7 4 3
39 43 4 2
23 54 4 2
70 42 2 2
83 33 3 4
40 6 2 2
55 38 3 4
45 13 4 2
56 27 2 3
25 41 2 4
74 47 2 3
53 65 2 2
3 86 3 3
91 89 4 4
35 35 3 2
18 39 3 2
80 85 3 3
10 61 2 2
50 12 4 4
59 31 3 2
17 63 3 4
74 65 3 3
54 32 2 2
78 59 4 2
20 30 4 4
7 81 3 3
13 67 2 2
48 87 2 3
46 51 4 2
78 72 4 4
21 14 4 4
13 74 2 4
63 75 2 3
49 64 2 4
48 44 2 4
28 80 4 2
56 52 2 4
17 69 4 2
32 19 4 2
64 90 2 4
34 57 4 2
12 34 2 4
94 61 4 2
15 50 3 2
43 37 2 3
64 54 4 2
54 87 4 4
22 77 2 4
34 25 3 2
44 3 2 2
81 13 3 3
91 80 3 3
94 32 4 2
9 34 2 3
40 32 2 2
67 92 3 4
92 25 2 2
57 61 2 3
53 52 2 4
28 4 3 4
5 94 2 3
3 4 2 4
8 72 4 4
5 10 2 3
60 52 3 2
53 8 2 3
94 41 2 4
38 90 4 2
59 35 4 2
10 43 4 2
19 90 2 3
79 8 4 3
38 75 3 3
2 31 4 3
40 93 3 3
2 18 2 4
15 29 2 4
42 23 3 4
12 87 2 3
13 13 2 3
31 29 3 3
13 5 3 2
52 83 4 3
13 83 4 2
90 68 2 4
73 88 2 3
85 61 2 4
91 63 2 2
2 69 3 3
70 70 4 3
78 41 4 2
64 32 3 4
94 70 4 3
34 81 3 4
49 75 3 3
5 19 4 2
95 21 2 4
68 39 4 2
38 53 3 2
35 63 2 4
35 44 2 4
22 89 3 3
43 64 3 2
96 75 2 3
76 28 4 2
8 38 2 2
42 49 3 3
28 75 3 2
93 6 2 4
59 66 4 3
42 57 2 3
91 46 3 4
52 79 2 2
53 73 3 2
61 7 2 2
18 19 3 2
20 50 3 2
73 13 2 3
21 58 3 2
40 17 3 4
96 80 2 3
70 4 2 2
61 81 2 4
77 86 2 2
69 56 3 3
34 38 4 2
24 20 4 3
95 47 2 2
94 64 4 3
52 26 3 4
24 64 3 3
85 67 3 4
26 57 4 3
38 66 3 3
75 34 3 4
21 84 2 3
64 14 2 3
85 50 2 2
47 30 3 3
35 95 4 2
26 51 4 2
84 94 3 3
88 18 2 4
87 57 2 3
89 34 3 3
49 81 2 4
17 3 2 4
12 80 3 2
7 67 4 2
44 77 2 2
15 45 2 3
43 80 2 3
66 57 2 3
64 27 2 4
37 3 2 4
39 39 2 2
72 22 2 4
66 23 4 2
16 23 3 4
78 52 3 4
21 73 2 2
77 95 3 3
76 13 4 3
15 54 3 2
46 37 4 2
79 31 2 2
29 93 3 3
84 46 4 2
84 40 2 4
17 73 2 3
20 22 3 4
5 58 2 4
22 8 2 2
19 35 3 3
2 14 2 2
87 86 3 4
26 83 2 2
31 42 2 4
3 79 2 2
62 59 2 4
65 2 3 3
12 93 4 3
66 11 2 2
41 10 3 4
60 11 3 2
61 18 3 3
12 47 2 2
93 85 4 3
51 43 2 3
17 15 3 3
89 52 3 4
23 94 2 3
14 10 3 2
15 39 2 4
72 32 2 4
20 3 3 3
88 23 2 3
52 2 4 2
80 67 2 3
70 52 2 2
2 53 4 4
52 5 2 2
59 91 2 3
84 77 2 2
