66 84 3 3
5 93 4 3
14 74 4 2
62 48 2 3
63 7 3 2
42 22 3 2
42 57 3 4
61 91 2 2
76 47 4 4
40 26 3 4
17 78 3 4
36 67 4 2
58 32 3 2
24 94 2 4
95 21 3 4
21 72 2 3
67 33 4 4
44 64 2 3
70 55 4 4
49 72 3 2
94 9 2 4
81 50 3 3
83 23 4 3
43 89 3 3
60 86 2 2
41 15 4 2
87 49 4 3
79 42 3 4
66 23 4 3
90 59 3 4
46 5 4 4
20 11 2 4
60 15 2 4
43 85 2 3
28 50 4 4
33 10 4 4
84 45 3 3
17 25 3 2
76 13 3 3
57 2 2 2
62 30 4 4
3 56 4 2
94 78 4 4
42 70 3 4
27 83 2 3
65 60 4 3
55 85 3 4
78 39 4 2
13 23 3 3
92 35 2 3
2 44 4 3
84 55 2 2
57 74 4 3
62 65 3 2
9 83 2 2
78 89 3 4
55 49 2 2
59 8 3 2
35 28 4 3
93 70 2 3
87 91 2 4
58 61 4 3
32 42 4 2
50 19 4 3
66 49 2 3
46 60 3 3
52 43 3 3
17 30 3 2
25 14 4 2
9 63 3 3
23 52 4 4
42 79 3 2
75 89 2 4
69 40 2 4
75 59 2 2
2 85 3 4
20 21 4 3
8 28 2 4
15 46 4 2
5 17 2 2
3 4 4 3
8 36 2 2
93 15 3 2
18 95 2 2
70 61 3 3
76 77 3 2
19 84 4 3
36 37 3 4
38 51 3 3
46 49 3 4
13 67 2 3
66 67 3 2
42 44 4 4
13 18 3 4
6 8 2 3
12 13 3 3
57 22 3 3
33 72 4 4
88 85 4 4
30 55 3 2
41 82 3 2
95 61 3 2
86 79 2 4
9 47 2 4
80 24 2 2
6 21 2 4
83 85 4 3
30 62 3 4
76 29 2 4
29 30 3 2
77 6 3 3
43 96 4 2
58 11 2 2
8 73 4 4
71 18 3 4
69 89 3 4
47 33 4 2
24 32 4 4
50 64 4 3
80 54 3 2
31 45 4 4
30 85 4 2
90 43 3 4
35 7 3 2
60 69 3 3
14 3 4 4
38 12 4 2
20 17 4 3
3 80 4 3
43 31 3 2
72 33 2 4
2 59 2 4
84 4 2 4
68 14 2 2
19 40 2 4
40 40 3 2
56 91 3 4
86 66 2 4
6 67 2 2
21 64 3 4
74 67 2 2
91 32 3 2
60 95 3 3
5 14 4 2
65 39 3 4
35 94 3 4
7 88 2 2
57 53 4 3
4 35 3 2
29 22 3 2
11 38 4 3
23 43 3 2
30 67 2 2
31 2 2 4
68 79 3 2
59 26 2 2
92 3 3 3
46 19 2 3
13 30 2 3
53 27 3 2
90 27 2 4
67 18 2 4
65 79 2 3
82 78 3 2
53 70 3 3
84 28 2 2
2 52 4 3
88 17 4 4
90 94 4 2
23 28 4 2
25 7 2 4
31 90 2 2
85 10 4 4
39 78 2 2
79 70 2 2
95 56 3 4
34 17 3 4
47 87 2 2
57 17 2 3
78 62 2 3
57 65 4 2
53 56 2 3
18 91 4 3
9 6 4 2
75 34 4 4
76 84 3 2
28 4 2 4
39 89 2 2
73 2 4 3
40 5 2 3
76 95 4 2
49 11 4 2
17 61 3 2
8 59 4 2
73 72 4 4
6 48 2 3
53 80 3 2
15 56 2 2
60 42 4 3
47 77 3 2
81 33 4 3
25 76 4 3
71 47 4 4
49 95 3 2
26 91 3 2
87 2 3 2
73 11 2 2
25 62 4 2
93 48 4 4
53 77 2 2
81 64 4 4
12 89 4 3
14 42 2 3
89 55 4 2
2 14 2 4
84 37 3 4
2 68 3 4
11 93 3 4
40 2 4 2
49 25 3 3
85 73 2 2
11 2 2 2
3 9 2 2
52 90 3 2
25 18 4 2
35 88 2 2
47 15 4 3
17 49 3 4
10 18 2 2
36 57 3 4
61 82 2 3
23 57 3 2
32 78 3 4
13 86 2 2
48 84 3 2
75 23 3 4
50 52 2 2
10 78 4 3
33 33 2 3
2 76 2 3
24 40 3 2
94 89 4 2
42 76 3 2
53 5 4 4
19 34 3 4
73 79 2 3
46 57 2 2
20 88 2 2
29 58 3 3
79 19 3 4
