58 42 4 3
75 76 4 3
81 51 3 2
82 48 2 2
94 90 2 2
56 34 4 2
33 2 4 2
45 66 2 4
43 10 3 4
57 85 3 2
33 45 2 3
35 69 4 3
4 59 3 4
62 75 2 2
11 27 2 2
32 10 4 4
95 20 2 2
65 79 2 3
49 2 3 4
61 69 2 4
45 22 4 2
23 61 3 4
12 37 2 2
21 94 4 2
88 15 3 4
37 15 3 2
76 93 3 4
95 42 2 4
42 53 3 3
47 85 3 3
73 86 2 2
41 68 3 3
11 32 4 3
33 60 4 2
13 88 3 3
45 89 4 4
57 19 4 2
51 66 4 3
27 87 3 3
76 7 2 2
95 29 3 2
18 84 4 2
3 49 3 3
16 5 3 3
93 2 4 4
4 86 4 2
31 32 3 4
55 72 4 4
77 15 4 2
86 56 4 2
92 14 2 4
47 60 3 4
71 59 3 4
8 59 4 2
16 16 2 4
7 66 4 3
80 42 2 2
35 82 2 2
91 37 2 2
36 91 2 3
34 64 3 3
60 37 3 2
14 95 3 2
77 61 4 4
9 93 3 4
37 95 2 2
92 56 3 3
90 27 3 4
14 40 4 3
38 84 4 3
80 85 3 4
83 80 3 4
20 10 2 3
70 67 2 3
64 52 4 3
63 20 2 4
91 7 3 4
75 33 2 4
28 56 2 3
72 82 3 2
90 20 2 2
81 18 4 3
63 88 4 2
59 47 3 2
68 47 3 3
65 25 4 2
10 18 2 2
86 70 3 2
61 5 4 4
57 4 3 4
43 78 2 2
48 15 3 4
47 26 3 2
17 72 4 4
5 43 3 2
47 76 4 2
54 17 2 2
29 70 4 2
45 6 3 2
79 10 3 3
6 36 3 2
7 26 3 2
56 55 3 4
10 73 2 4
76 81 4 3
18 46 2 2
72 49 2 4
50 89 2 2
64 59 4 2
81 5 2 3
95 60 2 3
62 81 2 3
41 90 3 2
41 16 3 2
4 11 4 3
17 90 2 2
51 54 4 2
85 85 3 3
67 10 2 4
46 81 2 2
82 91 4 3
17 32 3 4
39 12 2 2
68 83 2 3
21 32 3 4
87 32 2 4
74 66 2 3
23 77 2 4
9 80 3 2
22 90 4 2
56 69 2 2
71 89 2 4
57 23 2 4
40 20 3 3
70 74 4 2
64 36 2 4
6 3 4 2
2 18 4 4
38 60 4 3
29 16 3 3
14 62 2 2
33 54 4 3
38 3 2 3
2 32 2 2
87 45 3 2
72 16 2 3
79 73 4 2
95 23 3 3
27 41 2 4
23 53 3 3
40 35 4 4
25 36 3 3
78 35 2 3
17 59 3 2
95 95 3 3
61 10 4 4
21 50 4 2
77 66 3 4
21 43 2 2
53 4 2 2
32 89 2 2
60 52 2 3
67 17 2 2
75 27 3 3
91 81 2 3
69 42 3 3
94 64 4 4
91 42 3 2
17 64 2 4
45 30 2 2
4 55 2 3
19 53 3 2
15 10 3 3
54 96 4 2
22 24 2 3
15 22 3 2
70 27 2 3
8 8 2 2
95 71 3 3
10 85 2 2
3 75 4 4
2 40 4 2
85 62 2 3
13 5 2 2
37 28 4 3
29 20 2 2
83 57 2 2
69 5 2 3
33 21 3 4
42 2 2 4
51 80 3 2
54 48 2 2
53 77 4 2
24 12 3 2
32 75 4 3
82 95 4 3
61 29 2 2
79 29 4 4
89 49 3 4
38 43 2 4
45 33 3 4
31 94 2 2
66 31 2 4
26 24 2 2
84 32 2 4
45 42 3 2
28 46 2 4
12 51 2 4
70 77 4 3
29 5 2 3
46 47 4 4
59 60 4 2
82 22 2 3
65 92 4 3
47 72 4 2
26 19 2 3
49 36 4 2
74 39 2 3
56 37 3 4
67 36 3 3
81 77 4 2
95 8 2 4
71 56 4 2
22 3 3 2
39 81 2 2
35 87 2 3
25 66 3 4
43 85 2 2
41 46 3 2
11 8 2 3
63 32 2 2
32 5 4 2
58 88 2 3
2 25 4 4
25 82 3 3
13 79 2 4
91 88 2 4
16 78 2 2
93 34 4 2
16 52 2 2
10 63 2 2
89 75 2 4
86 37 4 2
94 75 2 2
16 37 3 2
54 89 3 2
10 21 2 2
49 10 2 4
74 22 2 2
95 47 2 3
