25 58 2 3
35 61 2 3
81 44 4 3
39 57 4 3
85 87 4 2
32 33 3 4
45 69 3 2
3 53 2 3
59 3 3 3
47 20 4 2
78 72 3 3
60 86 4 3
19 29 3 3
18 52 2 2
50 70 2 4
73 39 2 3
59 67 3 2
40 69 2 2
56 38 4 4
67 47 3 3
12 52 2 4
68 37 3 3
76 14 3 3
39 76 4 2
14 15 4 4
62 13 4 3
12 65 4 2
2 90 4 2
4 84 4 2
53 90 4 2
66 31 4 4
46 61 2 3
24 90 3 2
28 40 2 3
24 54 4 2
44 28 2 4
59 60 2 4
91 49 3 2
87 46 2 2
20 46 3 3
2 79 4 3
81 76 4 3
25 87 2 2
33 27 2 2
71 77 4 2
79 66 4 4
42 81 2 4
30 17 3 4
44 23 2 4
65 88 4 2
51 56 4 4
21 13 3 4
30 74 4 2
15 77 3 3
75 35 3 3
24 78 4 2
34 15 4 4
94 86 2 4
20 82 2 2
74 64 3 3
92 12 2 2
12 4 2 4
94 68 4 4
30 11 2 3
30 48 4 4
17 36 2 3
33 10 2 4
26 3 3 2
62 61 4 2
9 79 2 4
92 27 2 3
50 17 3 2
36 86 4 2
60 80 4 3
64 75 3 3
91 5 2 4
91 16 3 2
12 35 4 3
7 62 2 4
55 21 3 3
56 75 4 3
19 42 2 3
68 53 4 2
76 87 4 4
86 26 2 2
83 55 2 3
54 46 2 4
53 61 3 3
88 60 4 3
8 12 3 3
58 31 3 4
52 3 4 3
6 71 4 3
15 43 2 3
75 28 2 3
45 76 4 3
89 32 2 2
81 15 2 3
87 20 3 4
48 38 4 4
55 29 2 4
4 35 4 2
56 16 2 3
60 54 3 2
42 14 2 2
65 41 3 3
93 20 2 2
9 95 2 3
31 80 4 2
92 74 3 3
29 91 4 2
60 25 4 4
49 33 3 4
8 45 3 4
37 12 3 2
43 89 2 2
32 42 3 3
19 18 3 3
30 64 4 4
4 46 2 4
31 86 3 4
51 95 2 3
11 27 3 4
45 66 3 2
96 9 2 4
38 42 2 4
9 41 2 2
64 57 4 3
58 9 3 4
18 66 3 3
42 33 4 4
66 7 2 4
78 83 3 3
71 59 2 3
26 26 3 2
35 89 2 2
96 96 2 2
50 8 4 3
53 42 2 3
39 27 2 4
44 57 4 2
82 39 2 2
67 21 2 3
92 35 4 2
74 44 3 4
15 48 2 2
43 53 2 3
50 80 4 4
5 18 3 2
2 67 2 4
35 51 3 3
75 21 4 2
94 63 2 4
6 27 2 4
41 5 3 2
85 9 2 2
22 36 3 4
41 96 4 2
26 14 3 3
66 83 3 3
27 69 3 3
6 51 3 2
71 8 2 3
86 80 2 2
89 80 4 2
10 84 2 3
5 23 3 2
24 9 2 3
27 7 4 2
18 60 2 2
91 54 4 2
78 39 2 3
59 91 4 4
21 95 4 3
35 2 4 2
31 53 3 2
37 83 2 2
74 4 2 4
23 62 2 2
7 91 3 3
61 36 2 2
50 48 2 2
3 73 2 3
47 90 4 4
44 8 4 4
2 13 2 2
13 88 2 4
76 56 2 4
88 92 2 4
84 4 3 4
26 65 2 3
51 65 2 3
25 47 4 4
85 61 2 2
88 75 2 3
22 41 2 4
83 92 4 3
67 13 4 4
6 58 2 3
54 93 2 2
73 71 4 3
21 23 4 4
40 50 2 3
21 4 3 3
46 3 2 2
88 29 2 2
5 13 2 4
17 85 2 4
77 94 2 2
88 42 3 2
36 37 4 4
15 5 4 2
47 26 3 4
84 70 4 4
22 85 2 3
41 43 3 2
80 51 2 3
25 29 2 4
77 3 4 4
41 86 3 2
84 17 2 2
3 28 2 4
51 25 2 4
32 58 3 2
26 84 3 2
19 72 2 3
36 69 3 4
62 18 4 2
95 45 2 2
26 35 2 3
72 14 3 4
6 67 4 2
6 2 4 2
47 52 2 2
9 20 2 2
64 52 2 3
7 7 3 3
94 31 4 2
66 67 3 4
53 87 4 2
69 42 3 4
38 89 2 3
13 70 3 2
67 25 3 4
35 94 3 4
12 93 4 4
30 24 2 3
10 75 3 2
37 21 4 3
58 50 2 2
