8 71 2 4
25 72 2 3
61 20 3 4
13 52 4 3
81 46 3 3
24 83 2 3
55 13 4 3
86 95 3 2
15 82 2 4
34 48 2 2
4 26 2 4
28 55 3 3
12 36 4 4
32 77 3 3
59 42 4 4
91 83 4 2
50 87 3 4
14 68 3 3
24 16 3 4
19 34 3 2
12 72 4 2
14 77 2 3
61 75 2 4
44 28 4 2
45 17 3 2
84 70 4 2
48 74 2 2
73 90 2 4
19 13 3 4
30 17 2 2
8 11 2 3
88 79 3 2
24 91 3 3
79 32 2 3
50 20 3 2
39 20 3 3
88 45 2 2
36 69 3 4
36 53 2 3
85 13 3 2
34 33 3 4
56 49 4 4
69 46 3 3
24 88 2 2
3 95 3 2
48 79 3 3
92 73 2 4
7 45 3 3
94 49 3 3
96 8 2 2
96 31 2 3
65 60 4 2
55 17 2 2
37 9 3 2
54 77 3 2
27 67 2 2
75 38 4 3
69 78 3 2
38 4 4 2
3 65 2 3
33 65 2 3
76 84 2 2
89 14 2 2
27 8 2 2
46 40 4 2
39 47 4 2
52 63 2 4
62 81 2 3
22 63 4 2
46 59 3 3
14 31 4 4
38 66 4 2
19 19 4 4
84 6 4 2
81 72 2 2
36 58 3 2
77 90 3 3
71 56 2 2
78 28 2 2
14 60 3 2
23 25 4 2
82 54 4 2
83 18 3 3
46 67 3 4
28 11 3 2
73 77 3 3
2 45 2 3
71 81 3 2
35 25 2 3
43 89 4 4
86 63 3 2
52 54 3 2
62 85 2 3
60 11 3 2
9 90 3 2
45 22 3 2
15 26 4 4
86 32 3 2
19 93 2 2
9 19 3 3
25 43 4 4
33 19 3 2
78 3 4 2
76 17 4 2
86 37 2 3
14 2 4 3
9 30 3 3
68 15 3 2
53 93 3 3
95 38 2 4
40 14 3 4
66 84 3 2
5 52 3 4
63 56 3 3
30 89 2 2
50 60 3 2
30 23 3 3
67 91 4 2
62 65 4 3
95 44 2 4
5 60 4 4
93 20 3 2
85 74 4 2
19 9 4 2
68 52 3 2
27 51 3 3
81 27 4 2
38 29 2 4
9 66 4 3
9 26 2 3
35 90 4 3
96 16 2 2
81 41 4 2
68 63 3 2
71 73 2 3
65 8 4 4
58 2 2 4
81 6 2 2
23 2 4 2
4 4 4 2
14 96 4 2
96 89 2 4
3 11 4 2
63 89 3 3
89 26 4 2
79 85 4 4
20 69 4 3
66 35 2 4
74 60 2 4
16 47 4 3
61 49 4 3
38 63 2 2
14 41 3 4
32 58 2 2
5 32 2 4
46 7 2 4
92 61 2 2
28 30 3 2
76 71 3 2
49 37 3 2
59 93 4 4
52 69 2 2
81 75 2 2
13 14 2 2
74 43 4 2
3 78 3 3
58 31 4 3
54 26 4 2
38 84 4 4
44 51 4 3
57 82 4 4
77 49 3 3
9 35 2 3
67 95 2 3
2 59 2 3
70 70 3 2
67 26 3 4
85 87 2 3
78 95 3 2
87 67 4 2
9 95 2 3
68 31 4 3
67 87 4 2
18 76 3 2
76 12 4 4
29 70 2 2
74 50 2 4
80 78 3 3
42 73 2 3
53 9 2 3
9 23 2 2
56 64 4 3
3 89 4 4
74 5 3 2
56 56 3 4
66 20 2 4
68 40 4 3
52 33 4 3
91 53 3 3
35 29 2 2
84 82 2 3
91 92 3 4
30 42 3 2
68 75 2 2
70 2 2 2
56 61 4 2
75 65 4 2
5 16 4 2
2 40 2 2
31 74 2 2
19 51 4 3
93 58 3 2
49 49 4 2
28 33 4 2
93 67 4 3
90 58 2 2
90 42 2 2
42 9 2 3
6 65 2 3
95 61 3 2
69 36 3 2
15 63 4 2
89 3 2 4
21 28 4 3
9 84 3 2
63 37 2 2
91 34 2 4
23 78 3 4
24 32 3 2
41 60 3 4
29 63 2 2
24 36 2 3
67 71 2 2
36 43 2 2
86 57 2 2
42 33 4 3
2 84 4 4
19 81 3 4
72 12 3 3
9 49 3 4
85 45 2 2
16 88 2 2
80 60 2 3
35 95 3 2
38 81 2 2
41 43 3 3
23 55 2 2
58 17 2 2
27 84 3 3
76 22 3 4
