68 91 3 2
51 66 2 4
73 60 4 4
74 14 2 2
15 84 3 4
33 20 2 4
50 44 2 4
5 54 4 4
68 12 4 2
84 12 4 3
11 93 3 4
14 58 2 3
46 64 3 2
18 10 4 2
23 32 4 3
32 82 2 3
95 90 2 2
84 87 4 3
2 14 3 4
11 33 3 4
66 40 4 2
23 70 2 2
61 17 3 2
5 79 3 3
79 69 4 3
83 25 3 2
66 45 2 4
60 46 2 2
64 54 4 4
33 12 2 2
82 63 3 4
88 26 2 2
58 88 2 3
14 89 4 2
36 54 2 4
9 65 3 4
77 92 3 3
56 51 3 2
77 54 3 3
42 11 4 3
36 18 3 4
7 21 3 2
76 22 4 3
7 84 3 2
35 50 2 2
4 68 3 3
79 10 2 2
28 17 3 4
39 92 2 4
15 24 2 2
39 30 3 4
15 92 3 2
43 19 3 3
24 18 3 4
44 69 3 4
94 93 3 3
21 92 3 4
11 55 4 2
69 8 4 3
26 49 3 3
5 29 4 2
22 65 3 3
94 15 2 4
34 94 2 2
3 83 2 4
33 44 3 4
80 30 4 4
59 82 4 4
48 19 3 2
96 41 2 3
35 80 3 3
64 33 4 4
78 61 3 2
91 10 3 3
92 29 3 2
79 43 4 2
70 43 3 3
90 64 4 2
26 91 2 2
43 82 2 2
85 38 2 3
18 22 3 3
5 39 3 4
73 65 4 4
58 40 3 4
28 28 3 3
43 5 3 3
88 37 4 4
68 26 4 3
2 94 3 2
34 6 3 2
34 68 4 2
73 74 3 2
11 19 4 3
64 25 2 4
51 39 2 2
13 45 4 4
10 2 3 2
42 35 2 4
85 52 4 4
76 36 2 3
73 33 2 4
69 71 2 3
5 33 2 2
73 48 3 4
39 6 2 3
40 27 2 2
38 85 3 2
13 7 3 3
82 57 3 3
80 3 3 2
35 38 3 2
55 17 2 3
20 59 2 3
27 60 2 4
20 37 2 4
26 9 3 2
95 26 2 2
74 6 2 3
47 6 2 2
13 66 4 2
67 50 2 3
57 68 4 2
45 48 3 2
54 31 4 4
30 45 2 3
86 92 2 2
61 61 2 2
37 46 2 2
78 17 2 3
47 59 4 4
78 47 3 4
45 77 3 2
60 3 3 4
50 83 3 4
87 19 4 2
60 53 3 2
51 72 2 2
17 71 4 3
40 61 4 2
17 95 3 2
16 76 4 3
10 88 3 4
53 55 2 4
93 61 2 2
17 33 4 2
89 33 3 3
35 76 4 2
62 70 2 4
29 68 2 4
2 23 4 3
56 23 4 4
86 81 4 4
89 70 2 4
67 77 4 2
28 76 4 3
4 61 3 3
54 74 2 3
82 35 2 3
8 71 2 2
72 3 4 2
24 42 2 4
27 81 4 4
12 28 3 3
13 50 2 3
51 16 3 2
92 52 2 4
62 30 2 2
46 31 2 4
64 65 3 4
57 57 2 3
6 12 4 3
64 7 3 2
18 81 2 2
93 71 4 2
77 85 3 2
37 24 2 3
37 62 2 3
66 95 4 3
53 26 2 2
32 59 3 4
18 13 4 3
72 87 2 3
43 43 2 2
56 10 2 2
56 3 3 3
83 74 4 3
44 92 2 4
53 61 3 4
71 83 2 3
46 80 3 2
47 23 4 2
45 36 3 3
53 48 2 4
63 40 2 4
5 5 2 4
96 52 2 2
24 12 3 4
86 67 2 4
61 87 4 4
19 29 4 2
29 12 2 2
16 42 2 2
69 32 2 3
14 71 2 3
19 17 4 3
40 67 3 3
22 23 3 3
48 2 4 2
70 63 2 3
58 74 2 2
78 77 3 3
36 3 2 2
87 46 4 2
74 81 2 2
84 2 3 2
68 20 3 2
50 27 2 4
61 92 2 2
73 39 2 2
48 9 3 3
50 77 3 3
92 86 2 3
62 13 4 3
94 21 3 3
51 93 2 3
46 88 2 2
47 91 3 2
92 81 2 4
31 35 3 2
21 81 4 4
40 43 2 4
44 26 3 3
33 87 4 2
25 37 4 4
91 2 2 3
63 45 2 2
83 48 2 2
65 73 3 3
63 10 2 2
28 2 3 3
57 36 3 3
85 9 4 2
33 71 4 3
6 89 3 3
16 27 2 2
72 18 2 4
87 42 2 3
82 20 2 2
24 88 2 2
