94 47 4 3
77 58 2 2
44 19 3 4
15 15 3 4
3 10 4 4
44 67 4 2
85 48 4 2
11 67 2 3
14 6 4 4
18 74 3 3
90 39 4 4
49 41 4 4
8 89 4 3
37 71 3 4
38 45 3 3
52 37 2 3
36 52 3 2
27 74 2 4
14 58 3 2
76 20 2 2
92 91 2 3
37 16 4 4
53 31 4 2
83 34 2 3
9 35 2 2
26 44 2 2
64 3 3 2
95 77 2 4
94 73 3 2
5 30 4 3
64 83 4 4
18 28 2 4
28 7 4 4
11 11 2 3
13 63 2 2
93 70 3 2
54 7 4 2
35 28 2 4
4 85 4 2
25 58 3 4
22 10 2 3
80 64 3 4
71 5 2 2
34 93 3 2
84 6 4 4
71 76 4 4
87 31 4 2
89 9 2 4
91 61 4 4
84 66 4 4
79 94 3 2
57 23 3 2
64 36 3 3
30 93 2 4
96 38 2 3
92 86 2 3
32 19 2 3
17 78 4 4
14 50 3 2
59 8 3 4
95 31 2 4
45 54 4 2
73 46 4 4
25 80 3 4
20 33 4 2
42 86 3 2
17 11 2 3
49 10 4 2
49 4 4 3
4 34 2 3
67 70 2 2
56 37 4 3
35 41 4 3
46 91 3 3
26 20 4 4
90 82 3 2
19 51 4 2
28 36 3 4
78 35 2 3
27 14 3 4
3 91 3 2
66 59 3 3
78 41 4 4
91 50 2 4
82 18 3 3
59 26 4 3
44 77 3 2
49 67 2 2
63 94 4 2
90 77 3 2
74 63 2 2
3 64 4 3
5 55 4 2
85 91 3 2
56 18 3 2
73 51 2 2
86 77 3 2
59 71 2 2
8 59 3 3
3 40 2 4
43 34 3 2
93 56 4 2
22 46 3 2
31 55 3 4
80 57 2 2
50 26 3 2
83 44 2 2
37 89 2 3
82 80 2 3
94 13 4 4
47 29 4 3
65 89 3 3
69 16 3 3
13 40 3 4
45 9 3 2
50 80 2 2
2 73 4 4
45 14 3 3
19 61 3 2
71 21 2 2
10 52 3 4
53 55 3 4
29 65 4 3
80 3 4 2
79 7 3 4
30 87 2 4
5 70 4 2
77 85 2 3
22 64 4 3
81 48 3 2
16 34 3 2
67 78 3 2
64 47 3 3
56 87 4 3
52 20 3 4
82 13 2 3
61 42 2 2
85 95 4 3
9 75 2 4
9 18 4 2
56 65 3 4
40 58 3 2
64 7 4 4
68 39 2 2
31 79 2 2
87 20 4 4
53 49 2 3
17 89 2 2
57 58 3 4
54 42 4 4
18 37 3 4
73 56 2 3
14 88 2 3
25 52 3 4
61 34 2 4
60 17 4 4
90 70 2 3
40 26 2 3
13 77 2 2
3 50 3 3
68 56 2 2
14 96 4 2
44 27 2 3
64 25 4 2
2 16 3 4
53 91 3 3
42 80 2 4
92 66 4 2
68 28 3 4
66 20 2 2
76 26 4 2
26 29 2 3
52 96 4 2
6 38 2 4
81 76 3 3
68 65 4 4
35 11 2 4
64 78 2 3
3 82 4 2
61 39 2 2
11 24 4 4
2 59 4 4
64 69 2 4
33 47 3 2
71 9 4 2
69 87 4 3
69 33 3 2
68 44 3 2
38 80 3 3
83 25 3 4
40 77 2 2
55 2 2 2
64 31 3 3
21 85 2 2
80 52 3 3
5 94 4 4
29 50 2 4
3 45 4 4
85 2 2 2
53 71 2 3
22 71 3 4
87 26 2 2
88 61 2 2
60 63 3 2
58 53 4 4
33 3 4 3
88 57 3 2
68 4 2 2
39 31 2 4
87 88 2 2
12 29 4 3
25 38 2 3
46 51 4 2
17 43 2 2
26 25 3 3
40 93 3 4
39 5 2 4
26 87 3 2
14 83 2 4
14 53 3 3
44 58 3 2
32 62 3 2
27 69 3 4
58 47 3 4
56 80 3 4
43 64 4 2
73 16 2 2
22 21 3 2
10 6 2 4
94 9 4 2
38 23 3 2
51 13 2 4
50 59 2 2
72 70 2 3
63 12 4 2
67 51 2 4
4 7 2 2
10 93 3 2
85 85 4 2
93 22 2 2
95 51 2 2
31 32 2 3
18 66 2 2
79 19 2 4
43 5 4 2
54 13 4 2
20 94 4 3
47 73 2 3
23 27 2 2
92 30 2 4
