79 91 4 2
88 66 2 2
89 31 3 4
3 47 3 3
70 73 4 3
58 33 3 3
45 43 4 3
78 2 3 2
93 30 4 3
87 59 4 3
7 86 4 3
30 27 4 4
70 40 3 3
42 94 3 2
25 56 2 2
13 6 2 2
66 47 4 4
34 39 4 3
36 13 3 2
40 7 4 3
2 67 2 2
24 36 3 3
43 58 2 3
5 30 3 4
69 33 2 3
47 49 4 4
50 15 4 2
23 61 2 4
29 92 3 3
61 65 2 2
89 10 3 3
28 74 4 4
5 78 4 3
47 24 4 2
61 57 3 2
23 69 3 4
43 79 3 3
58 93 2 2
52 35 4 3
92 67 2 3
36 25 4 4
5 8 3 2
63 11 2 2
84 8 4 2
76 60 2 4
71 24 4 3
72 21 3 2
73 67 4 4
56 15 3 2
23 31 4 2
76 6 3 4
59 50 2 3
81 76 4 4
8 25 3 2
82 84 3 4
75 48 3 2
85 41 4 3
33 56 4 4
20 51 2 2
91 36 4 4
77 35 2 3
51 63 3 3
23 52 3 2
27 47 2 2
17 8 2 3
95 92 2 2
13 38 3 4
16 87 2 2
37 32 3 3
37 71 2 2
2 19 2 2
71 60 3 4
59 81 4 3
60 37 2 2
72 84 3 4
44 86 2 4
67 27 2 2
90 24 4 2
3 57 3 3
83 35 3 4
88 70 3 2
55 2 2 2
88 95 3 2
23 7 2 4
47 65 3 4
57 67 3 2
53 40 4 3
83 19 4 3
27 40 2 4
90 76 3 2
16 66 3 2
62 27 4 2
24 13 2 2
27 11 4 2
61 61 4 3
19 30 3 2
44 36 4 3
35 66 3 4
9 45 4 3
76 28 2 4
15 27 3 4
86 79 3 2
6 90 4 4
54 55 3 4
64 23 3 2
51 89 3 3
59 23 4 3
6 66 2 4
67 42 2 4
66 93 2 4
82 26 3 3
49 12 4 2
39 53 3 3
11 65 4 2
77 79 3 3
22 20 4 4
13 50 4 2
81 56 2 2
7 42 2 2
62 89 4 2
93 11 4 3
67 66 4 4
28 61 2 2
84 14 4 2
42 27 3 3
69 53 2 4
23 81 2 4
50 45 3 3
31 18 3 2
35 48 3 4
94 3 2 2
51 3 3 4
38 92 2 2
57 76 3 2
19 74 3 2
33 94 2 2
18 55 4 4
41 3 2 2
45 55 3 2
17 23 4 3
50 77 3 4
43 15 3 3
38 86 3 2
51 72 4 3
24 27 4 2
15 16 3 4
85 45 3 4
30 43 2 3
18 91 3 4
58 71 2 2
27 17 3 4
75 75 3 3
21 42 2 4
66 58 4 4
7 56 4 4
10 61 4 3
65 16 4 3
53 93 2 4
5 71 2 4
49 38 2 2
3 61 3 4
14 35 3 2
95 49 2 2
6 14 2 3
76 22 2 3
96 42 2 4
80 45 4 3
6 20 2 4
70 17 4 2
79 52 4 3
11 95 4 3
47 85 3 4
89 86 4 3
63 50 2 4
61 73 2 2
66 83 2 4
47 21 2 2
12 86 3 2
84 96 3 2
26 64 2 2
30 48 3 3
68 21 3 2
9 34 4 3
20 63 2 2
11 72 3 3
70 8 4 2
75 2 2 2
14 21 2 3
2 78 2 4
17 82 2 4
86 84 2 4
71 5 3 2
32 8 4 2
91 79 4 4
27 2 4 2
92 62 4 2
88 92 4 2
93 7 2 2
75 40 4 3
2 86 4 3
72 51 4 4
53 84 3 2
27 81 2 2
33 4 4 2
81 66 2 2
62 68 3 3
42 76 4 2
45 8 4 2
85 55 2 3
64 37 4 2
68 89 3 3
52 20 2 2
26 93 2 3
30 23 4 2
14 45 3 4
56 18 4 4
94 75 2 2
85 68 2 3
94 16 4 4
72 94 3 4
52 25 2 2
3 35 3 4
22 87 4 3
79 11 4 4
58 47 2 2
37 18 3 3
55 63 2 2
50 9 4 2
39 65 2 4
27 6 3 2
37 81 4 4
28 68 2 2
48 95 2 3
79 30 3 2
66 74 2 4
28 34 4 2
79 61 4 4
2 96 2 2
10 11 3 3
90 49 3 3
46 70 3 2
63 6 2 2
10 40 2 2
34 83 2 3
66 2 4 3
55 8 2 4
84 5 2 2
73 56 3 3
72 31 3 2
80 94 3 3
