71 3 4 2
62 22 3 4
24 92 3 3
77 3 3 4
96 36 2 3
94 59 3 4
31 65 2 4
68 13 2 4
36 66 3 4
29 15 2 4
51 29 3 3
89 26 3 2
48 9 4 4
74 74 3 4
87 75 2 4
41 57 2 4
82 5 2 3
20 21 4 3
51 88 3 2
15 32 3 4
41 80 2 3
90 50 4 3
55 80 4 4
2 24 3 3
13 68 2 4
67 35 2 3
61 18 3 3
79 48 3 2
24 60 3 4
28 80 2 3
67 57 3 4
92 30 3 3
48 20 4 2
55 75 4 2
35 18 3 2
40 65 2 2
25 84 4 3
40 18 4 4
47 91 3 4
74 87 2 2
53 11 3 3
37 37 3 4
22 25 3 3
44 56 3 3
84 32 2 4
95 46 2 2
83 82 2 4
7 55 3 4
11 27 4 4
59 58 4 2
21 6 4 4
57 28 3 3
38 33 3 2
60 5 2 3
63 75 4 2
82 88 4 3
60 34 3 4
8 82 3 4
64 59 2 2
75 80 3 4
69 53 3 3
85 6 3 4
78 76 3 2
36 42 2 3
40 43 2 3
75 65 2 2
61 10 3 3
22 29 2 3
29 37 2 3
33 38 2 3
7 14 4 2
80 41 3 4
52 64 3 4
44 65 4 3
95 17 2 4
54 18 3 3
50 58 4 2
36 76 4 3
60 44 4 2
60 81 4 4
63 39 3 2
80 13 3 3
58 71 4 2
73 90 3 4
72 46 3 2
71 14 2 4
3 75 4 2
89 59 3 2
30 51 2 3
42 6 2 3
64 3 2 4
2 89 2 3
65 70 3 4
46 3 4 2
25 42 4 4
53 49 2 3
20 44 3 4
17 76 3 3
79 59 3 3
42 75 4 3
91 90 2 2
35 85 4 3
14 4 3 4
4 51 3 2
40 12 4 4
43 90 3 2
7 46 3 3
88 55 4 2
88 13 3 2
67 66 3 3
88 21 4 4
64 93 3 3
53 3 2 2
85 12 2 2
30 29 3 2
32 3 4 3
20 53 2 2
39 28 3 2
73 35 4 2
45 52 2 3
50 23 2 4
91 77 4 3
86 46 2 4
11 56 3 2
3 62 3 3
47 84 4 3
44 36 3 3
14 86 2 2
32 8 4 2
67 47 4 2
4 34 2 3
67 22 2 3
7 18 3 4
7 95 4 3
85 95 2 3
91 93 4 3
26 26 2 4
21 38 2 2
61 90 3 2
83 52 4 3
2 70 2 3
70 76 3 2
35 62 4 2
91 71 4 3
6 91 2 2
37 51 3 4
37 81 3 3
68 30 2 3
48 72 4 4
64 52 2 3
3 17 3 3
26 21 2 4
57 92 2 2
95 83 2 4
73 52 2 4
3 85 3 2
57 88 3 2
19 87 4 2
69 89 2 3
6 41 2 3
28 63 2 2
42 84 3 3
56 39 3 3
80 19 2 4
91 82 2 4
33 47 2 4
69 9 4 2
50 77 2 4
59 63 2 3
33 33 3 3
14 45 2 3
52 44 2 4
72 25 4 2
71 79 2 4
4 6 2 4
28 91 3 3
25 48 2 3
73 22 2 2
71 61 4 2
16 54 2 4
75 28 2 3
14 59 4 2
85 2 3 2
23 2 4 2
84 37 2 2
28 69 2 2
6 31 3 2
35 89 3 3
7 62 2 4
58 48 4 3
46 46 2 3
89 37 3 4
95 12 2 3
80 33 3 2
85 70 3 2
65 62 2 2
44 23 2 3
86 61 2 2
95 8 3 3
32 91 2 2
52 37 3 2
62 65 2 3
8 28 2 2
8 6 4 2
53 69 2 4
92 42 2 2
64 86 3 3
79 24 3 2
74 70 4 2
46 96 2 2
54 7 2 3
70 41 2 3
78 89 3 3
82 65 4 2
13 81 4 3
14 91 3 3
88 42 2 3
46 14 2 2
17 9 2 4
12 17 2 3
50 54 3 3
21 67 4 3
22 77 3 2
88 30 2 2
42 69 2 3
55 22 4 4
43 46 2 2
84 22 2 4
68 94 4 3
10 62 2 2
36 46 2 2
10 65 2 2
29 55 4 2
71 71 2 2
60 14 3 2
60 52 3 4
85 16 4 2
62 31 3 2
90 65 2 4
35 59 2 2
22 11 2 2
26 32 2 2
34 21 3 4
18 92 4 4
87 88 2 3
30 42 3 2
78 85 3 3
72 57 4 3
56 56 2 3
51 92 4 2
