92 71 3 3
12 63 3 2
35 84 2 2
22 59 3 3
64 20 4 4
84 67 2 2
13 10 2 4
81 37 4 3
59 73 3 3
70 94 4 3
54 13 2 3
34 6 2 2
74 25 4 3
35 32 2 4
69 45 4 2
35 57 2 3
51 93 2 4
7 35 3 2
42 41 2 3
66 96 2 2
44 30 3 4
92 77 2 3
34 92 4 3
68 16 2 3
58 93 2 2
90 31 2 2
30 46 4 2
77 85 4 3
63 86 4 4
78 32 3 4
66 76 3 3
93 90 3 3
84 74 4 4
6 3 3 4
50 9 2 2
95 51 3 4
28 41 4 4
18 36 2 2
27 76 2 3
50 39 3 4
43 78 4 4
88 4 4 2
55 19 4 3
40 90 3 3
27 69 3 4
73 51 2 3
51 32 2 2
51 45 3 2
45 11 4 2
2 48 2 3
17 15 3 4
49 50 2 3
2 14 2 3
61 51 2 3
83 54 3 2
34 11 3 2
16 5 4 3
56 88 3 4
33 76 4 4
88 18 3 2
22 68 2 2
52 54 4 4
65 72 4 3
48 25 3 4
44 72 3 4
48 19 3 3
73 69 2 2
95 86 3 3
59 44 2 4
56 4 3 4
59 62 2 4
82 23 3 3
61 35 3 4
5 15 2 3
22 37 4 3
62 46 4 3
6 53 4 3
88 59 4 2
75 58 4 4
73 34 3 3
44 3 3 3
42 48 2 2
30 54 2 4
14 71 4 2
30 7 2 4
41 7 4 3
14 87 3 4
90 27 3 2
8 30 3 4
84 41 4 3
72 82 3 3
10 39 4 4
66 27 3 2
24 92 4 3
20 80 4 3
30 64 3 4
56 35 4 3
13 68 4 2
95 43 2 2
31 93 2 4
75 44 3 3
48 75 3 4
17 43 2 4
4 91 4 3
34 87 3 2
39 27 4 2
77 6 4 4
53 64 3 4
57 13 4 3
41 56 3 4
36 21 4 3
56 75 2 2
9 10 3 2
13 78 3 4
41 94 3 4
37 8 2 2
16 61 2 2
7 25 2 4
21 64 3 3
57 29 3 2
55 78 2 4
42 83 2 3
45 42 2 4
86 35 3 3
64 42 2 2
78 75 3 3
23 19 3 4
62 2 4 2
14 28 4 2
59 79 3 2
38 13 3 3
33 38 3 2
72 39 3 3
42 51 3 2
42 15 2 4
58 57 4 3
18 50 3 4
13 74 4 2
78 70 3 4
84 10 2 3
13 50 2 2
25 33 4 2
31 15 4 2
90 82 3 4
46 65 4 2
81 46 2 3
68 35 4 3
89 47 2 2
61 23 2 4
30 2 4 2
4 19 2 2
96 57 2 4
87 12 4 4
67 48 2 4
89 54 3 2
19 24 4 3
14 24 4 2
70 50 2 4
84 27 3 3
77 37 3 4
53 74 2 3
11 18 2 4
75 93 4 3
75 65 3 2
89 42 3 4
45 54 2 3
66 82 4 2
25 2 3 3
48 14 4 3
23 74 3 2
67 68 2 3
93 18 4 2
63 14 2 3
83 19 2 3
6 79 2 3
79 51 3 2
10 90 3 3
68 30 2 2
35 43 4 4
27 15 3 3
7 57 3 2
25 53 2 3
3 87 4 3
37 70 2 3
51 82 3 4
49 71 2 2
25 63 2 2
20 9 3 4
64 10 4 3
9 66 2 3
20 90 2 2
3 24 2 2
73 29 3 4
66 55 4 2
37 50 2 2
5 50 3 2
88 88 3 3
94 62 2 2
75 13 3 4
2 42 3 2
79 65 3 3
77 79 4 2
32 18 3 4
71 4 4 2
39 80 2 2
21 85 3 4
35 62 3 3
15 55 3 3
80 13 2 3
21 46 3 3
14 92 2 2
47 88 4 2
60 82 2 4
26 25 4 2
85 80 4 3
40 71 3 2
94 3 4 3
77 19 2 2
7 70 2 3
45 59 4 3
86 64 4 2
34 28 3 2
52 87 2 4
53 48 3 2
54 25 2 2
71 10 3 2
15 31 3 4
42 22 3 4
16 64 4 2
85 31 2 2
61 68 2 3
94 14 4 3
3 37 2 4
73 20 3 2
52 69 4 4
2 71 2 3
29 50 3 2
50 60 4 2
2 95 3 2
27 85 2 3
95 23 3 3
93 46 4 3
57 67 2 2
38 18 2 2
27 36 4 3
45 37 4 2
2 66 2 2
6 22 2 2
26 57 2 4
74 76 2 2
