83 21 4 2
78 13 3 4
13 86 4 2
40 92 4 2
72 36 3 4
6 13 2 3
89 7 4 3
29 81 2 3
95 41 2 4
70 89 3 3
25 23 2 4
36 49 2 3
48 93 3 2
55 67 3 3
8 5 3 3
83 38 3 2
27 58 3 4
81 90 2 4
39 24 4 3
17 56 2 2
29 38 4 3
5 84 2 3
90 95 4 3
33 56 3 2
15 26 4 2
23 57 3 3
14 69 3 3
91 65 4 2
60 80 4 3
36 84 3 3
10 70 2 3
69 63 4 4
20 26 3 3
95 93 2 4
73 46 3 4
27 32 3 2
58 53 3 4
46 61 3 3
69 76 3 3
23 9 3 4
37 5 3 2
90 30 3 4
94 21 2 4
54 88 2 4
41 52 4 4
3 70 2 2
79 3 2 4
9 93 4 3
23 37 2 3
59 14 2 3
2 11 3 2
64 95 4 2
21 65 2 3
35 89 2 3
60 8 3 2
3 25 3 4
14 32 2 3
63 86 4 2
85 12 2 3
58 2 2 2
10 27 2 4
64 89 4 2
27 77 2 3
2 31 2 4
64 24 2 2
46 51 2 2
54 34 3 2
87 76 4 3
51 30 3 2
64 16 2 3
10 42 4 4
50 83 3 4
42 78 4 4
15 16 2 3
48 7 2 2
22 48 2 3
49 53 4 3
29 26 3 3
42 87 4 3
6 38 2 4
86 49 3 3
2 7 3 2
45 13 4 2
66 81 3 4
69 72 4 3
88 15 4 3
53 46 3 2
18 62 3 2
41 31 2 3
28 9 4 4
55 95 3 2
46 25 3 4
41 65 2 3
78 89 2 2
76 10 3 2
9 55 2 2
43 18 4 4
30 90 2 2
80 25 4 2
95 61 3 3
89 72 2 2
91 89 3 2
55 73 4 2
63 38 3 4
12 57 2 3
58 46 3 4
71 7 3 4
45 71 2 4
59 32 3 2
22 69 4 3
55 77 2 2
24 89 3 3
19 35 3 3
52 58 2 4
36 25 2 4
16 50 3 3
48 38 2 4
40 74 3 3
76 51 2 4
10 47 4 3
78 63 4 3
14 6 3 3
25 15 3 2
15 41 3 3
56 82 3 2
55 39 4 2
71 93 3 4
70 54 3 3
18 11 4 3
51 78 2 3
84 67 2 2
77 47 3 3
18 19 3 2
75 23 3 3
71 80 4 4
58 21 4 3
2 47 3 4
6 76 4 3
76 67 3 2
36 95 3 3
15 36 2 3
13 90 4 2
12 13 4 2
29 23 3 2
85 96 2 2
20 53 3 3
95 88 3 2
68 43 3 3
30 78 3 2
13 75 3 3
8 81 3 3
60 61 4 4
37 30 2 2
86 25 3 4
62 52 2 2
4 18 2 3
76 36 3 2
83 58 4 3
22 93 3 4
27 3 2 3
54 19 3 4
81 9 3 3
93 80 4 3
37 54 2 4
51 9 3 3
94 2 4 3
3 41 2 4
67 29 3 2
87 82 3 4
37 69 4 3
8 86 3 2
69 16 3 3
83 45 3 2
58 28 2 3
27 93 2 3
6 60 2 4
4 91 3 4
43 35 4 3
77 75 2 3
45 2 4 3
80 33 4 4
18 5 3 2
85 30 2 2
52 41 2 4
23 6 2 2
21 76 3 3
93 27 2 2
74 19 2 2
35 65 3 3
72 24 2 3
78 28 2 2
65 5 4 2
88 39 4 4
82 73 3 2
62 70 3 4
50 27 4 2
48 70 2 2
60 90 3 3
73 12 2 2
91 36 2 2
44 31 4 2
78 57 3 2
83 83 3 2
96 46 2 3
24 66 2 2
46 66 2 3
60 58 4 2
33 17 4 2
21 83 3 2
32 70 2 2
2 65 4 2
28 49 2 2
30 85 3 2
83 87 2 2
94 70 3 3
33 12 4 2
57 59 2 2
55 8 4 4
89 57 2 4
12 64 3 3
31 46 3 2
20 41 3 2
86 3 2 2
13 52 2 4
38 42 4 3
45 44 4 4
46 83 2 2
75 87 2 3
8 20 2 3
55 26 2 3
72 32 3 3
73 41 3 3
39 59 3 3
14 95 4 2
66 10 4 4
87 65 2 4
87 53 2 2
2 82 2 2
17 80 3 3
41 47 3 3
84 91 2 4
62 44 2 2
91 52 4 3
96 18 2 2
92 46 3 4
5 32 4 3
48 16 2 2
31 93 2 3
72 2 2 4
53 13 2 2
