75 75 4 2
65 52 2 2
66 26 2 2
37 69 2 3
65 64 3 4
64 21 3 4
25 30 4 2
83 58 3 2
84 44 2 4
14 38 4 3
3 36 2 3
59 44 2 4
3 74 2 3
5 85 4 2
43 43 2 3
88 14 2 3
36 25 4 3
70 53 3 2
49 84 3 2
59 59 3 4
44 2 4 3
46 94 3 2
8 67 3 3
47 74 2 4
28 18 4 3
3 53 3 2
13 13 3 2
15 82 3 3
77 62 4 4
30 34 4 3
56 64 2 2
20 74 2 3
27 76 3 4
71 38 2 3
39 80 3 4
54 23 4 4
84 22 4 4
25 49 4 4
87 41 2 2
21 86 4 4
4 94 4 2
8 91 4 2
32 15 3 2
2 10 2 2
79 89 2 2
72 20 4 3
14 50 4 3
15 94 4 3
55 14 4 3
30 82 2 3
93 73 4 3
85 35 2 2
89 8 3 4
11 74 2 4
48 29 2 4
94 69 4 3
4 59 4 4
19 52 4 4
78 92 4 4
78 44 4 4
19 62 4 4
41 27 3 4
87 48 2 3
11 58 4 3
2 24 2 4
87 75 4 4
47 69 4 3
80 72 4 4
33 6 3 3
64 94 4 3
19 16 2 4
92 78 3 4
47 50 3 2
83 62 3 2
34 21 3 3
93 5 2 3
12 7 4 4
26 33 2 2
64 85 3 2
54 56 3 2
62 79 4 4
58 96 4 2
29 39 3 2
53 59 2 2
34 95 4 3
71 92 2 4
93 21 3 2
30 94 2 2
6 5 4 4
2 5 2 3
42 24 3 2
25 56 2 4
62 2 3 3
96 43 2 4
24 40 2 3
9 25 4 4
27 91 4 2
15 43 3 2
82 53 4 2
79 11 4 4
57 32 3 4
86 91 4 4
90 26 3 4
24 67 3 3
51 89 3 4
51 9 2 2
55 10 4 2
77 49 3 3
67 5 2 3
92 39 3 3
74 36 2 4
46 17 2 3
6 20 4 3
62 52 2 3
55 92 3 2
50 38 3 2
81 8 3 2
50 24 3 4
35 52 4 4
88 61 4 2
82 17 2 2
70 11 4 2
53 44 3 3
82 84 3 4
78 56 3 2
40 8 2 2
59 88 3 3
77 86 4 2
35 44 4 3
75 31 3 2
69 18 2 2
94 94 4 3
26 64 2 2
44 53 3 2
54 31 2 4
69 34 2 2
14 66 3 4
37 32 2 4
14 23 4 2
79 40 4 3
40 45 2 3
51 20 4 2
28 86 4 4
42 74 4 4
21 69 2 3
74 43 2 3
30 60 3 2
81 21 2 2
65 88 3 3
96 32 2 3
71 26 2 4
47 44 4 2
81 31 2 3
18 9 4 2
16 87 2 4
60 73 2 2
72 56 3 2
17 33 2 2
5 17 4 2
72 14 4 2
80 68 3 2
40 21 2 2
72 73 2 3
2 88 3 3
11 79 3 4
20 42 3 4
12 55 2 2
65 48 3 2
57 67 2 3
38 75 3 3
37 85 2 2
15 29 4 3
62 35 2 2
69 21 2 3
55 87 3 3
89 45 3 2
67 80 3 4
65 60 2 2
23 93 2 2
2 41 4 3
20 4 3 2
56 81 2 2
87 82 2 4
40 63 4 4
45 56 2 3
28 7 4 2
89 71 3 2
24 12 2 3
53 76 4 4
30 65 3 2
32 70 4 4
43 8 2 3
37 8 2 2
80 77 4 2
35 58 4 3
74 3 4 4
7 81 2 3
42 88 3 2
21 21 4 2
69 70 2 2
61 14 4 2
3 30 2 3
3 68 3 4
60 28 3 2
28 56 3 2
31 11 3 3
76 68 3 2
20 31 4 2
78 18 2 4
44 48 2 2
83 27 4 2
92 88 2 4
27 44 4 2
40 55 2 2
52 51 3 3
47 81 2 2
27 2 2 2
34 77 2 3
93 31 2 2
58 77 2 3
87 55 2 4
43 19 2 2
55 39 4 2
44 35 4 2
8 39 2 3
10 86 4 4
38 90 3 3
50 78 2 2
65 40 2 3
63 44 3 2
93 60 4 3
67 77 3 2
19 81 2 4
35 18 4 2
33 87 3 3
78 25 4 3
96 52 2 4
51 63 4 3
71 2 2 3
35 62 4 3
42 39 3 3
67 14 2 2
9 31 3 2
70 59 3 2
59 2 2 4
75 78 3 2
42 14 3 2
66 2 2 2
27 10 3 3
45 63 4 4
