11 40 4 2
69 84 2 4
87 92 3 4
79 81 4 3
20 19 2 2
50 50 3 3
57 60 4 2
9 26 4 4
19 72 2 3
31 24 2 4
5 33 2 2
53 21 2 3
57 75 3 4
61 27 4 2
92 93 4 3
26 43 4 2
65 67 3 4
64 38 2 3
14 64 2 4
38 36 3 3
5 41 4 4
34 9 3 4
88 26 3 3
65 21 4 4
86 58 4 4
60 88 3 3
29 14 3 3
23 59 4 2
80 68 4 4
94 49 3 2
57 35 2 3
67 90 3 3
40 80 2 2
79 61 3 4
7 63 2 4
62 92 2 2
83 60 2 4
40 13 2 3
74 2 4 3
14 20 2 2
19 2 4 4
50 72 2 4
65 85 3 3
45 35 4 4
49 5 2 2
83 23 2 3
25 35 4 2
22 79 4 3
51 39 2 4
25 29 4 3
41 63 3 3
56 10 4 2
45 15 4 4
94 25 3 3
56 28 2 3
64 17 2 3
39 29 4 3
38 94 2 4
21 49 4 4
78 53 3 4
71 34 3 3
6 6 2 3
34 77 4 4
7 19 3 3
6 78 2 4
27 68 2 2
83 34 4 2
54 71 4 3
13 35 3 2
3 23 2 3
28 96 4 2
94 65 4 2
71 72 3 3
6 51 3 3
22 89 2 3
24 8 3 4
55 49 2 2
4 28 2 4
17 39 3 3
45 59 4 3
85 8 2 3
38 40 3 4
93 81 2 2
90 34 3 3
4 72 2 4
31 69 3 2
74 40 2 2
86 2 2 2
72 26 3 2
94 75 2 3
35 64 2 4
75 11 4 4
43 7 2 3
33 51 2 4
12 5 3 3
57 13 2 4
39 73 3 3
23 86 3 2
85 12 4 2
90 53 2 4
27 52 2 4
47 32 2 2
85 44 4 2
57 23 3 3
76 46 2 4
24 95 3 2
48 69 2 2
74 80 4 3
6 58 4 4
61 34 2 3
20 65 4 4
63 75 4 2
33 93 4 3
72 20 2 2
35 29 3 3
62 48 2 4
24 24 3 4
17 46 3 3
42 57 2 4
78 6 3 3
2 62 3 3
91 10 4 4
68 28 2 2
34 83 2 3
78 41 4 3
70 59 2 4
6 86 2 3
56 52 3 2
74 16 3 3
74 65 4 3
65 45 3 2
8 16 4 2
82 90 3 3
33 57 2 4
42 49 2 2
41 69 3 3
44 74 3 2
73 89 4 3
66 7 2 3
46 20 2 3
10 9 4 4
54 84 4 4
66 33 2 2
53 62 2 3
5 46 3 4
37 20 3 4
60 16 2 3
88 80 2 2
31 3 3 4
54 93 2 4
26 83 3 2
16 60 4 3
53 18 3 2
85 74 2 4
86 86 3 3
32 45 2 4
31 33 2 3
83 38 2 4
66 3 3 2
36 2 2 2
61 69 3 2
36 53 4 3
23 74 2 3
91 42 2 4
11 83 2 3
75 55 2 2
72 49 3 4
92 70 4 4
6 91 4 4
87 65 4 3
56 89 3 3
46 81 3 3
18 28 2 2
76 35 4 2
37 59 2 4
30 77 3 3
94 43 2 4
21 37 3 3
47 92 3 2
69 65 3 3
17 31 2 3
16 23 4 3
26 21 3 2
39 85 4 4
43 44 2 2
13 16 3 3
79 90 2 2
59 4 2 3
94 56 2 3
72 23 4 2
91 31 2 2
54 38 2 3
80 22 2 2
51 54 2 3
22 13 4 3
76 27 4 3
67 94 2 4
33 15 2 2
28 93 3 2
10 76 2 3
86 17 3 2
91 22 4 2
93 84 4 4
48 89 4 2
90 75 3 2
94 60 4 3
44 86 3 2
8 3 3 2
43 25 4 2
16 52 4 2
93 5 3 2
76 84 2 2
95 36 2 3
78 16 3 2
71 11 2 2
58 55 4 2
44 40 2 3
43 4 2 2
45 52 3 3
31 83 2 2
16 8 2 4
66 11 2 2
67 18 2 2
55 2 3 4
41 17 2 4
85 71 3 2
15 83 3 4
66 57 3 3
83 50 3 2
3 18 2 2
83 54 4 3
59 42 4 2
70 15 3 2
8 68 3 2
68 38 3 3
2 81 2 2
10 45 4 2
28 57 3 2
82 10 2 4
70 43 3 3
19 56 3 2
23 46 4 2
10 54 4 2
34 72 4 2
30 39 4 3
54 44 3 2
73 95 3 3
29 62 3 3
31 89 2 3
35 6 3 2
