46 43 2 2
67 14 2 4
51 94 4 3
54 83 4 3
5 55 3 3
86 24 3 2
2 26 3 3
70 47 3 4
62 62 2 3
84 64 4 4
19 33 2 3
58 62 3 3
91 25 3 2
73 83 3 2
41 50 2 2
14 92 3 2
26 55 4 3
66 23 3 3
49 62 2 2
45 20 4 3
60 10 2 4
51 56 2 2
80 49 2 4
14 12 4 3
22 44 4 4
53 5 3 3
51 69 3 4
52 75 2 4
24 62 3 3
56 15 4 4
28 42 3 3
30 94 4 4
63 78 4 3
74 8 2 3
84 40 2 3
2 22 3 3
37 39 3 2
82 78 4 2
3 51 3 2
46 4 2 2
59 46 3 4
86 44 4 3
37 81 2 4
59 87 3 4
3 11 4 4
34 27 2 4
72 19 3 2
18 59 3 3
40 12 2 4
64 59 4 2
25 24 4 3
43 72 3 3
32 79 4 2
91 94 4 4
60 37 2 2
85 84 2 4
57 4 4 4
84 9 4 3
3 37 3 4
51 81 2 3
6 28 4 3
22 25 2 4
43 79 4 2
61 52 4 2
54 9 4 4
23 18 3 3
68 70 2 2
49 38 2 2
75 88 4 4
6 16 3 3
17 86 3 4
8 71 4 2
41 59 4 4
23 2 4 4
78 84 4 2
70 93 4 3
65 71 2 3
30 46 2 4
61 29 2 2
92 56 4 4
40 85 2 3
79 5 3 4
76 48 2 3
94 49 3 3
48 52 3 2
45 48 2 2
78 32 4 2
94 7 4 3
13 31 4 2
79 70 4 4
86 16 2 2
65 38 3 3
70 64 3 2
73 55 4 4
31 63 3 2
41 40 2 2
17 65 4 2
91 34 4 3
5 87 4 2
38 8 3 2
8 93 4 3
21 69 2 3
4 4 3 2
69 75 4 3
62 71 2 3
34 13 4 2
22 31 2 3
25 83 3 4
53 60 3 3
58 67 4 2
75 3 2 3
87 35 3 3
8 4 4 2
42 91 2 4
44 65 3 2
73 28 2 3
20 8 2 2
16 51 3 4
16 19 4 2
41 4 4 3
54 55 3 4
10 39 2 2
3 42 2 2
80 14 2 2
95 29 2 2
69 34 2 3
25 8 4 2
35 21 4 4
44 9 2 3
74 13 2 2
57 26 3 2
65 9 2 3
50 23 4 4
79 78 2 2
57 30 2 3
56 72 2 4
82 23 2 3
82 27 3 3
5 83 3 3
40 68 2 4
76 25 4 4
8 33 3 2
18 41 2 2
34 89 3 3
85 51 2 2
18 23 3 4
33 66 4 4
18 4 2 2
86 70 2 4
33 7 2 4
31 39 3 2
48 46 2 3
82 54 3 4
13 81 3 3
25 88 4 4
71 89 2 2
36 34 3 2
75 35 2 3
63 5 3 3
19 14 3 4
48 91 4 2
70 4 3 2
61 17 4 3
31 55 4 3
78 44 2 2
23 56 2 4
55 87 3 2
31 32 2 3
95 44 2 3
9 62 3 3
85 81 2 2
92 69 3 2
56 38 2 2
95 76 3 2
7 44 3 2
10 90 2 2
67 28 4 3
36 17 2 3
10 58 4 2
56 77 3 4
17 79 4 3
94 65 2 3
24 66 2 4
85 31 4 2
53 46 3 4
11 50 2 2
37 28 4 3
75 61 4 3
21 37 2 2
13 69 2 2
66 52 2 4
47 13 4 4
79 65 2 4
91 45 2 2
32 83 4 3
14 72 4 3
4 79 4 2
49 86 3 4
49 30 3 3
82 36 2 3
63 22 2 3
54 20 3 2
63 84 2 2
30 75 3 2
95 86 2 3
33 42 2 2
74 70 4 4
58 58 2 3
28 66 4 2
89 74 3 3
88 88 4 2
89 52 3 3
90 64 2 4
41 17 2 4
27 47 2 2
78 94 3 3
57 93 4 4
24 76 4 2
84 89 3 3
83 2 3 2
35 73 3 3
59 42 3 3
93 81 4 4
31 71 2 2
35 47 4 4
27 15 3 3
90 18 2 2
63 46 4 4
45 76 3 2
44 85 2 2
51 42 3 2
11 11 2 4
45 29 3 3
96 71 2 4
88 79 2 2
22 81 2 2
44 24 2 2
12 36 3 2
63 96 2 2
21 40 2 2
43 34 2 3
81 75 4 2
60 32 2 3
34 3 2 2
66 83 3 4
3 60 4 4
21 90 3 4
84 59 2 2
84 95 4 2
28 34 2 4
