56 44 4 3
8 35 2 2
62 62 3 3
54 8 2 2
25 6 2 2
20 41 3 2
6 40 2 2
64 38 2 2
83 64 4 4
80 69 3 2
78 34 2 3
40 73 3 2
15 29 2 2
69 14 3 3
53 69 3 3
33 52 3 2
70 48 3 4
18 22 4 4
57 37 4 2
11 26 2 3
85 94 3 3
64 13 4 4
65 3 3 2
51 29 4 4
9 67 2 2
93 66 3 3
90 31 3 3
45 37 2 3
40 85 4 3
14 32 4 3
3 28 2 4
50 81 4 3
76 10 4 2
11 75 3 4
61 44 4 3
76 5 4 3
33 19 2 4
8 56 4 3
66 54 2 3
28 75 3 4
51 94 2 4
38 34 2 4
51 90 3 2
78 51 3 2
5 65 3 3
40 50 4 4
45 65 4 2
26 96 4 2
87 15 2 2
37 41 2 2
93 45 4 3
10 14 3 2
65 6 2 3
42 94 4 2
90 22 4 3
37 79 4 4
21 16 2 4
62 50 4 2
28 7 2 2
84 2 3 2
49 56 2 4
79 76 4 2
10 6 4 3
8 71 3 3
28 22 3 3
14 84 3 4
4 75 4 2
21 56 2 2
63 68 4 2
40 69 4 2
91 90 2 2
94 2 4 3
45 32 2 4
65 31 3 2
65 84 4 2
62 35 2 2
54 18 4 3
17 78 2 3
2 24 4 3
56 94 2 2
16 57 3 4
35 5 4 3
77 46 4 2
70 85 2 3
36 49 3 2
46 26 3 2
8 47 4 4
94 15 3 3
79 40 4 3
88 82 3 4
4 95 2 2
43 3 3 4
19 62 2 2
73 95 3 2
83 87 4 2
3 7 2 4
3 83 3 2
87 19 2 4
84 32 2 2
32 66 2 2
67 39 4 4
70 63 3 3
79 62 3 3
76 85 3 2
48 75 3 2
42 78 3 2
8 44 2 2
73 36 3 3
33 56 2 4
18 65 4 4
28 84 3 4
36 25 4 4
52 14 2 3
92 9 2 2
94 92 3 4
77 91 4 2
19 94 2 2
87 71 3 3
6 10 2 2
30 11 2 2
2 15 4 4
26 12 3 4
50 19 2 3
13 64 2 4
5 61 2 2
7 26 3 4
32 41 4 3
60 76 4 4
40 57 2 4
52 46 3 2
7 31 4 3
58 13 2 3
70 4 4 4
57 82 2 3
84 90 4 2
23 66 3 4
23 83 4 4
47 89 2 4
19 70 3 4
72 42 3 2
66 74 3 2
29 61 2 2
56 58 3 3
58 91 2 2
90 75 2 3
75 79 2 2
86 77 3 2
94 86 4 2
12 95 4 2
2 33 2 2
41 44 3 2
79 2 3 2
63 72 2 2
27 65 2 2
68 34 4 3
52 86 3 3
6 3 3 4
69 10 3 3
33 87 2 4
84 50 4 2
73 70 2 2
70 22 3 3
52 54 2 4
29 17 2 2
76 75 2 3
43 14 3 2
32 92 2 2
36 71 3 4
74 23 3 4
47 47 4 2
26 3 4 2
50 34 2 3
24 59 4 2
29 37 4 3
13 90 4 2
81 24 4 4
11 35 2 2
20 47 2 3
58 30 3 3
89 61 4 2
10 18 2 4
33 62 4 2
77 72 2 2
63 22 3 3
87 56 2 4
18 10 2 2
4 78 4 2
27 90 2 4
39 13 3 4
89 46 2 2
36 12 2 3
88 7 3 2
29 51 3 3
70 89 2 4
76 57 4 3
23 33 3 3
82 44 2 3
24 50 3 2
93 72 2 4
22 9 2 4
13 21 4 2
81 7 4 3
85 41 2 3
48 14 2 4
3 70 2 4
5 90 3 2
30 56 2 2
23 71 2 2
18 16 2 3
56 51 4 3
13 17 4 3
50 61 2 2
23 27 3 3
96 26 2 3
24 89 2 2
53 40 4 3
88 11 3 2
80 18 2 3
90 52 2 4
74 16 2 3
91 39 4 3
58 5 2 4
80 72 4 3
65 88 3 3
60 84 4 2
17 36 3 3
74 31 4 2
28 71 2 2
58 27 2 2
29 32 2 2
91 26 3 4
81 35 4 2
66 77 4 4
83 81 3 4
45 83 2 4
83 19 3 3
24 39 4 3
44 61 2 2
93 83 2 2
48 51 2 2
31 70 4 4
57 87 3 3
76 62 2 4
41 34 2 2
56 75 3 3
4 43 2 2
67 25 2 3
25 44 2 3
49 41 3 3
77 54 2 2
