51 52 4 4
17 78 2 3
41 4 4 4
60 44 2 4
10 89 4 2
67 32 2 4
65 10 3 2
31 83 4 4
35 57 3 4
36 34 4 4
38 66 4 3
10 21 2 2
10 38 4 2
70 94 3 2
5 25 3 2
8 72 3 2
30 93 4 4
27 80 3 3
18 71 2 4
9 81 4 2
75 11 4 2
37 18 3 2
91 35 2 4
29 88 3 4
57 50 4 4
81 5 4 4
40 72 4 4
61 83 2 2
16 48 3 3
70 75 2 3
62 6 3 2
3 79 3 2
51 20 2 2
3 40 2 3
89 89 2 4
9 63 4 2
82 92 3 3
90 60 4 2
39 30 4 3
93 47 4 4
36 40 3 2
4 22 3 2
2 9 4 3
70 38 2 4
68 25 2 2
52 45 4 3
85 58 4 3
80 63 4 3
72 79 4 3
32 54 2 4
80 71 3 2
76 91 2 2
37 81 2 2
40 55 2 2
26 60 2 3
54 34 4 4
15 5 4 2
96 70 2 4
59 73 2 3
79 86 4 3
92 94 4 4
50 9 4 2
50 81 3 3
52 64 4 3
63 69 2 2
23 13 2 4
7 68 3 2
77 29 2 3
10 11 3 4
76 37 3 2
6 45 3 3
37 45 3 2
59 91 4 4
59 80 3 2
82 39 3 4
76 15 4 4
60 60 4 2
61 29 4 2
5 34 3 2
15 25 2 2
6 28 4 3
44 34 2 3
26 85 2 3
48 38 3 4
63 73 3 4
9 94 2 2
95 56 3 3
29 29 4 2
64 57 2 2
33 44 3 3
24 67 3 2
2 31 3 2
78 79 2 4
88 18 2 3
86 44 2 4
72 86 3 4
66 66 3 4
59 35 4 4
35 12 2 4
22 19 2 4
13 32 3 4
73 50 3 2
84 24 3 3
60 16 4 3
29 6 3 2
29 22 3 3
51 15 2 3
31 76 3 2
83 12 2 2
3 95 2 3
73 68 2 4
66 6 2 2
22 56 3 2
33 36 2 2
48 27 3 2
23 73 4 4
74 73 4 2
42 22 3 4
64 33 2 2
28 46 3 4
52 85 2 3
59 63 4 2
38 50 2 2
78 24 3 2
14 21 3 2
67 89 2 4
14 56 2 2
73 59 2 3
9 60 4 2
20 85 3 3
27 39 3 4
69 12 3 2
47 63 3 2
34 7 4 2
70 8 2 2
17 10 4 3
42 42 4 4
5 18 3 3
55 76 2 2
81 35 2 2
7 53 2 2
14 41 4 3
28 16 2 4
95 4 2 4
58 87 4 2
65 54 4 2
68 80 2 3
45 16 4 2
86 62 3 2
55 93 3 2
15 66 3 2
79 51 3 2
34 88 4 4
41 49 3 3
94 13 3 2
46 2 2 4
55 26 2 2
15 52 3 2
56 9 2 3
47 76 4 2
92 69 3 4
54 18 2 2
73 30 2 3
2 44 3 4
25 7 2 3
95 43 3 2
22 32 2 3
88 76 3 4
6 2 2 2
77 47 4 3
27 56 3 3
87 11 2 2
49 69 2 4
91 5 3 3
23 90 3 3
51 32 2 3
29 34 2 2
39 85 2 4
89 45 3 4
90 55 2 3
80 28 2 3
12 71 2 2
3 69 3 4
43 10 3 2
86 67 4 2
28 10 2 3
44 95 2 2
65 40 4 4
76 66 3 2
24 44 2 4
73 42 4 3
63 45 4 2
91 17 4 3
88 3 2 2
52 49 3 2
59 9 2 2
64 2 3 2
45 85 4 2
93 88 3 2
53 3 4 4
11 45 4 3
95 63 3 4
87 83 4 2
45 68 2 3
68 19 3 4
2 87 3 3
17 94 4 3
76 62 3 2
22 50 2 2
63 26 3 2
15 15 4 2
3 49 3 4
55 14 4 3
31 63 4 3
26 30 2 3
24 95 2 3
19 59 2 2
93 29 3 3
7 11 2 4
92 24 4 3
51 24 3 2
42 59 4 3
48 55 2 3
20 27 2 3
81 56 3 4
20 44 2 2
20 63 2 4
45 51 4 2
3 56 3 3
32 13 2 2
37 70 2 4
77 94 3 4
85 30 3 3
86 6 2 4
55 40 3 4
42 90 4 3
91 9 4 2
8 5 2 4
46 30 4 3
20 90 2 2
33 22 2 4
94 52 2 2
31 17 3 4
30 70 4 3
21 36 4 4
10 76 3 3
81 81 3 4
20 3 3 3
93 84 4 3
62 40 2 3
