5 25 3 2
78 15 4 3
77 90 3 2
73 39 3 4
35 12 3 3
72 71 3 4
14 66 4 3
82 87 3 4
78 3 4 2
9 44 4 2
15 91 2 2
80 76 4 2
42 57 2 4
45 68 2 4
72 85 3 2
86 21 2 2
43 27 3 2
19 34 2 4
10 89 3 4
46 83 4 4
52 64 2 2
49 17 3 4
39 87 3 3
87 69 2 4
32 63 3 2
53 12 2 4
40 8 4 4
25 52 3 2
39 91 2 2
61 10 3 3
7 48 3 4
5 80 2 3
55 58 4 3
66 23 4 4
94 21 4 2
54 51 2 3
52 71 3 4
13 49 3 3
50 79 3 2
53 44 2 3
2 89 2 2
38 49 4 4
28 6 2 3
63 77 2 3
21 94 2 2
9 53 3 4
96 12 2 4
3 37 2 4
27 84 3 2
21 10 2 2
63 94 3 4
6 67 2 4
32 36 3 4
37 54 3 2
43 22 2 2
10 3 4 2
64 5 4 2
52 29 4 2
58 80 2 3
3 61 3 2
12 23 2 3
20 81 4 2
87 29 3 3
57 75 3 2
36 34 4 2
43 35 3 4
58 18 4 4
11 18 4 2
76 53 3 4
30 22 4 3
15 62 3 2
90 38 2 2
61 89 3 2
70 58 4 4
20 27 2 3
31 58 3 4
24 22 2 2
61 41 2 3
30 45 2 4
3 75 2 4
2 29 3 3
88 14 2 4
22 64 2 2
73 15 4 2
45 45 3 2
10 83 2 3
50 67 2 3
83 69 2 4
14 8 4 3
19 71 2 4
54 6 4 3
65 66 2 3
72 89 2 4
65 40 2 3
61 73 3 3
6 91 3 3
9 36 3 4
73 6 4 2
83 46 3 4
35 71 2 4
12 28 4 2
36 82 3 3
19 47 4 4
53 19 3 4
36 63 2 2
75 64 4 3
92 54 4 3
12 32 2 3
65 58 3 4
42 83 3 2
64 83 3 2
32 19 3 2
42 74 4 2
74 96 2 2
92 93 3 2
78 10 4 3
49 39 2 2
26 89 4 2
15 23 2 2
48 3 2 3
24 27 3 3
28 16 4 2
37 28 4 4
75 44 3 3
58 67 3 2
91 75 4 3
54 25 4 3
94 38 4 3
28 77 4 4
73 28 4 2
55 39 3 4
21 7 4 2
96 85 2 2
92 48 4 2
83 11 2 4
51 56 3 3
11 77 2 3
25 58 2 4
3 11 2 2
34 44 2 4
41 16 3 4
8 6 4 3
3 17 3 3
81 35 2 2
52 86 3 3
93 3 4 3
58 11 2 2
34 78 2 2
87 85 4 3
31 51 2 3
86 54 4 2
39 64 3 3
53 67 4 3
32 85 3 3
20 88 2 4
57 51 4 3
33 7 4 3
24 34 4 2
20 60 4 2
65 46 4 2
27 10 4 3
48 71 2 3
84 34 3 3
6 87 3 3
75 33 3 3
13 72 2 4
67 33 3 4
9 65 2 3
86 90 4 2
56 95 3 2
75 20 3 2
57 87 3 2
86 64 3 3
77 39 4 2
6 73 4 4
49 26 2 4
67 86 3 3
73 79 4 4
70 64 2 2
80 55 3 4
46 91 3 4
87 60 3 2
70 8 2 3
90 9 4 4
70 19 4 2
2 43 4 2
53 92 2 4
77 95 4 3
3 95 4 2
24 42 2 2
38 57 2 2
40 40 3 2
84 7 2 3
46 22 3 2
49 8 3 2
16 58 3 3
36 17 4 2
91 34 4 2
68 75 2 2
49 34 4 2
14 41 3 4
45 54 4 4
42 77 4 4
86 11 2 2
45 40 2 2
2 6 3 2
30 28 2 4
7 59 4 4
85 78 3 2
92 81 2 4
59 5 3 2
13 94 4 3
64 55 2 2
92 29 2 4
2 54 2 4
47 76 2 3
26 45 2 2
6 10 3 2
50 49 3 4
61 26 4 3
69 53 3 4
73 12 2 2
92 16 2 2
21 16 3 4
90 64 4 3
19 21 2 2
63 31 3 2
96 70 2 3
39 43 2 2
3 86 2 2
57 33 3 3
87 43 4 2
68 40 3 3
53 2 3 2
66 12 4 2
36 3 2 2
76 75 2 3
73 2 4 3
87 95 4 2
83 18 4 2
45 49 2 4
63 19 2 3
31 94 4 4
69 95 4 2
43 62 3 2
86 25 2 3
94 43 4 3
87 48 2 4
39 23 2 2
78 82 4 3
