31 7 2 2
51 19 4 3
3 96 4 2
8 45 3 4
38 34 2 2
81 83 2 4
62 16 4 2
24 48 4 2
68 66 4 4
63 76 2 3
71 43 4 2
88 10 2 2
45 58 2 3
41 15 2 3
32 71 3 4
19 9 4 2
76 5 3 3
81 23 3 4
67 79 3 2
90 59 3 4
18 28 3 3
44 11 4 3
83 62 2 3
72 51 3 4
34 39 2 4
10 21 3 4
3 65 4 2
32 11 2 2
63 11 3 3
5 79 2 2
61 85 4 2
22 78 3 2
90 45 3 3
56 19 2 4
85 73 4 2
53 49 2 4
34 19 3 4
68 40 4 2
26 55 2 3
29 80 4 2
19 82 3 2
94 89 3 2
85 50 2 4
50 83 4 4
76 13 2 2
80 10 4 4
30 34 2 2
39 70 2 2
8 53 4 2
66 29 4 4
54 43 4 4
5 6 2 2
59 30 2 4
59 89 4 2
21 33 4 4
33 65 2 2
67 60 3 4
53 70 4 2
17 48 3 4
13 85 4 3
45 50 4 3
10 91 4 3
61 5 3 2
32 86 3 3
68 74 2 4
51 10 4 4
9 40 2 3
95 84 2 3
59 10 3 3
58 64 2 3
84 47 4 2
88 81 4 2
66 53 2 4
38 3 4 3
13 15 2 3
93 12 3 3
72 81 3 4
35 55 4 3
81 68 4 4
16 41 2 4
32 46 2 4
27 68 3 3
16 2 4 4
66 94 4 4
3 21 3 4
31 27 3 2
22 3 3 3
44 83 4 3
83 76 4 4
89 87 2 4
44 89 4 4
52 58 4 2
41 50 2 4
27 73 2 2
87 17 2 4
73 28 3 4
11 32 2 3
61 24 2 3
22 90 2 4
8 56 4 3
54 34 2 4
33 30 3 2
87 69 3 2
3 14 3 3
27 63 3 2
19 20 2 4
48 68 3 3
10 4 4 3
41 45 3 4
49 41 4 2
26 15 3 2
94 50 3 3
82 15 2 2
14 57 2 4
2 77 2 2
93 24 2 4
13 75 4 2
91 21 2 2
83 32 4 2
57 76 3 2
94 79 4 4
42 25 3 4
81 55 4 2
24 82 2 2
82 2 2 3
89 52 2 4
17 67 4 2
8 11 4 3
51 94 4 3
79 19 2 2
77 59 2 3
12 67 4 4
48 57 2 2
76 51 2 2
31 56 2 2
60 54 4 2
39 94 2 3
13 38 3 2
13 78 4 4
32 4 4 2
76 79 3 3
93 37 2 4
3 38 3 4
65 2 4 2
78 72 2 4
57 38 3 3
76 46 4 3
12 42 2 4
47 79 2 2
48 44 4 2
23 72 2 4
81 28 3 3
69 6 3 2
57 93 4 3
28 84 3 2
25 89 4 4
6 60 3 4
61 59 4 4
47 74 2 2
90 32 4 2
95 5 2 3
30 92 3 4
4 82 3 3
82 89 3 2
39 41 4 3
72 62 2 2
73 37 2 3
36 89 3 3
49 25 4 3
30 51 4 4
63 42 3 3
76 22 2 4
72 71 3 2
65 20 4 4
47 36 3 3
8 73 4 2
15 33 4 4
57 15 2 3
79 39 4 4
57 53 2 4
19 58 4 2
36 75 3 2
31 39 2 2
92 5 2 2
45 21 4 3
23 40 4 2
96 44 2 4
66 83 2 4
67 89 4 2
74 89 3 4
95 68 3 4
51 75 3 4
36 51 3 2
69 35 3 4
7 33 3 3
39 11 2 2
63 29 2 3
38 85 2 3
73 66 2 4
40 63 2 3
38 7 4 2
6 88 2 4
28 26 2 2
60 71 4 4
46 30 4 2
41 81 2 2
7 68 3 2
22 43 3 3
43 4 3 4
62 38 2 3
77 86 3 2
58 6 2 2
85 25 3 4
18 15 4 2
82 50 2 2
66 47 4 3
35 35 2 3
74 17 2 3
29 19 4 3
52 4 4 2
75 96 2 2
77 33 4 2
24 18 4 4
2 48 2 4
3 28 4 4
85 36 4 2
64 68 2 2
86 39 4 4
46 25 2 4
16 9 2 4
2 73 4 3
25 10 2 3
82 35 2 3
26 35 3 4
95 55 2 4
35 45 2 3
71 93 2 2
16 22 2 3
41 31 3 2
86 64 4 4
37 59 2 4
83 92 2 4
47 4 4 4
22 25 4 4
18 77 2 3
63 94 2 3
91 72 2 4
55 82 2 3
21 63 4 3
83 6 2 3
