76 86 2 4
67 54 4 4
93 30 3 4
23 33 4 3
57 53 3 4
50 59 3 2
86 49 3 4
83 75 3 2
30 88 2 2
18 18 3 4
52 45 2 2
71 72 3 4
22 67 2 4
64 79 3 2
54 16 4 4
4 31 2 2
42 89 3 2
38 77 3 2
45 21 2 4
12 57 2 3
46 4 4 3
94 54 4 2
20 5 2 3
70 17 3 2
66 70 2 4
75 41 4 2
53 33 3 4
64 50 3 2
67 41 3 4
11 93 4 3
35 48 2 3
79 21 3 3
7 84 2 3
37 15 2 4
65 9 2 3
25 13 3 3
61 6 3 4
27 37 4 4
54 62 3 4
47 12 4 3
27 64 4 4
74 23 2 2
55 92 4 4
6 37 4 3
44 33 4 2
70 85 2 3
47 26 4 4
39 52 4 4
17 66 4 3
90 85 3 2
78 4 4 2
42 67 4 3
38 70 3 3
37 7 2 3
93 63 4 4
72 56 2 3
70 37 2 2
23 6 3 4
77 38 2 2
61 90 2 4
73 29 2 4
93 26 2 3
42 71 3 2
41 25 2 3
59 39 4 4
27 57 2 4
43 37 3 3
12 43 2 3
85 58 3 4
24 46 4 3
88 76 4 2
95 77 3 4
88 22 3 4
83 84 3 2
28 52 2 3
36 65 2 2
79 62 2 4
30 21 2 2
33 11 2 2
33 89 2 3
74 94 2 4
47 43 4 2
8 51 3 2
53 77 2 4
59 16 4 3
6 19 4 2
32 6 3 3
33 71 4 3
78 32 2 3
34 41 4 2
12 50 3 3
26 85 3 2
2 4 4 4
36 2 4 4
80 43 2 4
28 24 3 3
10 72 3 2
55 85 3 2
48 53 4 3
77 15 4 2
88 39 3 2
81 56 3 4
23 91 2 2
47 84 4 3
32 94 3 4
69 77 4 3
76 26 3 2
2 35 3 4
13 20 4 4
13 88 4 4
27 43 2 2
16 13 3 3
74 44 4 4
49 63 2 3
68 47 3 3
19 50 3 4
40 19 3 2
78 10 3 4
56 72 2 4
36 92 4 3
12 76 4 2
87 16 2 3
18 84 4 3
45 16 3 3
3 88 4 2
55 28 3 2
34 52 2 4
37 57 3 3
67 93 2 4
50 69 3 4
58 77 4 2
13 80 3 4
9 67 4 3
27 95 4 2
78 73 2 2
5 51 2 3
18 90 4 4
26 69 3 4
65 88 2 2
47 75 2 4
44 59 4 3
7 56 4 2
30 80 4 3
94 12 2 4
56 45 4 3
23 28 2 3
19 61 4 2
80 88 2 4
3 13 2 4
94 48 3 2
6 74 3 4
59 34 4 2
31 15 3 3
84 67 4 4
8 25 3 2
41 44 3 4
17 71 3 2
42 76 4 4
73 9 2 2
54 55 2 2
64 30 3 3
58 65 4 3
34 30 4 2
23 22 4 4
9 10 2 3
6 63 2 3
86 46 4 2
81 52 2 2
20 14 2 3
14 27 2 3
11 16 2 2
90 5 2 2
32 57 3 2
53 39 3 4
88 31 4 2
40 9 2 3
30 32 3 4
16 40 4 4
94 43 3 3
56 6 2 4
10 86 2 2
66 21 3 3
85 94 3 3
94 17 3 3
4 26 3 3
82 39 3 2
48 92 4 3
19 78 3 4
62 69 3 2
7 2 4 2
34 86 3 2
24 37 2 4
61 59 2 4
69 61 3 3
6 45 3 3
2 75 3 3
23 80 3 2
15 85 2 2
78 67 3 3
68 65 4 4
83 17 3 2
95 6 3 4
72 12 2 2
37 44 3 2
2 64 3 2
49 88 4 3
10 63 4 2
81 78 2 2
59 81 4 2
34 20 4 2
75 51 4 4
80 25 3 4
17 9 4 3
35 34 3 3
27 91 4 3
3 47 2 2
31 48 3 2
9 59 2 2
56 12 2 3
80 93 3 2
89 8 4 4
39 85 2 2
71 41 3 2
5 79 4 3
5 67 2 2
55 21 4 2
83 2 3 2
95 72 3 4
81 72 3 2
85 21 2 3
45 46 3 2
18 31 2 4
92 22 3 3
74 6 2 2
82 63 2 3
73 62 4 2
24 3 4 2
81 30 3 4
66 2 3 4
22 19 4 2
39 41 4 2
69 89 2 2
81 35 3 2
74 69 3 2
52 2 2 2
96 23 2 2
19 55 2 2
59 28 3 3
68 27 4 2
41 81 4 3
