32 43 3 2
52 30 3 3
61 44 2 2
8 78 3 2
33 78 4 3
94 49 2 3
54 11 4 3
54 71 2 3
24 66 4 4
10 2 2 2
81 33 2 3
11 13 2 4
63 35 2 2
46 74 2 2
45 51 3 2
46 70 3 3
73 56 3 4
89 36 2 4
50 68 2 2
3 33 3 2
8 36 3 3
87 60 2 2
40 83 4 4
53 24 2 3
80 20 4 4
57 50 2 4
18 79 2 2
12 54 2 4
90 23 4 4
84 76 2 4
59 79 2 2
4 57 4 3
72 27 4 3
6 65 2 2
19 84 2 3
91 88 3 2
87 5 3 3
27 12 4 2
39 44 3 4
21 27 2 4
16 8 4 3
38 28 2 3
33 13 3 4
25 92 3 3
36 50 3 2
53 77 3 4
83 14 2 3
41 27 3 2
11 92 3 2
85 65 2 2
15 13 4 4
91 43 4 2
79 37 3 3
2 47 2 4
61 55 3 4
45 5 2 3
38 62 3 3
89 47 4 2
13 42 2 3
59 5 3 3
6 51 3 3
28 46 2 4
93 16 3 2
66 51 2 2
52 37 3 4
77 48 4 4
42 58 4 2
4 7 4 4
47 62 4 2
71 22 2 3
80 67 4 4
75 72 2 4
67 18 2 4
80 2 4 2
91 80 4 3
5 70 4 4
92 38 4 4
48 41 2 4
59 72 3 2
74 45 3 2
26 84 3 3
66 81 4 4
24 57 4 3
39 38 4 3
54 55 4 3
28 15 4 2
85 42 2 4
18 38 4 3
19 74 2 3
14 50 2 2
92 6 3 2
21 7 3 2
67 93 4 2
43 61 3 4
8 24 2 3
6 94 2 4
14 76 2 3
19 91 2 4
83 51 4 3
66 62 4 2
17 55 3 2
72 16 4 2
89 64 3 2
31 92 2 3
43 72 2 4
34 3 3 4
29 6 2 2
88 28 4 2
85 30 2 4
18 61 4 4
81 26 4 2
54 44 3 3
90 72 4 2
2 20 2 4
48 26 3 4
41 66 3 4
27 71 2 3
71 34 2 4
18 3 2 3
23 40 4 3
66 37 2 2
77 4 2 2
73 49 3 3
96 22 2 2
9 82 4 2
19 42 2 4
55 86 2 3
79 94 4 2
37 12 4 2
64 76 2 2
14 22 4 2
58 16 2 3
11 68 4 3
45 79 3 3
10 61 3 4
85 55 2 3
66 86 4 4
95 87 3 2
50 49 4 2
23 51 4 2
38 16 2 3
15 60 2 2
3 3 2 3
54 63 4 2
80 80 2 2
90 68 3 2
32 19 2 3
8 91 2 2
50 72 2 3
42 51 2 2
34 89 4 4
8 12 2 4
62 13 4 2
69 71 2 4
54 2 4 3
67 5 2 3
73 82 3 3
45 13 2 2
18 68 4 4
66 71 2 2
61 49 2 4
57 22 2 3
79 53 2 2
31 36 3 3
86 92 4 4
62 21 2 2
71 79 3 2
82 63 2 3
92 56 2 4
79 57 3 2
37 33 3 4
24 2 2 3
46 90 2 4
35 61 2 2
36 83 3 3
56 6 2 4
67 54 4 2
60 61 2 2
35 24 4 2
76 10 2 3
17 30 2 3
5 46 2 2
84 47 3 3
49 6 4 3
32 67 4 2
90 10 3 3
34 46 2 2
82 90 2 3
27 31 3 2
30 63 2 2
21 13 2 4
3 16 3 2
89 54 2 4
67 42 4 3
63 91 3 2
46 19 4 2
18 50 2 2
41 18 4 2
46 84 3 4
95 55 3 4
45 37 2 2
11 46 2 3
7 40 2 3
66 66 4 2
9 8 2 3
61 68 2 3
89 51 4 2
63 31 2 3
24 76 4 4
2 42 2 4
41 92 4 3
62 25 4 3
71 88 3 2
14 29 2 3
71 39 2 2
32 55 3 2
79 13 3 3
88 17 2 3
83 8 3 3
59 88 2 4
10 73 4 2
3 82 2 4
31 25 3 3
16 86 2 4
2 68 2 3
49 79 3 2
23 81 2 2
16 92 2 3
86 83 4 3
79 41 4 3
36 57 2 3
24 16 3 4
93 61 3 2
94 12 4 2
95 9 3 2
77 24 2 4
45 31 3 2
51 82 2 3
27 25 2 4
76 77 3 3
29 66 2 4
21 18 2 2
78 30 2 3
49 91 3 4
76 88 4 4
38 79 2 3
50 14 3 2
64 46 3 4
3 25 3 2
56 33 4 2
