16 79 4 4
64 31 4 4
39 37 2 3
26 58 4 4
26 17 2 4
46 24 3 3
59 58 4 3
38 43 2 3
74 39 2 4
76 34 2 2
92 10 2 4
28 94 4 3
18 92 4 2
56 70 4 2
14 86 4 4
32 29 2 2
96 83 2 3
75 53 4 2
51 20 2 2
91 47 2 2
26 69 3 3
84 76 3 4
29 86 4 2
6 46 4 4
94 92 2 2
95 51 2 2
80 22 3 3
25 52 2 2
91 33 4 2
32 10 2 4
79 38 3 4
60 30 3 2
69 48 4 4
90 17 2 4
72 13 3 3
61 47 3 3
45 63 3 3
20 61 2 2
78 2 2 3
52 85 2 4
86 65 2 2
7 21 4 2
34 85 4 2
33 58 4 3
21 25 3 2
86 49 3 3
72 66 3 2
31 40 3 4
61 10 4 2
96 41 2 4
78 28 3 3
78 17 2 2
5 2 4 3
68 43 2 3
2 33 2 3
94 89 4 2
7 61 2 2
63 39 2 4
46 74 4 2
34 52 3 2
29 65 2 3
39 63 2 2
89 61 3 4
82 48 2 2
13 51 4 3
21 34 3 2
34 4 4 3
68 76 3 4
85 7 3 3
2 90 2 2
19 64 4 2
86 40 4 3
77 7 2 4
66 53 3 4
62 91 2 4
92 22 4 4
47 69 2 3
56 25 2 2
23 91 4 2
82 88 4 4
10 68 4 3
62 67 2 2
46 77 2 3
2 58 2 2
49 40 2 2
67 60 4 2
25 31 4 4
71 87 2 2
86 14 3 3
70 24 2 4
21 44 4 4
15 35 4 4
89 96 3 2
93 65 3 3
56 17 3 2
14 29 2 4
22 38 2 4
4 16 4 4
10 76 2 4
69 10 3 2
31 75 4 4
93 73 2 3
58 21 3 3
38 20 4 3
82 33 4 2
9 10 4 4
20 28 3 3
91 43 3 2
80 69 3 4
2 6 2 3
51 27 3 4
24 79 2 3
7 92 3 3
45 89 3 3
43 33 4 3
12 55 2 2
65 23 3 3
30 53 3 3
9 86 4 4
55 79 3 4
23 83 4 4
76 46 4 2
65 28 4 2
76 12 3 3
64 79 2 2
82 54 2 4
76 70 3 4
29 10 2 2
22 73 4 3
53 76 2 2
76 89 3 4
43 72 2 4
51 12 2 2
14 3 3 3
13 61 3 3
65 92 2 4
53 55 2 4
51 32 2 3
81 80 2 3
3 11 3 2
43 82 4 4
40 59 2 2
33 23 3 2
35 96 4 2
27 47 4 3
9 39 2 2
60 51 2 4
61 33 2 3
18 70 2 4
88 31 2 2
71 3 4 4
49 65 4 3
51 2 4 4
35 67 4 2
56 33 3 4
89 73 2 3
66 66 4 2
34 90 4 3
92 3 2 3
66 72 3 3
35 42 2 4
74 61 3 4
78 77 3 2
67 69 3 2
6 24 4 4
85 58 2 2
46 52 2 4
47 9 3 2
56 56 2 3
18 16 4 3
22 95 4 3
31 35 4 4
78 95 2 3
90 90 2 4
77 82 2 2
89 7 2 4
58 92 2 3
10 34 2 4
87 46 3 2
41 14 2 3
61 70 3 2
25 24 2 2
56 7 3 4
40 9 4 2
8 7 4 2
43 20 3 2
58 86 2 4
7 80 2 3
11 83 4 2
87 92 2 3
39 31 3 3
41 3 4 3
21 2 2 2
95 55 2 3
42 40 4 4
19 49 4 4
21 55 2 2
26 6 2 4
87 22 2 3
93 69 2 3
87 70 4 2
12 45 4 4
24 63 3 2
56 76 2 2
2 64 3 2
4 68 2 4
6 36 2 2
13 73 2 3
51 48 2 4
30 15 2 2
52 60 3 3
46 2 4 3
72 33 3 2
32 63 2 4
23 7 2 4
61 13 4 2
40 69 2 2
82 44 2 2
8 64 3 3
82 6 2 2
57 2 3 2
80 9 3 4
88 82 3 4
45 93 4 4
66 3 3 2
36 74 2 4
6 75 3 2
42 48 4 2
14 21 4 3
73 79 2 3
56 12 3 2
2 43 3 3
56 38 2 4
45 57 2 2
51 71 3 4
96 16 2 3
85 27 3 3
31 70 2 3
70 39 2 3
28 38 2 4
43 27 2 2
29 27 2 2
94 78 2 4
90 54 4 4
38 12 2 4
44 17 2 2
5 33 3 2
71 69 3 2
69 83 3 2
9 30 4 2
