6 7 2 3
91 21 3 4
66 51 4 3
58 39 2 3
6 65 4 3
18 72 2 2
89 27 3 3
79 15 3 3
54 93 3 4
58 5 3 2
53 56 4 2
29 55 3 4
56 9 3 3
77 91 4 3
19 18 4 2
33 73 4 3
66 3 2 3
9 78 3 4
35 14 3 3
70 23 2 2
33 50 2 4
42 52 3 4
20 49 3 4
29 20 3 3
71 51 2 4
3 51 4 4
52 34 2 4
30 72 2 4
14 34 3 3
84 11 3 4
17 10 3 4
30 44 2 2
35 89 4 4
24 54 3 2
27 82 3 4
17 25 2 4
36 68 3 3
79 33 2 2
77 10 4 2
93 27 2 4
7 48 3 2
17 81 4 4
10 18 2 3
45 39 3 2
86 48 4 2
83 88 4 2
37 51 3 3
33 33 3 3
77 6 2 3
45 78 2 4
26 90 2 2
92 38 4 4
31 89 2 2
34 18 3 4
9 93 2 4
32 63 3 4
80 43 3 2
44 44 4 3
90 55 4 3
11 88 3 2
95 74 2 2
37 94 2 4
37 10 4 3
55 17 4 3
18 5 2 2
60 76 4 4
65 24 4 2
25 25 2 4
44 21 2 2
38 80 3 4
85 92 3 3
69 62 3 2
86 36 2 2
62 94 3 2
14 54 3 3
76 58 2 3
38 31 2 4
24 39 4 4
27 35 4 2
7 69 4 4
28 47 4 4
78 70 2 4
52 25 4 4
74 51 4 4
21 65 3 3
13 62 4 2
33 8 3 4
71 92 2 3
54 74 4 4
39 16 3 3
79 27 2 4
64 36 2 4
10 36 2 2
24 47 3 4
63 29 3 2
45 35 2 3
3 39 4 4
75 44 4 4
41 70 2 4
41 87 2 4
66 90 3 4
89 7 4 4
84 65 2 4
23 70 4 2
93 65 4 2
31 93 3 4
64 62 4 3
43 15 3 4
6 11 4 4
28 78 2 3
69 73 2 3
25 16 2 2
29 16 3 2
73 13 2 3
48 68 4 4
25 32 3 2
4 24 4 4
93 82 3 4
79 52 4 2
70 83 2 2
4 95 3 3
41 36 2 2
19 36 2 2
45 59 3 2
62 70 2 3
22 58 2 3
54 88 4 4
25 87 3 2
87 83 4 2
24 7 3 2
65 76 2 4
64 55 4 2
43 24 4 3
85 45 2 2
47 10 4 4
48 20 4 2
50 48 4 3
58 30 4 4
81 65 2 3
51 82 2 2
82 38 2 3
60 59 2 4
41 6 2 2
70 6 4 3
59 45 3 3
13 46 4 2
45 84 3 4
2 63 3 4
85 59 4 3
45 65 2 4
95 56 3 4
60 10 3 2
69 68 4 3
14 71 2 2
53 5 4 3
61 85 2 2
94 11 3 3
67 29 2 3
45 5 4 3
86 5 2 4
54 80 4 3
15 88 3 2
39 20 3 3
25 12 2 2
72 2 3 3
35 45 4 4
76 23 2 3
72 80 4 2
93 94 2 4
3 78 3 2
29 68 4 3
91 3 3 3
68 17 4 3
42 9 3 2
17 42 2 2
42 92 4 4
2 21 3 2
35 40 2 4
93 34 3 3
68 47 3 3
12 49 3 4
88 63 4 4
86 20 4 2
4 72 2 3
5 31 4 4
81 74 2 3
30 7 2 3
82 95 2 3
55 52 3 3
37 3 2 2
86 53 3 2
85 75 4 2
94 87 2 2
20 25 2 3
60 22 3 4
96 24 2 3
37 60 3 2
55 33 2 2
11 28 2 4
90 15 3 3
11 8 4 2
45 73 2 4
34 78 2 3
30 27 3 4
27 61 4 4
4 82 2 4
68 12 2 3
71 41 3 2
91 43 3 3
13 23 3 3
93 68 2 3
81 78 3 4
79 58 4 4
80 85 2 2
62 2 3 2
87 68 2 2
17 50 2 2
11 40 2 2
90 75 2 4
91 48 3 4
34 3 2 3
54 43 2 2
71 32 4 4
49 65 3 2
9 58 4 2
49 33 2 3
60 64 3 4
25 73 3 4
52 60 4 4
74 86 4 2
91 87 2 3
19 86 3 2
32 37 2 2
3 9 2 4
62 81 3 3
53 13 4 2
12 14 4 2
2 32 2 4
30 12 2 3
13 91 4 2
53 68 4 3
15 3 2 3
80 22 3 4
23 3 4 3
41 28 4 4
47 50 2 2
69 86 3 2
55 21 2 3
95 16 2 2
51 89 2 3
