10 55 2 2
74 56 2 4
74 85 2 4
17 94 2 4
95 14 3 2
6 46 2 2
55 6 3 3
62 71 3 4
27 65 2 3
50 32 4 2
27 10 2 4
25 17 2 4
73 6 2 4
71 31 2 2
63 35 4 4
46 90 4 2
7 83 4 2
84 65 4 2
46 72 3 3
2 52 4 3
87 45 3 3
35 72 3 2
74 24 2 2
12 39 4 2
11 69 2 2
21 58 2 4
4 39 3 3
11 48 4 4
23 31 2 3
89 7 2 4
46 15 3 4
84 79 2 4
38 52 3 2
92 59 2 4
64 81 4 4
19 78 2 3
57 34 4 2
87 27 4 3
86 20 4 4
86 56 3 3
37 57 3 3
53 56 4 4
35 34 4 4
69 89 3 4
16 26 2 3
47 21 3 4
77 59 2 4
74 18 2 4
17 60 3 4
81 88 3 4
47 83 3 4
58 82 3 2
44 11 3 3
91 46 3 2
91 35 4 2
3 6 2 3
46 26 2 4
8 4 3 3
16 82 2 4
29 4 4 4
36 14 2 2
50 45 4 2
39 82 4 4
9 75 2 4
80 29 4 4
72 73 2 2
87 33 3 3
78 38 3 2
40 93 3 4
19 39 2 3
25 84 2 4
65 63 3 3
21 52 3 3
46 48 2 2
19 12 2 4
49 96 4 2
19 3 3 2
56 75 2 2
93 83 2 2
77 47 2 3
44 56 4 4
21 65 2 4
87 74 2 4
31 51 4 3
66 18 4 3
69 2 2 2
53 38 4 4
46 2 2 4
72 64 3 4
21 93 2 2
95 23 2 2
77 23 3 2
87 13 2 2
6 22 4 2
55 17 4 4
41 32 2 4
56 22 3 4
94 6 2 3
84 16 4 2
23 5 3 3
60 53 4 3
28 90 2 3
73 12 3 4
10 15 3 4
77 85 3 3
81 74 3 4
41 70 2 2
24 45 3 4
35 29 2 2
94 77 4 3
64 30 3 4
26 31 3 3
36 65 3 2
28 55 2 3
5 35 4 3
66 45 4 2
85 5 2 4
62 88 3 3
76 71 3 4
16 17 4 3
3 67 4 3
72 38 3 2
37 40 3 2
81 24 3 4
96 64 2 2
87 84 2 2
77 42 4 4
92 51 2 3
47 68 2 3
11 27 2 2
92 17 3 3
75 78 4 2
11 12 4 2
14 4 4 3
55 85 2 2
32 44 2 3
68 7 4 4
66 75 4 2
75 31 2 2
44 63 3 3
76 94 2 4
13 77 4 4
3 75 2 3
16 30 3 2
31 95 2 2
78 6 3 4
56 50 3 4
92 28 4 3
79 51 3 4
36 85 2 2
91 94 4 3
21 25 3 2
40 17 2 3
59 94 4 4
4 58 3 4
82 61 3 3
30 61 4 2
80 79 3 4
61 10 2 4
59 89 2 2
12 95 4 2
5 10 2 4
8 58 2 2
42 42 2 3
27 22 2 4
38 49 2 2
44 80 3 2
22 73 4 2
11 43 2 4
22 84 2 2
11 58 2 3
39 23 4 2
44 34 2 3
87 89 4 4
24 91 2 3
34 75 2 3
41 37 2 2
83 96 2 2
88 62 3 2
30 39 2 2
8 28 2 2
41 12 2 3
94 68 3 3
23 78 3 4
50 12 2 3
3 91 2 3
40 27 4 3
91 40 4 2
66 22 3 2
51 75 4 2
2 84 2 4
10 34 4 3
82 19 2 2
4 80 2 3
49 79 3 3
4 30 3 3
42 49 3 3
23 96 3 2
62 20 2 2
66 2 2 3
6 91 4 4
65 57 4 4
47 31 2 4
19 9 4 2
10 63 3 4
61 23 2 4
37 44 3 2
49 27 3 2
90 3 4 2
18 70 2 3
14 9 4 2
94 86 3 2
28 69 3 4
27 81 3 2
87 79 2 2
70 41 4 3
52 8 2 3
42 46 2 2
60 61 2 4
79 12 3 4
91 86 2 2
96 54 2 4
52 16 2 3
18 48 3 2
90 79 3 3
31 33 2 2
55 92 2 4
92 74 3 2
84 37 3 4
34 6 2 2
20 45 3 2
53 67 3 4
56 45 2 4
37 2 4 2
68 68 3 3
48 7 3 3
38 5 2 3
86 70 2 3
28 74 4 2
62 45 3 4
31 15 3 2
22 35 4 3
70 78 4 4
31 85 2 3
43 5 2 3
52 63 3 2
4 17 4 4
12 22 4 3
52 35 3 2
42 2 2 2
