95 13 2 4
76 39 3 2
15 10 2 4
58 94 2 2
8 71 3 3
43 22 4 3
41 77 3 4
65 5 3 2
18 86 4 4
25 78 3 3
88 32 3 3
27 60 3 3
31 84 4 2
7 53 3 4
31 64 4 4
69 10 4 3
9 21 4 3
53 12 4 3
82 19 4 4
73 49 2 3
13 37 4 2
48 58 3 4
89 53 4 4
74 32 2 4
45 43 2 2
40 27 2 2
46 3 2 2
52 50 3 2
87 25 3 3
83 70 2 4
13 88 3 3
15 69 3 4
72 89 2 4
39 7 2 4
32 41 2 3
61 46 3 4
51 55 4 2
19 14 3 3
21 38 3 2
2 32 3 2
88 2 2 2
80 50 3 2
62 34 4 3
48 92 2 3
91 3 3 2
61 75 4 4
13 3 2 3
36 37 2 4
40 90 2 3
41 50 2 4
84 26 2 4
19 21 2 3
34 28 3 4
32 5 4 3
43 34 4 4
25 34 3 2
84 75 4 4
2 57 2 2
9 58 3 4
81 7 2 4
72 43 4 4
32 54 4 3
5 45 2 3
66 71 4 2
31 81 2 2
79 87 4 3
50 80 4 4
72 62 2 4
20 50 3 3
31 95 2 3
81 82 4 2
53 20 2 3
72 69 4 2
68 48 3 3
49 11 3 4
58 69 2 3
90 78 4 2
19 31 4 3
9 32 3 2
44 6 2 2
82 63 3 3
87 91 2 3
44 84 3 4
17 25 3 2
91 20 2 3
78 44 3 2
22 71 4 4
55 74 4 2
61 3 3 3
23 4 3 4
71 24 2 3
7 66 4 3
26 51 4 2
2 71 2 2
18 77 3 3
62 15 2 2
17 49 2 2
94 72 3 2
88 60 2 4
9 15 3 2
26 12 3 3
93 85 3 4
32 17 3 2
24 55 3 4
92 32 2 2
71 54 2 4
28 93 2 4
57 64 4 2
30 11 2 3
43 56 4 3
42 12 2 2
13 78 3 2
87 86 2 2
95 28 2 4
39 31 2 4
54 39 3 3
78 93 4 2
24 94 3 4
78 17 3 3
11 50 4 2
26 22 2 4
64 25 4 4
94 65 2 2
25 40 2 2
7 40 4 3
66 52 3 3
61 51 3 2
20 43 3 4
95 10 2 2
95 78 2 4
75 82 4 3
26 43 2 3
3 75 4 3
48 19 3 4
52 87 3 3
45 66 4 3
11 26 2 4
4 93 3 4
65 16 4 4
25 30 2 2
86 81 3 4
18 3 3 4
91 67 2 2
91 39 2 2
48 28 3 3
52 61 3 4
23 62 2 3
95 22 3 3
86 13 3 3
3 19 3 3
76 66 2 2
61 83 4 4
49 33 3 4
58 30 2 2
62 93 2 3
46 78 2 4
92 93 3 2
24 17 2 3
75 19 2 2
56 87 2 4
62 62 2 4
61 21 4 3
14 33 3 2
72 80 2 3
19 82 3 3
79 53 3 2
37 18 3 4
8 77 3 2
83 34 4 3
31 75 3 3
82 57 2 3
77 22 2 2
13 45 4 3
67 75 3 2
68 59 2 4
36 78 4 3
6 6 3 2
2 9 2 2
71 30 2 3
87 47 4 3
38 44 4 2
63 40 4 3
34 50 4 2
95 59 3 3
36 59 4 4
17 91 2 2
95 36 3 4
66 44 2 3
48 6 3 4
44 73 2 2
13 15 3 3
75 75 2 3
48 73 3 2
43 28 3 2
81 39 2 4
69 82 2 3
65 91 3 3
56 44 3 2
65 10 3 4
78 12 2 4
25 87 4 3
86 40 2 4
11 63 3 2
18 36 2 3
92 27 2 2
16 53 2 4
29 70 3 4
20 54 3 4
60 58 4 3
28 56 3 3
91 73 2 4
80 28 3 4
52 77 4 2
58 23 2 2
95 6 2 2
9 10 4 2
33 13 2 3
24 67 2 3
73 96 2 2
94 49 4 4
54 5 2 3
24 83 2 3
55 31 2 4
46 47 4 2
87 6 2 3
29 29 4 4
8 45 3 3
7 35 2 3
37 82 4 4
21 91 2 2
27 65 3 3
66 64 3 3
56 50 3 3
30 23 4 3
75 5 3 4
6 90 3 2
85 54 3 4
32 46 3 3
48 24 2 2
58 38 3 3
83 67 4 2
3 86 2 4
57 9 3 2
10 94 3 4
69 2 2 3
40 72 2 4
40 3 2 3
3 35 2 4
91 63 2 3
55 84 3 2
