86 84 3 3
92 20 3 2
36 64 3 4
31 83 4 3
20 28 3 2
33 14 4 4
46 22 3 3
7 2 2 4
19 44 3 3
9 43 3 2
26 75 3 2
3 45 3 4
59 78 2 2
80 23 2 2
22 73 3 2
18 84 2 4
27 17 3 4
46 86 2 3
65 63 4 2
40 53 2 4
77 86 4 2
60 46 4 3
30 38 3 2
56 75 3 2
76 13 2 3
43 42 4 2
50 41 2 3
16 78 4 3
91 4 4 2
85 44 2 3
86 90 4 2
52 25 2 3
37 87 4 3
28 4 3 4
82 53 4 3
58 54 3 3
13 86 2 4
6 22 3 2
47 62 4 4
30 68 2 2
22 63 4 4
17 51 2 2
83 70 4 2
92 11 3 3
74 38 2 2
67 27 4 2
90 94 2 4
46 94 2 2
91 26 4 2
53 56 2 2
55 23 2 2
51 22 3 2
77 73 4 4
6 11 2 4
76 47 2 4
71 12 2 3
49 13 2 2
95 42 2 4
93 58 4 3
5 59 4 2
71 55 2 2
73 94 4 3
37 38 4 4
12 2 2 4
60 32 3 4
92 78 3 3
33 44 3 4
9 27 4 2
18 5 3 3
44 14 3 3
17 18 4 3
33 77 3 2
4 32 2 2
56 83 4 4
37 77 3 4
78 69 4 3
57 67 3 2
89 63 2 4
40 71 3 4
78 94 3 3
64 2 3 3
76 27 3 2
34 93 3 4
8 82 2 4
60 11 3 3
21 34 4 3
61 61 3 2
18 13 3 3
31 73 3 3
7 76 4 3
38 83 3 2
15 94 3 4
90 54 4 2
4 67 4 2
51 16 4 3
25 42 3 4
37 52 2 2
83 7 3 4
88 41 3 2
57 59 3 2
72 89 4 4
90 68 4 3
82 28 4 3
65 83 4 2
67 11 3 3
48 32 4 3
75 18 4 2
53 6 2 3
83 34 3 3
44 79 2 3
90 85 2 3
15 73 4 4
11 23 4 3
58 91 4 3
43 4 3 4
37 2 3 4
71 30 4 2
54 65 2 4
56 70 3 3
25 27 3 2
48 81 2 3
11 8 3 3
14 18 2 3
34 60 4 2
28 93 2 4
62 17 3 4
28 13 3 3
74 71 2 3
94 74 3 3
48 67 3 2
68 79 3 3
83 2 4 2
27 31 3 3
16 63 3 3
23 55 2 3
29 45 3 2
71 63 4 4
15 40 2 4
3 53 4 3
72 79 4 3
8 70 4 4
47 6 3 2
75 21 3 3
64 7 4 2
78 6 3 3
42 93 2 3
94 34 2 3
58 23 2 3
5 86 2 4
23 38 4 3
42 38 2 2
25 8 2 2
94 29 2 2
68 71 2 2
70 45 2 4
19 38 2 2
93 85 3 3
57 40 4 4
52 90 2 4
43 45 2 3
82 14 3 4
63 27 3 3
38 19 2 3
30 56 3 3
53 78 2 2
67 31 2 4
20 69 4 2
69 50 2 4
79 55 2 2
30 25 2 2
6 62 4 2
3 95 3 2
14 32 2 3
68 18 4 2
84 93 2 4
52 48 4 2
87 28 3 4
4 71 2 4
91 15 2 2
32 4 2 4
3 17 2 4
57 19 3 2
84 78 2 3
21 60 4 2
17 90 2 3
95 91 3 3
88 35 2 2
26 48 4 2
63 24 3 2
49 73 4 3
86 19 4 3
21 91 2 4
93 49 3 4
43 52 2 4
24 16 2 4
65 41 2 4
20 49 3 3
55 29 3 3
80 64 2 2
14 47 4 3
61 8 2 2
16 60 3 2
58 5 4 2
46 71 2 3
51 51 2 4
69 7 4 3
86 59 2 3
77 39 4 2
80 78 3 3
69 68 2 2
23 21 3 4
83 90 2 2
89 44 4 4
42 76 3 2
66 87 3 3
11 64 3 4
73 34 4 2
48 3 4 2
74 2 4 3
41 24 2 2
77 43 4 2
34 30 2 2
2 41 2 2
8 54 3 3
65 57 3 3
32 89 3 2
21 85 2 2
78 91 2 2
28 51 2 4
71 21 2 2
48 46 2 2
93 82 3 2
8 30 2 4
39 11 2 2
87 10 4 2
87 49 2 4
33 67 2 2
44 31 2 4
19 22 2 4
87 75 2 2
61 68 3 3
15 36 2 2
91 30 2 3
50 86 3 2
66 37 4 3
4 82 3 3
85 38 2 4
51 10 3 2
63 51 2 4
28 81 2 4
