53 47 3 3
90 59 2 3
85 94 2 2
8 73 2 3
65 20 3 4
31 13 4 3
61 94 3 3
54 77 3 4
96 13 2 4
80 24 4 4
81 70 2 4
83 43 3 4
37 36 4 4
14 70 4 2
71 81 4 3
27 24 2 3
94 43 4 2
86 19 2 2
56 19 4 2
90 45 3 3
26 3 2 2
44 5 3 2
8 40 3 2
64 77 3 3
20 66 2 3
85 60 3 2
89 71 2 2
74 63 2 3
68 44 4 3
84 90 3 2
68 57 4 2
23 45 2 4
5 25 4 3
69 64 3 3
35 87 2 4
50 13 2 2
57 93 3 4
84 8 3 4
45 36 3 4
61 50 2 3
14 90 3 4
77 65 2 3
79 89 3 3
51 71 2 2
71 60 2 2
55 2 4 4
92 80 4 2
45 81 2 4
89 41 3 2
12 40 4 3
69 68 2 3
70 48 3 4
78 61 4 2
3 45 2 2
85 66 4 2
91 20 2 2
67 94 3 2
55 30 3 2
75 21 3 4
88 75 2 3
76 33 3 2
77 44 4 4
65 89 2 4
24 83 4 3
76 50 3 4
43 60 2 4
45 53 2 3
42 29 4 2
13 54 4 3
47 18 2 2
61 16 2 4
69 8 2 2
35 68 4 3
32 83 3 2
5 31 3 3
64 30 3 4
69 39 2 3
8 2 4 4
94 91 2 4
74 72 2 3
25 90 4 2
13 34 4 4
26 76 2 4
21 8 3 3
52 22 2 3
47 41 4 2
18 87 4 4
35 43 3 2
52 90 3 2
19 18 4 2
40 24 3 4
12 83 3 3
27 73 4 2
64 10 3 2
55 69 4 3
2 96 4 2
95 30 3 4
56 39 4 2
13 21 4 3
31 94 4 2
63 71 3 3
8 91 2 2
57 87 2 2
58 61 4 4
11 28 4 3
64 84 3 4
44 86 2 2
84 40 3 2
51 53 4 3
74 95 3 3
31 17 3 3
13 46 4 2
93 8 2 2
18 36 3 2
5 67 2 3
45 12 3 4
5 80 4 4
81 65 3 4
46 91 2 2
90 83 3 2
15 61 4 2
80 33 3 2
68 84 2 2
75 8 3 3
8 54 3 2
57 13 2 4
25 94 4 2
79 76 4 4
60 6 3 3
39 83 2 3
54 26 4 2
87 53 4 3
23 30 4 3
3 2 3 4
93 68 2 3
54 42 4 2
79 39 4 3
46 33 3 2
84 84 4 3
53 85 2 4
83 51 3 3
24 52 3 2
27 62 2 2
75 37 3 2
76 27 2 2
36 19 3 4
81 3 2 4
11 11 3 3
27 58 2 2
85 48 2 2
3 73 2 4
15 5 3 4
38 60 2 4
49 57 3 3
40 19 3 3
19 56 4 3
14 15 3 2
40 44 2 4
55 59 2 3
13 76 3 3
26 37 2 3
42 72 3 2
49 65 4 2
7 59 4 2
35 75 4 4
27 67 2 2
73 92 4 2
22 25 3 3
20 92 4 3
51 3 3 2
53 13 3 2
40 16 3 2
8 49 2 2
49 95 4 2
15 51 3 2
34 27 4 3
77 14 3 2
30 24 4 2
46 76 4 4
28 41 4 2
33 60 4 4
92 55 3 3
31 6 2 3
7 9 2 3
45 44 4 4
27 8 3 4
17 11 3 3
50 36 2 4
61 80 2 3
73 41 3 4
31 68 2 4
30 47 4 2
50 8 4 2
74 13 2 2
61 39 2 4
19 22 4 2
92 36 3 4
63 62 3 3
52 16 2 4
2 41 4 3
6 15 3 2
67 27 3 2
64 6 3 2
38 89 2 2
10 18 2 2
27 16 3 4
6 18 2 4
38 94 4 3
29 37 3 2
20 75 3 4
87 34 2 4
71 18 2 3
21 5 2 2
94 49 2 4
21 60 4 2
79 81 2 2
37 55 2 2
61 10 2 2
82 17 3 4
45 23 2 4
65 36 2 4
42 51 2 3
61 66 3 2
31 54 2 3
50 48 2 3
88 25 2 3
65 66 3 4
2 93 4 2
63 57 2 3
79 56 4 2
45 50 3 2
59 75 4 3
72 30 4 2
21 13 3 2
24 70 2 2
89 94 2 2
35 4 2 3
62 27 4 2
33 80 3 2
76 2 2 4
29 50 2 2
96 3 2 4
89 30 2 3
74 58 2 3
46 70 2 2
59 31 4 4
92 16 2 2
43 94 4 4
41 75 2 4
92 72 4 2
