85 50 3 2
89 34 4 3
23 39 2 3
21 7 2 4
78 36 3 4
47 80 4 3
54 49 4 2
47 7 2 3
57 65 3 4
65 93 4 2
38 92 4 3
72 90 2 4
7 44 3 2
10 6 2 2
32 38 4 3
31 59 2 4
62 87 2 2
79 46 3 4
36 63 4 4
64 75 4 3
19 84 2 3
91 48 2 3
86 74 2 2
33 5 4 3
93 63 4 4
9 84 3 2
48 4 2 2
79 87 4 4
72 20 3 2
69 68 3 4
42 7 4 4
13 26 2 4
89 69 4 4
53 5 2 3
9 69 4 2
19 15 4 4
84 78 2 3
86 19 4 2
45 75 3 2
44 86 4 3
91 82 2 2
52 15 2 4
13 76 3 3
91 31 4 2
86 6 2 4
87 3 4 2
85 25 3 4
40 68 3 3
16 10 2 2
78 16 3 2
20 65 2 2
69 57 3 4
83 67 2 4
25 67 3 2
78 29 3 4
45 92 4 2
11 18 2 4
63 28 3 2
41 49 4 2
17 29 4 2
59 80 2 3
73 72 4 4
52 58 2 2
38 32 4 2
57 59 2 4
40 46 2 2
42 16 4 4
51 72 4 3
5 61 4 4
79 81 2 3
28 85 3 3
49 44 2 2
59 29 2 4
94 73 4 4
42 3 2 3
32 23 3 2
57 14 3 3
62 49 3 4
77 10 3 2
8 88 3 3
34 54 3 3
21 2 4 2
52 2 2 2
13 31 2 4
89 94 4 4
94 93 2 3
13 81 2 4
52 20 3 3
20 78 2 3
89 6 2 3
26 93 4 2
9 96 3 2
77 24 4 3
28 29 2 3
54 79 4 4
58 21 3 2
71 49 4 2
28 3 2 2
27 74 3 2
4 36 3 4
15 50 4 3
6 47 3 3
5 17 3 3
92 86 4 2
47 66 2 4
19 93 4 4
75 37 2 4
65 33 4 2
50 91 3 2
4 93 2 3
66 42 2 4
3 53 4 3
24 61 2 2
86 63 2 2
10 50 4 3
14 66 3 2
47 53 2 2
2 89 2 3
54 95 3 2
22 82 3 2
33 74 3 2
41 53 2 2
74 77 2 4
31 95 3 3
84 83 4 3
51 30 2 4
25 6 3 3
89 76 2 4
66 86 3 2
91 12 4 2
74 14 3 4
77 58 3 3
45 36 2 4
32 48 2 2
61 35 3 4
36 58 2 3
19 39 3 2
16 32 2 4
39 12 2 3
19 58 4 4
6 77 2 3
60 72 2 3
81 63 2 3
82 39 3 2
23 75 3 4
58 2 3 2
43 41 2 2
68 4 2 2
20 34 3 4
70 10 2 3
82 15 2 2
50 64 2 2
78 64 2 3
41 83 2 4
93 16 4 3
15 43 4 4
56 70 2 4
11 54 2 4
34 35 2 2
3 70 2 2
24 24 2 3
16 3 4 3
35 69 3 2
20 49 4 4
65 16 2 4
36 42 2 4
17 72 3 2
24 11 3 2
94 34 2 4
3 83 3 3
52 42 3 2
7 30 3 2
70 25 4 2
51 10 4 3
55 24 2 3
37 73 4 2
51 36 3 4
34 26 4 4
15 40 3 2
88 89 2 4
86 59 3 2
2 78 3 3
44 95 3 2
75 91 3 2
22 45 2 2
39 24 4 3
36 47 2 2
46 61 4 2
57 11 2 2
27 96 3 2
11 3 2 2
54 30 3 2
94 20 4 2
3 8 3 2
75 83 3 4
74 2 4 3
29 82 3 2
39 20 2 3
83 3 2 3
38 7 3 3
89 27 2 3
34 89 3 4
62 66 3 3
32 12 4 3
31 55 2 2
63 60 2 4
47 23 2 2
60 62 2 2
92 3 3 4
74 55 2 3
24 90 3 2
91 58 4 2
93 26 4 2
87 43 2 3
8 93 4 2
61 14 3 2
53 54 3 3
62 31 2 2
65 89 2 3
8 35 2 2
81 95 2 3
67 9 2 3
69 54 4 2
38 82 2 2
82 75 2 2
28 45 2 3
70 84 4 4
25 15 3 3
44 57 2 3
66 80 2 2
38 35 4 2
84 55 3 3
2 23 2 3
73 64 4 3
90 62 2 4
65 54 3 2
56 33 2 2
10 15 2 2
36 16 4 2
31 64 3 4
79 5 2 3
67 49 2 2
23 70 2 3
38 96 2 2
4 2 3 3
31 27 2 4
70 65 2 2
96 12 2 3
46 44 2 2
54 92 3 2
