39 62 3 3
74 77 4 2
68 35 4 3
74 6 3 3
42 9 4 3
28 54 4 2
16 83 4 2
61 5 2 4
40 38 2 2
45 49 4 3
61 18 3 3
23 8 3 4
26 49 4 4
47 39 2 2
43 5 2 3
17 50 4 4
67 19 4 3
40 30 4 2
79 25 4 3
22 17 4 2
57 22 2 4
28 39 3 2
47 71 3 2
19 3 3 3
33 89 2 2
14 63 3 4
80 83 3 2
5 83 3 3
22 44 4 4
15 86 3 3
86 78 2 2
73 95 4 2
58 11 3 2
95 33 2 4
16 16 3 3
8 43 4 2
22 39 2 2
23 68 4 2
63 52 2 4
64 11 3 3
56 95 2 2
16 9 2 4
53 6 4 2
46 21 4 4
90 2 3 4
54 53 2 4
64 39 2 4
78 37 3 4
32 69 3 3
79 45 2 4
90 38 3 3
31 25 3 3
13 11 2 3
50 17 3 3
55 65 3 4
27 7 2 4
13 79 3 3
71 80 4 2
62 73 2 2
84 69 2 4
85 24 4 3
6 30 4 2
84 84 3 3
58 73 3 3
43 34 2 3
56 46 4 2
71 55 4 4
85 93 4 3
77 11 3 2
3 40 3 3
72 41 2 4
4 35 4 4
28 21 2 3
33 76 2 3
62 90 3 4
32 64 2 3
42 79 4 2
88 35 2 2
57 83 4 2
59 67 2 2
89 56 3 3
12 52 3 4
32 6 3 2
57 78 3 3
35 19 4 4
68 87 4 3
68 60 2 3
45 27 4 4
44 42 3 3
32 15 4 2
93 69 2 3
24 74 3 3
36 76 2 3
36 69 4 2
10 91 2 4
50 45 4 2
44 94 3 3
3 91 3 4
81 79 2 3
25 90 3 3
6 13 4 2
27 27 3 4
62 60 3 2
39 82 3 3
24 21 3 3
37 33 3 3
46 65 4 2
40 43 2 3
48 79 4 3
2 72 3 4
5 24 3 4
93 53 3 3
11 35 3 3
79 20 2 3
84 44 4 3
73 34 4 3
43 74 2 3
3 15 2 2
52 89 4 2
77 62 2 3
74 91 4 3
7 66 4 2
39 89 2 2
65 8 2 2
73 49 4 2
15 36 3 4
47 14 3 2
14 22 4 4
96 79 2 3
6 70 2 2
8 77 3 3
12 32 3 2
22 60 4 2
44 18 2 2
93 43 4 2
33 85 3 3
27 59 3 4
19 44 2 3
85 89 2 3
89 14 4 2
51 71 2 4
33 39 2 2
32 92 4 3
54 24 2 3
55 3 4 2
37 47 3 3
69 75 2 2
84 30 3 4
26 33 2 4
76 18 2 2
52 11 4 2
13 3 3 3
18 91 3 3
37 52 2 2
11 17 3 2
6 54 2 4
35 65 2 3
9 57 3 4
65 28 4 4
46 75 3 3
40 57 4 3
70 15 4 2
93 93 4 3
3 20 3 2
71 28 4 2
90 65 3 3
4 59 4 2
34 57 2 4
35 24 2 2
9 25 2 2
19 55 4 4
11 62 2 3
20 13 3 3
88 18 4 2
50 86 3 2
22 34 2 3
62 46 3 3
32 36 2 2
54 30 4 2
41 68 4 3
14 29 3 2
64 81 3 2
9 70 3 3
77 71 3 4
64 34 2 4
38 72 2 2
32 49 4 4
41 16 2 4
51 14 2 2
60 51 2 4
48 6 4 4
70 52 2 2
93 48 3 4
55 74 2 2
28 80 4 2
55 40 2 4
88 89 4 3
92 78 3 2
18 74 2 3
60 29 4 2
75 86 2 2
73 65 3 4
21 29 3 2
91 11 2 2
4 45 3 2
80 51 4 2
76 80 2 2
70 11 4 2
75 15 3 2
78 6 3 2
80 63 2 4
54 85 2 3
58 57 3 2
51 96 4 2
11 40 3 2
36 41 3 4
81 11 2 4
86 64 2 4
25 95 2 3
89 7 2 2
50 49 2 2
37 12 2 4
91 73 2 3
95 22 3 4
70 67 2 4
60 36 2 4
13 45 4 3
79 34 4 2
22 26 3 2
82 21 2 2
14 73 2 4
17 78 4 2
88 49 4 4
2 79 4 2
9 96 4 2
6 4 3 2
55 33 4 4
14 91 2 2
31 10 3 4
2 3 3 4
29 93 2 3
25 81 2 2
87 39 2 2
2 10 2 2
69 93 2 4
84 9 2 3
75 3 2 2
66 56 2 3
23 63 2 3
66 2 3 2
