75 85 4 3
95 89 2 3
35 53 3 2
30 92 3 2
33 16 2 2
2 74 2 3
42 49 2 4
35 23 2 4
12 42 3 3
96 59 2 4
52 11 3 4
57 38 3 3
13 93 3 4
42 70 4 4
93 68 2 2
11 56 2 3
57 3 4 2
44 23 2 2
62 70 4 3
63 46 2 2
16 5 2 4
73 93 4 2
49 69 3 4
14 26 4 2
29 37 4 3
60 53 2 4
23 37 4 4
83 30 2 4
35 78 2 2
71 25 2 4
12 17 3 4
54 21 2 2
68 79 2 2
57 21 2 2
47 8 3 3
94 35 2 3
53 33 2 3
55 64 2 2
93 7 3 4
29 87 4 4
4 47 3 2
16 19 2 3
33 45 2 4
50 59 3 3
90 76 3 3
47 36 3 4
83 7 4 2
19 14 3 4
60 84 2 4
20 54 2 3
31 81 4 4
17 46 2 2
53 40 2 4
41 61 3 4
56 46 4 2
40 57 3 2
4 39 3 3
79 57 2 4
19 63 4 4
93 82 3 3
29 56 2 2
73 72 4 2
12 74 4 3
32 7 3 2
80 83 3 2
55 29 4 2
3 67 3 3
68 34 3 4
13 13 4 3
46 86 2 4
69 12 2 4
41 11 3 4
79 52 3 4
25 68 4 2
83 56 2 2
47 32 2 2
70 82 4 2
58 81 3 2
38 43 4 4
65 26 4 4
61 34 2 4
66 94 3 3
22 32 4 4
13 10 3 2
54 92 2 3
63 93 2 4
88 25 4 4
5 94 2 4
24 26 3 4
84 13 4 3
38 27 4 3
6 21 2 2
9 12 2 4
44 66 4 3
16 87 2 4
32 95 2 2
28 26 3 4
51 47 4 2
88 71 3 2
66 85 4 2
59 43 4 2
38 31 4 2
57 88 2 2
8 18 3 2
49 24 2 2
12 36 3 2
3 27 3 3
92 39 2 4
8 63 2 2
93 73 4 2
6 34 3 4
6 88 2 3
58 11 3 2
45 3 3 4
50 89 3 3
36 71 4 3
83 69 2 3
62 18 3 4
87 38 3 4
30 70 2 4
50 94 3 4
17 71 4 4
5 72 3 2
47 28 4 2
72 36 2 4
9 26 3 3
67 59 3 4
84 75 4 2
17 10 4 2
40 4 3 4
30 19 2 4
94 26 2 4
76 2 2 4
22 91 2 3
17 31 4 2
40 22 3 4
13 29 2 4
66 88 2 2
80 91 3 4
69 52 3 3
67 70 4 4
65 50 3 3
77 37 4 4
25 85 3 4
13 81 4 2
20 49 3 4
62 30 2 2
24 48 4 3
94 3 2 2
82 47 4 3
81 15 2 3
65 33 2 3
64 65 4 3
27 20 2 2
67 42 3 2
57 7 4 2
72 57 3 3
82 42 3 2
76 31 3 4
85 91 2 3
48 43 2 4
75 42 3 4
67 6 4 2
20 79 2 3
36 11 3 3
23 3 4 3
53 83 4 3
6 54 2 2
26 44 2 3
88 56 4 4
64 11 4 4
53 69 4 3
81 86 4 2
43 94 2 3
18 38 4 3
25 74 4 4
4 84 3 3
78 77 4 4
88 86 3 3
34 87 3 4
87 81 2 3
37 15 2 4
40 80 2 2
45 19 4 2
26 79 2 2
39 68 2 2
17 58 2 4
12 63 3 2
64 2 2 3
85 95 3 3
8 2 3 3
23 16 4 3
12 22 2 3
61 76 3 4
92 91 2 4
51 75 3 4
13 69 2 3
9 79 3 3
46 61 2 3
31 65 3 3
75 63 4 3
84 78 2 3
48 12 3 3
2 2 2 2
58 61 4 2
84 17 4 3
74 20 2 4
32 50 2 4
10 92 2 4
73 8 4 2
62 39 3 3
48 52 3 2
58 67 2 3
78 9 2 4
22 68 2 3
75 15 3 4
24 10 2 3
92 64 2 3
14 49 2 2
57 25 3 2
44 42 3 2
95 47 2 3
86 51 4 2
74 76 3 2
63 6 3 2
84 64 4 4
41 87 3 3
28 52 2 2
52 64 2 4
67 2 4 3
46 55 2 4
74 26 2 2
53 52 2 4
28 63 2 2
83 23 3 2
70 90 3 2
32 28 4 2
80 62 2 4
41 17 3 2
75 69 2 2
2 15 3 2
31 78 2 2
86 31 3 4
35 64 2 3
14 78 3 2
55 74 2 4
52 26 4 2
46 94 2 2
94 14 3 4
22 21 4 2
