46 80 4 2
75 95 4 3
23 87 2 4
4 94 4 3
25 65 2 2
16 19 3 2
93 51 3 2
31 29 2 2
24 51 3 4
39 64 3 3
59 87 4 2
53 26 4 4
45 31 4 2
18 14 2 2
66 20 4 3
49 66 4 2
17 84 3 2
48 76 2 2
45 90 4 4
13 69 4 3
89 4 3 4
71 83 4 2
67 36 2 3
13 46 4 2
65 15 2 4
6 84 2 2
82 62 4 4
32 21 2 4
36 75 2 4
11 32 2 2
78 43 3 2
84 55 4 4
18 64 3 3
85 37 2 4
90 34 2 2
9 95 2 2
47 5 2 2
78 61 3 2
36 84 3 2
79 46 2 3
59 64 2 3
69 59 2 3
73 37 3 2
75 2 3 2
2 76 3 3
40 75 2 4
34 8 2 3
45 50 3 3
90 75 3 3
66 27 3 2
29 37 4 4
28 60 2 2
36 57 4 4
32 62 4 4
70 26 2 4
27 14 3 2
52 19 4 3
17 5 3 4
68 78 3 2
14 51 3 2
65 41 2 4
60 36 3 4
96 11 2 3
27 80 2 2
73 80 2 2
94 64 2 3
6 51 4 4
9 63 2 4
12 61 3 2
41 38 2 4
50 63 3 2
28 75 3 3
27 47 2 2
45 9 3 4
58 96 2 2
66 49 4 3
72 9 3 4
7 80 3 2
77 56 2 4
54 82 3 3
17 34 2 4
24 3 2 4
66 95 3 3
5 61 2 4
42 16 2 4
73 46 2 2
7 36 4 3
32 26 3 2
15 30 4 3
77 84 2 2
83 84 2 3
20 25 2 4
68 16 3 2
12 39 4 2
23 38 2 4
10 17 4 4
90 23 2 4
62 3 4 4
41 89 3 4
39 15 2 2
5 88 4 2
12 92 4 4
95 91 3 3
81 52 2 2
67 10 4 2
88 17 2 3
88 42 3 2
53 51 3 3
68 53 4 2
78 25 4 3
93 33 4 2
77 5 2 2
37 4 2 4
82 18 2 2
79 10 4 2
4 29 4 4
40 6 2 3
88 45 2 4
14 24 2 4
21 84 3 2
91 65 2 4
14 79 2 4
58 48 2 3
4 4 4 2
70 3 2 2
24 34 4 3
55 92 4 2
95 79 2 4
7 11 2 3
46 95 2 2
21 71 2 3
18 70 2 3
89 29 3 3
33 51 3 4
32 94 2 2
87 12 3 4
41 32 2 4
11 8 3 3
62 45 2 3
13 75 4 2
19 77 3 3
59 26 4 2
2 18 2 3
39 47 3 3
28 20 3 4
67 73 2 3
35 68 4 3
83 69 2 2
56 43 4 2
79 15 2 4
83 21 4 4
24 10 2 4
76 73 2 4
41 94 2 4
16 58 3 2
67 82 3 3
49 56 3 4
48 69 2 2
15 16 2 2
91 14 3 4
28 2 3 2
80 91 2 3
72 18 2 3
55 59 3 4
32 56 2 4
38 34 2 4
15 42 2 2
10 84 2 3
63 92 2 4
71 71 4 4
87 94 2 4
52 32 4 3
49 15 3 2
61 19 2 4
35 88 4 3
20 19 2 4
64 87 2 3
6 41 2 3
64 60 4 2
2 82 3 4
9 26 3 2
30 69 4 2
17 90 2 2
5 46 3 2
38 53 3 3
36 44 3 2
71 32 2 4
6 19 2 4
52 70 3 4
34 32 2 3
64 30 4 2
33 2 3 3
77 20 2 3
77 79 2 4
58 4 2 2
3 37 3 3
58 9 3 3
94 36 2 4
48 43 4 2
6 72 2 4
60 53 2 3
61 82 3 4
27 87 3 4
81 74 2 3
90 80 3 2
8 57 2 3
83 31 3 4
28 51 2 2
75 15 2 3
83 46 3 3
43 23 3 4
47 40 2 2
6 15 3 3
50 36 4 4
80 3 4 2
16 10 4 3
45 19 4 2
27 17 2 2
21 32 2 4
4 91 2 2
80 40 3 2
19 95 2 2
92 54 3 2
79 30 2 3
49 50 3 3
59 32 3 2
28 28 2 3
58 70 3 3
44 58 4 3
62 72 3 4
31 45 4 4
94 85 4 3
63 53 4 4
95 96 2 2
71 93 2 2
10 3 4 4
89 59 4 2
49 10 3 4
83 80 4 2
94 59 4 4
37 92 2 4
56 15 2 2
22 64 2 3
75 31 3 2
95 74 3 3
34 13 2 4
82 6 3 3
70 65 4 2
27 95 2 2
88 69 2 3
