66 7 4 4
64 17 3 2
60 8 4 4
41 26 3 3
5 92 2 2
74 73 3 3
54 16 2 4
23 83 4 2
29 27 4 3
54 2 3 2
94 37 4 4
10 45 2 2
4 33 3 4
50 62 4 4
45 88 3 3
9 91 3 2
19 64 4 2
66 25 3 3
63 20 4 2
65 31 4 4
65 58 2 2
20 9 4 4
43 22 3 3
86 56 3 3
81 71 3 2
92 43 3 2
74 5 3 2
67 45 3 3
87 18 4 2
74 40 3 2
12 40 2 2
83 20 3 3
25 91 4 4
49 54 2 4
90 54 4 3
82 78 4 2
26 61 3 3
14 15 2 2
56 48 2 2
90 61 4 4
40 81 3 4
87 66 2 3
83 7 4 4
22 3 3 2
5 22 3 4
65 68 2 3
50 2 3 3
42 46 2 4
75 35 2 2
53 88 4 3
48 35 2 4
4 2 3 4
48 76 2 3
12 66 3 3
18 69 4 2
46 46 4 4
11 15 2 3
17 41 3 3
18 19 2 4
86 41 3 4
59 40 4 3
9 75 2 3
94 31 3 3
78 52 4 3
68 88 4 2
29 66 3 3
83 74 3 2
14 62 2 2
37 66 2 3
49 13 2 3
36 56 2 4
30 7 3 2
11 5 2 3
3 11 3 4
24 50 2 4
20 76 3 3
32 36 2 4
92 72 2 2
79 38 3 4
83 35 4 3
41 93 3 2
40 69 3 3
49 96 3 2
68 51 2 3
22 36 4 3
41 64 2 4
15 29 3 2
27 22 4 2
78 67 2 4
29 18 4 3
61 79 3 3
37 28 2 4
45 31 2 3
70 92 2 4
71 58 2 4
3 39 4 4
59 69 4 3
79 33 2 2
9 81 3 3
13 90 4 3
33 48 2 4
81 43 4 4
33 53 2 4
76 44 2 2
77 25 4 4
17 54 4 2
51 80 2 3
51 31 4 2
69 81 3 3
43 39 4 3
27 32 2 3
87 78 3 3
16 78 3 3
24 80 2 2
59 84 2 4
83 93 2 2
86 27 3 2
10 25 3 2
6 56 3 3
41 17 2 4
27 73 2 2
55 27 3 3
37 49 4 2
15 48 3 3
37 76 4 3
73 79 4 3
88 89 2 3
38 42 3 3
83 53 2 2
66 80 2 4
78 6 3 2
86 46 4 3
35 92 2 4
59 34 3 2
65 3 3 3
56 59 2 2
94 47 4 3
17 82 4 4
49 42 3 3
91 7 3 4
17 72 2 2
79 2 2 3
79 90 3 2
94 83 2 2
78 19 4 3
91 78 4 4
4 62 4 4
53 45 2 3
27 41 4 3
5 86 4 3
62 62 3 2
11 96 3 2
44 11 2 3
73 85 4 3
30 59 3 4
21 42 4 2
84 60 2 3
71 43 3 2
66 75 4 4
33 31 2 2
50 89 2 3
32 78 4 4
54 70 4 4
71 30 3 2
66 40 4 2
42 89 2 2
17 6 4 2
91 67 2 2
78 78 2 2
44 69 3 3
7 9 3 2
62 53 4 2
71 11 2 4
84 82 3 3
8 70 4 3
89 50 2 3
8 31 4 4
61 73 3 3
63 86 4 2
26 6 2 3
48 59 4 2
10 20 4 3
47 7 3 4
22 29 2 2
5 18 3 2
62 89 3 3
92 22 2 4
51 85 4 2
48 23 3 4
22 87 4 3
43 53 4 4
20 47 3 3
51 37 4 4
95 89 3 3
31 11 4 2
37 35 2 3
79 49 2 2
39 58 4 2
57 20 4 4
74 8 3 3
74 68 3 4
57 92 4 4
94 95 3 2
8 12 2 3
10 48 3 4
84 15 2 4
64 45 2 2
77 12 3 4
23 72 3 3
57 64 4 3
62 93 3 4
16 57 3 4
92 13 3 3
70 4 3 2
38 61 2 2
46 93 2 2
24 22 2 4
35 4 4 2
57 79 3 3
75 56 2 2
72 18 2 4
22 14 4 2
76 60 3 4
36 9 2 2
53 53 3 3
93 18 4 3
6 27 2 2
79 82 4 2
48 51 3 2
58 15 4 3
20 57 3 3
30 89 4 4
6 48 3 3
14 84 2 3
32 73 4 4
8 96 2 2
53 93 3 4
33 68 2 4
48 31 2 3
32 43 4 3
26 65 2 4
2 57 3 2
48 70 2 3
45 64 4 2
86 51 2 2
15 20 2 2
32 22 3 3
28 13 2 4
20 25 2 2
88 32 4 3
