65 38 2 3
39 19 3 4
63 84 3 3
53 37 4 4
90 90 4 4
42 45 3 4
66 91 2 4
30 8 4 3
41 74 4 2
88 45 2 2
91 72 3 4
64 51 4 4
59 26 4 3
23 11 3 2
41 27 2 4
72 42 3 2
93 10 3 2
71 19 4 2
30 41 2 3
85 20 2 2
48 12 2 3
11 18 4 4
60 7 3 2
18 51 3 2
47 48 2 2
67 43 4 2
85 75 4 2
95 27 3 4
39 56 3 3
75 51 3 3
59 55 4 4
45 65 2 4
9 88 4 2
52 64 4 2
21 69 4 3
20 78 4 2
34 21 3 3
18 91 3 4
57 69 3 4
57 88 2 3
13 26 3 4
90 84 2 3
80 40 2 3
61 12 4 3
4 50 3 3
20 20 4 2
15 79 2 4
63 46 2 2
48 26 2 4
66 46 2 3
49 51 4 2
26 90 4 3
37 80 4 2
44 57 2 2
55 7 2 4
59 92 2 4
45 22 4 2
68 14 4 3
5 6 3 4
73 6 2 3
59 75 2 2
80 7 4 3
10 25 2 2
91 64 3 4
70 29 4 4
65 61 2 2
37 43 2 3
83 60 4 4
27 27 3 4
44 8 2 2
64 56 3 4
17 44 3 2
5 30 4 4
46 80 4 2
88 4 3 2
20 37 4 3
80 73 3 2
30 48 4 3
28 56 2 4
8 39 3 3
41 83 2 4
83 67 2 2
15 59 3 4
30 36 3 3
69 74 2 2
58 19 3 2
86 37 2 3
50 42 2 2
17 30 4 2
49 61 3 2
18 85 2 2
46 35 2 3
84 92 3 2
50 85 2 2
50 20 4 4
56 52 3 2
51 31 2 2
17 54 4 3
6 19 3 3
93 40 2 3
77 88 4 4
2 85 3 2
29 72 3 2
25 39 2 3
79 82 4 2
77 21 4 4
85 29 4 4
91 46 2 4
85 24 3 3
7 66 4 3
88 15 3 4
19 3 2 2
32 16 3 4
35 28 2 4
74 69 3 3
94 78 2 2
22 45 3 2
63 66 3 3
45 90 4 3
56 45 3 2
6 93 4 4
41 2 2 4
95 66 3 2
11 47 2 4
55 2 4 4
4 78 2 2
25 81 2 2
82 78 4 2
25 23 4 2
41 32 2 2
10 59 3 2
24 55 3 2
9 7 4 3
37 37 4 3
2 94 2 4
79 29 3 2
72 34 3 3
3 89 4 2
18 13 2 2
83 56 2 2
4 73 3 3
67 34 3 2
68 59 4 4
88 71 2 2
38 5 2 3
36 54 2 4
86 85 3 3
66 78 4 2
9 83 4 3
2 28 2 4
59 62 3 3
48 2 2 2
80 36 2 2
63 81 4 2
59 36 2 4
50 45 2 3
62 32 3 4
2 4 2 2
82 89 2 2
29 45 2 2
58 30 3 2
14 67 3 2
4 63 2 3
68 84 4 4
24 66 4 2
51 5 2 4
81 26 3 2
27 94 4 2
77 48 2 2
80 67 2 2
8 53 3 2
84 46 2 3
69 71 4 2
90 38 2 4
47 56 4 2
71 24 2 3
81 53 3 2
17 64 2 2
25 77 3 3
61 43 2 2
42 94 3 4
41 41 2 2
76 58 2 4
22 49 3 4
72 74 2 4
46 31 2 2
8 76 4 4
50 74 4 2
5 12 3 2
86 56 2 3
59 82 3 4
29 32 4 3
85 95 4 3
51 94 2 4
71 94 3 3
52 54 2 2
35 65 3 4
40 11 3 4
83 43 3 2
8 72 3 3
18 24 2 4
2 40 2 2
30 86 2 2
76 77 4 4
33 25 3 2
31 63 3 4
24 34 2 2
43 51 4 4
20 61 3 2
81 13 4 3
94 21 2 2
26 48 3 3
36 71 2 2
45 39 3 3
91 24 2 4
32 92 4 4
70 91 4 2
24 3 4 2
52 14 4 4
55 75 3 2
50 70 4 3
58 41 2 2
15 74 3 2
30 52 2 3
88 12 2 2
52 90 3 2
56 94 2 2
91 7 2 2
35 77 3 2
33 2 3 3
96 5 2 3
16 47 2 3
53 28 2 2
54 85 2 4
91 78 2 2
21 24 2 2
24 61 3 2
43 18 4 3
38 88 4 3
72 48 3 2
67 3 3 2
14 6 4 2
22 86 3 4
92 15 3 4
2 54 2 4
93 2 2 2
53 80 3 4
90 54 2 4
14 10 3 3
10 43 2 2
