45 95 3 3
67 56 2 2
88 65 2 3
72 76 3 4
78 50 2 4
87 20 3 4
93 31 4 3
55 69 2 3
64 13 2 3
20 6 4 3
83 48 3 3
55 39 3 2
46 4 2 2
17 66 4 3
12 8 4 3
57 80 3 3
14 20 4 3
59 77 2 2
54 58 2 3
62 85 4 2
20 48 4 4
28 31 3 3
51 78 2 2
55 30 2 3
10 24 2 2
72 96 2 2
27 44 4 3
22 58 4 4
61 60 4 3
84 78 3 2
75 13 2 3
57 5 4 4
63 71 3 3
3 48 3 2
49 61 4 3
62 39 3 3
17 61 4 2
74 64 2 4
49 70 3 4
19 17 4 4
79 38 2 3
40 27 2 4
66 47 4 3
8 55 4 4
20 72 4 2
50 26 2 2
80 28 2 2
28 83 3 3
56 52 2 3
79 62 4 2
4 78 4 2
6 17 3 2
17 30 3 4
3 90 2 2
74 59 2 4
8 61 2 3
39 59 3 4
77 5 4 2
35 92 3 3
83 81 3 4
41 51 3 4
69 26 3 3
17 91 4 3
62 50 3 4
32 43 4 2
95 92 3 2
10 79 4 4
30 59 3 2
2 23 4 3
38 79 2 2
58 68 2 4
13 13 2 3
37 70 3 2
56 12 3 4
7 88 3 2
95 10 2 2
84 89 4 3
78 68 3 3
73 37 3 2
73 21 4 2
32 33 2 2
78 86 2 2
59 21 3 4
85 93 3 2
22 42 4 2
64 7 4 3
40 65 2 2
51 40 2 2
62 2 4 3
4 39 4 3
66 75 2 2
16 27 4 2
3 18 2 4
80 11 4 3
50 2 4 3
70 10 3 4
51 89 3 4
47 13 4 2
29 3 2 2
44 15 2 2
68 38 3 3
48 43 4 4
92 25 3 3
38 38 4 4
39 48 4 2
92 15 4 3
40 4 3 2
6 30 4 4
45 49 4 4
41 18 4 3
14 55 3 4
4 64 3 3
6 92 2 2
50 35 3 4
57 90 4 2
46 90 3 2
32 65 4 2
67 90 2 2
25 18 4 4
11 72 4 3
8 72 2 4
89 71 4 4
38 85 3 3
69 85 4 4
92 87 2 2
57 57 3 2
44 25 2 4
85 8 2 2
25 90 2 4
30 51 4 4
64 29 2 3
5 84 3 2
3 72 4 4
65 17 4 3
2 44 4 3
54 94 3 4
43 56 2 2
95 45 2 3
8 10 2 4
95 73 3 4
47 84 3 2
17 71 2 4
84 34 2 4
80 72 4 3
43 36 2 2
33 19 4 3
87 14 2 4
27 11 2 2
70 81 3 3
42 69 4 3
36 33 4 2
95 80 2 4
31 13 2 2
94 58 4 3
87 51 2 2
78 31 2 4
87 44 4 4
15 51 3 3
72 50 4 3
40 11 3 4
17 77 3 4
17 95 3 2
88 84 4 2
68 69 3 4
76 8 3 4
58 64 3 2
47 77 2 3
34 80 2 4
71 64 2 3
61 16 2 2
7 49 3 3
23 39 4 2
63 80 3 2
12 88 2 2
52 21 2 4
3 96 2 2
28 93 4 4
84 69 3 2
93 95 2 2
89 4 4 2
27 74 2 4
55 2 2 2
11 37 3 4
21 26 4 2
28 63 3 2
62 55 2 4
16 84 3 4
43 90 2 3
73 28 4 2
34 36 3 3
43 31 2 3
45 40 2 4
35 55 4 2
71 5 4 3
82 41 2 3
90 53 3 4
35 14 2 3
94 65 4 3
10 16 2 2
47 56 3 4
33 89 3 2
20 35 2 2
75 46 3 3
93 49 2 2
33 70 2 3
43 63 4 4
81 94 2 3
59 27 2 2
30 18 2 2
80 78 2 2
42 77 2 2
17 38 3 3
69 31 2 2
89 9 2 3
84 29 4 3
21 11 2 3
21 3 3 2
69 74 2 3
2 2 2 3
35 50 3 4
50 16 4 4
62 89 2 2
73 41 4 2
16 43 4 4
89 91 2 2
14 3 2 2
4 53 3 3
68 2 3 2
38 21 2 3
81 2 4 2
67 61 2 4
81 20 4 2
52 7 3 4
27 59 2 2
72 72 2 3
75 81 4 3
54 83 2 2
47 33 2 2
24 29 3 2
28 25 2 3
89 37 4 3
21 95 2 2
88 80 2 2
61 93 3 2
69 44 3 2
80 58 3 3
25 35 2 3
44 87 3 2
3 7 4 4
89 77 3 2
