23 86 3 4
52 6 4 3
60 18 4 3
22 80 4 4
83 5 4 2
74 33 3 2
45 66 4 3
72 6 4 4
29 37 4 2
56 82 4 3
63 46 3 4
51 92 2 2
26 18 2 4
78 59 2 3
25 8 4 2
15 8 3 4
46 87 2 3
70 93 3 4
39 48 4 4
66 40 4 2
49 38 3 4
47 59 4 2
47 45 2 4
38 78 4 3
30 88 3 3
94 26 3 3
67 58 2 3
3 90 3 3
35 36 4 4
15 20 3 3
53 23 4 2
11 45 2 2
72 71 3 4
29 20 2 3
9 91 3 2
62 78 3 2
19 30 4 2
67 75 4 3
86 73 3 3
89 3 2 3
60 61 2 2
60 93 4 4
23 91 4 3
67 18 3 4
91 47 3 4
46 84 3 2
87 58 2 3
40 70 2 4
32 10 4 2
88 38 3 2
54 96 2 2
80 25 4 3
84 77 2 4
79 35 4 4
33 47 2 2
85 29 3 4
37 87 4 4
84 92 3 4
6 10 3 2
79 53 3 3
89 7 2 3
55 51 3 3
10 74 4 2
66 3 4 3
33 94 3 4
4 13 4 4
66 29 3 3
35 22 2 2
45 16 3 3
50 12 4 3
6 28 2 2
42 18 2 4
21 41 3 4
63 10 2 4
57 15 2 4
3 43 3 3
54 31 4 4
41 39 4 4
54 76 4 2
12 61 3 3
78 74 3 2
10 32 2 4
93 55 2 3
91 17 3 2
89 84 2 4
17 63 2 2
89 93 3 2
92 84 4 2
39 55 2 2
73 44 2 4
18 17 3 2
81 47 4 3
40 23 4 2
41 82 4 4
24 73 2 3
76 21 3 3
69 82 3 3
85 63 2 2
73 52 3 3
34 89 2 4
7 76 2 3
4 68 3 4
39 9 4 3
81 77 2 4
25 37 2 3
5 21 2 4
19 35 3 4
2 82 2 4
5 82 4 3
6 51 2 2
47 55 3 3
38 3 2 3
31 3 3 4
25 58 4 4
48 23 4 4
82 68 3 4
45 11 4 3
2 60 3 4
48 95 4 2
7 41 2 4
69 71 2 2
19 10 4 2
5 2 2 3
44 35 4 2
56 57 2 2
28 29 2 3
78 79 2 4
37 58 2 4
24 29 3 2
48 20 4 2
79 93 2 2
23 33 3 2
63 65 2 4
84 10 2 4
94 4 4 3
32 54 2 3
49 71 2 2
29 45 3 3
20 2 3 3
86 47 4 3
52 82 3 3
18 54 4 3
25 64 3 4
9 14 3 4
13 78 2 4
56 71 3 4
19 72 2 2
30 61 4 2
32 82 2 3
76 47 4 2
20 24 2 2
62 90 4 2
11 84 4 4
35 13 4 4
62 31 2 2
71 37 4 4
44 2 4 3
89 62 2 4
6 60 4 4
59 31 2 2
22 16 2 2
2 87 4 2
31 16 2 2
51 46 4 2
69 54 2 2
10 5 3 3
51 55 2 3
10 49 2 2
95 13 2 3
56 40 3 4
53 17 2 4
57 37 3 2
52 71 2 2
44 51 3 3
58 24 3 2
8 23 2 3
78 41 3 2
27 83 3 4
5 33 2 4
82 21 2 3
64 72 4 2
13 94 2 3
90 34 4 2
50 49 3 2
9 55 2 3
49 74 4 4
20 62 2 2
62 23 2 3
77 68 4 4
92 66 4 2
13 37 2 2
13 89 3 2
72 76 4 2
14 32 4 2
83 88 2 3
73 60 2 2
43 57 2 2
27 52 2 3
90 80 4 2
10 71 3 2
67 7 3 3
40 66 4 2
76 11 3 4
35 54 3 2
92 21 4 4
32 78 3 2
75 64 4 3
69 24 2 2
42 93 2 2
91 26 2 3
14 46 3 4
70 63 4 4
16 41 4 2
73 84 4 2
42 88 3 3
91 70 4 2
65 81 2 4
4 65 4 2
34 26 4 3
71 29 4 2
19 20 4 2
19 68 3 3
92 88 4 4
46 74 2 4
78 5 4 2
41 30 4 3
86 26 4 2
12 54 4 2
84 53 4 2
10 28 3 2
14 66 4 2
54 27 3 3
90 96 3 2
86 15 4 2
50 62 2 3
3 48 3 2
81 8 2 4
30 74 3 3
24 24 2 4
47 32 4 2
33 65 3 3
96 43 2 4
9 66 2 3
27 2 3 2
93 42 2 2
29 25 2 2
73 13 2 2
21 48 2 4
57 86 4 4
63 52 4 2
