28 8 3 4
78 91 2 3
77 40 2 3
68 66 3 2
57 36 4 3
44 20 4 2
27 34 2 4
26 17 2 2
57 73 2 2
39 24 3 3
20 83 4 4
19 13 3 3
33 93 3 3
34 89 4 3
63 76 2 2
90 12 2 4
96 72 2 4
85 51 2 4
36 45 4 2
63 81 3 2
61 43 3 3
56 60 3 3
32 51 2 4
3 48 3 3
68 16 2 2
61 50 4 4
37 39 2 4
21 95 4 3
38 29 4 3
50 15 3 3
93 23 3 3
73 14 2 3
54 45 4 2
40 77 4 3
37 59 2 4
22 73 4 4
87 37 3 2
83 19 2 2
96 78 2 2
73 78 4 2
79 9 2 3
8 75 2 3
48 33 3 2
71 34 3 4
76 82 3 3
60 55 3 2
75 29 3 2
17 19 3 4
53 4 2 2
39 82 4 4
80 57 3 3
54 25 2 3
5 56 2 3
75 19 2 4
24 91 3 3
89 2 2 2
44 90 2 4
53 70 3 4
63 85 3 3
17 3 2 4
5 2 2 3
21 64 3 3
55 49 2 4
15 27 3 2
92 64 3 2
13 70 3 3
32 25 2 4
10 27 4 4
11 4 4 3
17 53 2 4
2 86 4 2
23 57 3 2
61 65 4 3
53 92 4 3
69 57 4 4
74 24 4 4
81 90 3 2
55 66 4 2
93 32 2 4
12 45 3 4
5 32 3 4
30 72 3 4
88 94 3 2
91 83 4 4
27 39 3 3
23 44 3 3
70 40 3 2
88 17 2 4
61 25 4 3
41 54 2 2
81 85 2 3
72 86 3 4
4 77 3 4
2 37 3 3
92 47 2 3
89 40 4 2
26 84 4 4
25 5 4 2
92 95 4 3
67 8 3 2
56 80 3 4
21 5 3 2
27 75 2 3
77 16 4 2
21 28 2 3
20 88 2 4
33 9 4 2
40 49 4 2
70 45 4 2
41 38 2 3
89 64 2 4
5 66 3 2
48 23 2 2
7 60 2 2
59 95 2 3
71 83 4 2
44 5 2 4
68 29 2 2
34 64 4 4
52 32 3 4
93 7 2 4
72 71 2 2
70 75 2 4
44 56 3 4
10 15 2 2
76 95 2 2
47 62 2 4
5 28 4 3
59 10 3 2
14 94 4 4
91 69 3 2
17 80 3 2
95 3 3 2
75 46 2 4
46 16 3 3
6 72 2 2
33 19 3 3
56 13 3 2
87 77 4 4
50 86 2 2
28 55 2 2
76 4 2 2
17 34 2 4
12 51 3 3
38 72 4 3
3 44 4 2
45 44 4 4
53 57 2 2
50 47 2 3
64 21 2 3
84 85 3 3
61 72 2 3
80 68 3 2
68 91 3 3
15 40 3 3
46 37 2 3
58 76 4 3
21 32 3 4
12 57 2 2
15 90 3 2
17 44 4 2
60 19 3 3
19 70 2 3
41 35 2 2
34 71 2 3
56 4 3 3
41 17 2 3
24 37 2 2
87 26 2 2
85 46 4 4
76 66 3 3
77 58 2 4
49 3 3 3
29 63 4 3
21 18 2 2
25 68 4 2
10 60 4 2
16 49 3 2
2 72 2 4
96 13 2 3
11 8 2 4
49 12 3 2
34 56 2 2
83 35 2 4
89 90 4 3
25 49 3 4
60 3 2 3
68 87 3 3
46 69 2 4
10 82 3 4
37 54 2 4
82 77 2 2
88 85 2 3
75 63 3 2
61 13 3 2
29 94 2 4
5 53 3 2
90 43 4 3
96 46 2 3
87 33 3 3
22 78 2 2
86 58 2 2
65 31 2 2
6 20 4 4
34 13 2 4
60 87 2 4
14 9 3 4
74 51 4 4
80 64 4 2
12 36 4 3
36 51 2 2
71 18 3 3
45 30 2 2
50 77 4 3
10 32 4 2
40 61 2 2
6 7 2 2
38 69 2 2
79 26 2 3
22 48 2 2
34 76 2 2
51 52 2 3
45 41 4 2
58 24 2 4
10 92 2 4
54 9 3 3
96 31 2 4
65 56 2 4
5 15 4 3
84 22 4 3
86 5 2 2
44 82 4 2
87 11 2 3
50 19 4 2
45 86 3 3
9 67 2 4
50 60 4 3
71 6 2 2
50 39 2 4
30 5 2 2
71 30 2 2
67 35 3 3
41 9 2 4
33 4 2 4
82 72 3 4
47 75 2 4
94 54 2 2
54 87 2 2
68 96 2 2
64 95 3 3
