35 95 4 3
52 42 4 4
10 71 3 4
79 87 3 3
13 49 3 3
25 14 2 2
93 55 2 3
90 74 2 2
69 55 2 2
73 11 3 3
72 48 4 4
62 9 3 2
64 57 3 4
31 87 2 4
42 90 3 2
92 41 3 3
52 3 3 2
26 18 4 3
66 43 2 4
57 67 4 4
54 51 4 4
42 13 3 3
54 82 2 2
86 20 2 3
39 26 2 2
69 7 2 3
7 19 3 3
87 9 3 3
61 45 2 3
59 73 2 3
62 82 2 3
8 67 4 2
74 41 4 2
61 38 3 3
48 2 2 4
47 27 2 2
24 57 3 3
25 66 2 2
8 12 4 4
51 30 4 2
32 7 4 2
35 25 3 4
80 7 4 4
49 95 4 3
61 20 4 4
33 61 4 3
64 94 4 2
19 91 4 3
25 10 4 2
4 32 3 3
52 35 4 3
30 54 4 2
48 17 4 4
9 30 2 4
11 21 3 2
57 59 3 3
33 21 3 3
76 56 2 3
82 60 3 4
3 47 3 2
27 94 3 2
16 39 4 2
77 72 3 4
5 70 4 4
31 78 3 2
55 6 4 4
54 75 2 4
47 71 4 4
34 67 3 2
46 48 4 4
9 90 3 2
20 82 4 4
47 77 3 2
36 2 4 2
95 92 3 2
54 16 4 3
88 69 4 3
34 33 4 2
7 3 3 4
58 94 4 2
71 94 3 4
36 47 4 2
41 35 3 4
25 35 2 4
72 79 3 3
4 11 3 2
46 82 4 4
17 62 3 4
95 15 2 3
71 84 3 3
63 13 3 4
3 54 3 2
36 70 3 4
43 69 2 2
38 58 4 4
29 72 4 2
41 52 4 4
94 69 3 2
88 78 2 2
75 27 2 2
74 16 4 3
85 50 3 2
54 20 3 4
84 73 3 2
69 61 3 4
77 31 3 2
35 75 3 4
67 67 3 4
41 74 3 2
25 45 2 3
84 39 2 4
13 76 2 3
93 21 3 2
6 88 2 2
90 31 2 4
68 18 2 3
26 82 4 4
69 22 4 2
28 2 4 3
49 13 2 2
80 34 3 4
79 25 4 4
84 54 3 3
40 94 2 3
88 15 2 4
84 93 4 3
17 77 4 3
26 50 4 2
29 15 2 2
9 54 2 4
89 25 4 3
66 48 3 4
87 64 4 2
80 66 3 2
88 59 2 3
84 76 2 4
29 23 2 3
80 3 2 2
78 44 2 3
68 29 3 2
90 87 4 3
8 83 2 3
77 49 3 3
94 79 3 4
41 40 3 4
59 27 2 4
75 83 3 3
2 75 4 2
2 59 4 2
17 4 4 3
81 16 3 2
31 32 2 3
86 45 3 2
17 43 3 4
86 83 2 3
26 27 2 3
75 87 2 3
44 18 3 3
32 28 2 3
79 19 3 4
28 67 3 4
31 10 2 3
47 38 2 4
54 95 3 3
41 84 2 3
32 36 3 4
91 2 3 2
66 89 3 4
42 80 2 2
16 87 2 3
39 20 4 2
47 60 2 2
84 29 3 2
69 13 2 4
74 2 3 2
22 77 4 2
91 96 3 2
33 15 4 4
54 88 3 3
31 82 3 3
23 25 2 2
12 27 2 2
73 57 2 3
70 74 4 3
46 33 4 3
63 28 4 3
51 65 2 2
4 78 2 4
18 32 2 4
93 51 2 3
20 28 2 3
7 39 2 3
72 38 3 2
21 61 4 3
25 7 2 2
48 55 2 2
28 64 4 2
40 8 3 3
22 71 3 4
7 61 2 4
18 20 3 4
9 45 2 4
79 79 2 2
25 53 4 3
14 6 2 4
17 55 2 2
74 20 3 3
37 80 2 2
64 33 3 2
52 70 2 4
72 6 4 3
88 38 2 2
37 6 2 4
40 68 2 2
89 52 2 4
95 37 2 3
14 82 4 3
41 30 3 4
60 50 3 4
82 12 3 3
50 24 3 4
11 38 2 3
54 56 2 4
46 89 4 3
59 14 2 2
66 79 3 4
93 33 3 3
78 63 2 2
29 37 2 4
57 83 2 3
39 89 2 3
21 55 2 2
15 13 3 3
14 31 3 4
22 40 2 4
81 49 3 2
64 75 3 3
26 22 2 2
51 76 2 2
25 87 4 4
79 93 3 4
45 64 4 3
51 6 3 3
51 82 2 4
18 58 2 3
75 62 2 2
15 17 2 3
94 28 4 2
19 49 4 2
8 76 4 3
