37 7 4 3
41 55 3 3
94 48 2 3
33 59 3 2
75 46 3 4
45 49 4 4
56 6 3 4
8 41 3 3
46 54 4 4
13 20 2 3
19 68 4 2
14 16 3 3
65 28 2 3
35 20 3 4
27 82 4 3
36 45 3 3
65 90 4 4
23 39 4 3
67 77 2 2
24 70 3 2
57 85 2 4
87 25 3 2
3 17 2 3
47 82 4 3
52 62 4 2
29 43 4 3
28 18 2 2
66 95 3 3
20 43 2 2
61 68 3 2
74 87 2 4
69 19 2 4
81 27 2 4
70 42 4 4
60 2 2 2
2 92 3 3
56 93 2 3
12 52 4 3
79 39 3 2
81 2 3 3
5 70 2 4
29 52 2 2
44 66 2 4
50 65 2 2
4 23 4 4
26 28 2 2
51 58 4 3
24 56 3 2
38 68 4 2
33 34 3 2
53 52 2 3
10 14 3 2
40 46 4 3
85 84 3 4
82 10 2 2
64 44 2 3
96 87 2 2
84 56 4 3
7 8 4 3
93 31 4 3
9 18 2 2
6 47 2 2
69 56 4 4
94 3 4 3
61 59 4 2
46 76 3 3
79 94 3 2
92 96 4 2
63 73 2 4
33 75 2 4
62 89 2 2
65 62 3 3
57 69 3 4
57 45 2 3
19 32 3 3
13 61 4 4
51 15 2 4
78 35 3 3
78 17 4 2
76 60 2 4
75 76 3 3
12 7 2 4
53 75 4 4
60 34 3 4
50 38 2 4
95 64 2 3
9 33 4 4
2 40 3 3
39 95 3 2
15 84 2 2
88 5 2 2
70 68 3 3
73 19 2 3
20 55 2 3
61 84 3 2
13 77 2 3
11 87 4 2
23 93 3 4
49 32 2 3
59 22 4 3
9 74 2 3
14 91 3 4
84 47 3 4
17 96 3 2
13 66 3 3
85 16 4 4
45 59 2 3
64 39 4 3
77 70 4 2
37 84 3 3
16 75 4 2
85 68 2 3
28 93 4 3
32 15 2 4
54 81 4 3
48 87 2 3
68 84 2 4
91 89 3 2
36 16 2 3
14 41 3 2
5 29 3 3
45 2 3 3
40 77 2 2
24 31 2 4
14 28 2 4
57 12 2 3
29 11 4 3
23 5 3 4
50 23 3 3
75 66 4 3
19 59 4 3
88 50 2 4
54 26 2 3
10 93 3 3
69 7 4 3
20 82 2 4
79 78 3 2
38 34 3 4
51 68 4 3
87 60 3 4
24 11 3 4
33 25 4 3
93 7 4 3
80 81 4 2
91 83 2 3
85 75 3 4
3 33 4 3
61 7 2 2
18 12 2 4
75 7 3 4
66 50 3 3
89 79 4 3
42 31 3 2
27 4 4 2
78 84 2 4
93 39 4 2
88 29 4 3
27 25 3 2
20 26 2 4
33 86 3 2
12 25 2 2
52 89 3 3
33 65 3 3
70 52 3 2
34 49 4 2
90 9 2 3
44 91 4 4
87 90 2 2
53 3 3 2
50 45 2 4
49 3 3 3
66 10 2 2
58 28 3 4
92 16 3 2
19 51 4 2
17 23 2 4
4 78 2 2
44 34 4 3
41 51 2 3
34 39 2 3
11 2 2 4
42 86 3 3
26 59 4 4
64 80 2 2
9 70 2 3
21 72 2 4
4 53 2 3
55 16 3 2
45 46 4 2
42 81 3 4
73 93 2 2
53 41 2 3
79 50 3 3
22 16 2 3
82 90 2 2
72 61 3 2
89 36 2 3
56 40 4 2
6 62 2 4
96 42 2 4
14 56 3 2
57 52 3 4
8 56 2 2
40 14 3 4
9 62 3 3
57 57 2 3
79 23 3 2
91 72 2 4
72 26 3 3
63 56 4 2
45 27 2 3
29 47 2 4
84 33 3 2
94 73 4 3
54 37 3 2
91 24 4 3
74 13 3 2
81 6 2 3
22 22 4 2
58 61 2 4
8 86 2 4
94 58 3 3
14 47 2 2
72 31 3 4
70 3 4 2
14 72 4 2
96 25 2 2
57 49 3 2
42 19 4 3
4 57 3 2
16 8 4 3
32 81 2 2
95 53 2 3
83 93 4 2
3 82 3 2
24 49 2 3
25 65 2 3
77 91 2 2
28 77 4 2
60 46 3 2
49 9 2 2
65 32 4 4
90 43 3 3
71 39 3 2
90 66 4 2
44 6 3 4
38 28 2 3
72 48 2 2
18 89 4 3
67 13 4 4
