76 35 3 2
5 31 2 4
51 24 3 4
89 82 2 3
49 70 3 2
36 9 2 2
79 23 3 2
59 41 3 4
73 70 2 4
94 39 4 4
71 6 2 2
15 32 3 2
30 86 2 3
10 76 4 4
18 65 4 3
35 2 2 2
42 83 3 2
84 6 3 3
12 66 2 3
72 94 2 2
6 52 4 2
8 11 2 2
3 74 4 3
84 31 3 2
25 14 2 3
38 2 3 3
54 67 2 3
9 82 2 4
93 85 4 2
60 62 3 4
39 51 2 3
82 55 2 4
70 44 2 2
46 94 2 3
61 88 4 2
86 13 3 3
76 42 2 2
93 50 4 3
6 20 4 4
65 16 2 4
10 39 4 2
27 29 4 3
30 33 2 3
46 25 2 3
67 66 3 3
16 79 2 3
24 92 3 2
40 34 2 4
89 7 4 3
31 40 4 3
25 33 3 2
25 45 3 2
13 53 2 4
93 63 2 2
3 79 2 4
12 17 3 4
63 81 4 4
34 85 2 4
55 54 3 2
87 25 2 3
50 88 3 2
67 25 4 4
43 61 2 2
42 3 4 4
89 76 3 4
54 15 2 2
4 59 4 3
84 40 2 3
2 70 3 3
74 18 3 2
78 93 2 2
9 59 2 3
36 36 3 2
7 66 4 4
63 49 3 4
88 41 4 4
73 81 3 4
30 67 4 4
62 93 4 4
37 91 3 2
56 5 2 3
37 15 2 2
67 30 2 2
35 19 3 4
96 34 2 2
31 13 2 4
53 82 2 2
82 86 4 4
3 45 3 2
36 72 2 4
58 72 2 2
95 29 2 3
44 49 3 4
2 25 3 2
74 76 4 4
75 26 4 2
55 49 3 4
95 14 2 4
13 2 3 2
51 6 3 2
27 52 2 4
79 3 3 4
67 86 2 3
92 55 2 4
18 39 3 3
75 86 3 3
51 12 2 2
13 11 2 2
77 70 4 3
66 90 2 2
3 52 2 3
45 55 2 4
45 31 3 2
83 67 4 3
43 45 2 2
55 57 3 4
59 18 3 3
84 79 2 3
34 62 4 3
93 72 4 2
67 45 2 4
63 34 3 4
13 43 3 4
39 47 3 2
39 30 4 3
41 66 2 4
19 92 2 3
51 39 4 3
87 59 2 3
90 4 2 2
70 10 4 3
94 78 3 4
47 84 4 2
24 54 2 4
50 56 2 3
67 76 3 2
80 75 2 2
89 21 4 2
46 15 3 3
57 85 3 4
59 10 2 4
55 24 3 3
70 91 2 2
58 28 2 2
20 31 2 3
50 75 2 2
23 85 4 4
27 63 2 4
81 94 2 4
18 22 3 3
75 45 3 2
51 62 2 4
30 90 3 3
24 59 2 3
31 25 2 2
77 9 2 4
47 5 3 4
81 81 2 3
2 64 3 2
67 94 3 4
68 61 2 2
74 63 3 3
70 31 3 3
25 37 2 4
77 52 3 4
19 57 4 4
89 38 2 2
21 7 3 4
64 72 4 3
94 94 2 4
13 94 3 3
17 14 3 3
33 96 2 2
63 44 2 3
18 3 2 4
48 43 2 4
70 56 3 2
61 2 3 3
59 23 2 2
55 33 2 3
36 96 4 2
79 16 3 3
39 40 4 3
84 49 4 4
51 17 2 3
70 51 3 4
55 93 3 2
25 74 4 3
74 57 3 3
54 78 3 3
45 38 2 2
91 29 2 2
25 78 4 2
17 46 4 2
43 20 3 2
69 35 4 4
40 10 2 2
16 57 2 3
2 20 3 3
59 55 2 3
94 2 4 2
35 24 2 3
21 28 3 2
21 80 3 4
17 51 3 4
45 11 3 3
67 40 3 3
2 12 3 3
31 48 3 3
13 61 3 4
78 61 4 2
89 34 2 3
13 35 2 2
29 20 2 4
51 50 2 4
7 92 4 2
88 86 2 3
79 42 3 3
18 88 4 2
25 7 4 3
84 94 2 2
37 78 2 2
91 89 4 4
49 31 3 3
31 6 2 4
79 78 3 2
32 77 2 4
43 79 3 2
32 28 2 4
88 17 3 3
10 87 2 2
62 29 4 2
83 61 3 2
16 75 2 3
62 58 3 3
41 74 3 4
23 22 2 2
40 21 2 2
13 27 2 3
59 7 2 2
3 87 2 4
43 91 4 2
33 53 2 2
46 67 4 2
63 23 3 2
62 76 3 4
24 42 2 2
24 69 4 2
84 64 3 2
82 34 2 4
