49 55 2 2
4 14 2 4
5 77 2 3
78 20 4 4
17 83 4 2
73 90 2 4
57 30 2 3
85 75 4 2
89 82 4 2
60 56 3 2
77 83 4 3
67 66 4 4
46 7 2 4
76 74 3 3
57 64 2 3
21 73 4 3
57 93 2 4
60 62 2 4
69 75 4 2
25 77 2 2
55 89 2 2
83 6 3 3
68 34 3 3
10 77 3 2
14 13 4 4
42 10 3 4
92 24 3 3
14 62 4 3
34 93 3 4
71 80 2 4
9 22 2 3
36 50 4 4
60 88 3 2
26 64 4 2
61 6 2 3
86 24 4 3
46 22 4 2
73 18 3 3
40 90 4 3
54 72 2 3
17 2 4 2
52 11 4 3
2 95 3 3
68 23 2 4
16 91 2 2
51 45 3 2
40 85 3 3
87 78 2 3
83 85 4 2
80 62 3 3
85 18 2 3
9 68 3 2
13 20 3 4
6 60 4 2
38 58 4 2
30 40 2 2
63 43 3 3
61 12 4 3
80 69 4 2
88 58 2 4
33 20 3 3
32 86 2 3
14 35 2 2
29 35 3 4
55 41 4 2
4 87 2 3
93 61 4 4
34 41 4 3
83 88 4 4
76 32 4 2
31 80 2 2
73 48 2 3
90 29 4 4
17 67 4 3
78 11 2 3
64 30 3 4
9 85 2 4
52 36 3 2
45 29 2 4
59 69 3 3
48 16 3 2
14 2 2 4
36 80 4 4
35 75 4 2
73 59 2 4
75 3 4 4
86 15 3 2
71 53 2 2
28 57 2 2
26 35 2 2
13 59 3 2
16 8 3 4
75 26 2 2
80 94 3 2
21 42 4 3
87 64 2 4
64 59 2 3
27 46 4 2
18 25 4 3
20 77 3 3
19 15 2 2
42 19 2 2
78 53 3 2
3 59 2 3
37 15 3 3
30 91 2 3
8 53 4 3
64 6 4 4
23 66 2 4
55 59 2 4
73 31 2 3
53 20 4 2
59 36 2 3
92 49 4 3
57 85 2 3
3 41 4 3
42 27 2 2
94 78 3 3
36 30 2 4
79 40 3 2
21 6 2 2
48 60 4 2
45 18 2 2
49 70 4 4
9 9 3 2
46 85 4 3
12 44 4 4
90 4 3 2
81 28 2 3
90 54 4 3
91 39 2 4
38 9 2 2
38 46 2 2
22 95 2 3
58 2 2 2
29 9 4 2
65 35 2 2
67 44 4 4
40 42 4 2
6 74 3 2
84 48 4 2
62 81 2 3
13 55 2 2
44 65 3 4
37 69 2 2
4 26 2 4
14 80 4 2
30 12 2 2
61 20 4 2
69 92 3 2
7 12 4 4
27 18 3 2
31 54 2 4
51 86 2 3
85 54 2 4
72 4 2 4
55 55 3 3
10 31 4 3
54 76 4 2
4 19 3 3
96 24 2 4
2 2 4 4
50 3 3 3
72 10 3 3
46 94 3 2
19 88 2 4
22 54 4 3
54 79 4 2
40 22 3 2
13 38 4 2
18 18 4 3
90 35 2 3
48 40 4 2
63 69 3 4
80 45 4 2
39 28 2 4
14 73 4 3
24 61 2 2
72 23 2 4
78 87 4 3
86 39 3 3
90 71 3 3
34 37 2 3
95 71 2 2
51 48 2 2
16 29 4 2
49 25 3 4
54 16 4 3
66 18 2 2
9 90 3 4
66 3 2 2
22 34 3 4
57 51 4 2
44 55 4 3
38 63 4 4
3 66 4 3
93 17 4 2
23 29 2 4
77 79 4 3
79 58 4 2
54 25 3 3
25 90 3 2
74 44 2 3
60 77 4 2
20 46 2 3
42 4 2 2
65 95 4 3
44 72 4 2
52 82 4 3
79 48 4 2
85 2 3 2
51 76 2 4
42 80 3 4
25 10 2 2
86 29 2 2
31 28 3 4
45 48 3 3
96 93 2 3
39 36 4 3
7 82 4 2
72 67 2 2
94 66 3 3
83 33 2 4
81 14 4 3
15 26 2 2
33 59 2 4
26 25 4 4
16 86 2 4
55 6 4 2
5 23 2 2
31 2 3 3
61 28 2 4
66 50 4 3
8 43 3 4
7 49 4 3
11 4 2 3
47 37 3 2
71 38 3 3
19 38 2 3
67 85 2 3
55 44 4 4
82 78 3 4
69 28 3 3
7 35 4 4
64 25 3 4
25 4 3 3
2 55 4 3
74 55 3 3
90 66 2 3
62 95 2 3
