122.961 1134
142.949 1153
170.578 1146
138.189 1147
154.002 1201
97.26 1137
140.911 1150
131.169 1129
121.473 1182
127.262 1177
127.443 1148
117.93 1150
149.549 1136
131.242 1132
140.272 1166
142.342 1156
112.32 1174
132.732 1146
140.836 1172
115.135 1169
136.676 1637
146.342 1128
166.43 1157
138.686 1154
106.836 1140
87.3613 1132
107.448 1199
140.76 1214
88.278 1181
148.245 1180
156.826 1180
105.396 1142
91.022 1178
126.03 1135
137.678 1154
113.66 1203
113.083 1145
119.085 1121
123.969 1147
153.91 1192
160.481 1147
199.981 1130
171.778 1176
89.152 1211
127.157 1179
174.278 1148
108.013 1167
146.21 1165
89.7311 1172
111.872 1174
130.763 1169
137.35 1150
104.344 1143
93.145 1148
92.3317 1193
183.986 4378
95.2546 1218
138.963 1143
133.415 1171
132.151 1149
179.424 1147
151.712 1178
159.728 1161
95.2174 1170
134.484 1144
158.286 1181
114.105 1171
114.658 1170
123.675 1146
177.575 1154
141.213 1153
118.285 1168
142.007 1150
147.647 1138
103.407 1149
90.4656 1194
144.015 1138
101.435 1168
92.7264 1181
100.069 1190
140.224 1162
91.5872 1147
186.844 1194
202.959 1127
91.1362 1126
122.978 1171
106.07 1139
105.595 1184
155.255 1141
173.688 1157
171.992 1156
130.133 1156
120.847 1148
116.624 1149
131.073 1135
152.732 1173
104.616 1180
89.2432 1175
128.373 1172
130.089 1954
