114.644 0.000378575 110.308 9.5399e-05
141.021 0.000317236 139.993 9.7877e-05
140.775 0.000501975 128.826 0.000245025
158.533 0.00024302 132.106 8.7795e-05
162.646 0.000344906 140.239 0.000104287
100.871 0.000381895 96.7525 8.2397e-05
144.703 0.000435349 128.321 0.000218744
134.757 0.000506816 120.627 0.000284454
121.873 0.000310406 111.448 0.000103072
136.079 0.000459917 124.288 0.000201901
127.276 0.00038024 109.171 0.000192971
128.603 0.000679031 113.832 0.000398961
154.335 0.000390635 136.614 0.000167763
161.598 0.000548801 121.5 0.000221224
151.081 0.000512481 125.908 0.000299769
142.879 0.000216919 134.169 7.7138e-05
115.436 0.000206832 108.076 3.6217e-05
150.843 0.000218321 114.566 7.7655e-05
154.457 0.00028497 135.114 7.8218e-05
112.769 0.000394943 111.005 5.1848e-05
137.666 0.000340829 125.806 0.000161857
160.183 0.000363996 135.304 0.00018964
149.102 0.000240642 136.622 0.00010328
136.316 0.000338803 126.533 0.000160676
111.407 0.000239902 104.187 4.5659e-05
87.3613 3.0214e-05 87.3613 3.3457e-05
111.972 0.000342782 102.335 8.13e-05
157.63 0.000344798 128.943 0.000125547
88.278 2.8936e-05 88.278 3.4339e-05
154.579 0.000223427 134.85 9.0314e-05
146.92 0.00028403 140.771 7.3872e-05
99.9112 0.00032306 95.3178 5.5861e-05
91.022 3.0751e-05 91.022 3.0139e-05
137.87 0.000334664 118.99 0.000146247
165.05 0.000321749 126.33 0.000127774
128.431 0.000371029 109.901 6.8611e-05
115.133 0.000385612 106.849 0.000104172
114.588 0.000316486 106.894 8.1802e-05
109.565 0.000379107 99.7298 0.000173382
130.032 0.000367871 110.64 0.000341407
158.144 0.000286246 150.141 0.000103204
154.036 0.000345979 146.575 0.000277921
175.436 0.000469949 154.127 0.000116466
89.1403 3.8632e-05 89.1403 4.4002e-05
131.47 0.000448814 124.273 6.1293e-05
142.259 0.000552292 124.802 0.000180028
107.044 0.000421357 103.764 8.9274e-05
154.611 0.000350986 130.211 0.000137017
91.4356 0.000398303 89.5739 0.000101338
109.353 0.000241683 103.051 8.4955e-05
122.457 0.000214804 118.857 5.1316e-05
140.572 0.000438253 129.083 0.00025948
103.702 0.000465552 100.111 7.565e-05
93.145 5.4542e-05 93.145 3.2458e-05
94.8389 0.00048175 91.7482 6.9896e-05
128.17 0.00042207 123.787 0.000110773
96.9557 0.000213322 92.6422 5.5115e-05
150.216 0.000535802 132.55 0.000193365
128.336 0.000197715 120.197 4.9333e-05
131.173 0.000219601 122.86 0.000174307
160.096 0.000205494 138.675 6.0382e-05
153.141 0.000314984 141.945 0.000251661
155.289 0.000534409 141.35 0.000237396
95.905 0.000306043 95.1428 5.7188e-05
170.78 0.000692416 150.149 0.000381976
170.483 0.000435798 142.715 0.000154421
115.362 0.000709125 103.421 0.000178116
124.992 0.00041984 106.667 0.000141854
116.432 0.000239584 112.283 5.6648e-05
137.128 0.000414226 130.112 0.00012725
146.098 0.000429668 137.027 0.000245681
129.678 0.000686419 114.777 0.000156904
146.552 0.000235384 136.364 7.6233e-05
161.173 0.000232761 134.766 9.012e-05
113.81 0.000377238 96.289 0.00020581
91.3115 0.000549187 86.1635 6.7182e-05
156.619 0.000602236 142.357 0.000186286
106.138 0.000275797 94.048 8.9702e-05
93.4437 0.000320557 92.6502 7.0264e-05
98.9938 0.000392116 94.8959 6.9479e-05
153.575 0.000328159 132.697 0.000213264
88.9767 0.000171026 88.2842 6.6743e-05
197.659 0.000363781 164.427 0.000210662
109.531 0.000164649 106.188 4.5741e-05
92.2833 0.0003709 88.7268 9.3207e-05
134.582 0.000377388 130.882 0.000272832
121.185 0.000458339 102.577 0.000167117
111.056 0.000600743 99.2081 0.000207121
162.551 0.000473094 148.898 0.000124743
124.658 0.000437498 118.059 0.000275513
150.136 0.000687293 141.197 0.00026989
130.41 0.000311936 119.977 0.000124553
121.57 0.000404408 107.266 0.000186485
116.763 0.000390225 108.98 0.000151474
133.222 0.000317084 125.315 5.811e-05
150.209 0.00029365 143.607 6.5091e-05
100.061 0.000477535 94.0001 9.8553e-05
89.8025 0.000496013 89.1214 0.000101508
134.734 0.000399413 121.137 8.9212e-05
140.961 0.000618886 127.719 0.000132438
