112.784 5353
147.79 1145
133.219 4268
134.906 3240
146.374 2211
97.9116 4297
132.627 5362
130.883 5379
117.967 3222
128.008 2201
114.117 3246
116.876 2195
144.076 2211
124.721 6428
134.193 2177
140.534 3256
110.686 3242
123.367 2179
141.855 2200
116.539 3251
130.099 5372
133.694 7511
145.929 4346
133.409 6424
104.736 2240
87.3613 7487
105.887 6465
132.762 5365
88.278 1142
139.355 4317
156.726 2192
98.5731 3267
91.022 1133
123.827 4313
136.325 2190
111.772 4280
114.554 2169
109.749 2174
101.371 6413
119.485 2190
156.602 2164
120.019 2159
155.866 5349
89.1403 1165
126.193 3236
129.376 8547
105.813 5338
138.098 4326
89.8834 2183
109.585 3233
126.08 4315
132.346 2234
100.736 1140
93.145 2186
92.5574 2312
127.436 3259
94.62 2162
137.303 2374
129.766 2204
133.29 2194
140.169 3249
147.013 4322
165.804 1127
95.731 4316
138.382 3281
142.582 5367
106.258 3285
107.885 6406
117.136 2161
136.202 2184
141.268 4494
121.231 2201
137.912 2201
137.025 6648
97.3812 2208
86.6125 3271
145.056 6466
95.7463 3246
93.0255 2175
96.8196 2203
143.056 2190
88.9099 2198
155.018 5323
116.097 4298
89.7342 2182
112.99 2191
105.451 6475
101.827 4315
146.801 2225
127.961 2200
153.094 2191
125.41 2224
112.409 2237
115.408 2186
126.791 3272
145.526 5355
98.644 3251
89.1269 4311
126.313 7493
127.508 4312
