116.843 2224
137.867 2211
134.136 2233
134.484 2202
147.569 3308
101.556 1161
130.767 2240
124.788 2201
115.679 2271
127.021 2219
112.64 2233
122.616 2237
142.351 3258
127.048 2200
136.184 3263
143.38 2212
110.038 2198
124.319 2231
141.674 2216
116.15 2225
134.687 2234
139.551 4362
143.515 2201
133.551 2192
104.748 1159
87.3613 1170
104.695 1142
136.245 2201
88.278 1152
141.267 2224
152.253 2232
98.3513 2215
91.022 1174
126.04 2231
133.26 3288
111.91 2252
109.339 2213
116.02 2197
103.029 2290
127.863 2211
156.731 2211
123.558 2167
157.794 3263
89.1403 1159
135.29 2222
132.726 2392
105.646 2226
138.845 3287
89.9847 1169
107.381 2232
173.949 3331
135.201 2213
101.949 2241
93.145 1177
92.1833 1161
127.507 2207
94.0806 1166
137.553 2227
125.841 1162
134.479 1183
142.302 2238
149.29 3262
144.716 2200
96.1048 1152
139.002 2204
143.571 2217
108.466 1170
109.83 2186
118.876 1123
143.436 2199
141.343 2226
116.965 2185
142.572 2193
137.102 2222
98.0611 1146
86.5818 1135
147.187 3252
95.9463 1153
92.749 1121
96.6962 1137
143.967 2178
88.3715 1170
167.435 3277
110.353 1159
89.3607 1123
115.841 3282
105.904 2202
104.698 2197
146.818 2259
124.146 2185
164.422 3278
128.068 2303
112.362 2202
111.71 1120
128.351 2180
150.555 2219
97.8423 2182
89.2222 1140
123.904 2206
129.813 2251
