112.082 328
143.762 1113
172.152 1112
141.042 1140
145.798 1184
106.408 1099
163.034 1157
181.186 1163
121.309 1156
127.189 1150
114.187 1141
175.071 1131
165.823 1134
142.252 1101
142.112 1181
141.701 1503
110.484 1111
128.582 1105
143.164 1151
113.781 1133
133.857 1140
143.922 1097
160.908 1138
148.377 1117
105.796 4133
87.3614 1155
104.294 1124
150.341 1223
88.278 1095
155.411 1111
153.122 1099
102.222 1131
91.022 1209
120.219 1164
133.06 1097
120.309 1107
116.833 1097
190.001 1160
110.027 1143
154.613 2027
162.89 1134
164.906 1132
171.153 1123
89.2148 1107
127.031 1133
142.652 1170
112.348 446
144.74 1115
90.2218 1112
110.138 1227
123.824 1140
137.8 1145
104.275 1156
93.1463 1150
94.1327 3125
126.01 1118
213.487 1109
134.188 1106
130.369 1172
128.531 1153
168.236 1165
156.575 1174
163.254 1154
100.421 1205
160.635 1103
147.648 1112
111.956 1190
184.015 987
199.081 1129
137.82 1135
153.389 1282
126.264 1176
179.466 1136
140.322 1141
102.509 1147
87.8243 1214
145.78 1147
103.88 1141
92.6504 1132
99.9808 1142
149.544 1182
89.4929 1161
174.338 1152
202.629 1133
93.8225 1139
114.445 1181
105.998 1158
108.433 249
151.941 1464
124.345 1193
175.007 1242
127.486 1146
119.407 1097
119.045 1117
130.788 1111
148.523 1209
110.163 1137
89.1268 1136
134.941 1110
134.806 1181
