151.355 267
222.364 1509
190.467 1104
149.659 1117
156.95 1127
125.055 1135
167.937 1120
134.542 1148
151.323 1167
149.063 1160
227.359 1148
140.988 707
154.193 1150
151.849 1132
147.68 1129
165.496 1135
155.823 1124
137.606 1157
222.725 1131
176.851 1166
185.939 1166
183.602 1146
145.909 1179
178.922 1402
133.219 5589
91.5532 1100
122.866 1195
183.583 1131
88.2782 1121
157.539 1131
212.455 1117
125.496 1173
91.4328 1132
131.475 1117
169.753 1140
128.767 1120
131.706 1196
122.306 1155
118.172 1294
164.709 1136
182.231 1106
269.522 1252
178.501 1160
92.151 1168
133.146 1116
168.598 1125
119.636 1173
163.456 1114
127.265 1181
122.265 1112
244.605 1153
141.841 1211
109.35 1685
113.674 1112
103.65 1134
131.482 1131
233.807 1162
168.184 1115
137.38 1122
142.143 1117
154.932 1127
184.914 1139
182.496 1145
100.682 1119
165.477 1145
190.932 1128
230.577 1155
229.493 1112
133.372 4033
150.508 1180
172.916 1122
126.578 1131
154.418 1157
190.756 1101
124.37 1222
122.487 1127
144.614 1133
132.688 1172
152.09 1129
111.94 496
181.215 1109
120.707 1119
188.742 1130
225.46 1095
93.0719 1134
152.851 1120
111.044 1358
125.218 1353
169.957 1138
140.073 1643
159.625 1118
189.729 1098
151.319 1125
119.974 1158
135.954 1158
185.902 1118
139.583 1100
90.8677 91
232.82 1138
149.246 1245
