108 0.093598
123 0.062393
128 0.095206
145 0.057371
139 0.062972
94 0.094532
155 0.072270
124 0.122317
115 0.086950
135 0.125348
128 0.087108
110 0.266617
141 0.035043
141 0.104718
170 0.156902
145 0.035121
107 0.060250
115 0.057257
156 0.027058
110 0.045599
144 0.070675
129 0.170140
140 0.150879
126 0.079109
103 0.069310
87 0.103170
101 0.072746
126 0.074927
88 0.220428
135 0.078046
141 0.044975
95 0.039901
91 0.046047
130 0.090674
139 0.094869
109 0.253846
112 0.093952
106 0.113469
104 0.152731
116 0.135722
152 0.025747
114 0.204256
167 0.072964
89 0.109982
123 0.091503
123 0.109168
102 0.065022
128 0.061194
89 0.171910
105 0.087306
123 0.060382
140 0.102605
100 0.087325
93 0.059614
91 0.059710
127 0.102514
92 0.076271
137 0.156173
119 0.114186
139 0.133479
140 0.045297
140 0.095188
143 0.106620
95 0.059421
139 0.215802
140 0.070991
194 0.083135
113 0.073241
112 0.026712
131 0.162712
137 0.158948
115 0.152712
154 0.113462
152 0.072022
115 0.076922
86 0.071987
150 0.149529
97 0.045266
92 0.146547
94 0.087544
156 0.071341
88 0.143480
152 0.071713
103 0.085574
88 0.130263
106 0.230786
106 0.105996
104 0.070075
178 0.057746
130 0.083362
155 0.128123
122 0.124013
142 0.069165
119 0.158503
138 0.046839
141 0.187874
93 0.034805
88 0.057032
120 0.062675
127 0.112737
