114.644 0.000600251 112.231 0.000137489
141.021 0.000300104 139.993 6.6382e-05
140.775 0.000526378 128.832 0.000126704
158.533 0.000395373 132.106 9.8628e-05
162.646 0.000421487 141.15 0.000104707
100.871 0.000328198 98.4343 6.7646e-05
144.703 0.000499617 132.949 0.000129833
134.757 0.000439462 120.914 0.000154032
121.873 0.000467869 112.22 9.834e-05
136.079 0.000444352 126.558 0.000177614
127.276 0.000365157 110.24 0.000114835
128.603 0.000749869 120.369 0.000229427
154.335 0.000405466 136.763 0.000114796
161.598 0.000473647 126.529 0.000118002
151.081 0.000478004 126.362 0.000157821
142.879 0.000350626 135.298 7.7384e-05
115.436 0.000381184 108.076 6.5063e-05
150.843 0.000324901 114.566 8.2485e-05
154.457 0.000404246 135.114 8.0472e-05
112.769 0.000281583 111.005 5.3845e-05
137.666 0.000415317 125.806 0.000107462
160.183 0.000425573 135.304 0.000113972
149.102 0.000534744 143.129 0.000146772
136.316 0.000318136 126.533 7.9016e-05
111.407 0.000344987 108.913 6.8298e-05
87.3613 3.241e-05 87.3613 3.7453e-05
111.972 0.00038025 107.656 8.8362e-05
157.63 0.000322633 155.422 8.6497e-05
88.278 4.2567e-05 88.278 6.8534e-05
154.579 0.000249171 135.84 6.6103e-05
146.92 0.000253166 144.59 4.1669e-05
99.9112 0.00031611 95.3178 5.0139e-05
91.022 2.7023e-05 91.022 2.8076e-05
137.87 0.000278431 119.057 6.8311e-05
165.05 0.000310142 154.634 8.1254e-05
128.431 0.000390337 109.901 6.6004e-05
115.133 0.000509758 107.328 0.000132673
114.588 0.00039785 106.894 8.3696e-05
109.565 0.000350869 99.7298 0.000120748
130.032 0.00039273 119.241 0.000155469
158.144 0.000423949 150.141 9.7033e-05
154.036 0.000223998 146.575 8.025e-05
175.436 0.000402786 161.89 8.0589e-05
89.1403 3.0242e-05 89.1403 3.3768e-05
131.47 0.000283042 124.273 3.4436e-05
142.259 0.000591278 141.694 0.000147481
107.044 0.000215689 103.764 4.0493e-05
154.611 0.000399504 130.337 0.000118476
91.4356 0.000439593 89.5762 9.5509e-05
109.353 0.000250891 103.051 5.3942e-05
122.457 0.000225527 119.002 4.1372e-05
140.572 0.00040346 129.695 0.000161287
103.702 0.000500286 100.111 7.7708e-05
93.145 3.3796e-05 93.145 3.3491e-05
94.8389 0.000287762 91.7482 4.3958e-05
128.17 0.000568288 123.787 0.000117241
96.9557 0.000207027 92.6422 4.1044e-05
150.216 0.000423956 132.55 0.000147455
128.336 0.000317964 120.643 8.6795e-05
131.173 0.000317155 122.86 0.000112245
160.096 0.00035282 141.794 8.6693e-05
153.141 0.000557622 141.945 0.000155415
155.289 0.000684989 141.781 0.000173349
95.905 0.000308961 95.1428 5.3406e-05
170.78 0.000768079 154.867 0.000219934
170.483 0.000627984 156.79 0.000125673
115.362 0.000491493 103.711 8.2796e-05
124.992 0.000353546 119.718 9.3048e-05
116.432 0.000338151 112.283 5.4961e-05
137.128 0.00058028 134.402 0.000100752
146.098 0.000344165 140.594 0.000101096
129.678 0.000590411 114.777 8.9023e-05
146.552 0.000220913 136.364 5.5086e-05
161.173 0.000320927 134.766 8.677e-05
113.81 0.000476594 107.894 0.000157598
91.3115 0.000647548 86.1635 8.3294e-05
156.619 0.000577457 156.619 0.000141867
106.138 0.000248671 97.1392 6.4369e-05
93.4437 0.000211413 92.6502 4.1642e-05
98.9938 0.000219588 94.8959 3.4614e-05
153.575 0.000432214 132.92 0.000135847
88.9767 0.00013136 88.2842 4.0841e-05
197.659 0.000250011 164.456 7.9511e-05
109.531 0.000164459 106.188 3.5005e-05
92.2833 0.000403717 88.7268 9.3093e-05
134.582 0.000206932 130.882 8.225e-05
121.185 0.000309976 102.577 7.1929e-05
111.056 0.000319356 99.8883 8.9254e-05
162.551 0.000652514 148.898 0.00011727
124.658 0.000230231 118.059 7.4544e-05
150.136 0.000703968 141.726 0.000155846
130.41 0.000502363 119.977 0.00012379
121.57 0.000412401 107.266 9.8529e-05
116.763 0.000353163 111.717 0.000101385
133.222 0.000453041 125.634 8.2277e-05
150.209 0.000414548 143.63 8.602e-05
100.061 0.000225196 94.0011 4.2624e-05
89.8025 0.000264859 89.2973 3.9749e-05
134.734 0.000215435 121.613 5.0625e-05
140.961 0.000532893 127.939 0.000124504
