112.172 5382
131.693 9633
130.693 6426
134.46 7612
142.08 8565
98.6451 4396
132.745 6474
122.545 6476
111.845 4363
126.325 5387
111.261 6437
115.824 5412
139.462 8612
124.404 7484
127.744 6455
137.642 7521
108.855 6433
116.579 6451
136.792 7511
111.647 4347
128.96 5383
134.642 8603
139.023 6467
129.812 5412
105.112 5420
87.8064 3244
104.824 5430
132.378 7486
88.5644 3244
136.882 9629
144.612 7490
96.2744 4358
91.2849 3241
119.651 5357
128.913 6466
111.057 6423
107.869 4323
108.678 5391
101.542 6443
113.792 6449
151.586 9633
117.411 6471
156.016 8571
89.2662 3275
125.142 5375
127.497 6479
105.874 4344
132.431 6448
90.6288 3321
105.074 4365
119.626 3262
130.612 6513
102.153 4324
93.3977 3393
92.2697 3268
124.979 5397
93.4568 4390
134.432 8578
122.094 6470
123.891 5425
139.419 6436
143.416 7526
144.871 8515
95.5489 4300
134.154 8563
136.738 8627
104.43 5392
108.639 5408
113.056 4339
131.809 5369
142.006 9649
116.889 5428
137.373 7524
137.314 8586
97.93 4348
86.7764 4354
143.796 7497
94.7972 5379
93.2516 4328
95.961 5434
136.193 6442
88.4357 3269
155.75 8568
107.677 4342
89.2513 4375
111.245 6448
105.473 6665
99.7845 4320
143.194 7495
120.585 6499
143.743 5369
121.866 7478
109.399 5437
109.941 4327
127.519 5415
144.413 7499
95.3092 4345
89.2538 3246
122.966 6416
128.698 6448
