114.559 1120
142.242 1147
141.454 1116
153.192 1121
146.93 1201
105.059 1178
164.314 1115
129.435 1099
114.963 313
127.259 1186
127.81 4415
128.784 1185
145.092 1121
128.185 1201
143.809 1100
149.11 1154
112.684 1165
134.264 1166
149.898 1176
121.015 2197
137.595 1154
149.023 1148
173.167 1128
141.787 1209
107.593 1129
87.3613 1122
114.727 1129
141.124 1209
88.278 1130
153.405 1110
176.3 1150
98.0482 1168
91.022 1143
198.415 1132
131.544 1206
112.977 1115
114.189 1128
115.824 1250
108.757 1112
129.137 1133
155.909 1118
201.924 1135
157.475 1125
89.1403 1172
129.177 1168
180.065 1160
115.346 1130
148.81 1125
90.2245 1157
104.233 1121
181.482 2679
143.026 1180
108 1127
93.145 1138
92.5512 1127
124.578 1181
97.6497 1119
139.908 1167
125.55 2364
133.081 1113
147.614 1145
154.689 1176
150.388 1114
97.0012 1115
148.245 1199
167.495 1131
203.33 1135
110.195 1148
125.075 1164
166.69 1195
143.953 1185
118.792 1317
144.104 1141
147.023 1151
107.49 1210
87.2638 1124
183.671 1115
95.6521 1127
92.6676 1116
96.527 1243
152.895 1129
89.0961 1097
172.026 1115
118.233 1115
89.0795 1181
128.662 1124
110.141 1125
102.342 1151
152.849 1146
131.314 1130
169.379 725
130.9 1148
120.376 1126
122.985 1134
130.102 1149
147.689 1125
99.876 1156
91.0182 1143
142.964 1114
133.49 1197
