110.941 9613
127.778 10708
131.523 9625
132.842 9596
144.134 10675
97.6115 9658
132.013 10686
122.666 9633
112.598 8533
125.261 10685
111.772 9634
116.433 9631
138.538 10692
123.098 9630
128.105 9646
135.698 8561
108.6 10710
117.493 9613
138.349 10655
112.024 7589
128.423 10677
134.582 10679
140.422 9625
127.452 10697
104.338 7502
87.5423 8587
103.273 9638
131.128 9625
88.3531 8560
135.362 10707
145.632 10685
95.8113 7527
91.1585 7781
120.689 8616
128.069 11736
111.059 8569
109.096 9628
108.208 8593
101.038 9614
114.211 10642
152.604 10678
117.494 11727
155.665 10714
89.2896 5386
125.178 7504
127.996 11997
104.105 9664
133.067 11738
89.8835 7535
103.906 7521
119.882 10686
130.342 9657
101.189 7482
93.4045 8701
92.055 6435
125.741 10707
93.0285 6463
134.441 10688
120.796 9644
124.536 10726
140.126 9607
142.884 10673
143.704 11896
95.6283 6459
134.583 10846
137.946 10687
107.383 7557
108.184 8569
114.736 9632
133.216 10693
141.355 10651
115.514 9629
137.53 10689
137.022 9626
97.2133 9626
86.7942 6432
144.093 10681
94.4289 8589
93.0778 7529
95.9342 8541
134.14 9684
88.727 8605
157.13 10702
106.99 8582
89.1273 7515
111.348 9639
103.83 9595
100.296 7546
143.084 9660
123.912 9652
145.729 10680
122.053 7545
112.254 9599
112.285 8579
126.478 9602
144.724 10664
95.4836 7537
89.3292 5372
122.201 9585
127.922 10686
