126.288 7512
115.265 5427
106.825 6468
103.161 6484
89.0067 3263
106.467 4311
103.222 5420
93.193 4351
100.744 4296
96.2784 4330
120.951 4359
127.581 7563
125.645 5371
102.803 5393
138.325 6432
95.4757 4333
113.237 8659
111.887 5400
96.3265 4349
139.876 7523
115.713 6469
114.437 6417
96.7364 3262
134.617 7501
101.651 4353
89.565 3258
95.7969 5445
91.3157 3302
108.541 4348
88.9296 3320
128.018 8573
85.5948 3291
88.3543 2206
108.509 5382
112.078 6527
95.5876 3274
115.334 7473
94.9922 4329
94.3262 4323
114.931 6460
91.2044 4356
92.8784 4311
128.899 7488
113.414 4307
88.2846 4381
103.64 5380
114.402 6480
122.686 8584
109.727 5383
92.4108 4367
101.765 4327
106.027 4314
101.87 5422
95.9863 4529
95.6377 3289
106.859 5382
113.431 6430
118.8 7539
135.483 8559
92.3725 5419
111.297 6441
101.698 5470
111.259 4336
96.4278 4333
97.2675 5434
117.709 6434
140.5 9657
101.044 4360
110.836 4294
109.928 6433
120.221 5375
101.455 4321
115.327 5369
99.6812 4336
109.093 5353
115.269 5408
108.895 5455
88.9218 3263
117.265 6440
108.838 6445
95.9432 4310
115.686 5381
97.7148 4318
112.582 5404
89.6945 4455
116.195 6431
87.3997 4324
115.097 7547
146.573 8810
129.298 5438
107.057 6450
105.642 5592
116.977 4344
129.154 6429
89.1775 3252
125.99 6445
117.604 6433
91.7843 4349
112.264 6474
138.982 9653
