131.633 2178
119.181 5367
109.34 2193
111.12 2210
89.0913 5371
108.077 4298
104.906 2194
95.1329 2180
108.206 2216
97.521 4309
127.376 2237
139.72 2182
124.352 4316
102.692 7509
141.674 4300
96.2039 2186
126.253 2244
112.87 2160
110.539 4291
139.19 5368
135.175 2189
115.242 4334
96.4666 3322
172.582 1148
102.198 2231
91.227 4309
109.822 2187
90.4451 4313
118.426 2171
88.6848 1136
130.894 2175
85.2115 1113
88.1033 2183
110.86 4320
118.577 2183
96.2679 2203
116.191 5416
95.0915 2225
93.9651 2230
121.835 3262
114.871 4295
92.4392 2190
132.945 4303
120.063 2210
89.1772 2197
121.647 2179
118.636 2200
130.953 2197
113.946 4297
93.2143 4327
107.736 5363
110.705 2198
103.457 5378
130.58 1111
95.1316 2172
120.392 1207
120.917 6434
122.419 2201
125.003 8502
96.6705 2227
128.074 2232
105.697 2192
130.231 2209
99.7879 2204
101.404 2183
117.064 2218
151.736 5354
108.552 2160
119.364 4359
113.589 5360
138.777 2190
103.393 4304
120.156 7457
123.143 2229
109.028 4318
119.606 2170
112.893 1126
104.143 2194
119.083 4311
135.296 2202
97.3276 4544
133.322 2232
97.533 5378
118.564 5398
96.7641 2175
133.948 2191
88.7958 4269
122.875 2236
145.62 7481
141.165 1274
110.182 4327
107.203 2194
143.501 3274
149.089 2195
88.5597 1138
129.296 4270
128.237 1145
91.2825 2189
120.847 2182
140.89 3612
