162.776 1124
120.302 1129
124.435 1131
105.697 1187
96.7265 2677
110.37 1115
212.527 1108
97.1198 1139
101.939 1169
97.9309 1147
150.94 1131
148.631 1171
128.563 1140
107.079 1144
138.532 1142
102.732 1126
151.738 2022
112.461 1231
133.342 1169
155.422 1126
150.173 1095
128.505 1120
96.5224 1199
158.564 1130
101.8 1448
224.355 1216
115.118 2171
90.7286 1129
115.046 2274
88.6848 1155
132.706 1148
85.2115 1151
88.5111 1149
146.281 1131
123.118 1101
223.896 1154
162.699 1228
104.399 1169
98.107 1096
119.559 2210
128.629 1162
92.4564 1209
161.314 1126
118.744 1119
89.355 1114
119.04 1112
135.311 1359
136.914 1119
124.352 1242
123.045 1148
153.289 1141
116.455 1129
109.421 1108
119.915 1177
95.1557 1153
135.758 1103
173.127 1192
135.507 1163
171.061 2185
209.345 1114
137.977 1190
111.705 1159
157.69 1128
117.001 1145
99.0564 1120
119.352 1252
159.527 4425
125.753 5667
126.743 1126
125.276 3246
178.339 1119
101.251 1154
141.206 1118
127.847 1121
115.226 1137
119.267 1173
113.361 1121
104.652 1121
120.28 1119
140.302 1154
103.403 1124
130.014 1185
97.8457 1140
131.528 1166
104.119 1131
187.933 1095
102.268 1310
119.516 1138
195.55 1202
143.832 1123
116.747 1119
106.293 1149
167.955 1159
149.557 1232
93.9972 1175
140.003 1826
120.617 4124
93.5564 1273
129.972 1124
145.901 1124
