127.011 0.00104975 121.26 0.00168557
118.361 0.000833512 108.205 0.00141146
112.451 0.000847065 99.5364 0.00229101
117.337 0.00131411 102.774 0.00286018
92.5659 0.000354592 88.2793 0.000589058
116.689 0.000414069 105.958 0.000760946
123.52 0.00102657 102.035 0.00129815
95.7718 0.00158008 90.8432 0.000940225
101.701 0.000529073 96.2584 0.000531022
106.47 0.000871818 96.479 0.000986008
131.243 0.00111985 120.089 0.00176337
145.869 0.0018981 122.598 0.00712972
146.476 0.00075145 123.071 0.000985741
122.492 0.00094095 109.005 0.00213567
142.003 0.00150271 136.082 0.00192908
110.049 0.000709424 100.961 0.00320242
142.085 0.000743249 116.997 0.00132551
135.686 0.000564046 109.255 0.0018065
98.5374 0.000804286 94.9991 0.000370128
154.007 0.00105392 141.228 0.0014684
130.308 0.000686398 116.641 0.00223823
122.079 0.000466522 111.03 0.00174309
107.402 0.000234499 94.5224 0.000423376
145.644 0.00137321 130.383 0.00328137
112.799 0.00138208 101.119 0.00236713
93.6708 0.00131166 88.6821 0.000245025
110.412 0.00131595 99.6373 0.00248468
90.8896 0.000214256 90.3633 0.000204126
113.759 0.00122307 105.045 0.0017863
88.6848 2.2745e-05 88.6848 5.4543e-05
151.368 0.00130873 126.551 0.00314235
85.2115 2.4121e-05 85.2115 6.0808e-05
89.1611 0.0001814 88.0984 0.000156905
118.96 0.000711112 110.569 0.00176862
134.135 0.000753693 112.281 0.00201212
99.1494 0.000499165 95.088 0.000308715
130.319 0.00137762 115.874 0.00370774
98.3653 0.000415904 97.3579 0.000333217
96.1401 0.000143416 93.7546 0.000315465
155.133 0.00065167 133.357 0.00253941
100.807 0.000958774 92.1302 0.00204115
92.4392 4.1933e-05 92.4392 0.000105193
149.158 0.00164788 134.75 0.00400817
132.979 0.000736903 112.04 0.000751797
94.4215 0.00204343 86.9702 0.000866373
127.224 0.00140147 103.818 0.00292756
136.369 0.00152823 113.084 0.00164912
138.87 0.000879193 117.075 0.001394
130.941 0.00116898 115.215 0.00210955
101.067 0.000342514 92.0012 0.000692599
110.34 0.0012564 100.151 0.00198149
123.058 0.00120771 104.621 0.00160686
117.736 0.000436529 100.651 0.000754211
99.7784 0.000628872 93.0888 0.000712847
96.3372 0.000390574 95.0942 0.000230139
133.658 0.000649913 105.896 0.000839356
138.035 0.000634743 119.912 0.00211214
138.451 0.000838744 128.852 0.00109292
168.346 0.000736659 122.825 0.00130784
113.913 0.000487332 96.3036 0.00098351
127.002 0.00217405 112.998 0.00232211
124.865 0.000535855 100.815 0.000332123
114.593 0.00058179 110.9 0.00100023
109.273 0.000260405 98.0358 0.00083476
102.254 0.000210612 99.718 0.00121457
133.891 0.00109752 115.623 0.00141314
132.413 0.00117916 125.933 0.0028443
109.392 0.00101815 99.6942 0.00248362
134.307 0.00136567 108.691 0.0044173
131.204 0.000471912 108.398 0.00125782
124.027 0.00131147 115.865 0.00245915
109.129 0.00050582 100.29 0.000510149
125.335 0.00100037 113.397 0.00166522
107.284 0.00050896 97.836 0.000992933
144.136 0.000953283 106.197 0.000694594
139.665 0.000721274 113.524 0.00109916
120.591 0.00114249 111.327 0.00289178
91.4138 0.000200862 89.1995 0.000360337
145.011 0.000649018 116.038 0.000990412
94.3224 0.00133194 90.6641 0.00158015
106.572 0.00127562 97.2985 0.00148321
124.291 0.000817267 115.247 0.00166293
102.276 0.000355358 96.1937 0.000212799
129.691 0.00058789 111.821 0.00152469
93.6087 0.000460555 88.1258 0.00102312
118.775 0.000895916 100.65 0.0023075
96.9239 0.000573143 86.2395 0.00120261
159.716 0.000739428 113.47 0.00126865
187.398 0.000335833 144.679 0.000407881
152.955 0.00177773 142.832 0.00598351
121.6 0.00124641 111.768 0.002459
112.903 0.000434717 104.631 0.000282018
124.797 0.000945135 116.048 0.00267505
148.16 0.000714752 126.335 0.00158027
89.4939 0.000299688 87.3765 0.000309129
138.05 0.000710796 123.642 0.00172593
169.162 0.0012712 143.503 0.0027593
100.888 0.00143737 90.6464 0.0013114
123.483 0.00047521 111.154 0.00115533
160.591 0.000842264 138.504 0.00468954
