161.91 1194
117.412 1114
119.062 1130
127.927 1141
100.3 1172
108.591 1120
128.355 1188
93.561 1125
146.008 1214
100.757 1151
123.176 1150
144.048 1150
129.237 1146
102.4 1203
145.645 1164
101.405 1172
120.92 1176
111.773 1146
121.588 1127
151.086 1147
152.538 1174
124.185 1232
105.097 1438
158.68 1169
105.123 1103
89.6951 1269
149.775 2222
91.266 1133
127.686 1177
88.6848 1175
163.199 1163
85.2115 1142
88.1227 1170
142.473 1133
137.546 1148
96.9035 1162
125.628 1167
97.7724 1177
96.6994 1158
211.706 1116
124.875 1157
92.4392 1155
149.807 1132
118.893 1140
94.1451 1153
111.277 1158
134.856 1168
132.42 1147
186.334 1143
126.64 1143
146.244 1289
109.587 1167
108.153 1166
119.727 1197
95.1357 1134
115.935 1129
141.968 1167
123.332 1147
148.628 1144
95.4936 1174
140.807 1162
106.85 1142
140.607 1139
103.218 1145
100.664 1122
122.245 1162
163.667 1160
125.786 1161
134.432 1148
121.408 1108
141.596 1180
113.81 1152
152.118 1153
193.174 1105
116.103 1177
128.522 1146
108.975 1210
110.692 1158
140.274 1138
137.302 1136
112.45 1155
133.65 1175
97.4438 1167
125.714 1235
102.356 1244
169.617 1175
96.0266 1179
130.909 1144
151.744 1133
144.162 1181
114.475 1133
119.775 1162
130.884 1168
151.157 1177
99.5496 1190
153.485 1176
195.888 1129
91.9325 1171
121.397 1156
141.106 1146
