128.467 1176
118.683 1174
120 256
109.821 3848
95.0322 1128
111.995 1109
213.217 1117
100.215 1116
101.495 1140
111.986 1129
150.466 1139
141.955 1099
126.842 1172
104.267 1144
143.471 1098
98.2356 1139
150.208 444
115.146 6418
119.533 1118
170.467 1154
167.875 1111
150.322 1125
109.562 2165
154.894 1199
112.375 1360
93.4351 1155
200.567 1133
97.9993 1160
119.38 1236
88.6867 1116
168.331 1203
85.213 4028
89.7941 1226
130.505 1137
115.092 1151
96.6066 1108
195.914 1115
96.1361 1258
95.8504 1115
119.438 1140
125.102 1175
92.4392 1117
156.109 344
120.583 204
88.6625 3626
128.827 1106
121.829 1119
135.575 1134
187.928 1101
94.1485 1130
135.576 1118
112.712 1125
110.475 538
116.353 1130
95.1573 1122
135.821 1101
172.868 1207
127.366 1201
147.319 1135
95.1869 1133
119.248 1123
112.315 1120
143.31 1222
106.62 647
101.762 1118
121.786 1123
154.03 1150
125.631 1157
126.599 2230
119.653 1133
146.076 1145
132.726 1215
143.879 1104
126.59 1099
119.989 1117
119.598 1163
109.774 1210
119.561 1095
120.654 2794
127.965 1107
100.098 1130
130.958 1136
97.6711 1128
137.199 1114
102.095 1120
139.46 1185
98.4855 1165
126.889 1101
151.477 1137
139.528 1131
149.421 1144
216.227 1151
149.273 1137
153.749 4085
111.253 1108
131.311 1213
125.892 1098
152.058 1129
121.865 1128
153.166 1127
