170.679 1112
152.748 2446
161.135 1116
136.41 2596
227.99 1112
112.16 1100
254.952 1120
104.938 1126
159.33 1134
109.969 1134
156.868 1110
164.366 1122
156.081 1149
207.977 1210
146.964 1103
125.975 1153
149.374 1141
141.767 1141
135.924 1216
206.798 395
216.527 1292
133.545 1127
133.777 1147
177.869 1197
136.65 1115
97.4777 1119
162.295 1100
103.573 1138
255.272 1271
107.939 1142
185.135 1138
85.6954 156
90.821 1143
175.251 1188
164.968 1774
186.616 3019
204.781 1137
105.397 1121
113.307 1167
135.267 1176
213.501 1130
99.9133 1122
155.637 1136
122.913 1140
115.793 1103
278.795 1147
197.527 1111
152.69 1301
230.567 1150
153.838 1182
133.445 1120
116.586 1121
119.198 1116
173.225 1118
101.607 1210
143.449 1102
151.785 1153
140.247 1188
169.473 1133
197.877 1126
185.654 1111
110.185 1125
154.832 1199
255.171 1101
126.489 4239
146.426 1106
227.635 1205
139.874 1151
127.391 1134
150.635 1149
190.344 1129
120.103 1189
193.483 1147
226.482 1122
127.655 1141
128.979 1150
162.203 1274
133.644 1118
175.672 1135
168.86 1130
111.794 1102
159.638 1184
99.3 1162
160.649 590
187.573 1125
196.464 1140
98.9594 1213
179.097 1109
155.863 1140
158.39 1127
119.365 1153
155.53 1392
163.879 1145
155.515 1118
109.641 1129
192.219 1143
215.661 1143
119.454 1127
149.478 1138
166.913 1146
