121.529 12837
106.309 9618
104.828 12861
106.393 9841
88.5625 12855
106.714 11805
100.852 10734
91.3929 10723
100.415 11723
96.584 9621
121.376 11833
127.772 11741
123.653 11795
102.375 11731
135.256 12876
95.7788 9670
112.674 11734
111.998 11788
95.6954 10703
139.772 11760
114.725 13168
121.401 11739
95.1436 9622
145.377 11708
100.248 10663
89.8575 7508
96.1104 10685
90.596 9661
106.136 10672
89.0198 8602
129.107 11757
85.2884 9621
88.6561 7534
109.594 11762
112.19 11767
95.756 10700
112.68 11752
94.1556 10696
94.0015 9752
115.256 11753
93.4155 11780
92.6287 9689
127.837 11731
114.5 10699
88.2867 7500
105.917 9622
115.455 10718
121.767 11943
108.649 12773
93.3492 9620
103.043 10683
106.256 9645
101.251 11729
93.577 9671
95.4506 8549
108.656 10686
113.254 11741
116.606 9623
123.796 12854
91.9354 8586
110.346 11753
102.345 9627
118.385 10674
94.4828 8812
95.8016 10707
117.886 10680
140.659 11725
101.443 11773
117.381 11753
109.342 11754
124.444 12832
101.598 10661
115.922 11730
98.639 10761
107.72 10699
115.786 11743
107.772 10675
97.1719 10702
117.124 11739
103.924 11782
96.8312 10738
117.826 11750
97.5573 10697
111.172 11742
96.1855 12802
115.016 11741
88.4674 8559
114.933 11761
146.091 10675
126.924 11738
107.702 11806
106.24 10700
127.353 11808
127.702 11731
87.8412 9644
123.886 11764
117.463 9608
91.4166 11815
111.678 11702
136.803 11757
