116 3.452768
106 3.097901
99 3.045096
96 3.227409
88 2.754812
104 3.586096
108 3.527160
107 3.163914
92 2.512391
94 3.257278
118 2.316117
125 4.625673
124 2.908804
102 3.167797
125 3.523000
92 2.522239
109 3.046293
109 2.570401
94 3.135066
136 2.732067
109 3.887620
107 3.708696
93 2.602710
128 2.352862
101 5.290078
87 2.298739
90 3.813232
90 2.609225
111 2.952969
88 2.491743
124 2.927306
85 5.735335
88 3.031109
104 3.616698
109 5.318109
94 2.151573
106 2.929798
92 4.550660
92 3.023786
122 3.640387
87 3.583546
92 3.182098
120 2.758447
125 4.049763
86 3.806298
104 4.858039
125 3.957602
112 3.397579
106 3.145458
92 2.494982
96 2.383665
120 3.300359
98 2.119519
91 4.675391
95 4.556014
102 4.076747
108 2.421078
114 3.337717
118 3.592198
92 2.861056
106 3.484766
100 3.103793
104 3.235906
92 4.031176
92 3.261190
122 3.255460
123 3.265604
97 2.718621
115 3.680616
106 3.243014
114 2.554182
98 3.118220
110 3.072742
97 2.639403
109 3.528511
108 4.194510
104 2.968025
88 2.767642
101 3.655676
89 3.008501
94 3.494241
115 3.345817
94 2.772038
106 2.197627
88 2.716930
96 2.709113
104 3.981541
109 2.987916
143 5.017438
126 2.429885
100 3.627259
103 3.002770
112 3.034938
126 2.725370
84 1.872147
118 3.195029
120 3.763509
90 4.103035
107 3.295995
134 3.358182
