171.854 3258
117.143 1136
116.545 2234
106.327 2222
88.4845 1156
110.749 1141
110.511 2231
93.1395 1166
113.161 1127
99.5494 1207
123.427 1152
144.209 2197
128.31 2197
110.483 2220
145.428 2190
97.8188 1134
132.328 3287
112.896 1146
96.2232 1135
150.61 3263
118.769 2248
122.918 2228
99.1122 1148
163.761 3231
100.525 1154
90.9887 1141
98.9723 1170
90.3877 1137
125.287 2267
88.6848 1179
155.196 2215
85.2115 1165
88.166 1088
116.928 2203
114.524 1144
95.4137 1349
120.761 2220
95.9629 1144
95.2578 1142
130.177 3297
120.041 1161
92.4392 1148
131.631 2202
118.601 1166
90.8421 1144
113.671 2240
123.37 2232
128.651 2260
122.111 1167
93.3527 1185
141.169 2234
210.884 3265
106.807 2196
99.3238 1153
95.7508 1167
117.331 2216
138.182 3266
121.957 2223
146.065 3277
125.281 2216
117.689 2227
105.478 2185
128.891 3271
105.049 2198
98.3277 1156
116.763 2176
155.324 3274
109.965 1143
126.32 2237
116.242 2201
135.913 2203
107.982 2243
142.962 3270
117.879 2233
112.418 2231
117.429 1138
111.509 1139
110.552 2197
119.641 2225
135.323 3307
97.0983 1152
131.862 2207
96.5542 1173
120.634 2230
98.422 2197
161.136 3299
93.2179 1127
131.52 2191
189.447 3253
137.565 2227
113.821 2240
106.989 1120
134.199 2176
150.516 3290
90.4044 1122
136.439 2217
121.35 2248
92.8267 1192
131.541 1167
141.338 2228
