44 66 49 66 49 77 44 77 44 66
70 3 80 3 80 8 70 8 70 3
86 65 93 65 93 71 86 71 86 65
41 87 43 87 43 91 41 91 41 87
82 9 85 9 85 12 82 12 82 9
21 31 29 31 29 36 21 36 21 31
91 30 96 30 96 38 91 38 91 30
39 13 43 13 43 21 39 21 39 13
23 82 29 82 29 87 23 87 23 82
13 69 16 69 16 71 13 71 13 69
35 25 43 25 43 29 35 29 35 25
51 15 57 15 57 24 51 24 51 15
46 42 54 42 54 51 46 51 46 42
32 48 39 48 39 59 32 59 32 48
30 37 36 37 36 39 30 39 30 37
6 10 8 10 8 17 6 17 6 10
12 64 20 64 20 67 12 67 12 64
80 91 84 91 84 93 80 93 80 91
3 72 8 72 8 78 3 78 3 72
21 48 28 48 28 59 21 59 21 48
2 51 6 51 6 62 2 62 2 51
38 33 45 33 45 43 38 43 38 33
94 23 98 23 98 25 94 25 94 23
70 50 81 50 81 56 70 56 70 50
91 73 96 73 96 81 91 81 91 73
7 44 9 44 9 54 7 54 7 44
22 88 26 88 26 95 22 95 22 88
28 93 36 93 36 95 28 95 28 93
33 80 37 80 37 91 33 91 33 80
54 55 62 55 62 62 54 62 54 55
16 38 22 38 22 47 16 47 16 38
87 43 91 43 91 45 87 45 87 43
51 68 61 68 61 76 51 76 51 68
61 84 64 84 64 93 61 93 61 84
63 27 66 27 66 31 63 31 63 27
46 38 49 38 49 41 46 41 46 38
65 36 73 36 73 40 65 40 65 36
66 59 70 59 70 61 66 61 66 59
22 65 28 65 28 74 22 74 22 65
77 36 80 36 80 40 77 40 77 36
10 20 17 20 17 26 10 26 10 20
65 77 72 77 72 85 65 85 65 77
48 86 50 86 50 89 48 89 48 86
89 5 94 5 94 8 89 8 89 5
87 93 96 93 96 98 87 98 87 93
53 6 55 6 55 14 53 14 53 6
67 67 72 67 72 76 67 76 67 67
61 9 71 9 71 20 61 20 61 9
95 60 97 60 97 64 95 64 95 60
33 4 37 4 37 13 33 13 33 4
