32 55 34 55 34 57 32 57 32 55
8 67 14 67 14 70 8 70 8 67
87 6 90 6 90 9 87 9 87 6
62 2 65 2 65 13 62 13 62 2
24 20 31 20 31 23 24 23 24 20
75 15 85 15 85 23 75 23 75 15
82 76 91 76 91 80 82 80 82 76
82 44 91 44 91 54 82 54 82 44
38 48 40 48 40 58 38 58 38 48
50 81 58 81 58 84 50 84 50 81
83 58 92 58 92 66 83 66 83 58
44 46 52 46 52 53 44 53 44 46
66 65 72 65 72 69 66 69 66 65
80 89 88 89 88 93 80 93 80 89
66 54 72 54 72 59 66 59 66 54
68 16 71 16 71 21 68 21 68 16
14 50 21 50 21 57 14 57 14 50
73 52 80 52 80 54 73 54 73 52
42 31 44 31 44 34 42 34 42 31
71 84 76 84 76 88 71 88 71 84
41 20 44 20 44 27 41 27 41 20
73 63 76 63 76 71 73 71 73 63
37 82 39 82 39 90 37 90 37 82
67 92 75 92 75 98 67 98 67 92
79 4 83 4 83 10 79 10 79 4
23 8 34 8 34 13 23 13 23 8
88 25 93 25 93 30 88 30 88 25
51 27 60 27 60 36 51 36 51 27
13 91 15 91 15 97 13 97 13 91
54 6 60 6 60 13 54 13 54 6
32 88 34 88 34 98 32 98 32 88
35 70 45 70 45 77 35 77 35 70
33 39 39 39 39 42 33 42 33 39
43 85 48 85 48 88 43 88 43 85
56 66 59 66 59 71 56 71 56 66
76 38 79 38 79 40 76 40 76 38
6 12 14 12 14 21 6 21 6 12
47 12 53 12 53 18 47 18 47 12
84 73 92 73 92 75 84 75 84 73
7 76 16 76 16 84 7 84 7 76
45 55 54 55 54 62 45 62 45 55
54 16 64 16 64 23 54 23 54 16
22 30 25 30 25 35 22 35 22 30
9 53 12 53 12 64 9 64 9 53
95 5 97 5 97 13 95 13 95 5
46 36 48 36 48 39 46 39 46 36
22 82 30 82 30 93 22 93 22 82
23 36 34 36 34 38 23 38 23 36
25 67 32 67 32 74 25 74 25 67
67 76 72 76 72 81 67 81 67 76
