29 68 37 68 37 70 29 70 29 68
17 2 21 2 21 12 17 12 17 2
44 68 51 68 51 75 44 75 44 68
65 17 76 17 76 22 65 22 65 17
32 73 43 73 43 83 32 83 32 73
45 8 54 8 54 12 45 12 45 8
62 75 71 75 71 79 62 79 62 75
72 13 74 13 74 16 72 16 72 13
82 17 93 17 93 25 82 25 82 17
19 55 27 55 27 59 19 59 19 55
21 71 29 71 29 75 21 75 21 71
79 45 85 45 85 50 79 50 79 45
21 63 32 63 32 66 21 66 21 63
77 27 84 27 84 38 77 38 77 27
19 86 25 86 25 90 19 90 19 86
69 46 78 46 78 51 69 51 69 46
94 14 97 14 97 16 94 16 94 14
85 31 93 31 93 41 85 41 85 31
48 86 59 86 59 90 48 90 48 86
67 87 72 87 72 90 67 90 67 87
34 46 38 46 38 48 34 48 34 46
46 29 50 29 50 32 46 32 46 29
51 18 56 18 56 22 51 22 51 18
4 37 13 37 13 41 4 41 4 37
25 33 32 33 32 35 25 35 25 33
34 33 44 33 44 43 34 43 34 33
17 25 24 25 24 32 17 32 17 25
38 52 43 52 43 58 38 58 38 52
61 7 71 7 71 14 61 14 61 7
41 61 45 61 45 67 41 67 41 61
90 88 97 88 97 90 90 90 90 88
11 62 16 62 16 72 11 72 11 62
5 59 9 59 9 63 5 63 5 59
5 42 14 42 14 48 5 48 5 42
54 62 62 62 62 64 54 64 54 62
2 3 12 3 12 14 2 14 2 3
83 73 93 73 93 82 83 82 83 73
84 83 89 83 89 91 84 91 84 83
12 52 15 52 15 58 12 58 12 52
89 95 98 95 98 97 89 97 89 95
19 14 21 14 21 22 19 22 19 14
58 68 67 68 67 72 58 72 58 68
25 5 31 5 31 11 25 11 25 5
85 55 91 55 91 64 85 64 85 55
64 24 66 24 66 30 64 30 64 24
77 52 80 52 80 59 77 59 77 52
16 77 20 77 20 85 16 85 16 77
54 46 59 46 59 50 54 50 54 46
2 74 4 74 4 78 2 78 2 74
48 53 55 53 55 60 48 60 48 53
