39 95 49 95 49 97 39 97 39 95
73 57 79 57 79 64 73 64 73 57
76 24 78 24 78 32 76 32 76 24
80 16 83 16 83 21 80 21 80 16
43 37 51 37 51 41 43 41 43 37
65 4 70 4 70 10 65 10 65 4
56 55 61 55 61 62 56 62 56 55
36 70 46 70 46 79 36 79 36 70
8 2 10 2 10 9 8 9 8 2
30 48 41 48 41 54 30 54 30 48
52 83 56 83 56 88 52 88 52 83
30 26 39 26 39 32 30 32 30 26
68 49 70 49 70 54 68 54 68 49
20 9 24 9 24 19 20 19 20 9
11 35 17 35 17 40 11 40 11 35
83 74 88 74 88 79 83 79 83 74
57 68 67 68 67 76 57 76 57 68
94 3 97 3 97 11 94 11 94 3
42 48 47 48 47 50 42 50 42 48
18 44 27 44 27 47 18 47 18 44
13 74 15 74 15 82 13 82 13 74
80 37 91 37 91 43 80 43 80 37
33 19 39 19 39 22 33 22 33 19
25 9 35 9 35 11 25 11 25 9
74 65 85 65 85 73 74 73 74 65
26 78 28 78 28 81 26 81 26 78
65 42 71 42 71 46 65 46 65 42
8 90 11 90 11 95 8 95 8 90
88 13 97 13 97 16 88 16 88 13
29 75 33 75 33 80 29 80 29 75
6 68 17 68 17 73 6 73 6 68
81 56 90 56 90 64 81 64 81 56
51 17 55 17 55 27 51 27 51 17
84 12 87 12 87 22 84 22 84 12
42 14 44 14 44 16 42 16 42 14
15 88 17 88 17 97 15 97 15 88
26 25 28 25 28 27 26 27 26 25
79 44 87 44 87 54 79 54 79 44
67 28 70 28 70 33 67 33 67 28
47 89 56 89 56 91 47 91 47 89
90 90 92 90 92 98 90 98 90 90
69 77 77 77 77 85 69 85 69 77
88 44 93 44 93 47 88 47 88 44
33 12 36 12 36 15 33 15 33 12
59 51 66 51 66 53 59 53 59 51
20 75 24 75 24 85 20 85 20 75
9 43 17 43 17 46 9 46 9 43
80 79 82 79 82 84 80 84 80 79
70 86 73 86 73 88 70 88 70 86
66 12 70 12 70 21 66 21 66 12
