16 76 20 76 20 86 16 86 16 76
18 56 26 56 26 66 18 66 18 56
13 39 16 39 16 48 13 48 13 39
26 49 34 49 34 52 26 52 26 49
70 41 76 41 76 48 70 48 70 41
27 25 37 25 37 30 27 30 27 25
88 9 90 9 90 20 88 20 88 9
85 83 87 83 87 87 85 87 85 83
40 9 47 9 47 17 40 17 40 9
48 48 57 48 57 57 48 57 48 48
79 56 86 56 86 60 79 60 79 56
48 84 54 84 54 92 48 92 48 84
60 59 68 59 68 68 60 68 60 59
89 78 93 78 93 85 89 85 89 78
81 45 89 45 89 52 81 52 81 45
65 82 76 82 76 93 65 93 65 82
80 75 84 75 84 84 80 84 80 75
20 39 30 39 30 41 20 41 20 39
57 94 62 94 62 97 57 97 57 94
40 69 42 69 42 71 40 71 40 69
51 3 56 3 56 14 51 14 51 3
90 33 92 33 92 41 90 41 90 33
6 85 12 85 12 91 6 91 6 85
58 50 63 50 63 55 58 55 58 50
33 10 35 10 35 13 33 13 33 10
52 59 54 59 54 62 52 62 52 59
70 59 74 59 74 63 70 63 70 59
26 73 32 73 32 75 26 75 26 73
62 71 65 71 65 73 62 73 62 71
51 20 55 20 55 22 51 22 51 20
25 32 34 32 34 35 25 35 25 32
8 94 13 94 13 96 8 96 8 94
32 40 38 40 38 44 32 44 32 40
83 32 87 32 87 34 83 34 83 32
89 69 92 69 92 73 89 73 89 69
42 53 47 53 47 63 42 63 42 53
28 77 35 77 35 83 28 83 28 77
10 54 13 54 13 59 10 59 10 54
48 39 58 39 58 46 48 46 48 39
12 26 14 26 14 36 12 36 12 26
64 2 71 2 71 11 64 11 64 2
40 45 44 45 44 51 40 51 40 45
57 3 63 3 63 5 57 5 57 3
88 23 95 23 95 30 88 30 88 23
27 15 35 15 35 22 27 22 27 15
69 73 77 73 77 77 69 77 69 73
4 76 14 76 14 80 4 80 4 76
3 48 8 48 8 58 3 58 3 48
62 33 64 33 64 43 62 43 62 33
12 13 23 13 23 23 12 23 12 13
