59 24 67 24 67 26 59 26 59 24
33 82 40 82 40 88 33 88 33 82
73 65 84 65 84 68 73 68 73 65
70 86 76 86 76 92 70 92 70 86
41 88 51 88 51 95 41 95 41 88
19 30 25 30 25 36 19 36 19 30
25 88 32 88 32 95 25 95 25 88
12 78 19 78 19 87 12 87 12 78
66 35 76 35 76 40 66 40 66 35
17 73 23 73 23 75 17 75 17 73
87 76 89 76 89 78 87 78 87 76
50 4 54 4 54 11 50 11 50 4
87 92 94 92 94 96 87 96 87 92
85 81 94 81 94 83 85 83 85 81
54 87 61 87 61 92 54 92 54 87
11 29 14 29 14 37 11 37 11 29
3 31 6 31 6 41 3 41 3 31
32 29 36 29 36 36 32 36 32 29
6 61 13 61 13 65 6 65 6 61
72 4 79 4 79 7 72 7 72 4
85 15 91 15 91 20 85 20 85 15
2 70 5 70 5 81 2 81 2 70
91 8 95 8 95 11 91 11 91 8
38 69 40 69 40 71 38 71 38 69
40 7 49 7 49 17 40 17 40 7
83 24 87 24 87 28 83 28 83 24
56 43 62 43 62 51 56 51 56 43
58 75 64 75 64 80 58 80 58 75
81 38 87 38 87 43 81 43 81 38
70 20 73 20 73 22 70 22 70 20
8 11 10 11 10 16 8 16 8 11
34 57 40 57 40 63 34 63 34 57
70 75 77 75 77 82 70 82 70 75
37 44 46 44 46 52 37 52 37 44
95 76 98 76 98 79 95 79 95 76
18 89 20 89 20 91 18 91 18 89
73 55 81 55 81 57 73 57 73 55
45 67 56 67 56 74 45 74 45 67
68 29 76 29 76 31 68 31 68 29
48 26 54 26 54 31 48 31 48 26
2 48 10 48 10 55 2 55 2 48
64 49 74 49 74 54 64 54 64 49
46 61 49 61 49 66 46 66 46 61
90 45 95 45 95 54 90 54 90 45
52 56 55 56 55 63 52 63 52 56
78 41 80 41 80 43 78 43 78 41
70 11 79 11 79 14 70 14 70 11
92 33 97 33 97 36 92 36 92 33
95 80 97 80 97 88 95 88 95 80
22 39 31 39 31 49 22 49 22 39
