55 17 58 17 58 26 55 26 55 17
65 67 69 67 69 74 65 74 65 67
6 42 11 42 11 47 6 47 6 42
87 78 91 78 91 83 87 83 87 78
2 91 6 91 6 94 2 94 2 91
60 69 63 69 63 74 60 74 60 69
86 6 93 6 93 10 86 10 86 6
74 80 83 80 83 90 74 90 74 80
33 52 38 52 38 63 33 63 33 52
11 11 14 11 14 14 11 14 11 11
2 22 6 22 6 27 2 27 2 22
85 23 92 23 92 25 85 25 85 23
42 29 47 29 47 38 42 38 42 29
62 50 71 50 71 54 62 54 62 50
62 33 70 33 70 43 62 43 62 33
22 36 33 36 33 43 22 43 22 36
15 46 17 46 17 52 15 52 15 46
44 95 54 95 54 98 44 98 44 95
25 86 35 86 35 90 25 90 25 86
79 48 84 48 84 56 79 56 79 48
71 57 82 57 82 59 71 59 71 57
94 61 97 61 97 71 94 71 94 61
8 34 17 34 17 37 8 37 8 34
67 62 78 62 78 66 67 66 67 62
49 44 59 44 59 54 49 54 49 44
89 51 97 51 97 53 89 53 89 51
9 16 11 16 11 23 9 23 9 16
77 42 87 42 87 45 77 45 77 42
76 25 84 25 84 33 76 33 76 25
49 86 53 86 53 94 49 94 49 86
28 82 30 82 30 85 28 85 28 82
8 80 10 80 10 89 8 89 8 80
89 30 96 30 96 32 89 32 89 30
68 26 74 26 74 28 68 28 68 26
33 17 41 17 41 23 33 23 33 17
41 39 46 39 46 42 41 42 41 39
54 61 64 61 64 66 54 66 54 61
2 58 5 58 5 67 2 67 2 58
19 64 28 64 28 70 19 70 19 64
49 77 59 77 59 85 49 85 49 77
11 58 13 58 13 62 11 62 11 58
7 48 11 48 11 53 7 53 7 48
12 81 17 81 17 83 12 83 12 81
89 54 94 54 94 58 89 58 89 54
4 30 7 30 7 33 4 33 4 30
2 72 5 72 5 76 2 76 2 72
61 17 69 17 69 25 61 25 61 17
62 79 70 79 70 88 62 88 62 79
34 93 39 93 39 97 34 97 34 93
38 9 47 9 47 13 38 13 38 9
