13 82 15 82 15 89 13 89 13 82
77 90 88 90 88 98 77 98 77 90
67 43 73 43 73 45 67 45 67 43
88 56 97 56 97 64 88 64 88 56
45 73 49 73 49 76 45 76 45 73
18 26 26 26 26 33 18 33 18 26
75 35 82 35 82 41 75 41 75 35
25 12 36 12 36 19 25 19 25 12
56 50 66 50 66 55 56 55 56 50
43 21 48 21 48 27 43 27 43 21
74 23 85 23 85 29 74 29 74 23
50 2 59 2 59 9 50 9 50 2
73 50 84 50 84 54 73 54 73 50
63 75 66 75 66 86 63 86 63 75
46 42 50 42 50 44 46 44 46 42
43 5 46 5 46 11 43 11 43 5
29 94 38 94 38 97 29 97 29 94
7 57 17 57 17 65 7 65 7 57
67 71 78 71 78 81 67 81 67 71
32 65 41 65 41 73 32 73 32 65
70 16 72 16 72 27 70 27 70 16
11 6 13 6 13 15 11 15 11 6
76 30 86 30 86 32 76 32 76 30
87 68 98 68 98 76 87 76 87 68
46 85 55 85 55 92 46 92 46 85
50 25 54 25 54 32 50 32 50 25
41 50 48 50 48 54 41 54 41 50
33 81 44 81 44 84 33 84 33 81
25 81 31 81 31 85 25 85 25 81
74 7 77 7 77 11 74 11 74 7
73 61 79 61 79 63 73 63 73 61
85 34 88 34 88 42 85 42 85 34
28 24 38 24 38 32 28 32 28 24
42 66 45 66 45 71 42 71 42 66
27 51 30 51 30 62 27 62 27 51
18 38 24 38 24 48 18 48 18 38
80 69 83 69 83 71 80 71 80 69
64 35 66 35 66 41 64 41 64 35
56 12 67 12 67 18 56 18 56 12
15 51 26 51 26 56 15 56 15 51
58 72 61 72 61 76 58 76 58 72
84 69 86 69 86 72 84 72 84 69
89 9 94 9 94 12 89 12 89 9
60 19 67 19 67 27 60 27 60 19
21 59 23 59 23 67 21 67 21 59
36 60 41 60 41 62 36 62 36 60
9 35 14 35 14 45 9 45 9 35
6 30 12 30 12 34 6 34 6 30
49 46 55 46 55 54 49 54 49 46
3 57 5 57 5 60 3 60 3 57
