61 74 66 74 66 80 61 80 61 74
70 77 78 77 78 87 70 87 70 77
33 15 41 15 41 18 33 18 33 15
89 56 94 56 94 64 89 64 89 56
60 5 70 5 70 13 60 13 60 5
6 3 13 3 13 14 6 14 6 3
84 20 91 20 91 31 84 31 84 20
67 89 76 89 76 95 67 95 67 89
92 43 98 43 98 47 92 47 92 43
9 66 11 66 11 75 9 75 9 66
72 45 74 45 74 48 72 48 72 45
43 86 48 86 48 97 43 97 43 86
61 35 68 35 68 44 61 44 61 35
30 42 34 42 34 51 30 51 30 42
25 84 36 84 36 94 25 94 25 84
60 17 64 17 64 24 60 24 60 17
53 31 59 31 59 40 53 40 53 31
77 30 79 30 79 33 77 33 77 30
13 46 18 46 18 50 13 50 13 46
23 34 26 34 26 39 23 39 23 34
57 68 60 68 60 71 57 71 57 68
72 20 82 20 82 26 72 26 72 20
85 59 87 59 87 66 85 66 85 59
94 93 98 93 98 97 94 97 94 93
33 38 44 38 44 41 33 41 33 38
7 29 9 29 9 31 7 31 7 29
20 61 26 61 26 71 20 71 20 61
39 72 42 72 42 77 39 77 39 72
51 21 56 21 56 28 51 28 51 21
10 16 13 16 13 21 10 21 10 16
33 25 39 25 39 33 33 33 33 25
50 6 53 6 53 9 50 9 50 6
2 32 5 32 5 40 2 40 2 32
86 35 89 35 89 41 86 41 86 35
22 40 27 40 27 50 22 50 22 40
33 53 36 53 36 64 33 64 33 53
45 68 47 68 47 74 45 74 45 68
61 60 68 60 68 70 61 70 61 60
14 72 23 72 23 77 14 77 14 72
79 4 82 4 82 12 79 12 79 4
34 4 45 4 45 12 34 12 34 4
50 33 52 33 52 36 50 36 50 33
60 46 71 46 71 53 60 53 60 46
27 78 33 78 33 83 27 83 27 78
9 36 13 36 13 42 9 42 9 36
6 80 11 80 11 89 6 89 6 80
74 12 78 12 78 16 74 16 74 12
21 96 29 96 29 98 21 98 21 96
78 47 88 47 88 50 78 50 78 47
5 94 9 94 9 97 5 97 5 94
