12 70 16 70 16 76 12 76 12 70
6 46 16 46 16 53 6 53 6 46
5 4 15 4 15 6 5 6 5 4
19 71 28 71 28 74 19 74 19 71
83 67 89 67 89 71 83 71 83 67
52 59 63 59 63 66 52 66 52 59
43 64 50 64 50 71 43 71 43 64
43 34 49 34 49 38 43 38 43 34
39 28 46 28 46 33 39 33 39 28
52 24 63 24 63 29 52 29 52 24
90 36 95 36 95 44 90 44 90 36
71 88 74 88 74 98 71 98 71 88
17 17 20 17 20 26 17 26 17 17
67 8 69 8 69 10 67 10 67 8
29 75 32 75 32 80 29 80 29 75
29 95 32 95 32 98 29 98 29 95
8 8 17 8 17 11 8 11 8 8
13 60 23 60 23 65 13 65 13 60
68 39 79 39 79 50 68 50 68 39
15 27 25 27 25 30 15 30 15 27
68 25 75 25 75 34 68 34 68 25
32 48 36 48 36 58 32 58 32 48
44 75 51 75 51 81 44 81 44 75
35 77 37 77 37 82 35 82 35 77
57 17 67 17 67 20 57 20 57 17
90 23 97 23 97 30 90 30 90 23
49 30 55 30 55 33 49 33 49 30
37 43 44 43 44 50 37 50 37 43
74 55 79 55 79 65 74 65 74 55
72 2 80 2 80 6 72 6 72 2
3 40 10 40 10 44 3 44 3 40
18 46 25 46 25 55 18 55 18 46
37 11 42 11 42 21 37 21 37 11
85 72 95 72 95 74 85 74 85 72
67 73 71 73 71 84 67 84 67 73
93 3 98 3 98 12 93 12 93 3
67 65 72 65 72 70 67 70 67 65
76 7 87 7 87 14 76 14 76 7
78 82 84 82 84 86 78 86 78 82
14 87 17 87 17 93 14 93 14 87
53 11 56 11 56 21 53 21 53 11
7 12 13 12 13 17 7 17 7 12
32 11 35 11 35 20 32 20 32 11
55 48 58 48 58 55 55 55 55 48
86 86 88 86 88 89 86 89 86 86
91 58 97 58 97 60 91 60 91 58
85 78 92 78 92 82 85 82 85 78
34 25 38 25 38 28 34 28 34 25
16 39 21 39 21 45 16 45 16 39
27 88 32 88 32 91 27 91 27 88
