16 58 20 58 20 69 16 69 16 58
49 45 54 45 54 53 49 53 49 45
83 43 89 43 89 53 83 53 83 43
71 86 73 86 73 88 71 88 71 86
57 11 62 11 62 15 57 15 57 11
27 26 33 26 33 29 27 29 27 26
46 54 54 54 54 65 46 65 46 54
12 84 20 84 20 94 12 94 12 84
30 50 33 50 33 52 30 52 30 50
75 64 80 64 80 73 75 73 75 64
76 2 78 2 78 11 76 11 76 2
29 87 39 87 39 94 29 94 29 87
51 19 61 19 61 26 51 26 51 19
21 2 32 2 32 9 21 9 21 2
5 24 10 24 10 26 5 26 5 24
12 51 17 51 17 54 12 54 12 51
75 92 82 92 82 95 75 95 75 92
59 47 62 47 62 53 59 53 59 47
54 89 65 89 65 91 54 91 54 89
46 29 54 29 54 32 46 32 46 29
32 70 37 70 37 78 32 78 32 70
95 66 97 66 97 75 95 75 95 66
81 58 87 58 87 64 81 64 81 58
91 44 97 44 97 47 91 47 91 44
33 12 43 12 43 18 33 18 33 12
79 83 90 83 90 88 79 88 79 83
42 40 48 40 48 51 42 51 42 40
91 35 95 35 95 43 91 43 91 35
75 53 77 53 77 61 75 61 75 53
66 74 72 74 72 79 66 79 66 74
58 74 63 74 63 80 58 80 58 74
58 36 60 36 60 46 58 46 58 36
26 74 29 74 29 79 26 79 26 74
9 4 16 4 16 10 9 10 9 4
83 39 89 39 89 42 83 42 83 39
37 25 45 25 45 35 37 35 37 25
21 25 26 25 26 33 21 33 21 25
73 12 82 12 82 17 73 17 73 12
21 35 23 35 23 41 21 41 21 35
15 19 18 19 18 27 15 27 15 19
76 35 79 35 79 45 76 45 76 35
60 64 68 64 68 73 60 73 60 64
48 76 56 76 56 81 48 81 48 76
16 44 23 44 23 47 16 47 16 44
62 6 70 6 70 10 62 10 62 6
47 88 50 88 50 94 47 94 47 88
89 10 96 10 96 17 89 17 89 10
5 87 11 87 11 92 5 92 5 87
30 62 32 62 32 66 30 66 30 62
61 38 67 38 67 45 61 45 61 38
