62 59 69 59 69 65 62 65 62 59
67 52 74 52 74 57 67 57 67 52
49 48 59 48 59 50 49 50 49 48
88 20 93 20 93 31 88 31 88 20
35 46 43 46 43 56 35 56 35 46
2 3 10 3 10 11 2 11 2 3
63 18 70 18 70 22 63 22 63 18
13 65 23 65 23 67 13 67 13 65
18 38 26 38 26 43 18 43 18 38
86 40 96 40 96 47 86 47 86 40
55 83 61 83 61 85 55 85 55 83
50 64 57 64 57 66 50 66 50 64
68 70 73 70 73 73 68 73 68 70
7 87 11 87 11 97 7 97 7 87
25 19 28 19 28 30 25 30 25 19
31 3 36 3 36 10 31 10 31 3
7 39 14 39 14 48 7 48 7 39
3 75 12 75 12 78 3 78 3 75
45 30 50 30 50 32 45 32 45 30
72 87 81 87 81 92 72 92 72 87
74 20 76 20 76 22 74 22 74 20
45 9 54 9 54 12 45 12 45 9
13 71 17 71 17 74 13 74 13 71
21 89 32 89 32 95 21 95 21 89
76 64 80 64 80 69 76 69 76 64
24 9 29 9 29 11 24 11 24 9
78 36 80 36 80 44 78 44 78 36
84 68 94 68 94 75 84 75 84 68
69 45 72 45 72 51 69 51 69 45
41 60 49 60 49 65 41 65 41 60
45 13 54 13 54 19 45 19 45 13
63 93 68 93 68 97 63 97 63 93
12 13 16 13 16 18 12 18 12 13
19 48 29 48 29 57 19 57 19 48
77 4 83 4 83 10 77 10 77 4
65 32 74 32 74 42 65 42 65 32
33 79 39 79 39 89 33 89 33 79
42 39 47 39 47 43 42 43 42 39
34 72 45 72 45 78 34 78 34 72
78 53 84 53 84 57 78 57 78 53
44 69 51 69 51 71 44 71 44 69
47 87 53 87 53 94 47 94 47 87
95 64 97 64 97 66 95 66 95 64
61 5 65 5 65 16 61 16 61 5
40 34 50 34 50 37 40 37 40 34
84 5 90 5 90 9 84 9 84 5
92 81 97 81 97 90 92 90 92 81
50 42 61 42 61 44 50 44 50 42
23 33 26 33 26 35 23 35 23 33
54 57 60 57 60 61 54 61 54 57
