44 95 46 95 46 97 44 97 44 95
67 70 69 70 69 81 67 81 67 70
51 84 62 84 62 94 51 94 51 84
52 33 54 33 54 44 52 44 52 33
92 34 95 34 95 43 92 43 92 34
17 71 25 71 25 76 17 76 17 71
66 37 71 37 71 45 66 45 66 37
7 59 15 59 15 64 7 64 7 59
24 47 28 47 28 50 24 50 24 47
43 90 50 90 50 92 43 92 43 90
49 39 51 39 51 42 49 42 49 39
91 23 94 23 94 31 91 31 91 23
70 73 73 73 73 79 70 79 70 73
2 15 4 15 4 25 2 25 2 15
22 10 30 10 30 19 22 19 22 10
12 31 22 31 22 38 12 38 12 31
30 54 41 54 41 62 30 62 30 54
56 14 62 14 62 22 56 22 56 14
37 28 39 28 39 36 37 36 37 28
19 80 23 80 23 83 19 83 19 80
77 10 82 10 82 20 77 20 77 10
83 46 93 46 93 55 83 55 83 46
78 30 83 30 83 36 78 36 78 30
41 42 44 42 44 44 41 44 41 42
13 5 17 5 17 7 13 7 13 5
26 28 35 28 35 38 26 38 26 28
61 27 67 27 67 29 61 29 61 27
42 17 49 17 49 26 42 26 42 17
11 25 19 25 19 27 11 27 11 25
50 69 59 69 59 80 50 80 50 69
4 51 10 51 10 53 4 53 4 51
50 24 60 24 60 32 50 32 50 24
68 86 73 86 73 97 68 97 68 86
37 77 45 77 45 87 37 87 37 77
63 13 67 13 67 22 63 22 63 13
63 60 65 60 65 63 63 63 63 60
38 5 47 5 47 13 38 13 38 5
24 79 34 79 34 87 24 87 24 79
2 86 13 86 13 95 2 95 2 86
76 84 86 84 86 86 76 86 76 84
70 5 79 5 79 7 70 7 70 5
91 86 95 86 95 94 91 94 91 86
79 88 87 88 87 98 79 98 79 88
7 54 16 54 16 58 7 58 7 54
17 84 20 84 20 87 17 87 17 84
11 14 18 14 18 19 11 19 11 14
42 56 45 56 45 67 42 67 42 56
83 64 91 64 91 69 83 69 83 64
91 10 94 10 94 17 91 17 91 10
70 12 73 12 73 21 70 21 70 12
