13 74 24 74 24 81 13 81 13 74
5 62 16 62 16 64 5 64 5 62
47 17 52 17 52 22 47 22 47 17
8 39 15 39 15 50 8 50 8 39
31 77 37 77 37 81 31 81 31 77
51 76 58 76 58 82 51 82 51 76
66 18 71 18 71 24 66 24 66 18
19 40 23 40 23 51 19 51 19 40
90 17 95 17 95 25 90 25 90 17
34 4 40 4 40 13 34 13 34 4
53 23 55 23 55 27 53 27 53 23
77 41 82 41 82 47 77 47 77 41
64 63 72 63 72 68 64 68 64 63
27 91 29 91 29 96 27 96 27 91
93 32 98 32 98 35 93 35 93 32
29 36 33 36 33 46 29 46 29 36
82 31 88 31 88 34 82 34 82 31
50 37 59 37 59 43 50 43 50 37
38 86 41 86 41 92 38 92 38 86
49 83 58 83 58 90 49 90 49 83
75 87 83 87 83 97 75 97 75 87
32 85 35 85 35 94 32 94 32 85
17 89 25 89 25 97 17 97 17 89
93 83 97 83 97 93 93 93 93 83
69 30 72 30 72 33 69 33 69 30
61 81 71 81 71 88 61 88 61 81
77 62 80 62 80 67 77 67 77 62
48 9 56 9 56 13 48 13 48 9
5 25 8 25 8 31 5 31 5 25
23 66 25 66 25 72 23 72 23 66
84 36 94 36 94 42 84 42 84 36
50 3 52 3 52 5 50 5 50 3
78 14 88 14 88 19 78 19 78 14
39 81 44 81 44 83 39 83 39 81
22 12 28 12 28 23 22 23 22 12
56 51 63 51 63 62 56 62 56 51
11 8 21 8 21 19 11 19 11 8
26 87 28 87 28 90 26 90 26 87
17 82 23 82 23 88 17 88 17 82
18 55 22 55 22 58 18 58 18 55
63 7 73 7 73 10 63 10 63 7
26 24 33 24 33 28 26 28 26 24
86 93 88 93 88 98 86 98 86 93
48 45 51 45 51 50 48 50 48 45
25 51 28 51 28 60 25 60 25 51
89 86 92 86 92 90 89 90 89 86
37 23 39 23 39 30 37 30 37 23
24 29 27 29 27 35 24 35 24 29
32 66 38 66 38 71 32 71 32 66
86 79 88 79 88 85 86 85 86 79
