66 77 70 77 70 84 66 84 66 77
64 9 70 9 70 15 64 15 64 9
85 74 96 74 96 78 85 78 85 74
51 25 59 25 59 34 51 34 51 25
95 64 98 64 98 72 95 72 95 64
4 75 15 75 15 82 4 82 4 75
53 86 56 86 56 94 53 94 53 86
39 52 41 52 41 63 39 63 39 52
62 38 68 38 68 44 62 44 62 38
83 95 93 95 93 98 83 98 83 95
70 65 74 65 74 75 70 75 70 65
51 45 54 45 54 51 51 51 51 45
45 66 47 66 47 68 45 68 45 66
4 50 7 50 7 57 4 57 4 50
20 9 22 9 22 12 20 12 20 9
4 29 13 29 13 40 4 40 4 29
21 43 30 43 30 51 21 51 21 43
36 37 46 37 46 46 36 46 36 37
46 5 54 5 54 14 46 14 46 5
23 61 26 61 26 72 23 72 23 61
36 26 45 26 45 31 36 31 36 26
88 44 91 44 91 53 88 53 88 44
4 41 7 41 7 43 4 43 4 41
35 73 42 73 42 78 35 78 35 73
71 50 80 50 80 57 71 57 71 50
5 68 14 68 14 74 5 74 5 68
35 80 38 80 38 82 35 82 35 80
75 67 81 67 81 71 75 71 75 67
17 78 19 78 19 82 17 82 17 78
39 18 48 18 48 23 39 23 39 18
75 82 82 82 82 93 75 93 75 82
38 49 42 49 42 51 38 51 38 49
28 8 37 8 37 12 28 12 28 8
62 61 67 61 67 71 62 71 62 61
51 38 61 38 61 44 51 44 51 38
88 55 91 55 91 58 88 58 88 55
27 56 37 56 37 58 27 58 27 56
17 87 25 87 25 91 17 91 17 87
65 17 73 17 73 24 65 24 65 17
6 14 9 14 9 21 6 21 6 14
24 21 27 21 27 32 24 32 24 21
76 8 82 8 82 12 76 12 76 8
30 73 32 73 32 81 30 81 30 73
92 16 94 16 94 22 92 22 92 16
16 37 26 37 26 40 16 40 16 37
93 26 96 26 96 34 93 34 93 26
84 40 86 40 86 51 84 51 84 40
94 81 97 81 97 86 94 86 94 81
73 62 81 62 81 64 73 64 73 62
20 55 23 55 23 60 20 60 20 55
