51 4 57 4 57 10 51 10 51 4
9 78 14 78 14 80 9 80 9 78
14 27 19 27 19 33 14 33 14 27
57 36 64 36 64 45 57 45 57 36
24 7 34 7 34 14 24 14 24 7
86 84 88 84 88 87 86 87 86 84
80 62 85 62 85 64 80 64 80 62
66 52 71 52 71 61 66 61 66 52
84 36 95 36 95 47 84 47 84 36
75 8 86 8 86 17 75 17 75 8
15 94 26 94 26 96 15 96 15 94
27 59 38 59 38 69 27 69 27 59
33 89 39 89 39 98 33 98 33 89
20 55 25 55 25 62 20 62 20 55
49 52 51 52 51 57 49 57 49 52
57 60 60 60 60 64 57 64 57 60
60 84 68 84 68 88 60 88 60 84
75 88 77 88 77 95 75 95 75 88
46 31 48 31 48 36 46 36 46 31
81 89 88 89 88 94 81 94 81 89
47 15 58 15 58 17 47 17 47 15
26 26 32 26 32 28 26 28 26 26
80 77 84 77 84 82 80 82 80 77
19 47 22 47 22 53 19 53 19 47
2 7 8 7 8 9 2 9 2 7
23 18 29 18 29 24 23 24 23 18
5 33 8 33 8 39 5 39 5 33
8 56 11 56 11 67 8 67 8 56
63 6 73 6 73 14 63 14 63 6
60 21 68 21 68 23 60 23 60 21
8 40 13 40 13 44 8 44 8 40
45 61 55 61 55 66 45 66 45 61
18 75 29 75 29 82 18 82 18 75
37 82 41 82 41 85 37 85 37 82
6 69 14 69 14 73 6 73 6 69
69 35 74 35 74 45 69 45 69 35
57 89 62 89 62 91 57 91 57 89
66 70 76 70 76 77 66 77 66 70
91 51 95 51 95 62 91 62 91 51
80 25 89 25 89 30 80 30 80 25
41 73 49 73 49 77 41 77 41 73
69 78 74 78 74 86 69 86 69 78
33 37 36 37 36 45 33 45 33 37
29 70 40 70 40 72 29 72 29 70
76 31 79 31 79 38 76 38 76 31
69 22 75 22 75 26 69 26 69 22
35 30 43 30 43 33 35 33 35 30
32 82 35 82 35 84 32 84 32 82
79 55 81 55 81 61 79 61 79 55
58 95 63 95 63 97 58 97 58 95
