89 18 91 18 91 25 89 25 89 18
93 40 98 40 98 45 93 45 93 40
40 44 45 44 45 46 40 46 40 44
82 46 86 46 86 53 82 53 82 46
68 68 71 68 71 74 68 74 68 68
76 42 78 42 78 51 76 51 76 42
32 62 36 62 36 68 32 68 32 62
80 3 89 3 89 8 80 8 80 3
44 63 50 63 50 65 44 65 44 63
40 3 42 3 42 10 40 10 40 3
25 74 33 74 33 84 25 84 25 74
69 30 71 30 71 40 69 40 69 30
33 39 35 39 35 42 33 42 33 39
50 3 53 3 53 10 50 10 50 3
83 84 92 84 92 90 83 90 83 84
14 25 19 25 19 31 14 31 14 25
48 11 54 11 54 14 48 14 48 11
59 84 68 84 68 88 59 88 59 84
10 66 13 66 13 69 10 69 10 66
8 59 13 59 13 63 8 63 8 59
58 21 60 21 60 24 58 24 58 21
87 27 96 27 96 30 87 30 87 27
44 94 51 94 51 97 44 97 44 94
53 48 56 48 56 59 53 59 53 48
70 3 75 3 75 6 70 6 70 3
67 10 73 10 73 17 67 17 67 10
18 14 20 14 20 24 18 24 18 14
21 82 24 82 24 88 21 88 21 82
37 76 39 76 39 86 37 86 37 76
10 79 15 79 15 84 10 84 10 79
61 75 69 75 69 81 61 81 61 75
14 33 21 33 21 44 14 44 14 33
43 88 52 88 52 93 43 93 43 88
18 45 23 45 23 52 18 52 18 45
35 45 39 45 39 54 35 54 35 45
27 2 36 2 36 5 27 5 27 2
90 50 96 50 96 56 90 56 90 50
93 79 97 79 97 86 93 86 93 79
24 30 33 30 33 37 24 37 24 30
43 77 53 77 53 81 43 81 43 77
76 33 78 33 78 41 76 41 76 33
63 15 65 15 65 24 63 24 63 15
74 27 83 27 83 32 74 32 74 27
8 47 13 47 13 50 8 50 8 47
46 20 56 20 56 26 46 26 46 20
81 13 85 13 85 23 81 23 81 13
56 35 59 35 59 41 56 41 56 35
92 31 97 31 97 34 92 34 92 31
70 18 72 18 72 26 70 26 70 18
10 3 14 3 14 7 10 7 10 3
