83 68 94 68 94 73 83 73 83 68
35 23 38 23 38 31 35 31 35 23
34 40 37 40 37 50 34 50 34 40
81 77 83 77 83 80 81 80 81 77
59 30 70 30 70 38 59 38 59 30
40 48 44 48 44 55 40 55 40 48
16 86 23 86 23 89 16 89 16 86
9 78 15 78 15 86 9 86 9 78
18 48 21 48 21 56 18 56 18 48
42 56 46 56 46 65 42 65 42 56
33 89 44 89 44 94 33 94 33 89
52 20 61 20 61 25 52 25 52 20
54 69 64 69 64 74 54 74 54 69
88 53 97 53 97 64 88 64 88 53
17 69 23 69 23 75 17 75 17 69
15 13 25 13 25 17 15 17 15 13
23 58 26 58 26 60 23 60 23 58
56 78 62 78 62 89 56 89 56 78
42 77 50 77 50 81 42 81 42 77
85 32 96 32 96 38 85 38 85 32
11 63 16 63 16 65 11 65 11 63
28 69 37 69 37 77 28 77 28 69
59 4 61 4 61 9 59 9 59 4
81 57 85 57 85 65 81 65 81 57
2 37 5 37 5 40 2 40 2 37
90 79 94 79 94 86 90 86 90 79
60 61 64 61 64 64 60 64 60 61
66 47 72 47 72 51 66 51 66 47
6 65 8 65 8 74 6 74 6 65
87 18 96 18 96 23 87 23 87 18
10 28 13 28 13 37 10 37 10 28
19 4 23 4 23 8 19 8 19 4
73 26 78 26 78 30 73 30 73 26
72 74 78 74 78 79 72 79 72 74
38 33 45 33 45 39 38 39 38 33
45 27 50 27 50 30 45 30 45 27
48 61 55 61 55 63 48 63 48 61
11 5 16 5 16 11 11 11 11 5
69 87 79 87 79 92 69 92 69 87
67 17 71 17 71 25 67 25 67 17
63 88 68 88 68 90 63 90 63 88
57 43 61 43 61 50 57 50 57 43
44 66 46 66 46 76 44 76 44 66
87 40 97 40 97 48 87 48 87 40
22 29 30 29 30 35 22 35 22 29
4 23 15 23 15 26 4 26 4 23
17 23 20 23 20 31 17 31 17 23
51 91 55 91 55 98 51 98 51 91
14 91 22 91 22 93 14 93 14 91
8 87 11 87 11 95 8 95 8 87
