52 62 60 62 60 64 52 64 52 62
85 51 87 51 87 61 85 61 85 51
62 49 70 49 70 54 62 54 62 49
29 23 39 23 39 33 29 33 29 23
55 70 64 70 64 73 55 73 55 70
60 92 65 92 65 98 60 98 60 92
87 22 96 22 96 29 87 29 87 22
74 37 79 37 79 46 74 46 74 37
37 81 45 81 45 83 37 83 37 81
82 68 92 68 92 79 82 79 82 68
24 50 34 50 34 61 24 61 24 50
43 32 48 32 48 36 43 36 43 32
9 79 20 79 20 87 9 87 9 79
43 14 47 14 47 25 43 25 43 14
83 84 89 84 89 86 83 86 83 84
39 40 47 40 47 48 39 48 39 40
91 54 96 54 96 60 91 60 91 54
42 70 49 70 49 79 42 79 42 70
50 36 56 36 56 42 50 42 50 36
56 77 67 77 67 79 56 79 56 77
18 68 21 68 21 76 18 76 18 68
22 8 25 8 25 14 22 14 22 8
79 12 83 12 83 19 79 19 79 12
60 22 67 22 67 31 60 31 60 22
28 72 38 72 38 76 28 76 28 72
50 24 55 24 55 29 50 29 50 24
7 24 15 24 15 31 7 31 7 24
89 31 92 31 92 42 89 42 89 31
3 19 10 19 10 21 3 21 3 19
49 85 55 85 55 89 49 89 49 85
69 88 76 88 76 96 69 96 69 88
74 25 85 25 85 30 74 30 74 25
85 9 93 9 93 12 85 12 85 9
73 71 80 71 80 81 73 81 73 71
80 2 89 2 89 6 80 6 80 2
95 88 98 88 98 97 95 97 95 88
22 79 28 79 28 83 22 83 22 79
27 64 29 64 29 69 27 69 27 64
15 91 22 91 22 98 15 98 15 91
4 57 6 57 6 63 4 63 4 57
31 12 39 12 39 19 31 19 31 12
62 10 71 10 71 14 62 14 62 10
2 82 5 82 5 86 2 86 2 82
53 91 58 91 58 94 53 94 53 91
65 35 68 35 68 39 65 39 65 35
27 40 36 40 36 47 27 47 27 40
8 59 12 59 12 62 8 62 8 59
11 50 15 50 15 57 11 57 11 50
4 9 11 9 11 17 4 17 4 9
51 52 61 52 61 54 51 54 51 52
