63 87 72 87 72 95 63 95 63 87
43 76 50 76 50 86 43 86 43 76
81 71 83 71 83 75 81 75 81 71
70 57 73 57 73 65 70 65 70 57
68 7 73 7 73 13 68 13 68 7
69 41 77 41 77 45 69 45 69 41
19 67 21 67 21 73 19 73 19 67
38 29 40 29 40 40 38 40 38 29
37 59 40 59 40 62 37 62 37 59
31 46 33 46 33 50 31 50 31 46
4 87 13 87 13 91 4 91 4 87
6 37 10 37 10 42 6 42 6 37
5 72 11 72 11 76 5 76 5 72
2 20 5 20 5 26 2 26 2 20
81 18 84 18 84 27 81 27 81 18
43 62 49 62 49 65 43 65 43 62
49 32 55 32 55 36 49 36 49 32
96 30 98 30 98 32 96 32 96 30
10 54 13 54 13 57 10 57 10 54
75 62 82 62 82 67 75 67 75 62
6 13 13 13 13 21 6 21 6 13
75 78 79 78 79 89 75 89 75 78
14 38 18 38 18 48 14 48 14 38
67 68 73 68 73 72 67 72 67 68
78 2 88 2 88 4 78 4 78 2
51 86 53 86 53 95 51 95 51 86
63 81 72 81 72 84 63 84 63 81
20 5 23 5 23 7 20 7 20 5
5 9 12 9 12 12 5 12 5 9
93 60 98 60 98 64 93 64 93 60
39 73 46 73 46 75 39 75 39 73
41 17 48 17 48 27 41 27 41 17
21 81 31 81 31 85 21 85 21 81
25 26 33 26 33 32 25 32 25 26
54 52 65 52 65 61 54 61 54 52
25 89 33 89 33 96 25 96 25 89
73 51 78 51 78 56 73 56 73 51
18 10 27 10 27 17 18 17 18 10
53 74 62 74 62 80 53 80 53 74
66 75 71 75 71 79 66 79 66 75
27 62 33 62 33 71 27 71 27 62
90 22 93 22 93 25 90 25 90 22
63 28 66 28 66 34 63 34 63 28
3 28 11 28 11 32 3 32 3 28
25 38 36 38 36 40 25 40 25 38
86 34 96 34 96 37 86 37 86 34
61 13 67 13 67 23 61 23 61 13
24 56 31 56 31 59 24 59 24 56
51 42 56 42 56 51 51 51 51 42
77 91 83 91 83 95 77 95 77 91
