29 7 37 7 37 18 29 18 29 7
90 3 94 3 94 6 90 6 90 3
14 56 18 56 18 63 14 63 14 56
46 4 50 4 50 12 46 12 46 4
53 80 62 80 62 90 53 90 53 80
34 55 41 55 41 59 34 59 34 55
5 28 12 28 12 39 5 39 5 28
34 38 40 38 40 43 34 43 34 38
89 43 95 43 95 51 89 51 89 43
23 47 30 47 30 50 23 50 23 47
3 42 5 42 5 45 3 45 3 42
71 3 82 3 82 11 71 11 71 3
28 67 36 67 36 71 28 71 28 67
5 57 7 57 7 60 5 60 5 57
43 85 48 85 48 91 43 91 43 85
52 94 59 94 59 96 52 96 52 94
37 21 39 21 39 29 37 29 37 21
25 30 30 30 30 32 25 32 25 30
17 80 21 80 21 83 17 83 17 80
14 64 20 64 20 67 14 67 14 64
85 4 89 4 89 13 85 13 85 4
75 34 77 34 77 44 75 44 75 34
84 40 86 40 86 47 84 47 84 40
6 47 10 47 10 53 6 53 6 47
48 57 53 57 53 59 48 59 48 57
29 88 31 88 31 93 29 93 29 88
22 23 24 23 24 25 22 25 22 23
64 65 74 65 74 67 64 67 64 65
42 32 48 32 48 38 42 38 42 32
80 87 91 87 91 95 80 95 80 87
91 79 98 79 98 83 91 83 91 79
63 84 74 84 74 90 63 90 63 84
3 4 11 4 11 6 3 6 3 4
87 31 92 31 92 34 87 34 87 31
69 53 74 53 74 55 69 55 69 53
37 50 40 50 40 54 37 54 37 50
30 23 35 23 35 25 30 25 30 23
58 37 69 37 69 48 58 48 58 37
88 21 91 21 91 23 88 23 88 21
15 86 24 86 24 97 15 97 15 86
59 62 61 62 61 65 59 65 59 62
22 52 27 52 27 57 22 57 22 52
16 28 18 28 18 36 16 36 16 28
5 77 14 77 14 81 5 81 5 77
59 2 70 2 70 4 59 4 59 2
40 62 48 62 48 69 40 69 40 62
64 80 68 80 68 83 64 83 64 80
83 67 86 67 86 73 83 73 83 67
79 39 83 39 83 47 79 47 79 39
61 21 71 21 71 27 61 27 61 21
