25 66 34 66 34 77 25 77 25 66
54 66 56 66 56 69 54 69 54 66
53 18 59 18 59 22 53 22 53 18
72 9 80 9 80 16 72 16 72 9
51 80 57 80 57 89 51 89 51 80
26 9 33 9 33 11 26 11 26 9
4 58 9 58 9 66 4 66 4 58
24 61 33 61 33 63 24 63 24 61
28 15 38 15 38 25 28 25 28 15
9 24 17 24 17 31 9 31 9 24
39 2 45 2 45 12 39 12 39 2
61 53 71 53 71 62 61 62 61 53
15 77 21 77 21 85 15 85 15 77
93 51 97 51 97 55 93 55 93 51
55 28 63 28 63 35 55 35 55 28
53 11 60 11 60 15 53 15 53 11
42 28 52 28 52 38 42 38 42 28
78 42 87 42 87 52 78 52 78 42
87 88 93 88 93 98 87 98 87 88
51 46 55 46 55 51 51 51 51 46
32 2 34 2 34 7 32 7 32 2
61 69 67 69 67 73 61 73 61 69
31 88 40 88 40 90 31 90 31 88
75 25 80 25 80 32 75 32 75 25
76 19 80 19 80 23 76 23 76 19
83 59 86 59 86 64 83 64 83 59
62 77 66 77 66 80 62 80 62 77
46 42 48 42 48 51 46 51 46 42
90 15 98 15 98 23 90 23 90 15
55 52 60 52 60 59 55 59 55 52
72 71 75 71 75 82 72 82 72 71
14 70 23 70 23 74 14 74 14 70
42 73 51 73 51 75 42 75 42 73
65 4 69 4 69 13 65 13 65 4
12 45 18 45 18 54 12 54 12 45
61 36 63 36 63 40 61 40 61 36
42 59 44 59 44 70 42 70 42 59
94 56 98 56 98 64 94 64 94 56
94 30 98 30 98 33 94 33 94 30
65 39 69 39 69 42 65 42 65 39
72 60 80 60 80 64 72 64 72 60
76 3 83 3 83 7 76 7 76 3
17 13 27 13 27 17 17 17 17 13
27 54 38 54 38 56 27 56 27 54
26 42 36 42 36 44 26 44 26 42
83 76 94 76 94 82 83 82 83 76
25 92 28 92 28 98 25 98 25 92
65 88 76 88 76 95 65 95 65 88
67 23 69 23 69 28 67 28 67 23
3 78 6 78 6 80 3 80 3 78
