88 69 96 69 96 73 88 73 88 69
80 12 84 12 84 19 80 19 80 12
32 31 42 31 42 37 32 37 32 31
55 93 61 93 61 98 55 98 55 93
70 89 74 89 74 94 70 94 70 89
42 27 52 27 52 30 42 30 42 27
72 58 74 58 74 60 72 60 72 58
90 50 97 50 97 60 90 60 90 50
48 87 50 87 50 90 48 90 48 87
80 47 87 47 87 53 80 53 80 47
37 84 47 84 47 94 37 94 37 84
10 7 21 7 21 18 10 18 10 7
55 43 66 43 66 49 55 49 55 43
27 20 32 20 32 29 27 29 27 20
17 34 22 34 22 45 17 45 17 34
70 66 80 66 80 76 70 76 70 66
31 12 38 12 38 16 31 16 31 12
6 68 15 68 15 74 6 74 6 68
41 60 50 60 50 63 41 63 41 60
55 11 65 11 65 15 55 15 55 11
45 45 52 45 52 48 45 48 45 45
13 58 19 58 19 62 13 62 13 58
92 88 95 88 95 95 92 95 92 88
56 79 59 79 59 84 56 84 56 79
73 38 78 38 78 48 73 48 73 38
23 55 26 55 26 63 23 63 23 55
36 23 38 23 38 25 36 25 36 23
56 65 65 65 65 69 56 69 56 65
27 39 31 39 31 46 27 46 27 39
5 54 11 54 11 63 5 63 5 54
77 79 84 79 84 86 77 86 77 79
57 20 60 20 60 29 57 29 57 20
85 9 88 9 88 19 85 19 85 9
3 21 8 21 8 31 3 31 3 21
14 88 19 88 19 90 14 90 14 88
61 55 63 55 63 57 61 57 61 55
29 48 40 48 40 53 29 53 29 48
64 30 67 30 67 32 64 32 64 30
70 26 77 26 77 33 70 33 70 26
16 48 25 48 25 53 16 53 16 48
26 83 32 83 32 93 26 93 26 83
40 2 47 2 47 10 40 10 40 2
15 24 23 24 23 27 15 27 15 24
54 25 56 25 56 27 54 27 54 25
60 31 63 31 63 36 60 36 60 31
42 15 44 15 44 18 42 18 42 15
70 20 79 20 79 24 70 24 70 20
89 21 98 21 98 31 89 31 89 21
29 59 39 59 39 68 29 68 29 59
90 8 96 8 96 10 90 10 90 8
