61 27 72 27 72 30 61 30 61 27
46 28 52 28 52 38 46 38 46 28
52 79 56 79 56 87 52 87 52 79
38 79 40 79 40 84 38 84 38 79
71 51 78 51 78 53 71 53 71 51
6 78 10 78 10 85 6 85 6 78
48 46 53 46 53 55 48 55 48 46
57 14 60 14 60 19 57 19 57 14
77 80 83 80 83 84 77 84 77 80
31 27 36 27 36 29 31 29 31 27
6 58 13 58 13 66 6 66 6 58
4 44 12 44 12 54 4 54 4 44
16 12 27 12 27 23 16 23 16 12
93 21 97 21 97 27 93 27 93 21
2 30 4 30 4 32 2 32 2 30
13 50 22 50 22 55 13 55 13 50
47 24 53 24 53 27 47 27 47 24
43 79 50 79 50 83 43 83 43 79
46 20 53 20 53 23 46 23 46 20
31 86 35 86 35 95 31 95 31 86
22 65 30 65 30 74 22 74 22 65
86 92 93 92 93 96 86 96 86 92
41 65 44 65 44 74 41 74 41 65
16 41 22 41 22 46 16 46 16 41
28 8 33 8 33 17 28 17 28 8
15 73 17 73 17 81 15 81 15 73
59 36 68 36 68 40 59 40 59 36
78 54 80 54 80 58 78 58 78 54
75 13 84 13 84 21 75 21 75 13
15 2 25 2 25 11 15 11 15 2
52 66 60 66 60 76 52 76 52 66
39 50 41 50 41 58 39 58 39 50
89 3 96 3 96 10 89 10 89 3
3 18 6 18 6 25 3 25 3 18
44 10 54 10 54 15 44 15 44 10
81 73 90 73 90 79 81 79 81 73
15 29 22 29 22 34 15 34 15 29
37 89 41 89 41 97 37 97 37 89
64 18 71 18 71 22 64 22 64 18
89 82 93 82 93 87 89 87 89 82
73 32 81 32 81 42 73 42 73 32
35 36 37 36 37 43 35 43 35 36
87 61 91 61 91 66 87 66 87 61
11 88 14 88 14 95 11 95 11 88
40 23 45 23 45 27 40 27 40 23
94 82 96 82 96 85 94 85 94 82
70 72 76 72 76 76 70 76 70 72
36 19 42 19 42 22 36 22 36 19
21 86 29 86 29 97 21 97 21 86
24 49 27 49 27 53 24 53 24 49
