79 48 90 48 90 55 79 55 79 48
65 41 74 41 74 49 65 49 65 41
76 12 87 12 87 16 76 16 76 12
67 55 72 55 72 63 67 63 67 55
54 73 59 73 59 81 54 81 54 73
21 23 25 23 25 27 21 27 21 23
72 4 76 4 76 11 72 11 72 4
18 33 29 33 29 39 18 39 18 33
46 71 49 71 49 82 46 82 46 71
20 10 31 10 31 21 20 21 20 10
14 46 17 46 17 49 14 49 14 46
23 86 29 86 29 96 23 96 23 86
75 45 79 45 79 47 75 47 75 45
33 71 40 71 40 76 33 76 33 71
57 15 66 15 66 26 57 26 57 15
41 34 46 34 46 40 41 40 41 34
61 30 65 30 65 38 61 38 61 30
82 25 92 25 92 30 82 30 82 25
44 2 54 2 54 13 44 13 44 2
70 88 72 88 72 92 70 92 70 88
86 64 92 64 92 67 86 67 86 64
93 22 98 22 98 30 93 30 93 22
25 58 33 58 33 62 25 62 25 58
37 84 39 84 39 92 37 92 37 84
9 66 17 66 17 75 9 75 9 66
83 61 85 61 85 67 83 67 83 61
20 65 23 65 23 74 20 74 20 65
3 83 7 83 7 85 3 85 3 83
10 32 14 32 14 35 10 35 10 32
91 74 95 74 95 79 91 79 91 74
34 45 42 45 42 53 34 53 34 45
41 54 46 54 46 62 41 62 41 54
88 31 91 31 91 38 88 38 88 31
52 52 58 52 58 59 52 59 52 52
52 28 57 28 57 34 52 34 52 28
45 87 47 87 47 97 45 97 45 87
13 56 22 56 22 63 13 63 13 56
34 29 40 29 40 33 34 33 34 29
86 81 95 81 95 84 86 84 86 81
76 82 85 82 85 93 76 93 76 82
68 12 70 12 70 14 68 14 68 12
42 24 46 24 46 31 42 31 42 24
2 25 4 25 4 36 2 36 2 25
61 50 63 50 63 57 61 57 61 50
15 80 17 80 17 85 15 85 15 80
33 9 35 9 35 20 33 20 33 9
65 83 69 83 69 92 65 92 65 83
75 57 78 57 78 67 75 67 75 57
50 94 58 94 58 97 50 97 50 94
51 16 55 16 55 18 51 18 51 16
