7 57 11 57 11 61 7 61 7 57
23 52 34 52 34 59 23 59 23 52
12 68 15 68 15 70 12 70 12 68
19 80 23 80 23 90 19 90 19 80
56 4 58 4 58 13 56 13 56 4
21 15 27 15 27 22 21 22 21 15
62 22 73 22 73 25 62 25 62 22
53 73 61 73 61 84 53 84 53 73
30 17 37 17 37 27 30 27 30 17
70 41 80 41 80 47 70 47 70 41
38 78 49 78 49 85 38 85 38 78
83 24 85 24 85 26 83 26 83 24
40 59 42 59 42 66 40 66 40 59
81 62 86 62 86 73 81 73 81 62
20 69 25 69 25 77 20 77 20 69
27 60 35 60 35 67 27 67 27 60
39 10 43 10 43 18 39 18 39 10
24 79 26 79 26 88 24 88 24 79
77 25 80 25 80 29 77 29 77 25
35 88 44 88 44 94 35 94 35 88
48 22 59 22 59 32 48 32 48 22
61 12 70 12 70 17 61 17 61 12
76 89 79 89 79 92 76 92 76 89
7 77 17 77 17 86 7 86 7 77
88 43 94 43 94 45 88 45 88 43
76 5 85 5 85 12 76 12 76 5
30 69 32 69 32 77 30 77 30 69
58 91 66 91 66 98 58 98 58 91
61 43 66 43 66 51 61 51 61 43
38 45 46 45 46 54 38 54 38 45
87 91 96 91 96 97 87 97 87 91
5 27 9 27 9 34 5 34 5 27
24 34 27 34 27 43 24 43 24 34
91 73 96 73 96 77 91 77 91 73
93 55 96 55 96 64 93 64 93 55
90 49 93 49 93 53 90 53 90 49
80 80 89 80 89 85 80 85 80 80
41 34 43 34 43 42 41 42 41 34
79 51 83 51 83 61 79 61 79 51
68 50 76 50 76 59 68 59 68 50
3 45 12 45 12 50 3 50 3 45
87 33 96 33 96 42 87 42 87 33
30 38 37 38 37 47 30 47 30 38
15 36 19 36 19 41 15 41 15 36
77 33 79 33 79 38 77 38 77 33
71 7 73 7 73 15 71 15 71 7
69 69 71 69 71 71 69 71 69 69
19 55 21 55 21 58 19 58 19 55
47 12 51 12 51 17 47 17 47 12
45 71 48 71 48 76 45 76 45 71
