86 3 95 3 95 8 86 8 86 3
89 9 96 9 96 14 89 14 89 9
26 6 35 6 35 12 26 12 26 6
13 10 17 10 17 21 13 21 13 10
15 52 23 52 23 60 15 60 15 52
73 73 82 73 82 82 73 82 73 73
23 68 26 68 26 72 23 72 23 68
71 62 79 62 79 72 71 72 71 62
72 29 83 29 83 32 72 32 72 29
35 64 43 64 43 73 35 73 35 64
69 10 79 10 79 20 69 20 69 10
20 82 25 82 25 85 20 85 20 82
35 75 37 75 37 77 35 77 35 75
48 83 57 83 57 93 48 93 48 83
52 16 56 16 56 26 52 26 52 16
2 4 7 4 7 11 2 11 2 4
68 25 73 25 73 27 68 27 68 25
36 93 43 93 43 97 36 97 36 93
76 34 79 34 79 45 76 45 76 34
24 13 26 13 26 20 24 20 24 13
86 43 96 43 96 50 86 50 86 43
47 5 50 5 50 9 47 9 47 5
31 33 39 33 39 40 31 40 31 33
27 76 29 76 29 80 27 80 27 76
15 36 26 36 26 45 15 45 15 36
44 10 52 10 52 15 44 15 44 10
24 87 27 87 27 96 24 96 24 87
59 48 69 48 69 53 59 53 59 48
25 55 30 55 30 66 25 66 25 55
42 36 52 36 52 46 42 46 42 36
5 27 10 27 10 37 5 37 5 27
37 43 40 43 40 46 37 46 37 43
49 76 60 76 60 78 49 78 49 76
13 89 21 89 21 98 13 98 13 89
61 15 64 15 64 21 61 21 61 15
96 63 98 63 98 65 96 65 96 63
36 21 45 21 45 24 36 24 36 21
65 31 68 31 68 41 65 41 65 31
7 87 11 87 11 89 7 89 7 87
76 85 86 85 86 95 76 95 76 85
51 48 58 48 58 50 51 50 51 48
92 62 95 62 95 73 92 73 92 62
35 87 41 87 41 92 35 92 35 87
86 62 91 62 91 66 86 66 86 62
4 92 10 92 10 98 4 98 4 92
62 5 68 5 68 8 62 8 62 5
88 93 96 93 96 97 88 97 88 93
22 21 24 21 24 30 22 30 22 21
13 72 18 72 18 80 13 80 13 72
10 74 12 74 12 77 10 77 10 74
