82 60 86 60 86 70 82 70 82 60
20 36 26 36 26 39 20 39 20 36
30 58 35 58 35 68 30 68 30 58
26 20 30 20 30 26 26 26 26 20
26 2 28 2 28 12 26 12 26 2
63 69 73 69 73 74 63 74 63 69
5 52 10 52 10 56 5 56 5 52
11 11 16 11 16 20 11 20 11 11
32 19 38 19 38 26 32 26 32 19
51 54 53 54 53 56 51 56 51 54
56 53 63 53 63 55 56 55 56 53
55 10 65 10 65 17 55 17 55 10
6 29 9 29 9 36 6 36 6 29
82 86 93 86 93 92 82 92 82 86
44 83 46 83 46 94 44 94 44 83
44 66 51 66 51 77 44 77 44 66
45 11 51 11 51 20 45 20 45 11
32 2 41 2 41 11 32 11 32 2
92 55 97 55 97 63 92 63 92 55
59 58 61 58 61 68 59 68 59 58
69 57 71 57 71 63 69 63 69 57
60 24 67 24 67 33 60 33 60 24
79 42 82 42 82 52 79 52 79 42
19 62 22 62 22 68 19 68 19 62
46 59 48 59 48 63 46 63 46 59
8 71 11 71 11 81 8 81 8 71
39 32 45 32 45 37 39 37 39 32
79 2 83 2 83 10 79 10 79 2
62 89 72 89 72 94 62 94 62 89
23 78 28 78 28 84 23 84 23 78
49 30 55 30 55 36 49 36 49 30
7 57 15 57 15 65 7 65 7 57
74 12 85 12 85 16 74 16 74 12
90 71 95 71 95 75 90 75 90 71
2 75 4 75 4 85 2 85 2 75
58 49 66 49 66 52 58 52 58 49
7 83 14 83 14 88 7 88 7 83
29 86 33 86 33 95 29 95 29 86
75 72 85 72 85 76 75 76 75 72
44 38 50 38 50 46 44 46 44 38
89 28 92 28 92 39 89 39 89 28
5 92 14 92 14 96 5 96 5 92
18 86 22 86 22 93 18 93 18 86
11 5 21 5 21 8 11 8 11 5
17 13 19 13 19 19 17 19 17 13
76 62 81 62 81 71 76 71 76 62
36 61 39 61 39 72 36 72 36 61
73 82 75 82 75 88 73 88 73 82
89 11 92 11 92 17 89 17 89 11
34 95 40 95 40 97 34 97 34 95
