39 22 50 22 50 29 39 29 39 22
54 30 63 30 63 39 54 39 54 30
86 22 88 22 88 29 86 29 86 22
88 61 95 61 95 71 88 71 88 61
20 58 27 58 27 66 20 66 20 58
26 30 36 30 36 32 26 32 26 30
60 74 66 74 66 81 60 81 60 74
9 26 11 26 11 36 9 36 9 26
7 63 18 63 18 65 7 65 7 63
24 81 30 81 30 88 24 88 24 81
46 55 55 55 55 58 46 58 46 55
22 48 27 48 27 56 22 56 22 48
75 53 85 53 85 59 75 59 75 53
46 2 51 2 51 11 46 11 46 2
21 25 24 25 24 34 21 34 21 25
36 72 43 72 43 74 36 74 36 72
20 68 31 68 31 79 20 79 20 68
57 45 59 45 59 51 57 51 57 45
48 12 57 12 57 17 48 17 48 12
85 90 87 90 87 95 85 95 85 90
58 25 68 25 68 27 58 27 58 25
64 86 68 86 68 95 64 95 64 86
32 12 42 12 42 16 32 16 32 12
74 37 81 37 81 42 74 42 74 37
49 85 59 85 59 95 49 95 49 85
84 11 90 11 90 14 84 14 84 11
2 57 4 57 4 60 2 60 2 57
52 81 58 81 58 83 52 83 52 81
70 72 79 72 79 81 70 81 70 72
82 78 89 78 89 80 82 80 82 78
77 86 87 86 87 89 77 89 77 86
86 40 94 40 94 43 86 43 86 40
91 21 97 21 97 24 91 24 91 21
33 56 37 56 37 62 33 62 33 56
46 76 50 76 50 80 46 80 46 76
62 42 68 42 68 44 62 44 62 42
82 22 84 22 84 25 82 25 82 22
44 35 49 35 49 40 44 40 44 35
55 63 58 63 58 68 55 68 55 63
13 9 24 9 24 20 13 20 13 9
83 3 88 3 88 7 83 7 83 3
60 9 65 9 65 13 60 13 60 9
29 38 39 38 39 42 29 42 29 38
74 17 78 17 78 19 74 19 74 17
50 40 54 40 54 47 50 47 50 40
27 3 34 3 34 9 27 9 27 3
31 45 34 45 34 47 31 47 31 45
30 22 37 22 37 29 30 29 30 22
80 16 83 16 83 18 80 18 80 16
33 88 38 88 38 95 33 95 33 88
