55 57 65 57 65 61 55 61 55 57
28 65 31 65 31 76 28 76 28 65
56 3 64 3 64 13 56 13 56 3
76 91 78 91 78 98 76 98 76 91
6 2 14 2 14 11 6 11 6 2
45 36 47 36 47 42 45 42 45 36
39 26 44 26 44 34 39 34 39 26
55 95 60 95 60 98 55 98 55 95
86 67 97 67 97 72 86 72 86 67
70 10 75 10 75 17 70 17 70 10
83 25 87 25 87 30 83 30 83 25
61 81 63 81 63 86 61 86 61 81
49 2 54 2 54 12 49 12 49 2
70 22 76 22 76 26 70 26 70 22
32 84 38 84 38 93 32 93 32 84
87 52 96 52 96 58 87 58 87 52
77 84 82 84 82 86 77 86 77 84
66 32 75 32 75 38 66 38 66 32
32 77 37 77 37 83 32 83 32 77
31 14 34 14 34 23 31 23 31 14
24 24 31 24 31 31 24 31 24 24
24 81 31 81 31 84 24 84 24 81
77 3 79 3 79 14 77 14 77 3
17 72 27 72 27 76 17 76 17 72
55 27 62 27 62 36 55 36 55 27
14 42 21 42 21 52 14 52 14 42
38 72 45 72 45 78 38 78 38 72
68 84 71 84 71 88 68 88 68 84
87 86 89 86 89 94 87 94 87 86
48 71 59 71 59 81 48 81 48 71
5 26 9 26 9 29 5 29 5 26
10 20 15 20 15 31 10 31 10 20
79 44 82 44 82 50 79 50 79 44
83 61 92 61 92 64 83 64 83 61
7 39 10 39 10 43 7 43 7 39
64 78 73 78 73 80 64 80 64 78
68 47 73 47 73 51 68 51 68 47
14 83 22 83 22 91 14 91 14 83
53 47 57 47 57 55 53 55 53 47
94 89 98 89 98 96 94 96 94 89
19 63 25 63 25 69 19 69 19 63
85 49 93 49 93 51 85 51 85 49
80 27 82 27 82 34 80 34 80 27
19 92 21 92 21 96 19 96 19 92
19 79 22 79 22 81 19 81 19 79
10 32 20 32 20 37 10 37 10 32
61 74 71 74 71 76 61 76 61 74
51 28 54 28 54 34 51 34 51 28
3 56 11 56 11 67 3 67 3 56
87 77 98 77 98 84 87 84 87 77
