12 67 14 67 14 72 12 72 12 67
82 20 93 20 93 22 82 22 82 20
87 55 97 55 97 57 87 57 87 55
94 10 98 10 98 13 94 13 94 10
41 65 48 65 48 67 41 67 41 65
5 16 7 16 7 24 5 24 5 16
50 60 55 60 55 64 50 64 50 60
81 25 89 25 89 30 81 30 81 25
80 40 89 40 89 47 80 47 80 40
51 66 62 66 62 68 51 68 51 66
32 10 40 10 40 17 32 17 32 10
87 5 92 5 92 12 87 12 87 5
66 78 72 78 72 87 66 87 66 78
3 5 13 5 13 8 3 8 3 5
46 69 57 69 57 76 46 76 46 69
72 42 78 42 78 47 72 47 72 42
66 72 68 72 68 76 66 76 66 72
77 6 85 6 85 13 77 13 77 6
85 75 95 75 95 79 85 79 85 75
11 31 17 31 17 35 11 35 11 31
58 53 62 53 62 56 58 56 58 53
25 34 27 34 27 39 25 39 25 34
41 83 48 83 48 91 41 91 41 83
28 38 35 38 35 48 28 48 28 38
73 14 76 14 76 21 73 21 73 14
55 28 62 28 62 37 55 37 55 28
65 28 70 28 70 36 65 36 65 28
60 40 67 40 67 47 60 47 60 40
15 10 24 10 24 12 15 12 15 10
7 91 10 91 10 96 7 96 7 91
58 87 62 87 62 93 58 93 58 87
32 29 43 29 43 36 32 36 32 29
69 6 74 6 74 13 69 13 69 6
27 90 33 90 33 92 27 92 27 90
20 6 27 6 27 8 20 8 20 6
35 62 37 62 37 68 35 68 35 62
93 40 95 40 95 45 93 45 93 40
46 43 51 43 51 49 46 49 46 43
40 76 42 76 42 81 40 81 40 76
63 89 69 89 69 95 63 95 63 89
34 3 40 3 40 7 34 7 34 3
62 11 66 11 66 14 62 14 62 11
16 38 18 38 18 43 16 43 16 38
65 58 76 58 76 68 65 68 65 58
9 76 13 76 13 83 9 83 9 76
46 56 56 56 56 58 46 58 46 56
47 8 52 8 52 18 47 18 47 8
69 18 72 18 72 26 69 26 69 18
27 56 32 56 32 63 27 63 27 56
44 36 46 36 46 38 44 38 44 36
