44 39 48 39 48 46 44 46 44 39
51 56 53 56 53 65 51 65 51 56
48 49 55 49 55 51 48 51 48 49
53 74 55 74 55 76 53 76 53 74
54 34 58 34 58 40 54 40 54 34
84 32 87 32 87 40 84 40 84 32
90 73 96 73 96 77 90 77 90 73
22 32 31 32 31 35 22 35 22 32
66 53 68 53 68 64 66 64 66 53
85 4 90 4 90 11 85 11 85 4
56 71 62 71 62 76 56 76 56 71
63 36 66 36 66 43 63 43 63 36
84 84 86 84 86 87 84 87 84 84
36 29 40 29 40 37 36 37 36 29
34 18 45 18 45 26 34 26 34 18
64 27 68 27 68 30 64 30 64 27
24 40 32 40 32 51 24 51 24 40
69 62 71 62 71 72 69 72 69 62
80 44 88 44 88 55 80 55 80 44
45 33 48 33 48 35 45 35 45 33
61 14 65 14 65 19 61 19 61 14
79 80 83 80 83 89 79 89 79 80
12 79 23 79 23 88 12 88 12 79
82 12 89 12 89 15 82 15 82 12
55 3 60 3 60 10 55 10 55 3
2 40 12 40 12 48 2 48 2 40
37 6 43 6 43 11 37 11 37 6
71 59 75 59 75 61 71 61 71 59
7 19 10 19 10 26 7 26 7 19
52 86 55 86 55 93 52 93 52 86
56 63 59 63 59 69 56 69 56 63
16 10 26 10 26 18 16 18 16 10
68 36 77 36 77 47 68 47 68 36
63 87 73 87 73 90 63 90 63 87
26 57 35 57 35 68 26 68 26 57
19 52 24 52 24 56 19 56 19 52
63 91 68 91 68 94 63 94 63 91
68 7 71 7 71 17 68 17 68 7
61 82 64 82 64 84 61 84 61 82
64 48 70 48 70 50 64 50 64 48
89 82 92 82 92 88 89 88 89 82
48 16 50 16 50 27 48 27 48 16
3 64 10 64 10 72 3 72 3 64
81 60 85 60 85 67 81 67 81 60
93 55 97 55 97 66 93 66 93 55
14 20 24 20 24 25 14 25 14 20
41 58 44 58 44 61 41 61 41 58
23 94 27 94 27 96 23 96 23 94
89 53 91 53 91 60 89 60 89 53
84 73 87 73 87 78 84 78 84 73
