89 48 95 48 95 50 89 50 89 48
89 56 91 56 91 65 89 65 89 56
87 25 91 25 91 35 87 35 87 25
35 28 44 28 44 33 35 33 35 28
65 63 68 63 68 70 65 70 65 63
22 26 26 26 26 29 22 29 22 26
48 38 53 38 53 47 48 47 48 38
86 80 95 80 95 90 86 90 86 80
36 50 40 50 40 60 36 60 36 50
75 69 78 69 78 76 75 76 75 69
55 37 64 37 64 47 55 47 55 37
63 93 65 93 65 95 63 95 63 93
92 20 98 20 98 27 92 27 92 20
14 59 21 59 21 63 14 63 14 59
9 8 19 8 19 17 9 17 9 8
77 29 86 29 86 40 77 40 77 29
21 80 30 80 30 85 21 85 21 80
11 56 13 56 13 66 11 66 11 56
76 45 81 45 81 51 76 51 76 45
83 3 94 3 94 9 83 9 83 3
11 18 21 18 21 27 11 27 11 18
47 75 55 75 55 83 47 83 47 75
56 2 65 2 65 8 56 8 56 2
39 20 50 20 50 25 39 25 39 20
69 13 76 13 76 22 69 22 69 13
48 95 54 95 54 97 48 97 48 95
7 39 18 39 18 49 7 49 7 39
69 80 72 80 72 90 69 90 69 80
76 84 79 84 79 92 76 92 76 84
34 6 36 6 36 10 34 10 34 6
73 2 79 2 79 12 73 12 73 2
33 67 36 67 36 72 33 72 33 67
7 76 17 76 17 83 7 83 7 76
6 85 13 85 13 89 6 89 6 85
29 92 40 92 40 95 29 95 29 92
49 29 53 29 53 35 49 35 49 29
92 34 96 34 96 45 92 45 92 34
62 51 71 51 71 61 62 61 62 51
64 72 70 72 70 79 64 79 64 72
20 36 31 36 31 44 20 44 20 36
61 25 64 25 64 34 61 34 61 25
79 67 88 67 88 69 79 69 79 67
81 10 91 10 91 20 81 20 81 10
33 78 37 78 37 85 33 85 33 78
20 69 31 69 31 75 20 75 20 69
51 60 58 60 58 65 51 65 51 60
65 9 69 9 69 11 65 11 65 9
66 36 68 36 68 41 66 41 66 36
24 11 35 11 35 15 24 15 24 11
80 54 82 54 82 63 80 63 80 54
