77 55 79 55 79 60 77 60 77 55
23 16 33 16 33 23 23 23 23 16
59 34 61 34 61 39 59 39 59 34
71 23 73 23 73 26 71 26 71 23
32 60 40 60 40 70 32 70 32 60
15 48 18 48 18 58 15 58 15 48
6 38 11 38 11 43 6 43 6 38
63 92 66 92 66 96 63 96 63 92
85 86 90 86 90 92 85 92 85 86
79 65 81 65 81 74 79 74 79 65
55 51 63 51 63 54 55 54 55 51
51 15 58 15 58 24 51 24 51 15
25 3 35 3 35 11 25 11 25 3
81 51 89 51 89 54 81 54 81 51
35 23 38 23 38 31 35 31 35 23
88 32 94 32 94 36 88 36 88 32
4 89 8 89 8 96 4 96 4 89
74 88 77 88 77 96 74 96 74 88
11 26 22 26 22 30 11 30 11 26
84 58 89 58 89 67 84 67 84 58
52 68 59 68 59 73 52 73 52 68
17 3 22 3 22 9 17 9 17 3
26 36 36 36 36 39 26 39 26 36
71 42 75 42 75 46 71 46 71 42
36 9 43 9 43 18 36 18 36 9
24 51 31 51 31 57 24 57 24 51
17 63 22 63 22 69 17 69 17 63
65 48 70 48 70 50 65 50 65 48
33 45 39 45 39 55 33 55 33 45
66 69 68 69 68 79 66 79 66 69
44 7 52 7 52 13 44 13 44 7
18 38 25 38 25 45 18 45 18 38
14 87 25 87 25 90 14 90 14 87
70 86 73 86 73 94 70 94 70 86
86 70 90 70 90 72 86 72 86 70
86 45 93 45 93 50 86 50 86 45
82 32 85 32 85 40 82 40 82 32
81 27 83 27 83 29 81 29 81 27
43 75 51 75 51 82 43 82 43 75
89 26 92 26 92 28 89 28 89 26
50 42 61 42 61 46 50 46 50 42
41 19 46 19 46 23 41 23 41 19
45 36 47 36 47 42 45 42 45 36
85 78 93 78 93 84 85 84 85 78
61 56 67 56 67 60 61 60 61 56
64 81 68 81 68 91 64 91 64 81
78 79 83 79 83 83 78 83 78 79
26 81 37 81 37 85 26 85 26 81
63 12 65 12 65 15 63 15 63 12
95 79 98 79 98 88 95 88 95 79
