33 21 36 21 36 30 33 30 33 21
63 83 65 83 65 87 63 87 63 83
32 60 34 60 34 64 32 64 32 60
72 39 80 39 80 48 72 48 72 39
72 67 83 67 83 76 72 76 72 67
6 52 8 52 8 60 6 60 6 52
89 56 93 56 93 67 89 67 89 56
50 55 60 55 60 61 50 61 50 55
16 70 26 70 26 80 16 80 16 70
10 61 20 61 20 68 10 68 10 61
20 21 24 21 24 25 20 25 20 21
74 91 82 91 82 95 74 95 74 91
48 23 52 23 52 33 48 33 48 23
90 22 96 22 96 30 90 30 90 22
77 7 88 7 88 11 77 11 77 7
45 76 49 76 49 81 45 81 45 76
68 66 71 66 71 76 68 76 68 66
15 46 26 46 26 54 15 54 15 46
80 12 84 12 84 22 80 22 80 12
24 31 34 31 34 36 24 36 24 31
40 26 44 26 44 30 40 30 40 26
52 9 57 9 57 15 52 15 52 9
53 32 64 32 64 42 53 42 53 32
58 10 61 10 61 14 58 14 58 10
11 23 15 23 15 32 11 32 11 23
83 29 87 29 87 37 83 37 83 29
50 42 52 42 52 52 50 52 50 42
64 27 67 27 67 31 64 31 64 27
18 31 23 31 23 36 18 36 18 31
66 42 69 42 69 53 66 53 66 42
61 70 65 70 65 79 61 79 61 70
36 35 38 35 38 42 36 42 36 35
85 76 95 76 95 84 85 84 85 76
59 19 65 19 65 21 59 21 59 19
67 59 69 59 69 62 67 62 67 59
4 88 13 88 13 91 4 91 4 88
36 92 42 92 42 95 36 95 36 92
49 2 55 2 55 8 49 8 49 2
30 73 36 73 36 79 30 79 30 73
5 83 13 83 13 86 5 86 5 83
3 73 11 73 11 78 3 78 3 73
89 6 93 6 93 16 89 16 89 6
17 81 25 81 25 88 17 88 17 81
55 92 59 92 59 98 55 98 55 92
36 59 39 59 39 62 36 62 36 59
93 88 96 88 96 90 93 90 93 88
70 52 77 52 77 61 70 61 70 52
30 2 35 2 35 12 30 12 30 2
45 85 48 85 48 88 45 88 45 85
17 10 22 10 22 18 17 18 17 10
