9 14 20 14 20 18 9 18 9 14
71 23 74 23 74 26 71 26 71 23
36 55 38 55 38 57 36 57 36 55
17 24 25 24 25 31 17 31 17 24
59 61 67 61 67 71 59 71 59 61
75 7 81 7 81 15 75 15 75 7
30 80 38 80 38 88 30 88 30 80
36 67 41 67 41 76 36 76 36 67
59 10 68 10 68 15 59 15 59 10
41 86 43 86 43 96 41 96 41 86
47 60 51 60 51 68 47 68 47 60
67 31 78 31 78 39 67 39 67 31
60 81 68 81 68 86 60 86 60 81
20 9 30 9 30 13 20 13 20 9
22 51 26 51 26 53 22 53 22 51
88 82 98 82 98 92 88 92 88 82
33 27 44 27 44 33 33 33 33 27
9 77 11 77 11 84 9 84 9 77
17 71 20 71 20 82 17 82 17 71
87 46 91 46 91 50 87 50 87 46
81 29 90 29 90 37 81 37 81 29
58 45 67 45 67 52 58 52 58 45
17 51 19 51 19 62 17 62 17 51
50 46 55 46 55 57 50 57 50 46
93 21 98 21 98 29 93 29 93 21
62 88 66 88 66 94 62 94 62 88
34 4 41 4 41 15 34 15 34 4
55 87 57 87 57 94 55 94 55 87
79 65 88 65 88 74 79 74 79 65
86 3 90 3 90 13 86 13 86 3
24 90 31 90 31 94 24 94 24 90
69 70 77 70 77 77 69 77 69 70
73 54 80 54 80 61 73 61 73 54
68 88 79 88 79 90 68 90 68 88
35 47 37 47 37 54 35 54 35 47
20 2 25 2 25 7 20 7 20 2
54 23 63 23 63 31 54 31 54 23
34 39 41 39 41 46 34 46 34 39
83 26 92 26 92 28 83 28 83 26
89 59 95 59 95 64 89 64 89 59
85 18 87 18 87 25 85 25 85 18
27 72 35 72 35 79 27 79 27 72
29 61 40 61 40 63 29 63 29 61
40 82 49 82 49 84 40 84 40 82
5 21 11 21 11 29 5 29 5 21
3 71 5 71 5 75 3 75 3 71
15 89 22 89 22 96 15 96 15 89
26 36 33 36 33 45 26 45 26 36
14 32 21 32 21 38 14 38 14 32
69 51 71 51 71 61 69 61 69 51
