22 55 31 55 31 61 22 61 22 55
93 4 95 4 95 12 93 12 93 4
79 89 82 89 82 94 79 94 79 89
82 55 87 55 87 62 82 62 82 55
36 9 42 9 42 14 36 14 36 9
75 52 77 52 77 59 75 59 75 52
56 60 65 60 65 69 56 69 56 60
16 21 18 21 18 28 16 28 16 21
26 14 28 14 28 17 26 17 26 14
4 49 14 49 14 52 4 52 4 49
5 75 11 75 11 79 5 79 5 75
15 6 26 6 26 12 15 12 15 6
89 48 92 48 92 58 89 58 89 48
62 4 70 4 70 8 62 8 62 4
53 40 60 40 60 47 53 47 53 40
16 76 18 76 18 78 16 78 16 76
32 37 43 37 43 45 32 45 32 37
4 63 15 63 15 72 4 72 4 63
11 60 20 60 20 62 11 62 11 60
64 30 67 30 67 36 64 36 64 30
70 78 72 78 72 88 70 88 70 78
5 7 10 7 10 10 5 10 5 7
44 88 50 88 50 93 44 93 44 88
51 6 59 6 59 12 51 12 51 6
66 53 71 53 71 58 66 58 66 53
83 80 90 80 90 86 83 86 83 80
75 26 81 26 81 32 75 32 75 26
4 30 13 30 13 37 4 37 4 30
5 18 8 18 8 23 5 23 5 18
42 83 53 83 53 86 42 86 42 83
89 63 96 63 96 70 89 70 89 63
77 35 84 35 84 42 77 42 77 35
52 25 60 25 60 29 52 29 52 25
45 23 47 23 47 30 45 30 45 23
89 26 92 26 92 35 89 35 89 26
37 60 48 60 48 68 37 68 37 60
86 90 88 90 88 97 86 97 86 90
27 82 33 82 33 88 27 88 27 82
86 10 89 10 89 21 86 21 86 10
93 43 97 43 97 51 93 51 93 43
74 66 78 66 78 71 74 71 74 66
72 90 78 90 78 93 72 93 72 90
91 84 94 84 94 88 91 88 91 84
24 31 26 31 26 39 24 39 24 31
35 23 39 23 39 29 35 29 35 23
12 41 14 41 14 48 12 48 12 41
62 13 70 13 70 17 62 17 62 13
66 80 68 80 68 86 66 86 66 80
6 55 9 55 9 61 6 61 6 55
51 20 54 20 54 23 51 23 51 20
