51 54 58 54 58 62 51 62 51 54
14 79 22 79 22 82 14 82 14 79
11 88 17 88 17 92 11 92 11 88
91 38 97 38 97 49 91 49 91 38
33 6 40 6 40 12 33 12 33 6
29 19 32 19 32 27 29 27 29 19
61 29 70 29 70 40 61 40 61 29
8 17 12 17 12 22 8 22 8 17
6 65 17 65 17 73 6 73 6 65
4 54 9 54 9 60 4 60 4 54
61 88 72 88 72 98 61 98 61 88
32 85 36 85 36 95 32 95 32 85
83 76 94 76 94 81 83 81 83 76
94 69 96 69 96 72 94 72 94 69
35 73 40 73 40 84 35 84 35 73
28 47 38 47 38 56 28 56 28 47
21 83 28 83 28 89 21 89 21 83
88 61 97 61 97 64 88 64 88 61
50 32 59 32 59 43 50 43 50 32
79 69 82 69 82 77 79 77 79 69
55 82 66 82 66 84 55 84 55 82
30 65 36 65 36 69 30 69 30 65
53 65 64 65 64 69 53 69 53 65
70 23 72 23 72 25 70 25 70 23
45 69 51 69 51 72 45 72 45 69
18 32 26 32 26 37 18 37 18 32
77 37 81 37 81 42 77 42 77 37
4 36 15 36 15 42 4 42 4 36
60 71 71 71 71 77 60 77 60 71
18 41 26 41 26 50 18 50 18 41
85 17 92 17 92 19 85 19 85 17
52 12 61 12 61 23 52 23 52 12
83 3 86 3 86 10 83 10 83 3
92 5 98 5 98 11 92 11 92 5
45 92 51 92 51 96 45 96 45 92
37 86 41 86 41 91 37 91 37 86
79 26 88 26 88 36 79 36 79 26
41 11 50 11 50 18 41 18 41 11
83 37 87 37 87 41 83 41 83 37
24 61 27 61 27 67 24 67 24 61
31 29 40 29 40 35 31 35 31 29
19 90 21 90 21 96 19 96 19 90
76 8 78 8 78 16 76 16 76 8
18 3 22 3 22 8 18 8 18 3
39 60 46 60 46 68 39 68 39 60
64 3 66 3 66 13 64 13 64 3
41 83 47 83 47 85 41 85 41 83
68 50 73 50 73 59 68 59 68 50
78 91 81 91 81 93 78 93 78 91
33 17 37 17 37 20 33 20 33 17
