80 23 88 23 88 26 80 26 80 23
79 79 87 79 87 88 79 88 79 79
54 78 57 78 57 81 54 81 54 78
40 12 49 12 49 18 40 18 40 12
69 74 77 74 77 80 69 80 69 74
12 38 22 38 22 40 12 40 12 38
39 39 44 39 44 46 39 46 39 39
7 13 17 13 17 24 7 24 7 13
48 63 58 63 58 71 48 71 48 63
75 12 83 12 83 20 75 20 75 12
57 28 61 28 61 33 57 33 57 28
2 78 5 78 5 89 2 89 2 78
40 60 46 60 46 71 40 71 40 60
74 89 82 89 82 94 74 94 74 89
59 87 61 87 61 90 59 90 59 87
10 72 14 72 14 74 10 74 10 72
87 32 92 32 92 37 87 37 87 32
13 27 15 27 15 35 13 35 13 27
10 84 20 84 20 88 10 88 10 84
88 62 95 62 95 65 88 65 88 62
63 30 70 30 70 39 63 39 63 30
62 8 71 8 71 18 62 18 62 8
35 52 39 52 39 62 35 62 35 52
9 42 20 42 20 44 9 44 9 42
40 74 44 74 44 79 40 79 40 74
74 58 79 58 79 65 74 65 74 58
27 85 35 85 35 92 27 92 27 85
88 50 98 50 98 52 88 52 88 50
47 36 57 36 57 46 47 46 47 36
3 32 11 32 11 41 3 41 3 32
29 59 31 59 31 66 29 66 29 59
13 4 17 4 17 11 13 11 13 4
83 58 86 58 86 67 83 67 83 58
17 30 24 30 24 33 17 33 17 30
25 47 31 47 31 49 25 49 25 47
37 80 42 80 42 87 37 87 37 80
90 24 92 24 92 30 90 30 90 24
44 83 53 83 53 94 44 94 44 83
85 6 95 6 95 16 85 16 85 6
23 70 28 70 28 78 23 78 23 70
83 28 85 28 85 32 83 32 83 28
14 64 22 64 22 68 14 68 14 64
30 28 33 28 33 37 30 37 30 28
89 81 92 81 92 88 89 88 89 81
8 75 14 75 14 78 8 78 8 75
34 66 38 66 38 77 34 77 34 66
58 77 62 77 62 82 58 82 58 77
18 4 27 4 27 8 18 8 18 4
65 50 72 50 72 52 65 52 65 50
53 16 59 16 59 22 53 22 53 16
