60 26 62 26 62 32 60 32 60 26
14 92 16 92 16 96 14 96 14 92
3 86 5 86 5 93 3 93 3 86
73 88 75 88 75 95 73 95 73 88
50 76 58 76 58 78 50 78 50 76
18 6 27 6 27 16 18 16 18 6
44 39 53 39 53 43 44 43 44 39
50 5 58 5 58 13 50 13 50 5
73 26 79 26 79 28 73 28 73 26
14 64 22 64 22 71 14 71 14 64
40 59 47 59 47 64 40 64 40 59
65 18 68 18 68 23 65 23 65 18
58 65 65 65 65 75 58 75 58 65
90 38 96 38 96 40 90 40 90 38
43 65 49 65 49 67 43 67 43 65
2 52 5 52 5 61 2 61 2 52
16 26 23 26 23 36 16 36 16 26
86 15 93 15 93 18 86 18 86 15
21 44 24 44 24 50 21 50 21 44
82 48 86 48 86 55 82 55 82 48
35 9 40 9 40 20 35 20 35 9
54 53 64 53 64 58 54 58 54 53
44 25 48 25 48 31 44 31 44 25
30 53 41 53 41 57 30 57 30 53
24 83 28 83 28 92 24 92 24 83
61 43 70 43 70 51 61 51 61 43
44 47 54 47 54 49 44 49 44 47
73 44 79 44 79 47 73 47 73 44
40 69 51 69 51 74 40 74 40 69
75 81 83 81 83 85 75 85 75 81
75 71 80 71 80 74 75 74 75 71
18 94 20 94 20 98 18 98 18 94
12 53 23 53 23 58 12 58 12 53
68 29 73 29 73 38 68 38 68 29
75 56 80 56 80 61 75 61 75 56
63 94 68 94 68 97 63 97 63 94
76 67 83 67 83 70 76 70 76 67
10 75 14 75 14 79 10 79 10 75
43 80 53 80 53 83 43 83 43 80
52 84 57 84 57 90 52 90 52 84
69 65 72 65 72 75 69 75 69 65
91 41 96 41 96 44 91 44 91 41
33 30 42 30 42 34 33 34 33 30
25 27 28 27 28 34 25 34 25 27
54 29 56 29 56 33 54 33 54 29
81 71 88 71 88 80 81 80 81 71
38 22 41 22 41 28 38 28 38 22
72 5 83 5 83 15 72 15 72 5
29 87 39 87 39 94 29 94 29 87
16 78 19 78 19 88 16 88 16 78
