58 34 69 34 69 39 58 39 58 34
64 49 71 49 71 57 64 57 64 49
89 29 92 29 92 33 89 33 89 29
12 23 20 23 20 30 12 30 12 23
8 15 19 15 19 17 8 17 8 15
40 63 48 63 48 67 40 67 40 63
66 24 71 24 71 33 66 33 66 24
45 42 47 42 47 45 45 45 45 42
77 47 83 47 83 49 77 49 77 47
46 53 53 53 53 62 46 62 46 53
69 84 72 84 72 90 69 90 69 84
47 72 50 72 50 81 47 81 47 72
8 50 10 50 10 53 8 53 8 50
20 9 24 9 24 20 20 20 20 9
48 11 51 11 51 16 48 16 48 11
55 2 62 2 62 9 55 9 55 2
64 42 73 42 73 46 64 46 64 42
93 36 96 36 96 45 93 45 93 36
66 66 69 66 69 73 66 73 66 66
78 91 87 91 87 96 78 96 78 91
75 61 80 61 80 64 75 64 75 61
63 75 66 75 66 85 63 85 63 75
79 78 85 78 85 86 79 86 79 78
21 90 24 90 24 93 21 93 21 90
28 9 30 9 30 15 28 15 28 9
85 14 88 14 88 16 85 16 85 14
10 33 19 33 19 43 10 43 10 33
55 89 63 89 63 91 55 91 55 89
30 54 39 54 39 60 30 60 30 54
14 75 21 75 21 79 14 79 14 75
89 51 91 51 91 57 89 57 89 51
83 32 85 32 85 42 83 42 83 32
49 31 57 31 57 33 49 33 49 31
89 59 91 59 91 67 89 67 89 59
33 16 43 16 43 21 33 21 33 16
48 35 52 35 52 41 48 41 48 35
75 6 83 6 83 9 75 9 75 6
72 28 75 28 75 32 72 32 72 28
90 87 97 87 97 92 90 92 90 87
27 20 29 20 29 29 27 29 27 20
26 90 37 90 37 98 26 98 26 90
89 20 92 20 92 24 89 24 89 20
10 95 19 95 19 97 10 97 10 95
32 4 43 4 43 8 32 8 32 4
58 22 65 22 65 31 58 31 58 22
5 76 8 76 8 86 5 86 5 76
47 87 49 87 49 93 47 93 47 87
24 71 28 71 28 82 24 82 24 71
13 48 17 48 17 51 13 51 13 48
53 86 56 86 56 88 53 88 53 86
