80 55 87 55 87 66 80 66 80 55
45 70 48 70 48 80 45 80 45 70
15 48 18 48 18 54 15 54 15 48
90 24 94 24 94 26 90 26 90 24
28 92 32 92 32 97 28 97 28 92
65 34 70 34 70 38 65 38 65 34
6 69 13 69 13 74 6 74 6 69
39 15 46 15 46 23 39 23 39 15
64 14 71 14 71 22 64 22 64 14
55 21 61 21 61 31 55 31 55 21
45 86 54 86 54 95 45 95 45 86
79 8 85 8 85 19 79 19 79 8
70 58 79 58 79 61 70 61 70 58
27 52 35 52 35 56 27 56 27 52
10 77 17 77 17 80 10 80 10 77
64 85 70 85 70 89 64 89 64 85
50 24 53 24 53 28 50 28 50 24
19 45 24 45 24 52 19 52 19 45
20 8 30 8 30 10 20 10 20 8
58 15 60 15 60 19 58 19 58 15
86 6 89 6 89 10 86 10 86 6
4 22 11 22 11 31 4 31 4 22
65 93 75 93 75 97 65 97 65 93
14 12 16 12 16 15 14 15 14 12
74 76 79 76 79 78 74 78 74 76
94 53 96 53 96 55 94 55 94 53
14 87 25 87 25 92 14 92 14 87
57 77 61 77 61 86 57 86 57 77
12 20 16 20 16 30 12 30 12 20
36 47 41 47 41 55 36 55 36 47
90 29 98 29 98 40 90 40 90 29
33 76 44 76 44 81 33 81 33 76
54 11 60 11 60 14 54 14 54 11
2 60 7 60 7 62 2 62 2 60
94 92 98 92 98 97 94 97 94 92
69 65 73 65 73 68 69 68 69 65
76 35 85 35 85 44 76 44 76 35
28 71 30 71 30 79 28 79 28 71
35 61 39 61 39 69 35 69 35 61
65 77 71 77 71 83 65 83 65 77
90 63 94 63 94 69 90 69 90 63
24 16 33 16 33 23 24 23 24 16
91 48 93 48 93 52 91 52 91 48
67 40 75 40 75 50 67 50 67 40
42 64 50 64 50 67 42 67 42 64
13 34 17 34 17 43 13 43 13 34
52 65 58 65 58 74 52 74 52 65
36 26 43 26 43 31 36 31 36 26
41 32 46 32 46 37 41 37 41 32
18 28 25 28 25 32 18 32 18 28
