54 23 62 23 62 28 54 28 54 23
13 75 23 75 23 83 13 83 13 75
77 93 85 93 85 97 77 97 77 93
37 15 45 15 45 19 37 19 37 15
41 31 50 31 50 34 41 34 41 31
52 6 58 6 58 12 52 12 52 6
34 20 44 20 44 25 34 25 34 20
44 66 47 66 47 73 44 73 44 66
66 15 75 15 75 22 66 22 66 15
20 85 27 85 27 90 20 90 20 85
84 24 88 24 88 32 84 32 84 24
90 19 97 19 97 25 90 25 90 19
61 47 63 47 63 52 61 52 61 47
10 21 21 21 21 30 10 30 10 21
46 42 51 42 51 46 46 46 46 42
62 65 73 65 73 76 62 76 62 65
65 30 76 30 76 34 65 34 65 30
29 20 32 20 32 26 29 26 29 20
76 63 86 63 86 68 76 68 76 63
91 41 95 41 95 45 91 45 91 41
16 37 26 37 26 44 16 44 16 37
67 86 73 86 73 90 67 90 67 86
50 61 55 61 55 66 50 66 50 61
11 58 20 58 20 61 11 61 11 58
28 48 34 48 34 58 28 58 28 48
43 85 51 85 51 89 43 89 43 85
9 10 13 10 13 19 9 19 9 10
75 53 86 53 86 59 75 59 75 53
34 5 44 5 44 8 34 8 34 5
90 28 95 28 95 34 90 34 90 28
51 79 55 79 55 81 51 81 51 79
81 9 90 9 90 12 81 12 81 9
37 59 47 59 47 61 37 61 37 59
42 94 45 94 45 96 42 96 42 94
87 59 98 59 98 61 87 61 87 59
64 2 66 2 66 7 64 7 64 2
37 46 41 46 41 56 37 56 37 46
6 87 17 87 17 90 6 90 6 87
10 53 19 53 19 55 10 55 10 53
17 9 24 9 24 14 17 14 17 9
4 28 6 28 6 38 4 38 4 28
33 74 44 74 44 81 33 81 33 74
77 83 88 83 88 85 77 85 77 83
6 49 9 49 9 54 6 54 6 49
78 17 81 17 81 21 78 21 78 17
59 38 69 38 69 44 59 44 59 38
30 32 35 32 35 42 30 42 30 32
92 69 98 69 98 79 92 79 92 69
13 39 15 39 15 47 13 47 13 39
54 73 56 73 56 77 54 77 54 73
