68 82 73 82 73 89 68 89 68 82
14 15 16 15 16 19 14 19 14 15
48 19 54 19 54 23 48 23 48 19
44 33 46 33 46 41 44 41 44 33
45 94 56 94 56 98 45 98 45 94
12 50 16 50 16 55 12 55 12 50
91 37 98 37 98 48 91 48 91 37
19 48 24 48 24 59 19 59 19 48
64 21 67 21 67 26 64 26 64 21
40 62 50 62 50 69 40 69 40 62
32 82 39 82 39 90 32 90 32 82
74 22 77 22 77 24 74 24 74 22
84 64 94 64 94 66 84 66 84 64
55 19 63 19 63 27 55 27 55 19
78 85 85 85 85 93 78 93 78 85
7 72 18 72 18 80 7 80 7 72
37 70 41 70 41 79 37 79 37 70
65 33 68 33 68 37 65 37 65 33
6 82 10 82 10 88 6 88 6 82
36 15 45 15 45 23 36 23 36 15
52 3 60 3 60 12 52 12 52 3
75 41 78 41 78 48 75 48 75 41
11 25 20 25 20 30 11 30 11 25
59 61 69 61 69 72 59 72 59 61
92 25 96 25 96 34 92 34 92 25
40 43 50 43 50 45 40 45 40 43
44 72 48 72 48 76 44 76 44 72
2 68 10 68 10 70 2 70 2 68
53 29 61 29 61 38 53 38 53 29
71 73 74 73 74 77 71 77 71 73
45 52 52 52 52 57 45 57 45 52
29 68 34 68 34 78 29 78 29 68
91 12 97 12 97 16 91 16 91 12
41 94 44 94 44 97 41 97 41 94
67 38 70 38 70 42 67 42 67 38
10 20 17 20 17 22 10 22 10 20
23 19 31 19 31 27 23 27 23 19
68 3 76 3 76 14 68 14 68 3
6 36 9 36 9 39 6 39 6 36
28 47 38 47 38 53 28 53 28 47
28 41 39 41 39 43 28 43 28 41
27 29 34 29 34 32 27 32 27 29
70 21 73 21 73 28 70 28 70 21
61 75 63 75 63 80 61 80 61 75
14 62 23 62 23 71 14 71 14 62
82 26 84 26 84 33 82 33 82 26
92 18 95 18 95 24 92 24 92 18
54 74 57 74 57 80 54 80 54 74
44 7 49 7 49 12 44 12 44 7
73 96 76 96 76 98 73 98 73 96
