71 7 78 7 78 11 71 11 71 7
22 57 30 57 30 64 22 64 22 57
11 46 17 46 17 50 11 50 11 46
2 28 11 28 11 35 2 35 2 28
36 76 42 76 42 81 36 81 36 76
70 18 78 18 78 23 70 23 70 18
81 19 92 19 92 30 81 30 81 19
77 57 87 57 87 64 77 64 77 57
4 76 7 76 7 81 4 81 4 76
25 36 29 36 29 41 25 41 25 36
65 85 67 85 67 87 65 87 65 85
62 31 67 31 67 37 62 37 62 31
50 82 57 82 57 84 50 84 50 82
5 65 15 65 15 75 5 75 5 65
85 88 93 88 93 98 85 98 85 88
46 35 53 35 53 42 46 42 46 35
11 86 16 86 16 94 11 94 11 86
84 67 90 67 90 78 84 78 84 67
16 79 20 79 20 81 16 81 16 79
28 46 34 46 34 56 28 56 28 46
36 66 46 66 46 68 36 68 36 66
10 6 15 6 15 16 10 16 10 6
53 67 63 67 63 76 53 76 53 67
24 72 35 72 35 75 24 75 24 72
41 89 43 89 43 95 41 95 41 89
64 40 67 40 67 47 64 47 64 40
54 14 64 14 64 21 54 21 54 14
89 38 94 38 94 44 89 44 89 38
27 93 32 93 32 98 27 98 27 93
35 9 41 9 41 14 35 14 35 9
88 56 92 56 92 60 88 60 88 56
38 23 49 23 49 33 38 33 38 23
38 46 42 46 42 55 38 55 38 46
59 58 65 58 65 61 59 61 59 58
59 2 67 2 67 11 59 11 59 2
31 15 40 15 40 17 31 17 31 15
19 3 28 3 28 5 19 5 19 3
48 15 52 15 52 20 48 20 48 15
83 6 91 6 91 11 83 11 83 6
56 25 59 25 59 30 56 30 56 25
70 33 73 33 73 35 70 35 70 33
16 12 24 12 24 18 16 18 16 12
47 90 54 90 54 96 47 96 47 90
3 40 11 40 11 43 3 43 3 40
68 40 70 40 70 51 68 51 68 40
26 33 36 33 36 35 26 35 26 33
24 84 28 84 28 86 24 86 24 84
79 87 84 87 84 96 79 96 79 87
20 49 25 49 25 55 20 55 20 49
35 56 42 56 42 62 35 62 35 56
