69 20 75 20 75 25 69 25 69 20
4 70 7 70 7 74 4 74 4 70
89 79 98 79 98 82 89 82 89 79
33 13 41 13 41 20 33 20 33 13
54 87 58 87 58 95 54 95 54 87
8 6 10 6 10 14 8 14 8 6
48 34 54 34 54 41 48 41 48 34
57 36 68 36 68 38 57 38 57 36
49 53 56 53 56 60 49 60 49 53
35 2 40 2 40 9 35 9 35 2
69 54 72 54 72 56 69 56 69 54
89 57 95 57 95 65 89 65 89 57
83 15 86 15 86 22 83 22 83 15
18 8 24 8 24 15 18 15 18 8
8 88 17 88 17 96 8 96 8 88
43 68 48 68 48 79 43 79 43 68
26 57 29 57 29 66 26 66 26 57
21 16 26 16 26 24 21 24 21 16
12 56 20 56 20 59 12 59 12 56
10 18 14 18 14 21 10 21 10 18
65 8 75 8 75 15 65 15 65 8
71 37 81 37 81 39 71 39 71 37
32 67 38 67 38 76 32 76 32 67
86 88 89 88 89 97 86 97 86 88
54 44 56 44 56 50 54 50 54 44
89 49 97 49 97 51 89 51 89 49
86 6 89 6 89 12 86 12 86 6
5 33 12 33 12 42 5 42 5 33
9 73 16 73 16 84 9 84 9 73
47 13 52 13 52 17 47 17 47 13
62 24 68 24 68 35 62 35 62 24
30 40 32 40 32 48 30 48 30 40
63 39 69 39 69 43 63 43 63 39
61 91 67 91 67 93 61 93 61 91
26 89 35 89 35 93 26 93 26 89
3 48 11 48 11 51 3 51 3 48
50 83 52 83 52 85 50 85 50 83
87 21 94 21 94 25 87 25 87 21
53 62 61 62 61 67 53 67 53 62
5 25 15 25 15 27 5 27 5 25
20 94 24 94 24 98 20 98 20 94
90 7 96 7 96 13 90 13 90 7
70 71 74 71 74 73 70 73 70 71
72 74 83 74 83 83 72 83 72 74
34 46 38 46 38 56 34 56 34 46
61 79 68 79 68 85 61 85 61 79
54 2 59 2 59 11 54 11 54 2
27 95 35 95 35 98 27 98 27 95
89 38 95 38 95 47 89 47 89 38
19 27 23 27 23 31 19 31 19 27
