15 85 21 85 21 96 15 96 15 85
78 52 83 52 83 56 78 56 78 52
11 49 16 49 16 53 11 53 11 49
51 9 59 9 59 13 51 13 51 9
74 31 85 31 85 39 74 39 74 31
10 78 20 78 20 83 10 83 10 78
39 4 46 4 46 12 39 12 39 4
90 62 98 62 98 73 90 73 90 62
15 23 19 23 19 25 15 25 15 23
33 83 35 83 35 94 33 94 33 83
15 56 19 56 19 58 15 58 15 56
35 40 41 40 41 42 35 42 35 40
8 4 14 4 14 14 8 14 8 4
20 70 31 70 31 77 20 77 20 70
94 19 98 19 98 22 94 22 94 19
3 10 6 10 6 15 3 15 3 10
67 35 69 35 69 41 67 41 67 35
58 38 66 38 66 43 58 43 58 38
91 33 93 33 93 41 91 41 91 33
30 34 37 34 37 39 30 39 30 34
17 64 21 64 21 68 17 68 17 64
75 62 81 62 81 67 75 67 75 62
20 28 27 28 27 33 20 33 20 28
63 71 71 71 71 73 63 73 63 71
58 44 65 44 65 48 58 48 58 44
68 84 70 84 70 91 68 91 68 84
72 20 83 20 83 24 72 24 72 20
49 57 52 57 52 63 49 63 49 57
28 45 39 45 39 55 28 55 28 45
93 50 95 50 95 60 93 60 93 50
33 23 41 23 41 31 33 31 33 23
73 83 79 83 79 91 73 91 73 83
3 93 10 93 10 98 3 98 3 93
51 81 61 81 61 89 51 89 51 81
48 19 58 19 58 26 48 26 48 19
51 74 58 74 58 78 51 78 51 74
68 58 71 58 71 60 68 60 68 58
40 74 48 74 48 76 40 76 40 74
37 14 47 14 47 22 37 22 37 14
26 11 30 11 30 14 26 14 26 11
62 76 64 76 64 79 62 79 62 76
91 76 95 76 95 86 91 86 91 76
40 46 45 46 45 55 40 55 40 46
67 64 73 64 73 66 67 66 67 64
72 55 77 55 77 59 72 59 72 55
9 22 11 22 11 28 9 28 9 22
10 70 19 70 19 76 10 76 10 70
2 54 12 54 12 65 2 65 2 54
81 44 86 44 86 48 81 48 81 44
45 84 50 84 50 95 45 95 45 84
