53 6 55 6 55 17 53 17 53 6
64 20 73 20 73 31 64 31 64 20
61 65 69 65 69 75 61 75 61 65
29 8 36 8 36 12 29 12 29 8
3 87 9 87 9 89 3 89 3 87
13 66 18 66 18 77 13 77 13 66
66 16 68 16 68 19 66 19 66 16
71 71 76 71 76 78 71 78 71 71
91 48 98 48 98 51 91 51 91 48
14 2 20 2 20 5 14 5 14 2
10 37 13 37 13 48 10 48 10 37
71 54 76 54 76 62 71 62 71 54
70 79 78 79 78 85 70 85 70 79
44 20 47 20 47 23 44 23 44 20
22 63 27 63 27 68 22 68 22 63
89 76 92 76 92 87 89 87 89 76
81 50 88 50 88 57 81 57 81 50
4 19 13 19 13 30 4 30 4 19
51 61 57 61 57 68 51 68 51 61
7 78 14 78 14 83 7 83 7 78
40 91 49 91 49 93 40 93 40 91
95 29 98 29 98 32 95 32 95 29
5 31 12 31 12 34 5 34 5 31
38 40 49 40 49 51 38 51 38 40
18 25 21 25 21 35 18 35 18 25
56 23 63 23 63 34 56 34 56 23
42 85 52 85 52 88 42 88 42 85
85 35 91 35 91 41 85 41 85 35
29 35 31 35 31 37 29 37 29 35
49 4 51 4 51 15 49 15 49 4
9 56 14 56 14 61 9 61 9 56
53 42 61 42 61 48 53 48 53 42
79 70 83 70 83 73 79 73 79 70
85 6 90 6 90 17 85 17 85 6
28 54 31 54 31 63 28 63 28 54
18 46 21 46 21 48 18 48 18 46
74 4 76 4 76 15 74 15 74 4
64 3 73 3 73 5 64 5 64 3
66 93 72 93 72 95 66 95 66 93
93 69 97 69 97 72 93 72 93 69
96 36 98 36 98 41 96 41 96 36
55 36 58 36 58 41 55 41 55 36
27 29 31 29 31 34 27 34 27 29
4 57 8 57 8 67 4 67 4 57
20 15 29 15 29 18 20 18 20 15
76 27 78 27 78 29 76 29 76 27
43 73 54 73 54 81 43 81 43 73
14 30 16 30 16 41 14 41 14 30
3 68 11 68 11 75 3 75 3 68
63 11 69 11 69 13 63 13 63 11
