33 63 40 63 40 68 33 68 33 63
76 66 78 66 78 75 76 75 76 66
78 12 83 12 83 21 78 21 78 12
55 90 65 90 65 93 55 93 55 90
54 44 61 44 61 50 54 50 54 44
51 63 62 63 62 71 51 71 51 63
23 38 29 38 29 40 23 40 23 38
38 3 43 3 43 9 38 9 38 3
29 22 31 22 31 24 29 24 29 22
89 81 97 81 97 84 89 84 89 81
49 57 58 57 58 59 49 59 49 57
14 54 20 54 20 63 14 63 14 54
77 78 85 78 85 84 77 84 77 78
51 41 56 41 56 43 51 43 51 41
17 42 20 42 20 48 17 48 17 42
16 21 27 21 27 24 16 24 16 21
39 15 50 15 50 17 39 17 39 15
56 76 66 76 66 80 56 80 56 76
3 6 10 6 10 14 3 14 3 6
36 32 41 32 41 41 36 41 36 32
92 41 95 41 95 52 92 52 92 41
69 2 71 2 71 10 69 10 69 2
63 21 71 21 71 28 63 28 63 21
38 45 47 45 47 55 38 55 38 45
77 61 86 61 86 64 77 64 77 61
15 71 20 71 20 75 15 75 15 71
2 84 10 84 10 89 2 89 2 84
21 53 28 53 28 58 21 58 21 53
72 45 81 45 81 51 72 51 72 45
51 32 59 32 59 35 51 35 51 32
4 39 12 39 12 41 4 41 4 39
39 27 45 27 45 29 39 29 39 27
11 43 14 43 14 45 11 45 11 43
69 87 72 87 72 97 69 97 69 87
17 95 20 95 20 97 17 97 17 95
89 21 94 21 94 23 89 23 89 21
83 26 93 26 93 36 83 36 83 26
51 9 53 9 53 13 51 13 51 9
34 4 36 4 36 12 34 12 34 4
84 86 86 86 86 91 84 91 84 86
82 41 87 41 87 44 82 44 82 41
8 46 10 46 10 55 8 55 8 46
77 54 88 54 88 56 77 56 77 54
63 11 69 11 69 20 63 20 63 11
63 58 70 58 70 60 63 60 63 58
31 50 34 50 34 57 31 57 31 50
32 23 35 23 35 28 32 28 32 23
73 35 81 35 81 38 73 38 73 35
90 90 98 90 98 93 90 93 90 90
38 23 45 23 45 26 38 26 38 23
