40 69 46 69 46 71 40 71 40 69
84 61 87 61 87 64 84 64 84 61
38 53 48 53 48 58 38 58 38 53
91 44 97 44 97 53 91 53 91 44
77 59 82 59 82 62 77 62 77 59
15 35 24 35 24 37 15 37 15 35
42 32 52 32 52 41 42 41 42 32
45 44 55 44 55 46 45 46 45 44
82 45 90 45 90 50 82 50 82 45
5 55 9 55 9 66 5 66 5 55
39 79 49 79 49 88 39 88 39 79
12 55 15 55 15 63 12 63 12 55
36 3 41 3 41 11 36 11 36 3
17 77 19 77 19 80 17 80 17 77
78 12 81 12 81 22 78 22 78 12
92 64 94 64 94 66 92 66 92 64
19 65 26 65 26 68 19 68 19 65
57 18 68 18 68 24 57 24 57 18
21 14 29 14 29 18 21 18 21 14
54 50 60 50 60 60 54 60 54 50
12 71 16 71 16 76 12 76 12 71
55 25 61 25 61 31 55 31 55 25
89 13 92 13 92 20 89 20 89 13
28 86 38 86 38 95 28 95 28 86
37 61 43 61 43 65 37 65 37 61
96 55 98 55 98 61 96 61 96 55
20 2 27 2 27 7 20 7 20 2
63 58 74 58 74 60 63 60 63 58
12 85 15 85 15 94 12 94 12 85
2 84 8 84 8 92 2 92 2 84
46 96 54 96 54 98 46 98 46 96
95 30 97 30 97 37 95 37 95 30
75 82 84 82 84 89 75 89 75 82
13 16 17 16 17 25 13 25 13 16
49 24 51 24 51 27 49 27 49 24
64 50 70 50 70 54 64 54 64 50
5 38 14 38 14 44 5 44 5 38
88 78 92 78 92 81 88 81 88 78
15 42 17 42 17 46 15 46 15 42
26 70 37 70 37 77 26 77 26 70
64 4 75 4 75 13 64 13 64 4
74 26 78 26 78 37 74 37 74 26
59 66 64 66 64 76 59 76 59 66
11 6 16 6 16 15 11 15 11 6
2 95 8 95 8 98 2 98 2 95
23 25 27 25 27 29 23 29 23 25
90 87 95 87 95 92 90 92 90 87
63 82 66 82 66 84 63 84 63 82
67 70 76 70 76 76 67 76 67 70
67 38 72 38 72 46 67 46 67 38
