66 93 76 93 76 97 66 97 66 93
60 36 70 36 70 38 60 38 60 36
73 57 75 57 75 66 73 66 73 57
9 14 14 14 14 22 9 22 9 14
44 68 49 68 49 79 44 79 44 68
26 73 35 73 35 77 26 77 26 73
47 47 50 47 50 58 47 58 47 47
40 22 42 22 42 24 40 24 40 22
58 8 63 8 63 18 58 18 58 8
64 5 75 5 75 11 64 11 64 5
79 68 87 68 87 76 79 76 79 68
63 25 65 25 65 29 63 29 63 25
48 27 50 27 50 29 48 29 48 27
36 86 38 86 38 91 36 91 36 86
47 87 50 87 50 93 47 93 47 87
3 77 11 77 11 81 3 81 3 77
3 44 10 44 10 53 3 53 3 44
72 75 74 75 74 82 72 82 72 75
84 49 94 49 94 58 84 58 84 49
83 10 93 10 93 20 83 20 83 10
51 24 55 24 55 30 51 30 51 24
74 27 82 27 82 34 74 34 74 27
34 4 44 4 44 11 34 11 34 4
75 40 82 40 82 45 75 45 75 40
75 21 83 21 83 23 75 23 75 21
59 20 67 20 67 22 59 22 59 20
52 11 56 11 56 14 52 14 52 11
14 39 16 39 16 44 14 44 14 39
16 8 22 8 22 15 16 15 16 8
13 23 18 23 18 28 13 28 13 23
31 44 37 44 37 48 31 48 31 44
26 23 29 23 29 29 26 29 26 23
11 83 15 83 15 89 11 89 11 83
20 45 30 45 30 52 20 52 20 45
40 83 46 83 46 87 40 87 40 83
27 84 33 84 33 93 27 93 27 84
30 24 33 24 33 28 30 28 30 24
20 58 29 58 29 62 20 62 20 58
17 34 20 34 20 39 17 39 17 34
89 70 91 70 91 77 89 77 89 70
41 48 46 48 46 56 41 56 41 48
19 22 25 22 25 28 19 28 19 22
35 63 39 63 39 67 35 67 35 63
86 59 93 59 93 62 86 62 86 59
10 65 14 65 14 69 10 69 10 65
86 30 92 30 92 38 86 38 86 30
63 54 72 54 72 60 63 60 63 54
20 75 23 75 23 86 20 86 20 75
13 50 19 50 19 55 13 55 13 50
93 74 96 74 96 80 93 80 93 74
