39 70 41 70 41 73 39 73 39 70
14 18 22 18 22 22 14 22 14 18
6 36 14 36 14 45 6 45 6 36
69 58 77 58 77 67 69 67 69 58
90 13 92 13 92 23 90 23 90 13
27 68 31 68 31 79 27 79 27 68
57 8 68 8 68 14 57 14 57 8
79 65 90 65 90 67 79 67 79 65
83 27 94 27 94 34 83 34 83 27
63 33 68 33 68 40 63 40 63 33
50 79 59 79 59 89 50 89 50 79
50 21 52 21 52 31 50 31 50 21
30 29 32 29 32 31 30 31 30 29
33 59 44 59 44 67 33 67 33 59
10 51 17 51 17 62 10 62 10 51
12 65 18 65 18 76 12 76 12 65
15 34 17 34 17 39 15 39 15 34
61 67 65 67 65 78 61 78 61 67
20 50 25 50 25 55 20 55 20 50
74 2 83 2 83 12 74 12 74 2
56 47 65 47 65 50 56 50 56 47
74 87 85 87 85 91 74 91 74 87
16 25 18 25 18 30 16 30 16 25
73 36 77 36 77 42 73 42 73 36
4 19 8 19 8 29 4 29 4 19
44 20 49 20 49 24 44 24 44 20
22 26 27 26 27 31 22 31 22 26
39 89 46 89 46 92 39 92 39 89
36 71 38 71 38 76 36 76 36 71
7 82 18 82 18 87 7 87 7 82
86 42 91 42 91 52 86 52 86 42
4 65 7 65 7 70 4 70 4 65
47 75 58 75 58 77 47 77 47 75
41 12 45 12 45 19 41 19 41 12
55 38 58 38 58 46 55 46 55 38
60 84 62 84 62 93 60 93 60 84
76 13 81 13 81 17 76 17 76 13
79 50 84 50 84 58 79 58 79 50
4 12 11 12 11 15 4 15 4 12
23 8 26 8 26 15 23 15 23 8
80 71 84 71 84 80 80 80 80 71
89 7 98 7 98 11 89 11 89 7
48 12 52 12 52 18 48 18 48 12
25 85 30 85 30 91 25 91 25 85
74 18 83 18 83 20 74 20 74 18
69 36 72 36 72 42 69 42 69 36
5 3 10 3 10 5 5 5 5 3
35 16 38 16 38 24 35 24 35 16
33 94 37 94 37 98 33 98 33 94
33 30 43 30 43 37 33 37 33 30
