87 31 93 31 93 38 87 38 87 31
72 74 82 74 82 82 72 82 72 74
30 40 39 40 39 46 30 46 30 40
18 80 29 80 29 87 18 87 18 80
58 13 61 13 61 17 58 17 58 13
23 65 34 65 34 69 23 69 23 65
39 88 48 88 48 98 39 98 39 88
29 29 35 29 35 35 29 35 29 29
12 35 17 35 17 44 12 44 12 35
55 29 64 29 64 40 55 40 55 29
10 57 15 57 15 59 10 59 10 57
86 55 97 55 97 65 86 65 86 55
85 67 96 67 96 74 85 74 85 67
20 22 29 22 29 24 20 24 20 22
56 87 67 87 67 92 56 92 56 87
45 14 47 14 47 20 45 20 45 14
12 16 18 16 18 19 12 19 12 16
80 9 88 9 88 17 80 17 80 9
76 23 78 23 78 31 76 31 76 23
71 2 74 2 74 12 71 12 71 2
48 38 52 38 52 47 48 47 48 38
58 59 64 59 64 63 58 63 58 59
62 43 71 43 71 50 62 50 62 43
63 20 68 20 68 27 63 27 63 20
23 42 29 42 29 49 23 49 23 42
76 49 81 49 81 59 76 59 76 49
3 52 6 52 6 62 3 62 3 52
31 3 34 3 34 7 31 7 31 3
8 20 18 20 18 30 8 30 8 20
60 73 67 73 67 81 60 81 60 73
40 52 46 52 46 58 40 58 40 52
16 2 21 2 21 6 16 6 16 2
49 7 60 7 60 10 49 10 49 7
90 77 92 77 92 83 90 83 90 77
17 57 19 57 19 61 17 61 17 57
3 75 11 75 11 82 3 82 3 75
13 90 15 90 15 98 13 98 13 90
52 51 60 51 60 58 52 58 52 51
86 90 96 90 96 92 86 92 86 90
34 59 42 59 42 64 34 64 34 59
76 83 78 83 78 88 76 88 76 83
95 12 98 12 98 15 95 15 95 12
22 30 25 30 25 39 22 39 22 30
36 27 44 27 44 38 36 38 36 27
82 59 84 59 84 68 82 68 82 59
90 45 95 45 95 49 90 49 90 45
23 53 31 53 31 56 23 56 23 53
4 3 15 3 15 13 4 13 4 3
20 11 30 11 30 19 20 19 20 11
12 46 18 46 18 55 12 55 12 46
