62 24 70 24 70 35 62 35 62 24
72 78 77 78 77 86 72 86 72 78
75 12 81 12 81 15 75 15 75 12
52 12 57 12 57 16 52 16 52 12
19 73 28 73 28 82 19 82 19 73
4 44 15 44 15 55 4 55 4 44
86 12 92 12 92 23 86 23 86 12
37 86 39 86 39 89 37 89 37 86
65 81 71 81 71 87 65 87 65 81
10 19 15 19 15 23 10 23 10 19
13 87 20 87 20 96 13 96 13 87
65 65 70 65 70 68 65 68 65 65
9 26 11 26 11 30 9 30 9 26
25 23 33 23 33 34 25 34 25 23
80 79 87 79 87 89 80 89 80 79
72 48 78 48 78 59 72 59 72 48
53 75 56 75 56 78 53 78 53 75
41 30 45 30 45 37 41 37 41 30
20 56 25 56 25 59 20 59 20 56
83 33 85 33 85 38 83 38 83 33
56 54 59 54 59 63 56 63 56 54
30 92 39 92 39 96 30 96 30 92
23 87 29 87 29 98 23 98 23 87
44 6 48 6 48 15 44 15 44 6
5 31 13 31 13 40 5 40 5 31
86 49 89 49 89 58 86 58 86 49
89 84 94 84 94 86 89 86 89 84
9 5 20 5 20 16 9 16 9 5
2 68 4 68 4 74 2 74 2 68
65 43 67 43 67 45 65 45 65 43
18 36 27 36 27 46 18 46 18 36
46 73 48 73 48 81 46 81 46 73
44 64 52 64 52 70 44 70 44 64
59 66 61 66 61 69 59 69 59 66
67 15 71 15 71 22 67 22 67 15
2 82 6 82 6 85 2 85 2 82
62 71 65 71 65 73 62 73 62 71
90 48 92 48 92 58 90 58 90 48
33 67 39 67 39 78 33 78 33 67
37 17 43 17 43 23 37 23 37 17
87 62 90 62 90 71 87 71 87 62
47 43 52 43 52 48 47 48 47 43
8 74 11 74 11 78 8 78 8 74
90 4 95 4 95 9 90 9 90 4
89 24 98 24 98 30 89 30 89 24
19 21 22 21 22 26 19 26 19 21
76 44 86 44 86 47 76 47 76 44
18 63 24 63 24 71 18 71 18 63
32 36 35 36 35 38 32 38 32 36
13 69 15 69 15 80 13 80 13 69
