43 38 54 38 54 46 43 46 43 38
77 23 85 23 85 32 77 32 77 23
73 54 78 54 78 56 73 56 73 54
50 8 58 8 58 16 50 16 50 8
46 26 50 26 50 31 46 31 46 26
3 87 10 87 10 94 3 94 3 87
90 41 98 41 98 44 90 44 90 41
32 64 36 64 36 66 32 66 32 64
72 64 75 64 75 72 72 72 72 64
11 37 14 37 14 44 11 44 11 37
25 4 31 4 31 12 25 12 25 4
85 62 95 62 95 69 85 69 85 62
86 47 89 47 89 51 86 51 86 47
9 47 13 47 13 52 9 52 9 47
84 84 87 84 87 89 84 89 84 84
44 2 48 2 48 11 44 11 44 2
64 24 71 24 71 27 64 27 64 24
71 38 81 38 81 46 71 46 71 38
74 14 83 14 83 22 74 22 74 14
24 71 29 71 29 79 24 79 24 71
82 90 91 90 91 93 82 93 82 90
91 72 96 72 96 79 91 79 91 72
54 77 58 77 58 88 54 88 54 77
15 60 26 60 26 62 15 62 15 60
27 88 30 88 30 96 27 96 27 88
55 39 60 39 60 41 55 41 55 39
49 60 57 60 57 67 49 67 49 60
19 21 30 21 30 31 19 31 19 21
4 70 12 70 12 78 4 78 4 70
67 87 77 87 77 95 67 95 67 87
54 29 62 29 62 33 54 33 54 29
58 52 68 52 68 57 58 57 58 52
17 46 23 46 23 53 17 53 17 46
63 5 66 5 66 9 63 9 63 5
87 29 89 29 89 31 87 31 87 29
34 51 43 51 43 56 34 56 34 51
80 63 83 63 83 72 80 72 80 63
67 60 77 60 77 62 67 62 67 60
85 9 90 9 90 17 85 17 85 9
11 11 14 11 14 22 11 22 11 11
87 25 97 25 97 27 87 27 87 25
59 66 66 66 66 68 59 68 59 66
78 83 82 83 82 89 78 89 78 83
34 22 37 22 37 26 34 26 34 22
54 4 56 4 56 7 54 7 54 4
40 68 46 68 46 79 40 79 40 68
6 23 17 23 17 27 6 27 6 23
10 57 12 57 12 59 10 59 10 57
28 56 30 56 30 60 28 60 28 56
32 10 35 10 35 16 32 16 32 10
