6 50 8 50 8 52 6 52 6 50
51 70 62 70 62 78 51 78 51 70
29 90 36 90 36 97 29 97 29 90
78 19 86 19 86 24 78 24 78 19
65 70 68 70 68 79 65 79 65 70
84 59 94 59 94 67 84 67 84 59
52 36 54 36 54 46 52 46 52 36
39 55 44 55 44 66 39 66 39 55
29 72 31 72 31 80 29 80 29 72
91 2 98 2 98 11 91 11 91 2
72 43 79 43 79 51 72 51 72 43
2 29 11 29 11 35 2 35 2 29
30 81 40 81 40 88 30 88 30 81
17 39 21 39 21 49 17 49 17 39
88 88 92 88 92 96 88 96 88 88
26 29 29 29 29 39 26 39 26 29
31 52 33 52 33 61 31 61 31 52
73 8 75 8 75 17 73 17 73 8
90 24 92 24 92 34 90 34 90 24
75 62 77 62 77 73 75 73 75 62
15 69 18 69 18 72 15 72 15 69
13 73 23 73 23 76 13 76 13 73
9 79 18 79 18 89 9 89 9 79
53 13 56 13 56 17 53 17 53 13
6 6 13 6 13 10 6 10 6 6
52 5 56 5 56 9 52 9 52 5
91 46 93 46 93 57 91 57 91 46
19 7 21 7 21 18 19 18 19 7
63 54 66 54 66 63 63 63 63 54
5 59 12 59 12 63 5 63 5 59
54 61 57 61 57 64 54 64 54 61
56 48 60 48 60 50 56 50 56 48
26 17 33 17 33 27 26 27 26 17
7 36 14 36 14 43 7 43 7 36
73 82 77 82 77 92 73 92 73 82
25 55 30 55 30 59 25 59 25 55
63 35 70 35 70 44 63 44 63 35
37 35 46 35 46 40 37 40 37 35
35 67 43 67 43 70 35 70 35 67
78 69 87 69 87 75 78 75 78 69
50 95 54 95 54 97 50 97 50 95
69 32 71 32 71 34 69 34 69 32
46 6 49 6 49 15 46 15 46 6
55 80 66 80 66 88 55 88 55 80
40 77 48 77 48 80 40 80 40 77
74 32 77 32 77 37 74 37 74 32
10 47 16 47 16 57 10 57 10 47
18 21 20 21 20 30 18 30 18 21
24 81 29 81 29 86 24 86 24 81
95 15 97 15 97 26 95 26 95 15
