15 68 24 68 24 76 15 76 15 68
83 61 91 61 91 66 83 66 83 61
51 75 55 75 55 82 51 82 51 75
55 90 59 90 59 98 55 98 55 90
4 83 6 83 6 90 4 90 4 83
41 76 47 76 47 80 41 80 41 76
22 7 26 7 26 9 22 9 22 7
87 26 92 26 92 32 87 32 87 26
9 39 16 39 16 41 9 41 9 39
24 18 27 18 27 24 24 24 24 18
45 36 50 36 50 47 45 47 45 36
62 40 70 40 70 49 62 49 62 40
73 11 76 11 76 22 73 22 73 11
11 54 16 54 16 60 11 60 11 54
30 49 41 49 41 56 30 56 30 49
59 78 62 78 62 87 59 87 59 78
79 6 83 6 83 16 79 16 79 6
49 9 53 9 53 18 49 18 49 9
27 79 29 79 29 87 27 87 27 79
72 24 74 24 74 27 72 27 72 24
74 71 82 71 82 82 74 82 74 71
31 69 34 69 34 78 31 78 31 69
75 65 79 65 79 70 75 70 75 65
24 30 35 30 35 35 24 35 24 30
2 32 4 32 4 40 2 40 2 32
6 94 8 94 8 98 6 98 6 94
27 88 30 88 30 90 27 90 27 88
49 66 58 66 58 71 49 71 49 66
87 13 92 13 92 22 87 22 87 13
19 50 22 50 22 60 19 60 19 50
43 61 48 61 48 71 43 71 43 61
3 62 9 62 9 66 3 66 3 62
61 30 67 30 67 32 61 32 61 30
44 81 48 81 48 91 44 91 44 81
89 2 96 2 96 4 89 4 89 2
60 18 62 18 62 26 60 26 60 18
79 55 89 55 89 60 79 60 79 55
18 63 28 63 28 67 18 67 18 63
8 14 19 14 19 22 8 22 8 14
31 85 42 85 42 87 31 87 31 85
3 71 13 71 13 82 3 82 3 71
69 90 79 90 79 94 69 94 69 90
37 82 43 82 43 84 37 84 37 82
32 90 36 90 36 94 32 94 32 90
78 50 89 50 89 53 78 53 78 50
5 47 14 47 14 50 5 50 5 47
55 16 57 16 57 18 55 18 55 16
16 26 22 26 22 36 16 36 16 26
15 82 22 82 22 87 15 87 15 82
52 39 60 39 60 44 52 44 52 39
