32 16 41 16 41 27 32 27 32 16
38 40 44 40 44 50 38 50 38 40
40 54 43 54 43 57 40 57 40 54
86 59 88 59 88 68 86 68 86 59
38 60 49 60 49 63 38 63 38 60
69 65 74 65 74 76 69 76 69 65
26 34 33 34 33 43 26 43 26 34
51 72 62 72 62 77 51 77 51 72
13 20 20 20 20 25 13 25 13 20
75 47 80 47 80 55 75 55 75 47
45 75 50 75 50 79 45 79 45 75
57 52 61 52 61 61 57 61 57 52
18 62 24 62 24 70 18 70 18 62
10 35 14 35 14 40 10 40 10 35
18 46 26 46 26 54 18 54 18 46
88 30 94 30 94 35 88 35 88 30
83 2 85 2 85 11 83 11 83 2
65 33 73 33 73 39 65 39 65 33
87 51 93 51 93 53 87 53 87 51
23 85 29 85 29 94 23 94 23 85
75 64 81 64 81 73 75 73 75 64
16 85 18 85 18 89 16 89 16 85
21 22 28 22 28 24 21 24 21 22
65 8 67 8 67 10 65 10 65 8
34 76 36 76 36 79 34 79 34 76
40 86 47 86 47 93 40 93 40 86
72 85 75 85 75 93 72 93 72 85
20 7 26 7 26 16 20 16 20 7
84 13 91 13 91 21 84 21 84 13
7 59 9 59 9 69 7 69 7 59
86 85 97 85 97 95 86 95 86 85
7 73 17 73 17 82 7 82 7 73
91 37 93 37 93 46 91 46 91 37
35 29 39 29 39 33 35 33 35 29
52 82 62 82 62 84 52 84 52 82
19 29 25 29 25 39 19 39 19 29
79 23 86 23 86 28 79 28 79 23
61 23 65 23 65 32 61 32 61 23
51 25 60 25 60 27 51 27 51 25
55 87 60 87 60 90 55 90 55 87
48 32 52 32 52 35 48 35 48 32
40 75 44 75 44 85 40 85 40 75
44 25 47 25 47 30 44 30 44 25
73 16 76 16 76 24 73 24 73 16
91 55 95 55 95 60 91 60 91 55
86 71 91 71 91 77 86 77 86 71
22 75 25 75 25 81 22 81 22 75
66 77 72 77 72 80 66 80 66 77
66 51 70 51 70 60 66 60 66 51
38 5 44 5 44 11 38 11 38 5
