81 22 89 22 89 30 81 30 81 22
3 26 13 26 13 29 3 29 3 26
89 81 95 81 95 89 89 89 89 81
61 74 65 74 65 82 61 82 61 74
18 22 29 22 29 29 18 29 18 22
45 20 51 20 51 28 45 28 45 20
47 80 53 80 53 85 47 85 47 80
36 40 41 40 41 43 36 43 36 40
9 10 20 10 20 14 9 14 9 10
69 12 77 12 77 21 69 21 69 12
29 83 35 83 35 91 29 91 29 83
43 15 54 15 54 17 43 17 43 15
76 48 86 48 86 56 76 56 76 48
62 87 70 87 70 90 62 90 62 87
10 66 17 66 17 70 10 70 10 66
25 76 35 76 35 79 25 79 25 76
70 5 78 5 78 10 70 10 70 5
15 43 24 43 24 49 15 49 15 43
30 68 36 68 36 74 30 74 30 68
88 38 94 38 94 49 88 49 88 38
4 58 10 58 10 61 4 61 4 58
95 33 98 33 98 36 95 36 95 33
76 67 78 67 78 78 76 78 76 67
18 59 22 59 22 63 18 63 18 59
74 81 81 81 81 85 74 85 74 81
53 7 60 7 60 14 53 14 53 7
49 43 54 43 54 50 49 50 49 43
26 58 33 58 33 63 26 63 26 58
49 57 56 57 56 66 49 66 49 57
66 47 74 47 74 53 66 53 66 47
39 68 46 68 46 79 39 79 39 68
28 31 39 31 39 35 28 35 28 31
87 52 90 52 90 59 87 59 87 52
15 79 18 79 18 81 15 81 15 79
42 41 45 41 45 49 42 49 42 41
3 13 7 13 7 20 3 20 3 13
67 69 75 69 75 73 67 73 67 69
86 60 90 60 90 68 86 68 86 60
16 84 22 84 22 88 16 88 16 84
56 31 62 31 62 41 56 41 56 31
91 75 93 75 93 80 91 80 91 75
59 62 62 62 62 69 59 69 59 62
31 2 36 2 36 8 31 8 31 2
89 90 98 90 98 97 89 97 89 90
42 52 47 52 47 56 42 56 42 52
67 27 74 27 74 32 67 32 67 27
43 9 45 9 45 11 43 11 43 9
91 4 98 4 98 12 91 12 91 4
64 56 68 56 68 62 64 62 64 56
57 49 59 49 59 52 57 52 57 49
