65 9 73 9 73 13 65 13 65 9
10 41 12 41 12 43 10 43 10 41
72 37 82 37 82 41 72 41 72 37
61 90 65 90 65 93 61 93 61 90
26 83 31 83 31 87 26 87 26 83
34 49 38 49 38 56 34 56 34 49
35 90 40 90 40 94 35 94 35 90
76 24 78 24 78 28 76 28 76 24
8 57 11 57 11 63 8 63 8 57
92 10 97 10 97 21 92 21 92 10
4 39 9 39 9 50 4 50 4 39
89 47 91 47 91 55 89 55 89 47
47 82 57 82 57 93 47 93 47 82
34 26 40 26 40 32 34 32 34 26
84 88 93 88 93 96 84 96 84 88
53 2 55 2 55 13 53 13 53 2
71 67 76 67 76 76 71 76 71 67
77 71 80 71 80 81 77 81 77 71
19 18 22 18 22 26 19 26 19 18
80 62 85 62 85 70 80 70 80 62
65 59 72 59 72 64 65 64 65 59
53 18 57 18 57 26 53 26 53 18
50 53 54 53 54 56 50 56 50 53
28 41 30 41 30 43 28 43 28 41
3 66 11 66 11 72 3 72 3 66
26 76 35 76 35 80 26 80 26 76
54 38 56 38 56 40 54 40 54 38
61 35 69 35 69 39 61 39 61 35
41 13 49 13 49 17 41 17 41 13
92 46 98 46 98 48 92 48 92 46
42 57 52 57 52 67 42 67 42 57
78 51 87 51 87 58 78 58 78 51
9 86 19 86 19 90 9 90 9 86
37 79 42 79 42 86 37 86 37 79
29 61 31 61 31 69 29 69 29 61
67 82 69 82 69 93 67 93 67 82
61 53 63 53 63 59 61 59 61 53
29 57 38 57 38 59 29 59 29 57
59 40 63 40 63 47 59 47 59 40
22 46 32 46 32 51 22 51 22 46
82 75 87 75 87 79 82 79 82 75
88 72 94 72 94 78 88 78 88 72
42 7 48 7 48 10 42 10 42 7
79 4 81 4 81 13 79 13 79 4
11 4 14 4 14 9 11 9 11 4
41 44 48 44 48 46 41 46 41 44
40 76 49 76 49 78 40 78 40 76
62 72 67 72 67 75 62 75 62 72
38 9 40 9 40 13 38 13 38 9
24 25 32 25 32 29 24 29 24 25
