77 14 84 14 84 22 77 22 77 14
87 90 97 90 97 97 87 97 87 90
76 73 87 73 87 78 76 78 76 73
64 42 70 42 70 49 64 49 64 42
3 51 6 51 6 57 3 57 3 51
38 2 46 2 46 6 38 6 38 2
27 30 29 30 29 40 27 40 27 30
12 7 22 7 22 13 12 13 12 7
81 27 87 27 87 35 81 35 81 27
71 33 74 33 74 43 71 43 71 33
35 8 43 8 43 17 35 17 35 8
38 61 45 61 45 69 38 69 38 61
16 90 19 90 19 92 16 92 16 90
21 52 32 52 32 56 21 56 21 52
53 51 63 51 63 58 53 58 53 51
59 31 70 31 70 38 59 38 59 31
30 90 36 90 36 97 30 97 30 90
80 53 90 53 90 61 80 61 80 53
3 88 12 88 12 96 3 96 3 88
8 25 16 25 16 29 8 29 8 25
9 4 11 4 11 9 9 9 9 4
72 64 75 64 75 69 72 69 72 64
94 9 96 9 96 19 94 19 94 9
7 73 17 73 17 84 7 84 7 73
62 74 71 74 71 84 62 84 62 74
17 38 22 38 22 40 17 40 17 38
62 14 71 14 71 22 62 22 62 14
88 64 98 64 98 71 88 71 88 64
61 91 65 91 65 97 61 97 61 91
87 44 98 44 98 49 87 49 87 44
51 81 59 81 59 92 51 92 51 81
20 4 30 4 30 6 20 6 20 4
19 70 21 70 21 77 19 77 19 70
18 93 20 93 20 96 18 96 18 93
37 45 47 45 47 47 37 47 37 45
2 58 6 58 6 63 2 63 2 58
28 84 36 84 36 88 28 88 28 84
44 28 54 28 54 32 44 32 44 28
89 80 92 80 92 87 89 87 89 80
34 73 36 73 36 82 34 82 34 73
2 43 6 43 6 46 2 46 2 43
4 3 8 3 8 10 4 10 4 3
49 6 53 6 53 8 49 8 49 6
66 60 68 60 68 70 66 70 66 60
59 10 62 10 62 13 59 13 59 10
10 14 20 14 20 23 10 23 10 14
82 89 85 89 85 95 82 95 82 89
63 3 68 3 68 9 63 9 63 3
34 39 41 39 41 44 34 44 34 39
74 46 85 46 85 51 74 51 74 46
