72 44 83 44 83 50 72 50 72 44
75 5 85 5 85 15 75 15 75 5
49 7 57 7 57 18 49 18 49 7
30 93 36 93 36 97 30 97 30 93
58 32 67 32 67 36 58 36 58 32
41 49 51 49 51 51 41 51 41 49
86 45 93 45 93 52 86 52 86 45
89 5 97 5 97 12 89 12 89 5
11 39 19 39 19 46 11 46 11 39
63 91 74 91 74 97 63 97 63 91
84 62 90 62 90 68 84 68 84 62
13 20 15 20 15 23 13 23 13 20
65 79 72 79 72 87 65 87 65 79
54 71 56 71 56 78 54 78 54 71
19 82 29 82 29 89 19 89 19 82
55 21 62 21 62 23 55 23 55 21
85 17 96 17 96 27 85 27 85 17
38 6 40 6 40 17 38 17 38 6
75 80 80 80 80 88 75 88 75 80
52 24 61 24 61 29 52 29 52 24
7 83 17 83 17 90 7 90 7 83
76 33 81 33 81 39 76 39 76 33
54 42 59 42 59 52 54 52 54 42
60 70 71 70 71 75 60 75 60 70
43 2 54 2 54 4 43 4 43 2
27 37 32 37 32 45 27 45 27 37
21 23 32 23 32 26 21 26 21 23
56 56 59 56 59 61 56 61 56 56
86 89 94 89 94 96 86 96 86 89
28 59 32 59 32 63 28 63 28 59
44 30 52 30 52 34 44 34 44 30
12 72 23 72 23 79 12 79 12 72
62 11 73 11 73 19 62 19 62 11
53 36 55 36 55 41 53 41 53 36
11 29 20 29 20 31 11 31 11 29
40 72 43 72 43 80 40 80 40 72
3 67 7 67 7 72 3 72 3 67
38 66 43 66 43 71 38 71 38 66
4 13 7 13 7 19 4 19 4 13
88 70 96 70 96 72 88 72 88 70
7 51 13 51 13 56 7 56 7 51
83 31 87 31 87 36 83 36 83 31
89 28 92 28 92 30 89 30 89 28
6 38 9 38 9 42 6 42 6 38
22 44 24 44 24 49 22 49 22 44
76 69 84 69 84 74 76 74 76 69
47 95 54 95 54 97 47 97 47 95
60 40 68 40 68 46 60 46 60 40
26 5 30 5 30 8 26 8 26 5
42 9 48 9 48 18 42 18 42 9
