28 42 36 42 36 52 28 52 28 42
40 12 48 12 48 19 40 19 40 12
9 45 15 45 15 49 9 49 9 45
38 72 48 72 48 75 38 75 38 72
87 53 90 53 90 58 87 58 87 53
91 36 95 36 95 44 91 44 91 36
79 44 82 44 82 54 79 54 79 44
57 46 65 46 65 56 57 56 57 46
91 11 95 11 95 14 91 14 91 11
84 28 95 28 95 31 84 31 84 28
24 46 27 46 27 57 24 57 24 46
47 32 52 32 52 41 47 41 47 32
69 40 75 40 75 47 69 47 69 40
68 19 75 19 75 22 68 22 68 19
73 10 77 10 77 13 73 13 73 10
67 30 75 30 75 38 67 38 67 30
87 74 94 74 94 80 87 80 87 74
8 77 15 77 15 88 8 88 8 77
75 59 78 59 78 67 75 67 75 59
56 2 62 2 62 4 56 4 56 2
16 6 19 6 19 9 16 9 16 6
79 15 85 15 85 19 79 19 79 15
64 69 75 69 75 71 64 71 64 69
19 85 23 85 23 96 19 96 19 85
34 7 36 7 36 10 34 10 34 7
88 49 96 49 96 51 88 51 88 49
64 33 66 33 66 36 64 36 64 33
2 75 6 75 6 77 2 77 2 75
6 65 14 65 14 67 6 67 6 65
17 46 20 46 20 56 17 56 17 46
62 27 69 27 69 29 62 29 62 27
66 23 74 23 74 25 66 25 66 23
82 85 92 85 92 87 82 87 82 85
60 9 68 9 68 17 60 17 60 9
34 63 43 63 43 68 34 68 34 63
31 28 35 28 35 36 31 36 31 28
74 75 80 75 80 80 74 80 74 75
42 50 48 50 48 60 42 60 42 50
95 54 97 54 97 58 95 58 95 54
63 77 68 77 68 83 63 83 63 77
52 79 56 79 56 89 52 89 52 79
50 23 56 23 56 29 50 29 50 23
18 33 29 33 29 35 18 35 18 33
69 61 74 61 74 65 69 65 69 61
66 87 69 87 69 91 66 91 66 87
44 43 46 43 46 46 44 46 44 43
65 62 67 62 67 68 65 68 65 62
9 90 11 90 11 97 9 97 9 90
10 17 14 17 14 28 10 28 10 17
49 8 56 8 56 19 49 19 49 8
