28 16 32 16 32 20 28 20 28 16
77 60 80 60 80 63 77 63 77 60
75 11 80 11 80 17 75 17 75 11
93 66 96 66 96 70 93 70 93 66
76 22 82 22 82 24 76 24 76 22
56 20 58 20 58 29 56 29 56 20
31 57 39 57 39 60 31 60 31 57
74 39 81 39 81 49 74 49 74 39
5 16 16 16 16 18 5 18 5 16
83 38 90 38 90 41 83 41 83 38
60 19 63 19 63 30 60 30 60 19
39 77 45 77 45 81 39 81 39 77
61 81 72 81 72 85 61 85 61 81
39 46 42 46 42 53 39 53 39 46
31 36 36 36 36 44 31 44 31 36
52 70 57 70 57 75 52 75 52 70
9 55 18 55 18 66 9 66 9 55
92 83 97 83 97 87 92 87 92 83
30 81 33 81 33 87 30 87 30 81
19 10 26 10 26 12 19 12 19 10
35 24 41 24 41 29 35 29 35 24
80 31 87 31 87 34 80 34 80 31
12 23 14 23 14 28 12 28 12 23
91 57 96 57 96 60 91 60 91 57
22 3 29 3 29 8 22 8 22 3
28 73 30 73 30 75 28 75 28 73
17 33 21 33 21 38 17 38 17 33
34 71 43 71 43 73 34 73 34 71
52 57 58 57 58 63 52 63 52 57
35 93 44 93 44 96 35 96 35 93
64 22 67 22 67 28 64 28 64 22
53 43 56 43 56 48 53 48 53 43
77 88 86 88 86 96 77 96 77 88
10 86 15 86 15 90 10 90 10 86
64 30 67 30 67 37 64 37 64 30
51 83 59 83 59 85 51 85 51 83
96 18 98 18 98 25 96 25 96 18
5 76 7 76 7 82 5 82 5 76
52 7 55 7 55 16 52 16 52 7
38 32 48 32 48 37 38 37 38 32
15 46 22 46 22 53 15 53 15 46
62 61 71 61 71 64 62 64 62 61
7 69 11 69 11 73 7 73 7 69
67 89 69 89 69 92 67 92 67 89
20 54 28 54 28 64 20 64 20 54
33 21 43 21 43 23 33 23 33 21
49 32 57 32 57 41 49 41 49 32
30 2 37 2 37 5 30 5 30 2
57 95 68 95 68 98 57 98 57 95
16 22 19 22 19 31 16 31 16 22
