93 86 98 86 98 96 93 96 93 86
24 41 29 41 29 50 24 50 24 41
92 79 95 79 95 84 92 84 92 79
36 71 39 71 39 79 36 79 36 71
82 39 87 39 87 44 82 44 82 39
46 89 56 89 56 98 46 98 46 89
46 21 52 21 52 29 46 29 46 21
8 50 12 50 12 59 8 59 8 50
59 45 66 45 66 47 59 47 59 45
72 18 75 18 75 22 72 22 72 18
23 62 28 62 28 73 23 73 23 62
13 67 21 67 21 74 13 74 13 67
86 21 92 21 92 26 86 26 86 21
67 41 78 41 78 52 67 52 67 41
84 68 95 68 95 75 84 75 84 68
24 92 30 92 30 95 24 95 24 92
55 7 63 7 63 16 55 16 55 7
75 31 83 31 83 35 75 35 75 31
53 63 57 63 57 65 53 65 53 63
4 5 14 5 14 8 4 8 4 5
73 68 82 68 82 78 73 78 73 68
6 39 11 39 11 42 6 42 6 39
32 23 42 23 42 32 32 32 32 23
31 57 33 57 33 64 31 64 31 57
49 74 56 74 56 82 49 82 49 74
12 76 15 76 15 87 12 87 12 76
16 9 22 9 22 15 16 15 16 9
58 26 60 26 60 32 58 32 58 26
49 49 57 49 57 59 49 59 49 49
58 35 69 35 69 38 58 38 58 35
66 10 70 10 70 20 66 20 66 10
84 76 90 76 90 87 84 87 84 76
65 89 68 89 68 93 65 93 65 89
13 48 22 48 22 53 13 53 13 48
23 76 25 76 25 80 23 80 23 76
90 39 92 39 92 44 90 44 90 39
22 24 27 24 27 30 22 30 22 24
38 87 42 87 42 92 38 92 38 87
43 10 45 10 45 21 43 21 43 10
13 28 21 28 21 38 13 38 13 28
38 61 45 61 45 68 38 68 38 61
94 30 96 30 96 33 94 33 94 30
36 81 45 81 45 84 36 84 36 81
38 93 40 93 40 98 38 98 38 93
82 10 88 10 88 18 82 18 82 10
29 7 33 7 33 13 29 13 29 7
27 87 34 87 34 91 27 91 27 87
69 2 80 2 80 4 69 4 69 2
80 58 82 58 82 65 80 65 80 58
54 23 57 23 57 33 54 33 54 23
