64 11 71 11 71 14 64 14 64 11
68 65 70 65 70 68 68 68 68 65
74 46 83 46 83 55 74 55 74 46
55 44 61 44 61 51 55 51 55 44
35 24 46 24 46 28 35 28 35 24
35 48 37 48 37 55 35 55 35 48
61 55 65 55 65 65 61 65 61 55
71 2 77 2 77 8 71 8 71 2
49 21 55 21 55 25 49 25 49 21
9 70 17 70 17 75 9 75 9 70
14 92 21 92 21 94 14 94 14 92
17 37 24 37 24 44 17 44 17 37
86 4 92 4 92 11 86 11 86 4
45 56 48 56 48 64 45 64 45 56
59 2 61 2 61 10 59 10 59 2
23 87 28 87 28 94 23 94 23 87
43 74 48 74 48 81 43 81 43 74
78 15 83 15 83 24 78 24 78 15
6 25 14 25 14 28 6 28 6 25
69 29 73 29 73 39 69 39 69 29
91 24 96 24 96 27 91 27 91 24
88 43 94 43 94 46 88 46 88 43
4 61 9 61 9 69 4 69 4 61
42 38 45 38 45 48 42 48 42 38
67 71 78 71 78 76 67 76 67 71
57 40 63 40 63 42 57 42 57 40
65 18 73 18 73 28 65 28 65 18
34 67 39 67 39 77 34 77 34 67
90 58 97 58 97 68 90 68 90 58
89 69 93 69 93 76 89 76 89 69
89 36 98 36 98 41 89 41 89 36
45 88 48 88 48 91 45 91 45 88
87 15 91 15 91 18 87 18 87 15
49 74 55 74 55 77 49 77 49 74
8 57 16 57 16 59 8 59 8 57
30 16 33 16 33 19 30 19 30 16
65 84 76 84 76 89 65 89 65 84
79 11 83 11 83 14 79 14 79 11
66 47 70 47 70 54 66 54 66 47
2 36 7 36 7 43 2 43 2 36
53 78 64 78 64 85 53 85 53 78
7 20 17 20 17 24 7 24 7 20
32 38 35 38 35 40 32 40 32 38
47 52 50 52 50 55 47 55 47 52
36 2 46 2 46 7 36 7 36 2
17 33 19 33 19 35 17 35 17 33
33 35 42 35 42 37 33 37 33 35
9 43 12 43 12 47 9 47 9 43
17 65 26 65 26 68 17 68 17 65
14 9 19 9 19 13 14 13 14 9
