17 64 20 64 20 71 17 71 17 64
27 42 35 42 35 53 27 53 27 42
58 64 66 64 66 73 58 73 58 64
7 11 16 11 16 17 7 17 7 11
25 57 29 57 29 68 25 68 25 57
86 23 88 23 88 26 86 26 86 23
88 70 98 70 98 73 88 73 88 70
2 30 6 30 6 40 2 40 2 30
73 73 78 73 78 84 73 84 73 73
38 66 44 66 44 77 38 77 38 66
78 43 88 43 88 46 78 46 78 43
11 30 16 30 16 40 11 40 11 30
87 77 96 77 96 85 87 85 87 77
35 28 38 28 38 31 35 31 35 28
71 35 81 35 81 37 71 37 71 35
65 84 72 84 72 88 65 88 65 84
59 5 61 5 61 12 59 12 59 5
94 30 98 30 98 34 94 34 94 30
90 22 98 22 98 28 90 28 90 22
57 50 61 50 61 56 57 56 57 50
49 4 51 4 51 12 49 12 49 4
48 66 54 66 54 72 48 72 48 66
32 76 36 76 36 81 32 81 32 76
30 32 38 32 38 41 30 41 30 32
61 23 70 23 70 30 61 30 61 23
93 4 97 4 97 9 93 9 93 4
80 63 89 63 89 69 80 69 80 63
43 36 52 36 52 41 43 41 43 36
68 14 76 14 76 19 68 19 68 14
23 71 31 71 31 73 23 73 23 71
42 86 51 86 51 93 42 93 42 86
10 81 12 81 12 84 10 84 10 81
16 80 26 80 26 84 16 84 16 80
38 3 48 3 48 10 38 10 38 3
82 74 90 74 90 76 82 76 82 74
20 34 24 34 24 39 20 39 20 34
73 67 78 67 78 71 73 71 73 67
35 22 44 22 44 26 35 26 35 22
77 14 85 14 85 17 77 17 77 14
45 22 47 22 47 24 45 24 45 22
31 16 33 16 33 24 31 24 31 16
84 86 87 86 87 92 84 92 84 86
8 67 13 67 13 78 8 78 8 67
43 47 47 47 47 54 43 54 43 47
86 9 92 9 92 17 86 17 86 9
23 10 30 10 30 14 23 14 23 10
26 87 29 87 29 94 26 94 26 87
86 50 93 50 93 60 86 60 86 50
71 55 76 55 76 59 71 59 71 55
42 14 45 14 45 20 42 20 42 14
