60 9 69 9 69 20 60 20 60 9
34 3 44 3 44 14 34 14 34 3
40 36 44 36 44 41 40 41 40 36
52 70 54 70 54 79 52 79 52 70
26 86 29 86 29 97 26 97 26 86
25 55 36 55 36 64 25 64 25 55
71 2 73 2 73 7 71 7 71 2
30 43 41 43 41 52 30 52 30 43
67 68 69 68 69 77 67 77 67 68
4 8 11 8 11 13 4 13 4 8
78 11 80 11 80 18 78 18 78 11
4 2 13 2 13 5 4 5 4 2
5 51 10 51 10 61 5 61 5 51
17 28 28 28 28 32 17 32 17 28
39 85 44 85 44 87 39 87 39 85
33 26 38 26 38 33 33 33 33 26
29 75 34 75 34 78 29 78 29 75
16 62 21 62 21 66 16 66 16 62
90 55 94 55 94 59 90 59 90 55
58 26 68 26 68 29 58 29 58 26
84 71 93 71 93 80 84 80 84 71
2 80 13 80 13 90 2 90 2 80
4 27 6 27 6 35 4 35 4 27
79 37 85 37 85 39 79 39 79 37
57 64 65 64 65 72 57 72 57 64
92 34 94 34 94 42 92 42 92 34
48 55 54 55 54 62 48 62 48 55
78 62 85 62 85 67 78 67 78 62
39 59 47 59 47 64 39 64 39 59
51 14 58 14 58 22 51 22 51 14
30 7 32 7 32 17 30 17 30 7
57 51 64 51 64 60 57 60 57 51
15 5 26 5 26 16 15 16 15 5
6 69 15 69 15 76 6 76 6 69
87 3 97 3 97 7 87 7 87 3
96 54 98 54 98 61 96 61 96 54
10 14 12 14 12 19 10 19 10 14
49 28 53 28 53 35 49 35 49 28
61 33 70 33 70 39 61 39 61 33
36 81 42 81 42 84 36 84 36 81
71 17 75 17 75 22 71 22 71 17
45 89 48 89 48 95 45 95 45 89
89 27 96 27 96 30 89 30 89 27
75 33 84 33 84 35 75 35 75 33
65 59 67 59 67 61 65 61 65 59
71 63 77 63 77 67 71 67 71 63
63 84 68 84 68 92 63 92 63 84
12 28 15 28 15 37 12 37 12 28
4 36 9 36 9 45 4 45 4 36
89 37 91 37 91 47 89 47 89 37
