39 51 50 51 50 53 39 53 39 51
54 47 64 47 64 54 54 54 54 47
8 68 19 68 19 71 8 71 8 68
14 10 23 10 23 21 14 21 14 10
43 80 45 80 45 83 43 83 43 80
86 5 90 5 90 16 86 16 86 5
57 91 60 91 60 95 57 95 57 91
41 3 48 3 48 9 41 9 41 3
14 42 22 42 22 47 14 47 14 42
92 47 97 47 97 53 92 53 92 47
26 9 29 9 29 18 26 18 26 9
57 59 68 59 68 69 57 69 57 59
31 76 40 76 40 82 31 82 31 76
79 90 90 90 90 94 79 94 79 90
32 60 37 60 37 68 32 68 32 60
40 11 48 11 48 13 40 13 40 11
21 76 26 76 26 86 21 86 21 76
42 19 44 19 44 21 42 21 42 19
70 42 77 42 77 52 70 52 70 42
72 5 78 5 78 16 72 16 72 5
39 29 41 29 41 40 39 40 39 29
72 81 74 81 74 88 72 88 72 81
33 21 36 21 36 27 33 27 33 21
33 56 37 56 37 59 33 59 33 56
92 86 97 86 97 91 92 91 92 86
32 87 40 87 40 91 32 91 32 87
9 74 15 74 15 83 9 83 9 74
2 3 4 3 4 8 2 8 2 3
68 7 70 7 70 11 68 11 68 7
25 43 32 43 32 49 25 49 25 43
30 14 38 14 38 19 30 19 30 14
26 50 30 50 30 58 26 58 26 50
51 71 58 71 58 77 51 77 51 71
52 36 62 36 62 40 52 40 52 36
57 15 62 15 62 26 57 26 57 15
91 66 97 66 97 74 91 74 91 66
54 79 60 79 60 83 54 83 54 79
71 28 73 28 73 34 71 34 71 28
76 55 80 55 80 57 76 57 76 55
76 71 82 71 82 73 76 73 76 71
7 48 16 48 16 50 7 50 7 48
27 77 29 77 29 85 27 85 27 77
5 7 11 7 11 13 5 13 5 7
11 59 22 59 22 67 11 67 11 59
47 28 50 28 50 33 47 33 47 28
61 70 69 70 69 72 61 72 61 70
35 4 37 4 37 12 35 12 35 4
46 18 55 18 55 25 46 25 46 18
33 92 39 92 39 96 33 96 33 92
9 90 18 90 18 93 9 93 9 90
