66 53 69 53 69 59 66 59 66 53
75 9 86 9 86 20 75 20 75 9
50 29 59 29 59 34 50 34 50 29
62 38 71 38 71 49 62 49 62 38
23 43 32 43 32 51 23 51 23 43
36 12 38 12 38 15 36 15 36 12
65 60 73 60 73 63 65 63 65 60
11 27 21 27 21 33 11 33 11 27
36 36 46 36 46 46 36 46 36 36
65 12 69 12 69 20 65 20 65 12
51 51 60 51 60 53 51 53 51 51
67 79 69 79 69 86 67 86 67 79
91 68 98 68 98 70 91 70 91 68
28 25 34 25 34 28 28 28 28 25
52 61 62 61 62 65 52 65 52 61
81 36 90 36 90 42 81 42 81 36
4 51 9 51 9 56 4 56 4 51
76 49 80 49 80 58 76 58 76 49
32 67 36 67 36 69 32 69 32 67
55 85 60 85 60 95 55 95 55 85
34 2 40 2 40 5 34 5 34 2
34 55 44 55 44 63 34 63 34 55
83 85 86 85 86 93 83 93 83 85
88 81 98 81 98 89 88 89 88 81
18 65 25 65 25 71 18 71 18 65
43 69 46 69 46 73 43 73 43 69
6 14 16 14 16 21 6 21 6 14
2 28 10 28 10 32 2 32 2 28
30 79 39 79 39 89 30 89 30 79
48 9 55 9 55 19 48 19 48 9
8 90 15 90 15 95 8 95 8 90
11 2 14 2 14 13 11 13 11 2
63 93 73 93 73 95 63 95 63 93
5 38 12 38 12 44 5 44 5 38
22 52 32 52 32 63 22 63 22 52
33 49 41 49 41 54 33 54 33 49
57 69 66 69 66 79 57 79 57 69
87 90 93 90 93 98 87 98 87 90
17 89 20 89 20 95 17 95 17 89
78 69 83 69 83 75 78 75 78 69
39 30 47 30 47 33 39 33 39 30
2 79 10 79 10 83 2 83 2 79
75 27 77 27 77 34 75 34 75 27
56 10 61 10 61 17 56 17 56 10
80 44 90 44 90 46 80 46 80 44
48 54 50 54 50 58 48 58 48 54
83 22 88 22 88 30 83 30 83 22
76 87 78 87 78 92 76 92 76 87
15 43 19 43 19 53 15 53 15 43
84 57 86 57 86 63 84 63 84 57
