29 68 32 68 32 72 29 72 29 68
21 28 25 28 25 32 21 32 21 28
78 80 85 80 85 82 78 82 78 80
51 17 61 17 61 27 51 27 51 17
80 14 84 14 84 22 80 22 80 14
55 5 65 5 65 7 55 7 55 5
36 87 44 87 44 93 36 93 36 87
55 71 64 71 64 81 55 81 55 71
91 15 95 15 95 20 91 20 91 15
79 69 84 69 84 78 79 78 79 69
87 62 95 62 95 65 87 65 87 62
87 92 91 92 91 95 87 95 87 92
35 41 38 41 38 52 35 52 35 41
11 75 22 75 22 81 11 81 11 75
38 59 41 59 41 67 38 67 38 59
51 63 56 63 56 70 51 70 51 63
23 43 30 43 30 51 23 51 23 43
37 73 43 73 43 80 37 80 37 73
58 14 69 14 69 16 58 16 58 14
73 50 77 50 77 54 73 54 73 50
5 78 7 78 7 84 5 84 5 78
74 18 77 18 77 24 74 24 74 18
2 27 4 27 4 31 2 31 2 27
5 68 15 68 15 71 5 71 5 68
54 55 60 55 60 59 54 59 54 55
78 53 86 53 86 63 78 63 78 53
33 11 44 11 44 18 33 18 33 11
17 6 21 6 21 8 17 8 17 6
46 92 50 92 50 97 46 97 46 92
8 42 18 42 18 52 8 52 8 42
89 87 91 87 91 90 89 90 89 87
5 18 9 18 9 25 5 25 5 18
29 92 33 92 33 96 29 96 29 92
71 56 74 56 74 61 71 61 71 56
30 81 34 81 34 84 30 84 30 81
87 30 97 30 97 34 87 34 87 30
70 38 74 38 74 43 70 43 70 38
56 50 66 50 66 53 56 53 56 50
43 38 47 38 47 41 43 41 43 38
88 2 95 2 95 4 88 4 88 2
69 19 71 19 71 24 69 24 69 19
88 41 95 41 95 50 88 50 88 41
37 34 41 34 41 38 37 38 37 34
45 51 55 51 55 53 45 53 45 51
79 89 83 89 83 98 79 98 79 89
60 87 67 87 67 92 60 92 60 87
40 42 47 42 47 48 40 48 40 42
3 3 9 3 9 12 3 12 3 3
69 5 73 5 73 12 69 12 69 5
92 87 97 87 97 97 92 97 92 87
