21 76 32 76 32 82 21 82 21 76
26 24 37 24 37 30 26 30 26 24
62 69 67 69 67 76 62 76 62 69
61 39 67 39 67 48 61 48 61 39
40 39 50 39 50 41 40 41 40 39
2 36 6 36 6 45 2 45 2 36
12 16 18 16 18 19 12 19 12 16
89 89 92 89 92 95 89 95 89 89
14 85 23 85 23 88 14 88 14 85
55 70 58 70 58 72 55 72 55 70
25 65 31 65 31 70 25 70 25 65
63 59 71 59 71 63 63 63 63 59
83 31 88 31 88 42 83 42 83 31
84 16 87 16 87 24 84 24 84 16
55 84 62 84 62 87 55 87 55 84
81 4 92 4 92 11 81 11 81 4
47 15 53 15 53 20 47 20 47 15
5 21 15 21 15 23 5 23 5 21
53 47 58 47 58 51 53 51 53 47
42 2 53 2 53 4 42 4 42 2
18 33 23 33 23 38 18 38 18 33
6 48 13 48 13 51 6 51 6 48
51 89 62 89 62 93 51 93 51 89
92 30 95 30 95 40 92 40 92 30
63 24 73 24 73 30 63 30 63 24
11 26 14 26 14 36 11 36 11 26
40 72 48 72 48 75 40 75 40 72
47 29 50 29 50 33 47 33 47 29
37 8 43 8 43 12 37 12 37 8
34 14 36 14 36 22 34 22 34 14
16 46 23 46 23 55 16 55 16 46
23 9 29 9 29 17 23 17 23 9
36 81 45 81 45 90 36 90 36 81
13 90 17 90 17 95 13 95 13 90
47 23 57 23 57 26 47 26 47 23
84 50 93 50 93 52 84 52 84 50
22 56 30 56 30 63 22 63 22 56
80 72 89 72 89 79 80 79 80 72
68 89 71 89 71 93 68 93 68 89
69 34 76 34 76 42 69 42 69 34
2 74 12 74 12 79 2 79 2 74
89 67 94 67 94 71 89 71 89 67
57 52 66 52 66 57 57 57 57 52
3 4 6 4 6 7 3 7 3 4
38 18 42 18 42 28 38 28 38 18
86 45 92 45 92 49 86 49 86 45
67 11 75 11 75 13 67 13 67 11
68 46 75 46 75 51 68 51 68 46
46 56 49 56 49 63 46 63 46 56
75 86 85 86 85 95 75 95 75 86
