4 22 8 22 8 33 4 33 4 22
19 31 24 31 24 41 19 41 19 31
28 27 38 27 38 35 28 35 28 27
55 64 60 64 60 70 55 70 55 64
81 11 92 11 92 21 81 21 81 11
44 29 54 29 54 35 44 35 44 29
86 48 97 48 97 56 86 56 86 48
71 66 82 66 82 69 71 69 71 66
79 79 84 79 84 89 79 89 79 79
42 49 52 49 52 53 42 53 42 49
22 43 33 43 33 50 22 50 22 43
9 68 11 68 11 78 9 78 9 68
61 15 71 15 71 20 61 20 61 15
24 90 32 90 32 94 24 94 24 90
46 18 50 18 50 25 46 25 46 18
92 25 95 25 95 36 92 36 92 25
69 47 78 47 78 49 69 49 69 47
9 19 13 19 13 26 9 26 9 19
63 62 73 62 73 65 63 65 63 62
53 48 62 48 62 55 53 55 53 48
71 91 79 91 79 94 71 94 71 91
17 8 27 8 27 17 17 17 17 8
56 87 65 87 65 95 56 95 56 87
70 8 75 8 75 11 70 11 70 8
71 34 75 34 75 38 71 38 71 34
53 23 57 23 57 25 53 25 53 23
56 82 61 82 61 86 56 86 56 82
68 86 70 86 70 88 68 88 68 86
23 68 31 68 31 75 23 75 23 68
15 86 21 86 21 95 15 95 15 86
43 64 51 64 51 68 43 68 43 64
33 79 39 79 39 84 33 84 33 79
35 58 40 58 40 62 35 62 35 58
86 72 89 72 89 77 86 77 86 72
51 73 54 73 54 81 51 81 51 73
85 25 87 25 87 27 85 27 85 25
17 2 22 2 22 6 17 6 17 2
89 2 93 2 93 6 89 6 89 2
89 88 91 88 91 96 89 96 89 88
5 57 16 57 16 59 5 59 5 57
60 32 63 32 63 35 60 35 60 32
44 56 49 56 49 62 44 62 44 56
44 85 48 85 48 92 44 92 44 85
30 3 40 3 40 12 30 12 30 3
81 58 91 58 91 64 81 64 81 58
33 17 44 17 44 25 33 25 33 17
62 36 65 36 65 44 62 44 62 36
76 27 82 27 82 35 76 35 76 27
92 40 98 40 98 45 92 45 92 40
70 74 72 74 72 79 70 79 70 74
