74 93 81 93 81 96 74 96 74 93
51 68 62 68 62 76 51 76 51 68
44 26 54 26 54 31 44 31 44 26
74 4 85 4 85 9 74 9 74 4
56 53 59 53 59 62 56 62 56 53
76 66 78 66 78 70 76 70 76 66
90 8 95 8 95 15 90 15 90 8
68 80 74 80 74 85 68 85 68 80
73 50 77 50 77 61 73 61 73 50
18 60 26 60 26 64 18 64 18 60
87 60 95 60 95 67 87 67 87 60
38 34 41 34 41 39 38 39 38 34
63 71 68 71 68 75 63 75 63 71
10 73 14 73 14 80 10 80 10 73
34 73 38 73 38 84 34 84 34 73
34 46 45 46 45 56 34 56 34 46
71 90 75 90 75 92 71 92 71 90
51 79 59 79 59 85 51 85 51 79
31 92 39 92 39 94 31 94 31 92
30 28 32 28 32 33 30 33 30 28
16 45 26 45 26 53 16 53 16 45
36 67 46 67 46 70 36 70 36 67
47 60 49 60 49 67 47 67 47 60
61 42 66 42 66 52 61 52 61 42
88 51 91 51 91 55 88 55 88 51
79 52 87 52 87 56 79 56 79 52
48 14 58 14 58 23 48 23 48 14
67 16 78 16 78 22 67 22 67 16
12 85 14 85 14 92 12 92 12 85
15 92 22 92 22 95 15 95 15 92
68 32 79 32 79 41 68 41 68 32
79 73 83 73 83 76 79 76 79 73
43 4 46 4 46 10 43 10 43 4
87 36 97 36 97 44 87 44 87 36
12 64 14 64 14 66 12 66 12 64
90 89 96 89 96 96 90 96 90 89
49 37 60 37 60 41 49 41 49 37
2 84 4 84 4 91 2 91 2 84
5 21 16 21 16 30 5 30 5 21
28 20 37 20 37 24 28 24 28 20
80 63 82 63 82 65 80 65 80 63
22 66 31 66 31 69 22 69 22 66
15 5 24 5 24 9 15 9 15 5
4 46 15 46 15 53 4 53 4 46
71 24 79 24 79 28 71 28 71 24
13 32 17 32 17 35 13 35 13 32
28 35 34 35 34 43 28 43 28 35
87 73 91 73 91 79 87 79 87 73
6 72 8 72 8 78 6 78 6 72
62 64 67 64 67 66 62 66 62 64
