61 75 65 75 65 81 61 81 61 75
26 47 33 47 33 58 26 58 26 47
25 33 32 33 32 36 25 36 25 33
84 53 93 53 93 63 84 63 84 53
67 2 78 2 78 12 67 12 67 2
62 93 71 93 71 98 62 98 62 93
29 8 36 8 36 17 29 17 29 8
56 67 66 67 66 70 56 70 56 67
79 18 81 18 81 26 79 26 79 18
68 56 73 56 73 64 68 64 68 56
59 57 63 57 63 62 59 62 59 57
50 71 56 71 56 73 50 73 50 71
26 68 33 68 33 79 26 79 26 68
77 72 82 72 82 75 77 75 77 72
40 24 46 24 46 27 40 27 40 24
50 49 55 49 55 53 50 53 50 49
48 5 50 5 50 14 48 14 48 5
62 6 65 6 65 10 62 10 62 6
77 30 79 30 79 37 77 37 77 30
59 12 64 12 64 23 59 23 59 12
43 50 49 50 49 56 43 56 43 50
4 62 8 62 8 67 4 67 4 62
15 14 24 14 24 16 15 16 15 14
54 32 58 32 58 41 54 41 54 32
2 34 6 34 6 45 2 45 2 34
42 15 44 15 44 21 42 21 42 15
86 37 93 37 93 41 86 41 86 37
48 86 54 86 54 93 48 93 48 86
37 73 46 73 46 76 37 76 37 73
29 20 38 20 38 22 29 22 29 20
13 85 15 85 15 93 13 93 13 85
16 40 22 40 22 49 16 49 16 40
91 88 96 88 96 95 91 95 91 88
40 37 42 37 42 46 40 46 40 37
18 60 23 60 23 64 18 64 18 60
69 81 76 81 76 83 69 83 69 81
85 26 87 26 87 33 85 33 85 26
87 81 97 81 97 86 87 86 87 81
4 25 14 25 14 27 4 27 4 25
28 88 33 88 33 93 28 93 28 88
93 65 98 65 98 67 93 67 93 65
5 77 13 77 13 82 5 82 5 77
42 83 47 83 47 85 42 85 42 83
2 2 5 2 5 4 2 4 2 2
61 27 68 27 68 36 61 36 61 27
2 84 9 84 9 94 2 94 2 84
84 10 94 10 94 12 84 12 84 10
77 49 86 49 86 51 77 51 77 49
59 82 65 82 65 85 59 85 59 82
29 62 39 62 39 67 29 67 29 62
