48 29 51 29 51 31 48 31 48 29
36 6 43 6 43 12 36 12 36 6
78 7 87 7 87 17 78 17 78 7
43 21 48 21 48 28 43 28 43 21
61 62 70 62 70 67 61 67 61 62
36 54 43 54 43 63 36 63 36 54
31 23 40 23 40 27 31 27 31 23
53 28 64 28 64 39 53 39 53 28
34 39 37 39 37 45 34 45 34 39
47 45 53 45 53 49 47 49 47 45
85 41 91 41 91 51 85 51 85 41
3 24 9 24 9 27 3 27 3 24
21 17 30 17 30 27 21 27 21 17
45 82 55 82 55 90 45 90 45 82
32 79 41 79 41 86 32 86 32 79
25 89 28 89 28 93 25 93 25 89
75 68 86 68 86 72 75 72 75 68
85 18 90 18 90 27 85 27 85 18
44 4 53 4 53 15 44 15 44 4
37 72 47 72 47 76 37 76 37 72
68 14 70 14 70 23 68 23 68 14
66 83 70 83 70 87 66 87 66 83
60 83 62 83 62 90 60 90 60 83
9 56 18 56 18 58 9 58 9 56
71 78 79 78 79 88 71 88 71 78
4 43 11 43 11 50 4 50 4 43
21 78 23 78 23 85 21 85 21 78
59 76 67 76 67 79 59 79 59 76
19 68 26 68 26 71 19 71 19 68
81 80 83 80 83 88 81 88 81 80
76 89 78 89 78 97 76 97 76 89
52 72 61 72 61 75 52 75 52 72
41 35 45 35 45 39 41 39 41 35
15 93 24 93 24 97 15 97 15 93
72 53 80 53 80 63 72 63 72 53
29 47 39 47 39 51 29 51 29 47
20 40 28 40 28 47 20 47 20 40
66 30 71 30 71 38 66 38 66 30
84 55 87 55 87 57 84 57 84 55
2 29 6 29 6 40 2 40 2 29
28 70 30 70 30 75 28 75 28 70
88 66 94 66 94 69 88 69 88 66
4 16 13 16 13 18 4 18 4 16
63 94 65 94 65 98 63 98 63 94
50 57 60 57 60 60 50 60 50 57
12 38 15 38 15 47 12 47 12 38
94 38 97 38 97 45 94 45 94 38
22 57 32 57 32 66 22 66 22 57
92 51 96 51 96 56 92 56 92 51
42 67 50 67 50 71 42 71 42 67
