48 73 51 73 51 82 48 82 48 73
86 43 92 43 92 50 86 50 86 43
40 3 51 3 51 12 40 12 40 3
49 33 60 33 60 38 49 38 49 33
66 24 75 24 75 34 66 34 66 24
75 51 84 51 84 61 75 61 75 51
9 7 20 7 20 17 9 17 9 7
54 44 56 44 56 51 54 51 54 44
18 29 20 29 20 33 18 33 18 29
72 79 75 79 75 86 72 86 72 79
83 22 88 22 88 24 83 24 83 22
91 11 97 11 97 20 91 20 91 11
56 68 60 68 60 77 56 77 56 68
89 89 96 89 96 94 89 94 89 89
4 26 13 26 13 37 4 37 4 26
33 19 44 19 44 25 33 25 33 19
62 43 65 43 65 48 62 48 62 43
21 6 24 6 24 11 21 11 21 6
96 68 98 68 98 76 96 76 96 68
38 51 48 51 48 54 38 54 38 51
45 78 47 78 47 88 45 88 45 78
68 62 76 62 76 66 68 66 68 62
64 37 71 37 71 42 64 42 64 37
69 68 80 68 80 74 69 74 69 68
77 34 79 34 79 41 77 41 77 34
21 88 32 88 32 91 21 91 21 88
18 73 23 73 23 78 18 78 18 73
88 37 96 37 96 41 88 41 88 37
83 82 85 82 85 90 83 90 83 82
43 29 46 29 46 31 43 31 43 29
12 81 15 81 15 85 12 85 12 81
31 8 33 8 33 16 31 16 31 8
90 58 95 58 95 63 90 63 90 58
25 34 30 34 30 43 25 43 25 34
16 91 18 91 18 98 16 98 16 91
76 21 78 21 78 27 76 27 76 21
72 42 74 42 74 49 72 49 72 42
61 83 70 83 70 85 61 85 61 83
84 30 87 30 87 39 84 39 84 30
50 46 53 46 53 52 50 52 50 46
29 54 31 54 31 65 29 65 29 54
40 75 44 75 44 83 40 83 40 75
5 38 11 38 11 43 5 43 5 38
63 90 74 90 74 94 63 94 63 90
14 59 22 59 22 68 14 68 14 59
83 66 94 66 94 72 83 72 83 66
10 64 13 64 13 66 10 66 10 64
3 49 7 49 7 57 3 57 3 49
28 73 35 73 35 81 28 81 28 73
33 44 36 44 36 52 33 52 33 44
