48 7 50 7 50 18 48 18 48 7
47 42 54 42 54 51 47 51 47 42
19 53 25 53 25 62 19 62 19 53
12 23 21 23 21 32 12 32 12 23
3 12 9 12 9 17 3 17 3 12
21 9 31 9 31 20 21 20 21 9
66 92 69 92 69 95 66 95 66 92
54 78 57 78 57 81 54 81 54 78
8 43 11 43 11 50 8 50 8 43
55 91 64 91 64 98 55 98 55 91
42 79 48 79 48 89 42 89 42 79
86 8 91 8 91 18 86 18 86 8
9 92 17 92 17 94 9 94 9 92
71 17 77 17 77 26 71 26 71 17
3 42 6 42 6 46 3 46 3 42
86 73 92 73 92 77 86 77 86 73
64 82 72 82 72 85 64 85 64 82
10 73 13 73 13 76 10 76 10 73
33 63 41 63 41 68 33 68 33 63
49 69 52 69 52 75 49 75 49 69
85 62 87 62 87 70 85 70 85 62
69 54 77 54 77 60 69 60 69 54
13 52 18 52 18 61 13 61 13 52
70 93 77 93 77 95 70 95 70 93
46 36 54 36 54 41 46 41 46 36
2 30 8 30 8 34 2 34 2 30
31 77 33 77 33 82 31 82 31 77
70 42 74 42 74 49 70 49 70 42
29 46 38 46 38 49 29 49 29 46
83 44 92 44 92 49 83 49 83 44
45 26 51 26 51 32 45 32 45 26
58 44 68 44 68 49 58 49 58 44
88 28 98 28 98 33 88 33 88 28
62 14 67 14 67 21 62 21 62 14
8 63 19 63 19 70 8 70 8 63
64 3 75 3 75 8 64 8 64 3
54 62 60 62 60 71 54 71 54 62
24 77 29 77 29 81 24 81 24 77
3 35 9 35 9 41 3 41 3 35
36 17 42 17 42 23 36 23 36 17
94 22 98 22 98 26 94 26 94 22
66 31 68 31 68 39 66 39 66 31
19 83 22 83 22 88 19 88 19 83
15 36 24 36 24 45 15 45 15 36
94 64 96 64 96 71 94 71 94 64
46 59 51 59 51 63 46 63 46 59
61 51 65 51 65 55 61 55 61 51
61 28 65 28 65 34 61 34 61 28
61 72 71 72 71 76 61 76 61 72
57 28 59 28 59 32 57 32 57 28
