72 19 77 19 77 26 72 26 72 19
28 71 36 71 36 73 28 73 28 71
57 49 66 49 66 54 57 54 57 49
44 2 52 2 52 13 44 13 44 2
34 76 40 76 40 83 34 83 34 76
78 80 81 80 81 91 78 91 78 80
76 43 82 43 82 52 76 52 76 43
62 33 73 33 73 43 62 43 62 33
5 86 13 86 13 93 5 93 5 86
35 88 43 88 43 93 35 93 35 88
61 11 63 11 63 19 61 19 61 11
13 56 19 56 19 64 13 64 13 56
32 19 35 19 35 30 32 30 32 19
90 40 94 40 94 42 90 42 90 40
28 44 38 44 38 55 28 55 28 44
55 56 63 56 63 67 55 67 55 56
82 8 92 8 92 15 82 15 82 8
90 81 94 81 94 85 90 85 90 81
54 81 64 81 64 83 54 83 54 81
51 69 59 69 59 75 51 75 51 69
32 64 35 64 35 67 32 67 32 64
36 31 40 31 40 40 36 40 36 31
46 48 48 48 48 50 46 50 46 48
30 4 37 4 37 14 30 14 30 4
27 84 35 84 35 87 27 87 27 84
48 27 52 27 52 36 48 36 48 27
19 86 25 86 25 95 19 95 19 86
18 40 24 40 24 46 18 46 18 40
25 57 34 57 34 59 25 59 25 57
54 88 64 88 64 93 54 93 54 88
84 27 87 27 87 33 84 33 84 27
21 72 27 72 27 74 21 74 21 72
75 8 80 8 80 16 75 16 75 8
81 24 92 24 92 26 81 26 81 24
66 89 74 89 74 94 66 94 66 89
83 46 90 46 90 52 83 52 83 46
61 25 68 25 68 32 61 32 61 25
15 10 25 10 25 20 15 20 15 10
11 31 15 31 15 40 11 40 11 31
63 72 71 72 71 80 63 80 63 72
20 47 27 47 27 55 20 55 20 47
65 58 70 58 70 68 65 68 65 58
86 55 88 55 88 64 86 64 86 55
4 76 9 76 9 78 4 78 4 76
83 94 91 94 91 96 83 96 83 94
14 68 17 68 17 75 14 75 14 68
75 73 79 73 79 76 75 76 75 73
42 19 49 19 49 25 42 25 42 19
92 60 96 60 96 64 92 64 92 60
4 51 8 51 8 56 4 56 4 51
