34 71 40 71 40 73 34 73 34 71
47 21 52 21 52 26 47 26 47 21
82 39 91 39 91 44 82 44 82 39
86 81 95 81 95 84 86 84 86 81
84 21 94 21 94 27 84 27 84 21
50 36 56 36 56 46 50 46 50 36
72 56 76 56 76 62 72 62 72 56
78 77 81 77 81 84 78 84 78 77
48 91 53 91 53 93 48 93 48 91
30 45 39 45 39 47 30 47 30 45
60 78 66 78 66 85 60 85 60 78
59 70 65 70 65 74 59 74 59 70
91 73 97 73 97 77 91 77 91 73
10 15 20 15 20 25 10 25 10 15
72 31 79 31 79 33 72 33 72 31
9 57 16 57 16 65 9 65 9 57
14 91 23 91 23 98 14 98 14 91
69 5 73 5 73 9 69 9 69 5
75 46 83 46 83 55 75 55 75 46
29 17 34 17 34 22 29 22 29 17
68 85 78 85 78 87 68 87 68 85
77 58 83 58 83 65 77 65 77 58
25 49 31 49 31 51 25 51 25 49
63 10 69 10 69 16 63 16 63 10
12 76 20 76 20 83 12 83 12 76
90 28 92 28 92 32 90 32 90 28
18 84 22 84 22 90 18 90 18 84
24 76 35 76 35 78 24 78 24 76
78 94 85 94 85 98 78 98 78 94
73 19 81 19 81 24 73 24 73 19
48 63 56 63 56 71 48 71 48 63
14 27 19 27 19 30 14 30 14 27
54 7 58 7 58 13 54 13 54 7
74 34 77 34 77 37 74 37 74 34
35 7 41 7 41 14 35 14 35 7
87 52 91 52 91 61 87 61 87 52
33 57 41 57 41 62 33 62 33 57
24 19 26 19 26 21 24 21 24 19
38 27 41 27 41 29 38 29 38 27
57 24 66 24 66 26 57 26 57 24
17 2 23 2 23 8 17 8 17 2
22 54 30 54 30 61 22 61 22 54
38 22 42 22 42 26 38 26 38 22
28 80 38 80 38 82 28 82 28 80
55 87 60 87 60 97 55 97 55 87
84 35 87 35 87 38 84 38 84 35
67 89 74 89 74 91 67 91 67 89
22 26 33 26 33 31 22 31 22 26
21 66 24 66 24 72 21 72 21 66
41 65 44 65 44 75 41 75 41 65
