72 67 80 67 80 75 72 75 72 67
13 27 17 27 17 29 13 29 13 27
79 54 87 54 87 59 79 59 79 54
65 75 68 75 68 85 65 85 65 75
38 86 47 86 47 94 38 94 38 86
81 64 89 64 89 67 81 67 81 64
52 24 58 24 58 32 52 32 52 24
13 84 23 84 23 86 13 86 13 84
52 77 60 77 60 84 52 84 52 77
4 57 14 57 14 67 4 67 4 57
21 49 23 49 23 52 21 52 21 49
13 30 21 30 21 38 13 38 13 30
16 17 24 17 24 24 16 24 16 17
69 23 79 23 79 33 69 33 69 23
46 35 52 35 52 42 46 42 46 35
25 60 35 60 35 69 25 69 25 60
92 85 94 85 94 91 92 91 92 85
2 5 13 5 13 14 2 14 2 5
73 10 82 10 82 19 73 19 73 10
5 73 10 73 10 83 5 83 5 73
44 60 50 60 50 65 44 65 44 60
26 40 34 40 34 48 26 48 26 40
84 2 95 2 95 4 84 4 84 2
75 88 77 88 77 92 75 92 75 88
82 81 84 81 84 87 82 87 82 81
22 7 28 7 28 16 22 16 22 7
42 18 44 18 44 27 42 27 42 18
6 44 16 44 16 52 6 52 6 44
89 10 92 10 92 20 89 20 89 10
79 34 88 34 88 42 79 42 79 34
37 3 43 3 43 9 37 9 37 3
48 16 58 16 58 20 48 20 48 16
5 16 9 16 9 24 5 24 5 16
66 66 69 66 69 69 66 69 66 66
53 56 64 56 64 59 53 59 53 56
88 52 92 52 92 57 88 57 88 52
35 80 46 80 46 82 35 82 35 80
22 73 27 73 27 75 22 75 22 73
64 8 67 8 67 15 64 15 64 8
37 72 41 72 41 79 37 79 37 72
26 81 28 81 28 90 26 90 26 81
56 33 59 33 59 35 56 35 56 33
29 26 40 26 40 36 29 36 29 26
44 46 53 46 53 51 44 51 44 46
6 87 12 87 12 95 6 95 6 87
24 77 29 77 29 80 24 80 24 77
49 5 51 5 51 8 49 8 49 5
86 79 92 79 92 82 86 82 86 79
18 67 20 67 20 71 18 71 18 67
59 22 68 22 68 25 59 25 59 22
