36 9 45 9 45 19 36 19 36 9
49 26 52 26 52 30 49 30 49 26
50 10 58 10 58 18 50 18 50 10
79 45 88 45 88 54 79 54 79 45
86 27 94 27 94 33 86 33 86 27
73 75 80 75 80 82 73 82 73 75
53 79 55 79 55 90 53 90 53 79
5 21 12 21 12 25 5 25 5 21
31 90 35 90 35 93 31 93 31 90
45 80 49 80 49 88 45 88 45 80
26 39 29 39 29 50 26 50 26 39
67 36 73 36 73 45 67 45 67 36
12 34 23 34 23 36 12 36 12 34
77 90 82 90 82 94 77 94 77 90
70 16 79 16 79 21 70 21 70 16
37 54 45 54 45 59 37 59 37 54
31 61 38 61 38 64 31 64 31 61
47 47 54 47 54 50 47 50 47 47
81 12 88 12 88 19 81 19 81 12
3 80 12 80 12 90 3 90 3 80
31 2 39 2 39 5 31 5 31 2
63 30 71 30 71 34 63 34 63 30
41 45 45 45 45 51 41 51 41 45
86 71 96 71 96 76 86 76 86 71
22 20 24 20 24 27 22 27 22 20
63 88 65 88 65 95 63 95 63 88
4 54 10 54 10 61 4 61 4 54
18 87 20 87 20 89 18 89 18 87
11 54 18 54 18 64 11 64 11 54
8 11 17 11 17 14 8 14 8 11
86 61 97 61 97 64 86 64 86 61
16 71 26 71 26 76 16 76 16 71
69 63 79 63 79 73 69 73 69 63
48 54 55 54 55 60 48 60 48 54
68 46 78 46 78 48 68 48 68 46
37 71 41 71 41 81 37 81 37 71
65 55 68 55 68 58 65 58 65 55
21 81 26 81 26 89 21 89 21 81
20 60 26 60 26 63 20 63 20 60
42 68 48 68 48 72 42 72 42 68
19 45 25 45 25 56 19 56 19 45
40 28 43 28 43 31 40 31 40 28
46 51 51 51 51 53 46 53 46 51
45 36 56 36 56 41 45 41 45 36
85 2 94 2 94 8 85 8 85 2
83 35 89 35 89 44 83 44 83 35
62 13 66 13 66 24 62 24 62 13
84 86 94 86 94 88 84 88 84 86
2 71 7 71 7 77 2 77 2 71
58 78 62 78 62 83 58 83 58 78
