49 11 52 11 52 16 49 16 49 11
71 91 77 91 77 93 71 93 71 91
11 31 22 31 22 39 11 39 11 31
23 44 29 44 29 46 23 46 23 44
58 9 63 9 63 19 58 19 58 9
60 35 62 35 62 44 60 44 60 35
34 70 44 70 44 74 34 74 34 70
81 64 88 64 88 75 81 75 81 64
7 70 15 70 15 81 7 81 7 70
79 77 84 77 84 79 79 79 79 77
39 57 48 57 48 59 39 59 39 57
4 55 12 55 12 63 4 63 4 55
55 63 65 63 65 67 55 67 55 63
25 92 30 92 30 98 25 98 25 92
63 40 69 40 69 51 63 51 63 40
17 3 22 3 22 13 17 13 17 3
83 24 87 24 87 30 83 30 83 24
10 82 18 82 18 89 10 89 10 82
45 84 54 84 54 91 45 91 45 84
38 2 45 2 45 12 38 12 38 2
83 9 92 9 92 19 83 19 83 9
64 2 73 2 73 11 64 11 64 2
13 96 24 96 24 98 13 98 13 96
9 13 12 13 12 23 9 23 9 13
26 24 37 24 37 32 26 32 26 24
53 2 61 2 61 7 53 7 53 2
32 63 40 63 40 67 32 67 32 63
95 16 97 16 97 23 95 23 95 16
63 21 66 21 66 32 63 32 63 21
23 33 28 33 28 43 23 43 23 33
90 44 97 44 97 53 90 53 90 44
66 76 77 76 77 84 66 84 66 76
9 50 17 50 17 54 9 54 9 50
9 65 16 65 16 69 9 69 9 65
67 16 73 16 73 27 67 27 67 16
50 28 60 28 60 32 50 32 50 28
77 51 84 51 84 61 77 61 77 51
84 88 87 88 87 96 84 96 84 88
47 43 50 43 50 47 47 47 47 43
72 86 77 86 77 89 72 89 72 86
5 21 8 21 8 27 5 27 5 21
68 31 74 31 74 36 68 36 68 31
18 51 27 51 27 60 18 60 18 51
49 50 56 50 56 58 49 58 49 50
45 73 48 73 48 83 45 83 45 73
33 18 40 18 40 20 33 20 33 18
41 51 44 51 44 54 41 54 41 51
30 42 36 42 36 44 30 44 30 42
2 90 4 90 4 92 2 92 2 90
93 24 97 24 97 27 93 27 93 24
