48 43 52 43 52 46 48 46 48 43
61 6 72 6 72 11 61 11 61 6
21 13 28 13 28 18 21 18 21 13
80 23 88 23 88 34 80 34 80 23
83 66 92 66 92 76 83 76 83 66
40 48 42 48 42 50 40 50 40 48
54 37 63 37 63 48 54 48 54 37
51 24 60 24 60 29 51 29 51 24
38 28 41 28 41 32 38 32 38 28
21 48 23 48 23 58 21 58 21 48
15 75 21 75 21 84 15 84 15 75
36 72 43 72 43 76 36 76 36 72
86 40 93 40 93 50 86 50 86 40
50 4 52 4 52 12 50 12 50 4
32 83 43 83 43 87 32 87 32 83
90 10 94 10 94 13 90 13 90 10
31 8 41 8 41 19 31 19 31 8
12 2 14 2 14 6 12 6 12 2
13 42 19 42 19 46 13 46 13 42
50 15 59 15 59 19 50 19 50 15
12 62 16 62 16 66 12 66 12 62
45 36 53 36 53 41 45 41 45 36
28 89 32 89 32 95 28 95 28 89
18 23 23 23 23 30 18 30 18 23
25 80 30 80 30 85 25 85 25 80
22 59 31 59 31 69 22 69 22 59
75 9 84 9 84 16 75 16 75 9
17 92 22 92 22 96 17 96 17 92
84 89 87 89 87 97 84 97 84 89
33 93 40 93 40 97 33 97 33 93
91 22 93 22 93 31 91 31 91 22
47 80 57 80 57 88 47 88 47 80
42 63 52 63 52 67 42 67 42 63
62 91 69 91 69 94 62 94 62 91
29 52 38 52 38 55 29 55 29 52
90 53 93 53 93 59 90 59 90 53
65 37 74 37 74 45 65 45 65 37
64 64 66 64 66 74 64 74 64 64
75 51 81 51 81 54 75 54 75 51
16 3 27 3 27 9 16 9 16 3
82 4 90 4 90 7 82 7 82 4
9 48 15 48 15 52 9 52 9 48
5 82 8 82 8 87 5 87 5 82
60 80 69 80 69 90 60 90 60 80
4 21 11 21 11 24 4 24 4 21
6 28 14 28 14 32 6 32 6 28
9 33 18 33 18 39 9 39 9 33
56 32 62 32 62 35 56 35 56 32
53 3 60 3 60 9 53 9 53 3
13 88 20 88 20 90 13 90 13 88
