58 73 65 73 65 84 58 84 58 73
2 39 10 39 10 50 2 50 2 39
20 45 29 45 29 48 20 48 20 45
22 58 30 58 30 61 22 61 22 58
67 93 75 93 75 98 67 98 67 93
11 81 19 81 19 91 11 91 11 81
17 20 22 20 22 24 17 24 17 20
66 39 76 39 76 42 66 42 66 39
33 54 43 54 43 61 33 61 33 54
27 82 38 82 38 91 27 91 27 82
75 12 85 12 85 20 75 20 75 12
22 78 27 78 27 80 22 80 22 78
30 5 38 5 38 15 30 15 30 5
24 27 26 27 26 37 24 37 24 27
39 43 44 43 44 53 39 53 39 43
87 42 89 42 89 52 87 52 87 42
21 91 24 91 24 97 21 97 21 91
44 58 46 58 46 61 44 61 44 58
89 73 93 73 93 77 89 77 89 73
55 45 64 45 64 48 55 48 55 45
36 63 44 63 44 74 36 74 36 63
89 81 92 81 92 88 89 88 89 81
51 21 53 21 53 28 51 28 51 21
66 69 68 69 68 79 66 79 66 69
61 23 71 23 71 28 61 28 61 23
25 16 36 16 36 21 25 21 25 16
85 22 88 22 88 33 85 33 85 22
2 58 10 58 10 64 2 64 2 58
82 74 87 74 87 80 82 80 82 74
8 2 18 2 18 10 8 10 8 2
43 7 47 7 47 18 43 18 43 7
12 54 17 54 17 61 12 61 12 54
90 30 98 30 98 32 90 32 90 30
23 75 28 75 28 77 23 77 23 75
77 70 81 70 81 73 77 73 77 70
93 57 96 57 96 68 93 68 93 57
81 65 89 65 89 69 81 69 81 65
43 29 51 29 51 34 43 34 43 29
13 14 24 14 24 16 13 16 13 14
67 14 73 14 73 20 67 20 67 14
93 41 98 41 98 46 93 46 93 41
70 66 79 66 79 68 70 68 70 66
78 26 83 26 83 36 78 36 78 26
5 26 11 26 11 29 5 29 5 26
62 59 68 59 68 68 62 68 62 59
80 44 86 44 86 46 80 46 80 44
66 10 72 10 72 13 66 13 66 10
52 32 62 32 62 34 52 34 52 32
53 93 60 93 60 97 53 97 53 93
83 88 86 88 86 94 83 94 83 88
