35 85 46 85 46 94 35 94 35 85
11 62 21 62 21 73 11 73 11 62
4 69 10 69 10 74 4 74 4 69
31 17 42 17 42 26 31 26 31 17
18 39 27 39 27 47 18 47 18 39
19 18 27 18 27 27 19 27 19 18
28 29 34 29 34 39 28 39 28 29
84 59 95 59 95 63 84 63 84 59
93 19 97 19 97 27 93 27 93 19
36 40 43 40 43 43 36 43 36 40
79 84 90 84 90 88 79 88 79 84
2 4 7 4 7 12 2 12 2 4
33 50 37 50 37 59 33 59 33 50
49 61 54 61 54 68 49 68 49 61
20 77 26 77 26 82 20 82 20 77
76 38 83 38 83 42 76 42 76 38
22 52 26 52 26 59 22 59 22 52
56 20 66 20 66 27 56 27 56 20
71 33 75 33 75 36 71 36 71 33
94 66 97 66 97 73 94 73 94 66
62 58 67 58 67 60 62 60 62 58
86 49 92 49 92 55 86 55 86 49
70 2 76 2 76 7 70 7 70 2
82 25 90 25 90 28 82 28 82 25
75 59 81 59 81 62 75 62 75 59
62 44 73 44 73 54 62 54 62 44
66 75 75 75 75 83 66 83 66 75
79 63 81 63 81 72 79 72 79 63
4 16 6 16 6 18 4 18 4 16
59 14 64 14 64 17 59 17 59 14
38 32 41 32 41 39 38 39 38 32
96 28 98 28 98 32 96 32 96 28
45 30 48 30 48 32 45 32 45 30
64 4 68 4 68 11 64 11 64 4
6 39 15 39 15 43 6 43 6 39
6 61 10 61 10 67 6 67 6 61
87 10 92 10 92 16 87 16 87 10
40 50 42 50 42 56 40 56 40 50
27 61 36 61 36 67 27 67 27 61
15 84 24 84 24 94 15 94 15 84
4 21 12 21 12 29 4 29 4 21
12 56 18 56 18 58 12 58 12 56
30 10 33 10 33 12 30 12 30 10
27 71 29 71 29 78 27 78 27 71
57 94 66 94 66 96 57 96 57 94
51 10 60 10 60 13 51 13 51 10
75 94 80 94 80 96 75 96 75 94
6 84 14 84 14 91 6 91 6 84
50 78 57 78 57 82 50 82 50 78
42 64 44 64 44 69 42 69 42 64
