75 35 78 35 78 41 75 41 75 35
25 51 33 51 33 56 25 56 25 51
87 78 90 78 90 87 87 87 87 78
33 79 38 79 38 83 33 83 33 79
22 72 32 72 32 82 22 82 22 72
89 29 95 29 95 35 89 35 89 29
33 32 37 32 37 35 33 35 33 32
49 15 54 15 54 26 49 26 49 15
93 68 97 68 97 75 93 75 93 68
47 80 56 80 56 87 47 87 47 80
52 43 58 43 58 50 52 50 52 43
12 9 15 9 15 16 12 16 12 9
8 44 15 44 15 50 8 50 8 44
60 30 67 30 67 41 60 41 60 30
26 41 35 41 35 44 26 44 26 41
84 69 91 69 91 73 84 73 84 69
67 12 75 12 75 19 67 19 67 12
93 47 95 47 95 58 93 58 93 47
57 53 65 53 65 56 57 56 57 53
35 51 39 51 39 60 35 60 35 51
4 31 15 31 15 38 4 38 4 31
79 47 84 47 84 49 79 49 79 47
43 71 45 71 45 79 43 79 43 71
46 70 54 70 54 74 46 74 46 70
31 10 34 10 34 18 31 18 31 10
58 67 65 67 65 73 58 73 58 67
89 2 96 2 96 6 89 6 89 2
78 69 81 69 81 73 78 73 78 69
80 89 85 89 85 93 80 93 80 89
16 58 27 58 27 61 16 61 16 58
76 60 84 60 84 62 76 62 76 60
62 78 69 78 69 80 62 80 62 78
57 17 62 17 62 20 57 20 57 17
30 67 40 67 40 69 30 69 30 67
35 4 42 4 42 9 35 9 35 4
11 51 20 51 20 53 11 53 11 51
67 46 78 46 78 49 67 49 67 46
20 19 30 19 30 21 20 21 20 19
51 89 58 89 58 94 51 94 51 89
68 20 73 20 73 24 68 24 68 20
40 33 43 33 43 40 40 40 40 33
38 93 46 93 46 96 38 96 38 93
72 63 74 63 74 74 72 74 72 63
6 77 15 77 15 85 6 85 6 77
87 7 96 7 96 10 87 10 87 7
6 13 11 13 11 18 6 18 6 13
96 29 98 29 98 31 96 31 96 29
38 25 41 25 41 27 38 27 38 25
80 10 84 10 84 19 80 19 80 10
47 6 53 6 53 12 47 12 47 6
