44 68 47 68 47 70 44 70 44 68
20 21 23 21 23 28 20 28 20 21
50 12 53 12 53 22 50 22 50 12
74 57 82 57 82 65 74 65 74 57
51 59 57 59 57 69 51 69 51 59
68 85 75 85 75 91 68 91 68 85
8 68 12 68 12 76 8 76 8 68
52 51 61 51 61 58 52 58 52 51
73 5 77 5 77 16 73 16 73 5
17 78 28 78 28 84 17 84 17 78
35 7 45 7 45 14 35 14 35 7
66 42 71 42 71 47 66 47 66 42
10 13 19 13 19 20 10 20 10 13
56 86 66 86 66 89 56 89 56 86
87 31 92 31 92 42 87 42 87 31
84 59 87 59 87 70 84 70 84 59
60 36 63 36 63 42 60 42 60 36
23 60 34 60 34 62 23 62 23 60
57 23 59 23 59 25 57 25 57 23
33 34 44 34 44 45 33 45 33 34
81 75 87 75 87 83 81 83 81 75
11 33 16 33 16 35 11 35 11 33
63 9 69 9 69 19 63 19 63 9
47 32 54 32 54 38 47 38 47 32
65 56 73 56 73 67 65 67 65 56
70 71 72 71 72 76 70 76 70 71
77 29 83 29 83 36 77 36 77 29
72 38 77 38 77 44 72 44 72 38
73 46 84 46 84 51 73 51 73 46
89 61 92 61 92 66 89 66 89 61
36 82 39 82 39 85 36 85 36 82
6 46 15 46 15 51 6 51 6 46
85 84 95 84 95 87 85 87 85 84
23 15 34 15 34 18 23 18 23 15
27 72 30 72 30 77 27 77 27 72
33 90 43 90 43 96 33 96 33 90
49 79 51 79 51 82 49 82 49 79
32 4 34 4 34 14 32 14 32 4
13 61 22 61 22 66 13 66 13 61
9 87 19 87 19 92 9 92 9 87
94 6 96 6 96 17 94 17 94 6
41 50 49 50 49 60 41 60 41 50
69 25 78 25 78 28 69 28 69 25
18 50 21 50 21 53 18 53 18 50
82 13 93 13 93 22 82 22 82 13
57 91 66 91 66 95 57 95 57 91
41 23 44 23 44 29 41 29 41 23
36 61 41 61 41 71 36 71 36 61
52 79 54 79 54 86 52 86 52 79
46 10 49 10 49 17 46 17 46 10
