33 22 40 22 40 33 33 33 33 22
62 36 66 36 66 44 62 44 62 36
22 20 29 20 29 30 22 30 22 20
53 51 56 51 56 60 53 60 53 51
55 25 58 25 58 35 55 35 55 25
28 61 37 61 37 64 28 64 28 61
18 42 25 42 25 47 18 47 18 42
64 28 68 28 68 30 64 30 64 28
64 72 74 72 74 79 64 79 64 72
82 20 87 20 87 28 82 28 82 20
48 66 57 66 57 70 48 70 48 66
27 41 33 41 33 48 27 48 27 41
58 15 64 15 64 18 58 18 58 15
36 76 46 76 46 86 36 86 36 76
29 5 32 5 32 14 29 14 29 5
70 39 76 39 76 50 70 50 70 39
66 68 70 68 70 71 66 71 66 68
4 46 9 46 9 48 4 48 4 46
77 60 86 60 86 62 77 62 77 60
6 34 13 34 13 41 6 41 6 34
90 49 97 49 97 54 90 54 90 49
81 80 90 80 90 88 81 88 81 80
42 2 47 2 47 10 42 10 42 2
21 92 23 92 23 96 21 96 21 92
7 15 18 15 18 18 7 18 7 15
47 16 55 16 55 24 47 24 47 16
42 51 46 51 46 55 42 55 42 51
11 25 18 25 18 32 11 32 11 25
77 70 86 70 86 79 77 79 77 70
15 79 25 79 25 88 15 88 15 79
12 70 23 70 23 75 12 75 12 70
59 6 65 6 65 13 59 13 59 6
71 25 77 25 77 36 71 36 71 25
69 7 79 7 79 10 69 10 69 7
36 8 40 8 40 12 36 12 36 8
32 81 34 81 34 83 32 83 32 81
88 19 97 19 97 29 88 29 88 19
10 52 19 52 19 61 10 61 10 52
10 6 17 6 17 10 10 10 10 6
36 14 45 14 45 19 36 19 36 14
81 16 85 16 85 19 81 19 81 16
4 5 9 5 9 9 4 9 4 5
11 43 17 43 17 46 11 46 11 43
58 51 65 51 65 55 58 55 58 51
83 35 90 35 90 38 83 38 83 35
13 66 16 66 16 69 13 69 13 66
24 15 26 15 26 17 24 17 24 15
70 87 74 87 74 96 70 96 70 87
14 35 18 35 18 37 14 37 14 35
59 85 62 85 62 90 59 90 59 85
