49 37 60 37 60 44 49 44 49 37
52 62 60 62 60 73 52 73 52 62
6 86 15 86 15 92 6 92 6 86
7 73 18 73 18 80 7 80 7 73
54 20 56 20 56 26 54 26 54 20
39 83 45 83 45 87 39 87 39 83
70 64 79 64 79 68 70 68 70 64
19 48 23 48 23 55 19 55 19 48
93 55 98 55 98 62 93 62 93 55
21 77 25 77 25 82 21 82 21 77
5 2 14 2 14 8 5 8 5 2
66 63 68 63 68 70 66 70 66 63
40 29 47 29 47 34 40 34 40 29
58 80 66 80 66 82 58 82 58 80
82 42 88 42 88 48 82 48 82 42
23 92 25 92 25 94 23 94 23 92
89 87 97 87 97 96 89 96 89 87
83 94 88 94 88 98 83 98 83 94
67 28 70 28 70 30 67 30 67 28
65 5 69 5 69 9 65 9 65 5
86 25 94 25 94 35 86 35 86 25
14 21 25 21 25 24 14 24 14 21
16 41 26 41 26 46 16 46 16 41
69 38 74 38 74 40 69 40 69 38
51 47 54 47 54 58 51 58 51 47
91 12 98 12 98 18 91 18 91 12
38 92 45 92 45 95 38 95 38 92
13 29 18 29 18 36 13 36 13 29
71 82 77 82 77 85 71 85 71 82
17 2 24 2 24 10 17 10 17 2
94 75 96 75 96 77 94 77 94 75
5 60 14 60 14 65 5 65 5 60
31 27 34 27 34 29 31 29 31 27
23 32 29 32 29 38 23 38 23 32
34 3 38 3 38 14 34 14 34 3
78 7 88 7 88 12 78 12 78 7
27 78 38 78 38 87 27 87 27 78
72 8 74 8 74 10 72 10 72 8
39 55 42 55 42 59 39 59 39 55
64 32 75 32 75 35 64 35 64 32
28 52 35 52 35 56 28 56 28 52
4 48 10 48 10 56 4 56 4 48
7 25 12 25 12 31 7 31 7 25
54 85 64 85 64 95 54 95 54 85
58 51 66 51 66 58 58 58 58 51
4 16 8 16 8 21 4 21 4 16
94 66 96 66 96 69 94 69 94 66
60 14 65 14 65 21 60 21 60 14
77 56 86 56 86 59 77 59 77 56
47 11 51 11 51 17 47 17 47 11
