12 89 14 89 14 95 12 95 12 89
86 45 88 45 88 54 86 54 86 45
3 40 5 40 5 46 3 46 3 40
74 4 83 4 83 14 74 14 74 4
79 39 90 39 90 41 79 41 79 39
29 46 33 46 33 57 29 57 29 46
45 19 50 19 50 29 45 29 45 19
64 63 68 63 68 68 64 68 64 63
55 3 62 3 62 10 55 10 55 3
44 2 47 2 47 10 44 10 44 2
7 53 9 53 9 64 7 64 7 53
58 71 68 71 68 79 58 79 58 71
17 63 25 63 25 66 17 66 17 63
68 32 72 32 72 41 68 41 68 32
10 14 18 14 18 23 10 23 10 14
5 73 15 73 15 81 5 81 5 73
78 61 84 61 84 66 78 66 78 61
93 7 97 7 97 16 93 16 93 7
35 53 43 53 43 56 35 56 35 53
2 50 5 50 5 61 2 61 2 50
11 37 14 37 14 44 11 44 11 37
59 15 66 15 66 22 59 22 59 15
24 21 29 21 29 25 24 25 24 21
75 80 77 80 77 84 75 84 75 80
35 79 41 79 41 84 35 84 35 79
34 70 41 70 41 73 34 73 34 70
6 48 8 48 8 52 6 52 6 48
70 49 78 49 78 54 70 54 70 49
80 29 90 29 90 32 80 32 80 29
28 10 39 10 39 18 28 18 28 10
32 31 34 31 34 41 32 41 32 31
4 9 6 9 6 13 4 13 4 9
54 90 64 90 64 92 54 92 54 90
76 88 87 88 87 98 76 98 76 88
69 55 77 55 77 64 69 64 69 55
52 11 56 11 56 15 52 15 52 11
7 39 10 39 10 46 7 46 7 39
53 56 59 56 59 60 53 60 53 56
50 49 53 49 53 54 50 54 50 49
18 5 22 5 22 11 18 11 18 5
92 24 96 24 96 30 92 30 92 24
24 88 28 88 28 91 24 91 24 88
20 74 25 74 25 79 20 79 20 74
79 78 83 78 83 86 79 86 79 78
16 42 22 42 22 47 16 47 16 42
92 91 96 91 96 93 92 93 92 91
42 25 44 25 44 28 42 28 42 25
35 20 40 20 40 27 35 27 35 20
18 39 24 39 24 41 18 41 18 39
44 39 52 39 52 45 44 45 44 39
