74 24 79 24 79 34 74 34 74 24
54 36 64 36 64 40 54 40 54 36
35 73 44 73 44 84 35 84 35 73
33 55 39 55 39 58 33 58 33 55
52 46 56 46 56 52 52 52 52 46
39 33 42 33 42 42 39 42 39 33
58 63 61 63 61 69 58 69 58 63
25 47 34 47 34 50 25 50 25 47
72 83 75 83 75 93 72 93 72 83
17 64 26 64 26 68 17 68 17 64
27 73 31 73 31 83 27 83 27 73
40 90 50 90 50 98 40 98 40 90
87 66 91 66 91 69 87 69 87 66
58 47 63 47 63 55 58 55 58 47
15 70 21 70 21 74 15 74 15 70
44 14 54 14 54 23 44 23 44 14
4 31 15 31 15 39 4 39 4 31
38 4 43 4 43 15 38 15 38 4
10 93 17 93 17 95 10 95 10 93
7 78 10 78 10 83 7 83 7 78
10 4 12 4 12 6 10 6 10 4
89 16 93 16 93 22 89 22 89 16
82 3 90 3 90 14 82 14 82 3
26 56 31 56 31 59 26 59 26 56
8 20 19 20 19 25 8 25 8 20
24 29 28 29 28 37 24 37 24 29
16 49 22 49 22 58 16 58 16 49
27 15 32 15 32 22 27 22 27 15
25 88 31 88 31 98 25 98 25 88
81 37 84 37 84 41 81 41 81 37
69 61 71 61 71 66 69 66 69 61
78 15 87 15 87 19 78 19 78 15
52 27 54 27 54 29 52 29 52 27
86 74 92 74 92 85 86 85 86 74
68 46 75 46 75 50 68 50 68 46
84 43 94 43 94 51 84 51 84 43
49 31 52 31 52 37 49 37 49 31
79 65 84 65 84 74 79 74 79 65
45 68 50 68 50 75 45 75 45 68
52 91 55 91 55 94 52 94 52 91
64 24 70 24 70 35 64 35 64 24
53 41 55 41 55 44 53 44 53 41
54 74 64 74 64 82 54 82 54 74
57 4 64 4 64 12 57 12 57 4
89 87 91 87 91 97 89 97 89 87
19 79 24 79 24 90 19 90 19 79
66 8 70 8 70 19 66 19 66 8
2 54 6 54 6 58 2 58 2 54
47 56 53 56 53 66 47 66 47 56
62 61 67 61 67 72 62 72 62 61
