28 62 34 62 34 66 28 66 28 62
79 39 87 39 87 41 79 41 79 39
3 42 6 42 6 51 3 51 3 42
92 84 95 84 95 87 92 87 92 84
37 84 48 84 48 90 37 90 37 84
78 28 87 28 87 36 78 36 78 28
79 90 84 90 84 93 79 93 79 90
54 25 62 25 62 36 54 36 54 25
70 71 79 71 79 82 70 82 70 71
65 14 71 14 71 16 65 16 65 14
42 68 46 68 46 72 42 72 42 68
82 53 91 53 91 59 82 59 82 53
23 52 32 52 32 59 23 59 23 52
22 35 33 35 33 39 22 39 22 35
6 3 12 3 12 7 6 7 6 3
71 48 75 48 75 57 71 57 71 48
21 61 25 61 25 68 21 68 21 61
64 84 69 84 69 93 64 93 64 84
68 20 74 20 74 28 68 28 68 20
28 93 34 93 34 96 28 96 28 93
54 71 57 71 57 80 54 80 54 71
56 54 66 54 66 61 56 61 56 54
2 21 12 21 12 23 2 23 2 21
7 8 11 8 11 17 7 17 7 8
75 19 77 19 77 28 75 28 75 19
13 85 21 85 21 92 13 92 13 85
93 9 95 9 95 17 93 17 93 9
17 42 26 42 26 46 17 46 17 42
18 12 29 12 29 15 18 15 18 12
40 46 42 46 42 54 40 54 40 46
2 76 12 76 12 82 2 82 2 76
75 88 78 88 78 96 75 96 75 88
34 23 44 23 44 26 34 26 34 23
54 48 65 48 65 53 54 53 54 48
54 90 59 90 59 95 54 95 54 90
40 60 44 60 44 62 40 62 40 60
60 68 68 68 68 71 60 71 60 68
83 69 93 69 93 73 83 73 83 69
85 88 88 88 88 95 85 95 85 88
48 4 58 4 58 14 48 14 48 4
90 3 97 3 97 6 90 6 90 3
85 65 90 65 90 67 85 67 85 65
22 26 33 26 33 33 22 33 22 26
80 8 91 8 91 15 80 15 80 8
16 69 27 69 27 71 16 71 16 69
36 73 39 73 39 77 36 77 36 73
35 13 37 13 37 19 35 19 35 13
60 81 63 81 63 88 60 88 60 81
47 44 53 44 53 54 47 54 47 44
11 25 17 25 17 28 11 28 11 25
