16 88 20 88 20 92 16 92 16 88
63 43 68 43 68 45 63 45 63 43
13 47 23 47 23 49 13 49 13 47
6 19 16 19 16 28 6 28 6 19
66 85 68 85 68 93 66 93 66 85
37 68 39 68 39 75 37 75 37 68
74 80 79 80 79 85 74 85 74 80
95 70 97 70 97 73 95 73 95 70
90 87 97 87 97 98 90 98 90 87
72 53 75 53 75 60 72 60 72 53
22 15 26 15 26 18 22 18 22 15
40 51 45 51 45 58 40 58 40 51
38 15 41 15 41 22 38 22 38 15
61 26 66 26 66 31 61 31 61 26
11 60 18 60 18 65 11 65 11 60
5 43 7 43 7 51 5 51 5 43
37 76 41 76 41 79 37 79 37 76
50 46 53 46 53 49 50 49 50 46
46 90 53 90 53 97 46 97 46 90
44 77 54 77 54 87 44 87 44 77
93 4 98 4 98 11 93 11 93 4
80 68 85 68 85 76 80 76 80 68
15 73 25 73 25 79 15 79 15 73
23 88 32 88 32 94 23 94 23 88
86 40 94 40 94 51 86 51 86 40
42 6 52 6 52 12 42 12 42 6
37 25 40 25 40 28 37 28 37 25
73 8 76 8 76 15 73 15 73 8
34 62 38 62 38 67 34 67 34 62
71 36 78 36 78 42 71 42 71 36
82 34 91 34 91 37 82 37 82 34
68 65 74 65 74 74 68 74 68 65
2 3 9 3 9 14 2 14 2 3
3 38 13 38 13 42 3 42 3 38
41 86 43 86 43 92 41 92 41 86
51 19 58 19 58 25 51 25 51 19
36 42 41 42 41 47 36 47 36 42
45 28 51 28 51 39 45 39 45 28
67 17 72 17 72 22 67 22 67 17
16 34 23 34 23 42 16 42 16 34
26 22 28 22 28 33 26 33 26 22
5 65 7 65 7 71 5 71 5 65
83 54 93 54 93 65 83 65 83 54
2 80 6 80 6 86 2 86 2 80
61 73 67 73 67 82 61 82 61 73
28 74 30 74 30 78 28 78 28 74
62 61 67 61 67 63 62 63 62 61
62 11 66 11 66 20 62 20 62 11
28 95 38 95 38 98 28 98 28 95
24 2 34 2 34 12 24 12 24 2
