8 68 15 68 15 79 8 79 8 68
84 48 94 48 94 55 84 55 84 48
90 18 96 18 96 21 90 21 90 18
24 58 27 58 27 66 24 66 24 58
59 57 68 57 68 64 59 64 59 57
30 58 34 58 34 68 30 68 30 58
18 17 20 17 20 22 18 22 18 17
16 5 22 5 22 7 16 7 16 5
52 26 58 26 58 35 52 35 52 26
17 36 26 36 26 42 17 42 17 36
94 5 98 5 98 12 94 12 94 5
64 37 74 37 74 44 64 44 64 37
90 72 92 72 92 81 90 81 90 72
77 77 83 77 83 83 77 83 77 77
26 29 32 29 32 34 26 34 26 29
66 85 74 85 74 89 66 89 66 85
39 76 48 76 48 79 39 79 39 76
3 6 12 6 12 12 3 12 3 6
42 16 49 16 49 21 42 21 42 16
55 78 65 78 65 81 55 81 55 78
2 2 13 2 13 4 2 4 2 2
14 88 25 88 25 98 14 98 14 88
57 42 63 42 63 47 57 47 57 42
82 72 87 72 87 74 82 74 82 72
71 24 81 24 81 35 71 35 71 24
26 71 36 71 36 77 26 77 26 71
38 89 48 89 48 97 38 97 38 89
6 56 11 56 11 58 6 58 6 56
28 45 34 45 34 48 28 48 28 45
40 52 47 52 47 58 40 58 40 52
92 30 96 30 96 32 92 32 92 30
3 88 9 88 9 97 3 97 3 88
3 42 12 42 12 45 3 45 3 42
6 38 16 38 16 41 6 41 6 38
50 89 54 89 54 94 50 94 50 89
6 23 8 23 8 29 6 29 6 23
30 9 41 9 41 19 30 19 30 9
84 58 95 58 95 62 84 62 84 58
57 68 67 68 67 77 57 77 57 68
22 81 24 81 24 83 22 83 22 81
46 71 50 71 50 75 46 75 46 71
43 68 51 68 51 70 43 70 43 68
73 54 77 54 77 63 73 63 73 54
85 78 87 78 87 87 85 87 85 78
31 36 40 36 40 42 31 42 31 36
38 60 48 60 48 65 38 65 38 60
85 95 93 95 93 98 85 98 85 95
86 33 90 33 90 44 86 44 86 33
93 25 97 25 97 27 93 27 93 25
63 50 70 50 70 54 63 54 63 50
