10 58 16 58 16 65 10 65 10 58
26 56 33 56 33 67 26 67 26 56
89 81 91 81 91 91 89 91 89 81
39 39 45 39 45 45 39 45 39 39
88 10 98 10 98 13 88 13 88 10
57 20 67 20 67 29 57 29 57 20
77 67 85 67 85 73 77 73 77 67
65 8 76 8 76 13 65 13 65 8
8 10 10 10 10 20 8 20 8 10
70 56 79 56 79 58 70 58 70 56
37 74 48 74 48 78 37 78 37 74
69 19 72 19 72 25 69 25 69 19
44 7 46 7 46 9 44 9 44 7
16 37 20 37 20 39 16 39 16 37
54 29 56 29 56 40 54 40 54 29
57 58 68 58 68 64 57 64 57 58
87 43 92 43 92 51 87 51 87 43
50 73 58 73 58 79 50 79 50 73
47 20 49 20 49 29 47 29 47 20
34 58 42 58 42 60 34 60 34 58
3 23 6 23 6 31 3 31 3 23
28 32 36 32 36 36 28 36 28 32
90 31 94 31 94 35 90 35 90 31
26 4 34 4 34 9 26 9 26 4
34 14 39 14 39 22 34 22 34 14
37 23 40 23 40 30 37 30 37 23
75 27 81 27 81 32 75 32 75 27
27 44 34 44 34 49 27 49 27 44
9 74 19 74 19 79 9 79 9 74
51 89 59 89 59 91 51 91 51 89
63 35 71 35 71 41 63 41 63 35
2 78 6 78 6 84 2 84 2 78
79 36 89 36 89 41 79 41 79 36
15 86 17 86 17 90 15 90 15 86
21 11 25 11 25 14 21 14 21 11
81 77 86 77 86 86 81 86 81 77
71 61 78 61 78 66 71 66 71 61
47 2 55 2 55 4 47 4 47 2
14 15 16 15 16 26 14 26 14 15
21 25 25 25 25 33 21 33 21 25
86 14 92 14 92 18 86 18 86 14
65 83 75 83 75 91 65 91 65 83
8 49 15 49 15 53 8 53 8 49
75 43 84 43 84 51 75 51 75 43
7 96 10 96 10 98 7 98 7 96
77 5 81 5 81 13 77 13 77 5
41 33 50 33 50 38 41 38 41 33
33 85 41 85 41 96 33 96 33 85
39 82 45 82 45 84 39 84 39 82
18 49 23 49 23 51 18 51 18 49
