22 79 24 79 24 89 22 89 22 79
88 53 96 53 96 61 88 61 88 53
75 37 83 37 83 43 75 43 75 37
51 50 62 50 62 55 51 55 51 50
32 74 40 74 40 82 32 82 32 74
77 56 79 56 79 62 77 62 77 56
72 85 83 85 83 88 72 88 72 85
54 72 59 72 59 75 54 75 54 72
10 57 18 57 18 68 10 68 10 57
7 27 15 27 15 34 7 34 7 27
24 15 31 15 31 18 24 18 24 15
89 83 97 83 97 87 89 87 89 83
53 88 56 88 56 90 53 90 53 88
88 11 94 11 94 20 88 20 88 11
42 66 48 66 48 73 42 73 42 66
29 25 32 25 32 34 29 34 29 25
68 57 72 57 72 65 68 65 68 57
79 12 87 12 87 21 79 21 79 12
17 17 20 17 20 27 17 27 17 17
24 43 33 43 33 54 24 54 24 43
11 39 22 39 22 41 11 41 11 39
34 14 41 14 41 24 34 24 34 14
77 93 79 93 79 97 77 97 77 93
18 69 27 69 27 77 18 77 18 69
52 21 62 21 62 24 52 24 52 21
36 7 44 7 44 13 36 13 36 7
85 3 93 3 93 8 85 8 85 3
60 4 65 4 65 6 60 6 60 4
61 30 64 30 64 37 61 37 61 30
46 89 52 89 52 93 46 93 46 89
57 77 60 77 60 87 57 87 57 77
13 49 15 49 15 51 13 51 13 49
87 89 93 89 93 93 87 93 87 89
4 13 15 13 15 20 4 20 4 13
61 82 70 82 70 86 61 86 61 82
34 63 38 63 38 67 34 67 34 63
53 57 60 57 60 65 53 65 53 57
71 14 77 14 77 21 71 21 71 14
46 26 53 26 53 37 46 37 46 26
60 70 71 70 71 75 60 75 60 70
88 24 98 24 98 28 88 28 88 24
80 75 83 75 83 81 80 81 80 75
42 62 50 62 50 64 42 64 42 62
42 45 47 45 47 53 42 53 42 45
82 62 91 62 91 68 82 68 82 62
87 72 91 72 91 79 87 79 87 72
22 2 30 2 30 10 22 10 22 2
57 11 63 11 63 19 57 19 57 11
42 14 46 14 46 16 42 16 42 14
48 79 55 79 55 81 48 81 48 79
