8 4 14 4 14 12 8 12 8 4
55 4 61 4 61 12 55 12 55 4
15 79 20 79 20 81 15 81 15 79
83 73 85 73 85 82 83 82 83 73
62 78 66 78 66 88 62 88 62 78
43 48 50 48 50 54 43 54 43 48
25 69 32 69 32 80 25 80 25 69
30 32 36 32 36 43 30 43 30 32
80 56 86 56 86 67 80 67 80 56
34 88 43 88 43 96 34 96 34 88
37 11 45 11 45 16 37 16 37 11
81 34 83 34 83 37 81 37 81 34
26 46 34 46 34 49 26 49 26 46
11 52 17 52 17 62 11 62 11 52
56 62 63 62 63 65 56 65 56 62
32 57 39 57 39 61 32 61 32 57
4 45 9 45 9 49 4 49 4 45
14 89 20 89 20 95 14 95 14 89
47 72 54 72 54 74 47 74 47 72
17 26 23 26 23 37 17 37 17 26
86 3 90 3 90 12 86 12 86 3
35 62 44 62 44 71 35 71 35 62
86 82 88 82 88 87 86 87 86 82
34 22 44 22 44 25 34 25 34 22
57 28 68 28 68 30 57 30 57 28
91 80 93 80 93 88 91 88 91 80
47 13 52 13 52 21 47 21 47 13
11 21 13 21 13 28 11 28 11 21
47 28 56 28 56 32 47 32 47 28
70 13 78 13 78 19 70 19 70 13
70 74 80 74 80 77 70 77 70 74
95 64 97 64 97 74 95 74 95 64
58 49 68 49 68 58 58 58 58 49
17 40 25 40 25 51 17 51 17 40
70 82 76 82 76 91 70 91 70 82
62 38 72 38 72 48 62 48 62 38
79 49 83 49 83 52 79 52 79 49
61 71 65 71 65 76 61 76 61 71
45 75 52 75 52 79 45 79 45 75
59 79 61 79 61 81 59 81 59 79
45 58 51 58 51 60 45 60 45 58
70 49 73 49 73 52 70 52 70 49
55 15 64 15 64 25 55 25 55 15
23 55 26 55 26 61 23 61 23 55
11 49 14 49 14 51 11 51 11 49
54 91 57 91 57 95 54 95 54 91
47 90 50 90 50 97 47 97 47 90
37 44 40 44 40 54 37 54 37 44
73 23 84 23 84 32 73 32 73 23
41 2 45 2 45 8 41 8 41 2
