65 9 8 4
10 41 2 2
72 37 10 4
61 90 4 3
26 83 5 4
34 49 4 7
35 90 5 4
76 24 2 4
8 57 3 6
92 10 5 11
4 39 5 11
89 47 2 8
47 82 10 11
34 26 6 6
84 88 9 8
53 2 2 11
71 67 5 9
77 71 3 10
19 18 3 8
80 62 5 8
65 59 7 5
53 18 4 8
50 53 4 3
28 41 2 2
3 66 8 6
26 76 9 4
54 38 2 2
61 35 8 4
41 13 8 4
92 46 6 2
42 57 10 10
78 51 9 7
9 86 10 4
37 79 5 7
29 61 2 8
67 82 2 11
61 53 2 6
29 57 9 2
59 40 4 7
22 46 10 5
82 75 5 4
88 72 6 6
42 7 6 3
79 4 2 9
11 4 3 5
41 44 7 2
40 76 9 2
62 72 5 3
38 9 2 4
24 25 8 4
