44 66 5 11
70 3 10 5
86 65 7 6
41 87 2 4
82 9 3 3
21 31 8 5
91 30 5 8
39 13 4 8
23 82 6 5
13 69 3 2
35 25 8 4
51 15 6 9
46 42 8 9
32 48 7 11
30 37 6 2
6 10 2 7
12 64 8 3
80 91 4 2
3 72 5 6
21 48 7 11
2 51 4 11
38 33 7 10
94 23 4 2
70 50 11 6
91 73 5 8
7 44 2 10
22 88 4 7
28 93 8 2
33 80 4 11
54 55 8 7
16 38 6 9
87 43 4 2
51 68 10 8
61 84 3 9
63 27 3 4
46 38 3 3
65 36 8 4
66 59 4 2
22 65 6 9
77 36 3 4
10 20 7 6
65 77 7 8
48 86 2 3
89 5 5 3
87 93 9 5
53 6 2 8
67 67 5 9
61 9 10 11
95 60 2 4
33 4 4 9
