12 70 4 6
6 46 10 7
5 4 10 2
19 71 9 3
83 67 6 4
52 59 11 7
43 64 7 7
43 34 6 4
39 28 7 5
52 24 11 5
90 36 5 8
71 88 3 10
17 17 3 9
67 8 2 2
29 75 3 5
29 95 3 3
8 8 9 3
13 60 10 5
68 39 11 11
15 27 10 3
68 25 7 9
32 48 4 10
44 75 7 6
35 77 2 5
57 17 10 3
90 23 7 7
49 30 6 3
37 43 7 7
74 55 5 10
72 2 8 4
3 40 7 4
18 46 7 9
37 11 5 10
85 72 10 2
67 73 4 11
93 3 5 9
67 65 5 5
76 7 11 7
78 82 6 4
14 87 3 6
53 11 3 10
7 12 6 5
32 11 3 9
55 48 3 7
86 86 2 3
91 58 6 2
85 78 7 4
34 25 4 3
16 39 5 6
27 88 5 3
