44 95 2 2
67 70 2 11
51 84 11 10
52 33 2 11
92 34 3 9
17 71 8 5
66 37 5 8
7 59 8 5
24 47 4 3
43 90 7 2
49 39 2 3
91 23 3 8
70 73 3 6
2 15 2 10
22 10 8 9
12 31 10 7
30 54 11 8
56 14 6 8
37 28 2 8
19 80 4 3
77 10 5 10
83 46 10 9
78 30 5 6
41 42 3 2
13 5 4 2
26 28 9 10
61 27 6 2
42 17 7 9
11 25 8 2
50 69 9 11
4 51 6 2
50 24 10 8
68 86 5 11
37 77 8 10
63 13 4 9
63 60 2 3
38 5 9 8
24 79 10 8
2 86 11 9
76 84 10 2
70 5 9 2
91 86 4 8
79 88 8 10
7 54 9 4
17 84 3 3
11 14 7 5
42 56 3 11
83 64 8 5
91 10 3 7
70 12 3 9
