63 87 9 8
43 76 7 10
81 71 2 4
70 57 3 8
68 7 5 6
69 41 8 4
19 67 2 6
38 29 2 11
37 59 3 3
31 46 2 4
4 87 9 4
6 37 4 5
5 72 6 4
2 20 3 6
81 18 3 9
43 62 6 3
49 32 6 4
96 30 2 2
10 54 3 3
75 62 7 5
6 13 7 8
75 78 4 11
14 38 4 10
67 68 6 4
78 2 10 2
51 86 2 9
63 81 9 3
20 5 3 2
5 9 7 3
93 60 5 4
39 73 7 2
41 17 7 10
21 81 10 4
25 26 8 6
54 52 11 9
25 89 8 7
73 51 5 5
18 10 9 7
53 74 9 6
66 75 5 4
27 62 6 9
90 22 3 3
63 28 3 6
3 28 8 4
25 38 11 2
86 34 10 3
61 13 6 10
24 56 7 3
51 42 5 9
77 91 6 4
