88 69 8 4
80 12 4 7
32 31 10 6
55 93 6 5
70 89 4 5
42 27 10 3
72 58 2 2
90 50 7 10
48 87 2 3
80 47 7 6
37 84 10 10
10 7 11 11
55 43 11 6
27 20 5 9
17 34 5 11
70 66 10 10
31 12 7 4
6 68 9 6
41 60 9 3
55 11 10 4
45 45 7 3
13 58 6 4
92 88 3 7
56 79 3 5
73 38 5 10
23 55 3 8
36 23 2 2
56 65 9 4
27 39 4 7
5 54 6 9
77 79 7 7
57 20 3 9
85 9 3 10
3 21 5 10
14 88 5 2
61 55 2 2
29 48 11 5
64 30 3 2
70 26 7 7
16 48 9 5
26 83 6 10
40 2 7 8
15 24 8 3
54 25 2 2
60 31 3 5
42 15 2 3
70 20 9 4
89 21 9 10
29 59 10 9
90 8 6 2
