6 50 2 2
51 70 11 8
29 90 7 7
78 19 8 5
65 70 3 9
84 59 10 8
52 36 2 10
39 55 5 11
29 72 2 8
91 2 7 9
72 43 7 8
2 29 9 6
30 81 10 7
17 39 4 10
88 88 4 8
26 29 3 10
31 52 2 9
73 8 2 9
90 24 2 10
75 62 2 11
15 69 3 3
13 73 10 3
9 79 9 10
53 13 3 4
6 6 7 4
52 5 4 4
91 46 2 11
19 7 2 11
63 54 3 9
5 59 7 4
54 61 3 3
56 48 4 2
26 17 7 10
7 36 7 7
73 82 4 10
25 55 5 4
63 35 7 9
37 35 9 5
35 67 8 3
78 69 9 6
50 95 4 2
69 32 2 2
46 6 3 9
55 80 11 8
40 77 8 3
74 32 3 5
10 47 6 10
18 21 2 9
24 81 5 5
95 15 2 11
