49 11 3 5
71 91 6 2
11 31 11 8
23 44 6 2
58 9 5 10
60 35 2 9
34 70 10 4
81 64 7 11
7 70 8 11
79 77 5 2
39 57 9 2
4 55 8 8
55 63 10 4
25 92 5 6
63 40 6 11
17 3 5 10
83 24 4 6
10 82 8 7
45 84 9 7
38 2 7 10
83 9 9 10
64 2 9 9
13 96 11 2
9 13 3 10
26 24 11 8
53 2 8 5
32 63 8 4
95 16 2 7
63 21 3 11
23 33 5 10
90 44 7 9
66 76 11 8
9 50 8 4
9 65 7 4
67 16 6 11
50 28 10 4
77 51 7 10
84 88 3 8
47 43 3 4
72 86 5 3
5 21 3 6
68 31 6 5
18 51 9 9
49 50 7 8
45 73 3 10
33 18 7 2
41 51 3 3
30 42 6 2
2 90 2 2
93 24 4 3
