72 67 8 8
13 27 4 2
79 54 8 5
65 75 3 10
38 86 9 8
81 64 8 3
52 24 6 8
13 84 10 2
52 77 8 7
4 57 10 10
21 49 2 3
13 30 8 8
16 17 8 7
69 23 10 10
46 35 6 7
25 60 10 9
92 85 2 6
2 5 11 9
73 10 9 9
5 73 5 10
44 60 6 5
26 40 8 8
84 2 11 2
75 88 2 4
82 81 2 6
22 7 6 9
42 18 2 9
6 44 10 8
89 10 3 10
79 34 9 8
37 3 6 6
48 16 10 4
5 16 4 8
66 66 3 3
53 56 11 3
88 52 4 5
35 80 11 2
22 73 5 2
64 8 3 7
37 72 4 7
26 81 2 9
56 33 3 2
29 26 11 10
44 46 9 5
6 87 6 8
24 77 5 3
49 5 2 3
86 79 6 3
18 67 2 4
59 22 9 3
