35 85 11 9
11 62 10 11
4 69 6 5
31 17 11 9
18 39 9 8
19 18 8 9
28 29 6 10
84 59 11 4
93 19 4 8
36 40 7 3
79 84 11 4
2 4 5 8
33 50 4 9
49 61 5 7
20 77 6 5
76 38 7 4
22 52 4 7
56 20 10 7
71 33 4 3
94 66 3 7
62 58 5 2
86 49 6 6
70 2 6 5
82 25 8 3
75 59 6 3
62 44 11 10
66 75 9 8
79 63 2 9
4 16 2 2
59 14 5 3
38 32 3 7
96 28 2 4
45 30 3 2
64 4 4 7
6 39 9 4
6 61 4 6
87 10 5 6
40 50 2 6
27 61 9 6
15 84 9 10
4 21 8 8
12 56 6 2
30 10 3 2
27 71 2 7
57 94 9 2
51 10 9 3
75 94 5 2
6 84 8 7
50 78 7 4
42 64 2 5
