89 18 2 7
93 40 5 5
40 44 5 2
82 46 4 7
68 68 3 6
76 42 2 9
32 62 4 6
80 3 9 5
44 63 6 2
40 3 2 7
25 74 8 10
69 30 2 10
33 39 2 3
50 3 3 7
83 84 9 6
14 25 5 6
48 11 6 3
59 84 9 4
10 66 3 3
8 59 5 4
58 21 2 3
87 27 9 3
44 94 7 3
53 48 3 11
70 3 5 3
67 10 6 7
18 14 2 10
21 82 3 6
37 76 2 10
10 79 5 5
61 75 8 6
14 33 7 11
43 88 9 5
18 45 5 7
35 45 4 9
27 2 9 3
90 50 6 6
93 79 4 7
24 30 9 7
43 77 10 4
76 33 2 8
63 15 2 9
74 27 9 5
8 47 5 3
46 20 10 6
81 13 4 10
56 35 3 6
92 31 5 3
70 18 2 8
10 3 4 4
