36 9 9 10
49 26 3 4
50 10 8 8
79 45 9 9
86 27 8 6
73 75 7 7
53 79 2 11
5 21 7 4
31 90 4 3
45 80 4 8
26 39 3 11
67 36 6 9
12 34 11 2
77 90 5 4
70 16 9 5
37 54 8 5
31 61 7 3
47 47 7 3
81 12 7 7
3 80 9 10
31 2 8 3
63 30 8 4
41 45 4 6
86 71 10 5
22 20 2 7
63 88 2 7
4 54 6 7
18 87 2 2
11 54 7 10
8 11 9 3
86 61 11 3
16 71 10 5
69 63 10 10
48 54 7 6
68 46 10 2
37 71 4 10
65 55 3 3
21 81 5 8
20 60 6 3
42 68 6 4
19 45 6 11
40 28 3 3
46 51 5 2
45 36 11 5
85 2 9 6
83 35 6 9
62 13 4 11
84 86 10 2
2 71 5 6
58 78 4 5
