40 69 6 2
84 61 3 3
38 53 10 5
91 44 6 9
77 59 5 3
15 35 9 2
42 32 10 9
45 44 10 2
82 45 8 5
5 55 4 11
39 79 10 9
12 55 3 8
36 3 5 8
17 77 2 3
78 12 3 10
92 64 2 2
19 65 7 3
57 18 11 6
21 14 8 4
54 50 6 10
12 71 4 5
55 25 6 6
89 13 3 7
28 86 10 9
37 61 6 4
96 55 2 6
20 2 7 5
63 58 11 2
12 85 3 9
2 84 6 8
46 96 8 2
95 30 2 7
75 82 9 7
13 16 4 9
49 24 2 3
64 50 6 4
5 38 9 6
88 78 4 3
15 42 2 4
26 70 11 7
64 4 11 9
74 26 4 11
59 66 5 10
11 6 5 9
2 95 6 3
23 25 4 4
90 87 5 5
63 82 3 2
67 70 9 6
67 38 5 8
