33 63 7 5
76 66 2 9
78 12 5 9
55 90 10 3
54 44 7 6
51 63 11 8
23 38 6 2
38 3 5 6
29 22 2 2
89 81 8 3
49 57 9 2
14 54 6 9
77 78 8 6
51 41 5 2
17 42 3 6
16 21 11 3
39 15 11 2
56 76 10 4
3 6 7 8
36 32 5 9
92 41 3 11
69 2 2 8
63 21 8 7
38 45 9 10
77 61 9 3
15 71 5 4
2 84 8 5
21 53 7 5
72 45 9 6
51 32 8 3
4 39 8 2
39 27 6 2
11 43 3 2
69 87 3 10
17 95 3 2
89 21 5 2
83 26 10 10
51 9 2 4
34 4 2 8
84 86 2 5
82 41 5 3
8 46 2 9
77 54 11 2
63 11 6 9
63 58 7 2
31 50 3 7
32 23 3 5
73 35 8 3
90 90 8 3
38 23 7 3
