48 43 4 3
61 6 11 5
21 13 7 5
80 23 8 11
83 66 9 10
40 48 2 2
54 37 9 11
51 24 9 5
38 28 3 4
21 48 2 10
15 75 6 9
36 72 7 4
86 40 7 10
50 4 2 8
32 83 11 4
90 10 4 3
31 8 10 11
12 2 2 4
13 42 6 4
50 15 9 4
12 62 4 4
45 36 8 5
28 89 4 6
18 23 5 7
25 80 5 5
22 59 9 10
75 9 9 7
17 92 5 4
84 89 3 8
33 93 7 4
91 22 2 9
47 80 10 8
42 63 10 4
62 91 7 3
29 52 9 3
90 53 3 6
65 37 9 8
64 64 2 10
75 51 6 3
16 3 11 6
82 4 8 3
9 48 6 4
5 82 3 5
60 80 9 10
4 21 7 3
6 28 8 4
9 33 9 6
56 32 6 3
53 3 7 6
13 88 7 2
