89 48 6 2
89 56 2 9
87 25 4 10
35 28 9 5
65 63 3 7
22 26 4 3
48 38 5 9
86 80 9 10
36 50 4 10
75 69 3 7
55 37 9 10
63 93 2 2
92 20 6 7
14 59 7 4
9 8 10 9
77 29 9 11
21 80 9 5
11 56 2 10
76 45 5 6
83 3 11 6
11 18 10 9
47 75 8 8
56 2 9 6
39 20 11 5
69 13 7 9
48 95 6 2
7 39 11 10
69 80 3 10
76 84 3 8
34 6 2 4
73 2 6 10
33 67 3 5
7 76 10 7
6 85 7 4
29 92 11 3
49 29 4 6
92 34 4 11
62 51 9 10
64 72 6 7
20 36 11 8
61 25 3 9
79 67 9 2
81 10 10 10
33 78 4 7
20 69 11 6
51 60 7 5
65 9 4 2
66 36 2 5
24 11 11 4
80 54 2 9
