66 77 4 7
64 9 6 6
85 74 11 4
51 25 8 9
95 64 3 8
4 75 11 7
53 86 3 8
39 52 2 11
62 38 6 6
83 95 10 3
70 65 4 10
51 45 3 6
45 66 2 2
4 50 3 7
20 9 2 3
4 29 9 11
21 43 9 8
36 37 10 9
46 5 8 9
23 61 3 11
36 26 9 5
88 44 3 9
4 41 3 2
35 73 7 5
71 50 9 7
5 68 9 6
35 80 3 2
75 67 6 4
17 78 2 4
39 18 9 5
75 82 7 11
38 49 4 2
28 8 9 4
62 61 5 10
51 38 10 6
88 55 3 3
27 56 10 2
17 87 8 4
65 17 8 7
6 14 3 7
24 21 3 11
76 8 6 4
30 73 2 8
92 16 2 6
16 37 10 3
93 26 3 8
84 40 2 11
94 81 3 5
73 62 8 2
20 55 3 5
