66 93 10 4
60 36 10 2
73 57 2 9
9 14 5 8
44 68 5 11
26 73 9 4
47 47 3 11
40 22 2 2
58 8 5 10
64 5 11 6
79 68 8 8
63 25 2 4
48 27 2 2
36 86 2 5
47 87 3 6
3 77 8 4
3 44 7 9
72 75 2 7
84 49 10 9
83 10 10 10
51 24 4 6
74 27 8 7
34 4 10 7
75 40 7 5
75 21 8 2
59 20 8 2
52 11 4 3
14 39 2 5
16 8 6 7
13 23 5 5
31 44 6 4
26 23 3 6
11 83 4 6
20 45 10 7
40 83 6 4
27 84 6 9
30 24 3 4
20 58 9 4
17 34 3 5
89 70 2 7
41 48 5 8
19 22 6 6
35 63 4 4
86 59 7 3
10 65 4 4
86 30 6 8
63 54 9 6
20 75 3 11
13 50 6 5
93 74 3 6
