60 9 9 11
34 3 10 11
40 36 4 5
52 70 2 9
26 86 3 11
25 55 11 9
71 2 2 5
30 43 11 9
67 68 2 9
4 8 7 5
78 11 2 7
4 2 9 3
5 51 5 10
17 28 11 4
39 85 5 2
33 26 5 7
29 75 5 3
16 62 5 4
90 55 4 4
58 26 10 3
84 71 9 9
2 80 11 10
4 27 2 8
79 37 6 2
57 64 8 8
92 34 2 8
48 55 6 7
78 62 7 5
39 59 8 5
51 14 7 8
30 7 2 10
57 51 7 9
15 5 11 11
6 69 9 7
87 3 10 4
96 54 2 7
10 14 2 5
49 28 4 7
61 33 9 6
36 81 6 3
71 17 4 5
45 89 3 6
89 27 7 3
75 33 9 2
65 59 2 2
71 63 6 4
63 84 5 8
12 28 3 9
4 36 5 9
89 37 2 10
