16 88 4 4
63 43 5 2
13 47 10 2
6 19 10 9
66 85 2 8
37 68 2 7
74 80 5 5
95 70 2 3
90 87 7 11
72 53 3 7
22 15 4 3
40 51 5 7
38 15 3 7
61 26 5 5
11 60 7 5
5 43 2 8
37 76 4 3
50 46 3 3
46 90 7 7
44 77 10 10
93 4 5 7
80 68 5 8
15 73 10 6
23 88 9 6
86 40 8 11
42 6 10 6
37 25 3 3
73 8 3 7
34 62 4 5
71 36 7 6
82 34 9 3
68 65 6 9
2 3 7 11
3 38 10 4
41 86 2 6
51 19 7 6
36 42 5 5
45 28 6 11
67 17 5 5
16 34 7 8
26 22 2 11
5 65 2 6
83 54 10 11
2 80 4 6
61 73 6 9
28 74 2 4
62 61 5 2
62 11 4 9
28 95 10 3
24 2 10 10
