62 59 7 6
67 52 7 5
49 48 10 2
88 20 5 11
35 46 8 10
2 3 8 8
63 18 7 4
13 65 10 2
18 38 8 5
86 40 10 7
55 83 6 2
50 64 7 2
68 70 5 3
7 87 4 10
25 19 3 11
31 3 5 7
7 39 7 9
3 75 9 3
45 30 5 2
72 87 9 5
74 20 2 2
45 9 9 3
13 71 4 3
21 89 11 6
76 64 4 5
24 9 5 2
78 36 2 8
84 68 10 7
69 45 3 6
41 60 8 5
45 13 9 6
63 93 5 4
12 13 4 5
19 48 10 9
77 4 6 6
65 32 9 10
33 79 6 10
42 39 5 4
34 72 11 6
78 53 6 4
44 69 7 2
47 87 6 7
95 64 2 2
61 5 4 11
40 34 10 3
84 5 6 4
92 81 5 9
50 42 11 2
23 33 3 2
54 57 6 4
