83 68 11 5
35 23 3 8
34 40 3 10
81 77 2 3
59 30 11 8
40 48 4 7
16 86 7 3
9 78 6 8
18 48 3 8
42 56 4 9
33 89 11 5
52 20 9 5
54 69 10 5
88 53 9 11
17 69 6 6
15 13 10 4
23 58 3 2
56 78 6 11
42 77 8 4
85 32 11 6
11 63 5 2
28 69 9 8
59 4 2 5
81 57 4 8
2 37 3 3
90 79 4 7
60 61 4 3
66 47 6 4
6 65 2 9
87 18 9 5
10 28 3 9
19 4 4 4
73 26 5 4
72 74 6 5
38 33 7 6
45 27 5 3
48 61 7 2
11 5 5 6
69 87 10 5
67 17 4 8
63 88 5 2
57 43 4 7
44 66 2 10
87 40 10 8
22 29 8 6
4 23 11 3
17 23 3 8
51 91 4 7
14 91 8 2
8 87 3 8
