86 3 9 5
89 9 7 5
26 6 9 6
13 10 4 11
15 52 8 8
73 73 9 9
23 68 3 4
71 62 8 10
72 29 11 3
35 64 8 9
69 10 10 10
20 82 5 3
35 75 2 2
48 83 9 10
52 16 4 10
2 4 5 7
68 25 5 2
36 93 7 4
76 34 3 11
24 13 2 7
86 43 10 7
47 5 3 4
31 33 8 7
27 76 2 4
15 36 11 9
44 10 8 5
24 87 3 9
59 48 10 5
25 55 5 11
42 36 10 10
5 27 5 10
37 43 3 3
49 76 11 2
13 89 8 9
61 15 3 6
96 63 2 2
36 21 9 3
65 31 3 10
7 87 4 2
76 85 10 10
51 48 7 2
92 62 3 11
35 87 6 5
86 62 5 4
4 92 6 6
62 5 6 3
88 93 8 4
22 21 2 9
13 72 5 8
10 74 2 3
