48 73 3 9
86 43 6 7
40 3 11 9
49 33 11 5
66 24 9 10
75 51 9 10
9 7 11 10
54 44 2 7
18 29 2 4
72 79 3 7
83 22 5 2
91 11 6 9
56 68 4 9
89 89 7 5
4 26 9 11
33 19 11 6
62 43 3 5
21 6 3 5
96 68 2 8
38 51 10 3
45 78 2 10
68 62 8 4
64 37 7 5
69 68 11 6
77 34 2 7
21 88 11 3
18 73 5 5
88 37 8 4
83 82 2 8
43 29 3 2
12 81 3 4
31 8 2 8
90 58 5 5
25 34 5 9
16 91 2 7
76 21 2 6
72 42 2 7
61 83 9 2
84 30 3 9
50 46 3 6
29 54 2 11
40 75 4 8
5 38 6 5
63 90 11 4
14 59 8 9
83 66 11 6
10 64 3 2
3 49 4 8
28 73 7 8
33 44 3 8
