58 73 7 11
2 39 8 11
20 45 9 3
22 58 8 3
67 93 8 5
11 81 8 10
17 20 5 4
66 39 10 3
33 54 10 7
27 82 11 9
75 12 10 8
22 78 5 2
30 5 8 10
24 27 2 10
39 43 5 10
87 42 2 10
21 91 3 6
44 58 2 3
89 73 4 4
55 45 9 3
36 63 8 11
89 81 3 7
51 21 2 7
66 69 2 10
61 23 10 5
25 16 11 5
85 22 3 11
2 58 8 6
82 74 5 6
8 2 10 8
43 7 4 11
12 54 5 7
90 30 8 2
23 75 5 2
77 70 4 3
93 57 3 11
81 65 8 4
43 29 8 5
13 14 11 2
67 14 6 6
93 41 5 5
70 66 9 2
78 26 5 10
5 26 6 3
62 59 6 9
80 44 6 2
66 10 6 3
52 32 10 2
53 93 7 4
83 88 3 6
