54 23 8 5
13 75 10 8
77 93 8 4
37 15 8 4
41 31 9 3
52 6 6 6
34 20 10 5
44 66 3 7
66 15 9 7
20 85 7 5
84 24 4 8
90 19 7 6
61 47 2 5
10 21 11 9
46 42 5 4
62 65 11 11
65 30 11 4
29 20 3 6
76 63 10 5
91 41 4 4
16 37 10 7
67 86 6 4
50 61 5 5
11 58 9 3
28 48 6 10
43 85 8 4
9 10 4 9
75 53 11 6
34 5 10 3
90 28 5 6
51 79 4 2
81 9 9 3
37 59 10 2
42 94 3 2
87 59 11 2
64 2 2 5
37 46 4 10
6 87 11 3
10 53 9 2
17 9 7 5
4 28 2 10
33 74 11 7
77 83 11 2
6 49 3 5
78 17 3 4
59 38 10 6
30 32 5 10
92 69 6 10
13 39 2 8
54 73 2 4
