44 39 4 7
51 56 2 9
48 49 7 2
53 74 2 2
54 34 4 6
84 32 3 8
90 73 6 4
22 32 9 3
66 53 2 11
85 4 5 7
56 71 6 5
63 36 3 7
84 84 2 3
36 29 4 8
34 18 11 8
64 27 4 3
24 40 8 11
69 62 2 10
80 44 8 11
45 33 3 2
61 14 4 5
79 80 4 9
12 79 11 9
82 12 7 3
55 3 5 7
2 40 10 8
37 6 6 5
71 59 4 2
7 19 3 7
52 86 3 7
56 63 3 6
16 10 10 8
68 36 9 11
63 87 10 3
26 57 9 11
19 52 5 4
63 91 5 3
68 7 3 10
61 82 3 2
64 48 6 2
89 82 3 6
48 16 2 11
3 64 7 8
81 60 4 7
93 55 4 11
14 20 10 5
41 58 3 3
23 94 4 2
89 53 2 7
84 73 3 5
