75 35 3 6
25 51 8 5
87 78 3 9
33 79 5 4
22 72 10 10
89 29 6 6
33 32 4 3
49 15 5 11
93 68 4 7
47 80 9 7
52 43 6 7
12 9 3 7
8 44 7 6
60 30 7 11
26 41 9 3
84 69 7 4
67 12 8 7
93 47 2 11
57 53 8 3
35 51 4 9
4 31 11 7
79 47 5 2
43 71 2 8
46 70 8 4
31 10 3 8
58 67 7 6
89 2 7 4
78 69 3 4
80 89 5 4
16 58 11 3
76 60 8 2
62 78 7 2
57 17 5 3
30 67 10 2
35 4 7 5
11 51 9 2
67 46 11 3
20 19 10 2
51 89 7 5
68 20 5 4
40 33 3 7
38 93 8 3
72 63 2 11
6 77 9 8
87 7 9 3
6 13 5 5
96 29 2 2
38 25 3 2
80 10 4 9
47 6 6 6
