8 68 7 11
84 48 10 7
90 18 6 3
24 58 3 8
59 57 9 7
30 58 4 10
18 17 2 5
16 5 6 2
52 26 6 9
17 36 9 6
94 5 4 7
64 37 10 7
90 72 2 9
77 77 6 6
26 29 6 5
66 85 8 4
39 76 9 3
3 6 9 6
42 16 7 5
55 78 10 3
2 2 11 2
14 88 11 10
57 42 6 5
82 72 5 2
71 24 10 11
26 71 10 6
38 89 10 8
6 56 5 2
28 45 6 3
40 52 7 6
92 30 4 2
3 88 6 9
3 42 9 3
6 38 10 3
50 89 4 5
6 23 2 6
30 9 11 10
84 58 11 4
57 68 10 9
22 81 2 2
46 71 4 4
43 68 8 2
73 54 4 9
85 78 2 9
31 36 9 6
38 60 10 5
85 95 8 3
86 33 4 11
93 25 4 2
63 50 7 4
