34 71 6 2
47 21 5 5
82 39 9 5
86 81 9 3
84 21 10 6
50 36 6 10
72 56 4 6
78 77 3 7
48 91 5 2
30 45 9 2
60 78 6 7
59 70 6 4
91 73 6 4
10 15 10 10
72 31 7 2
9 57 7 8
14 91 9 7
69 5 4 4
75 46 8 9
29 17 5 5
68 85 10 2
77 58 6 7
25 49 6 2
63 10 6 6
12 76 8 7
90 28 2 4
18 84 4 6
24 76 11 2
78 94 7 4
73 19 8 5
48 63 8 8
14 27 5 3
54 7 4 6
74 34 3 3
35 7 6 7
87 52 4 9
33 57 8 5
24 19 2 2
38 27 3 2
57 24 9 2
17 2 6 6
22 54 8 7
38 22 4 4
28 80 10 2
55 87 5 10
84 35 3 3
67 89 7 2
22 26 11 5
21 66 3 6
41 65 3 10
