28 62 6 4
79 39 8 2
3 42 3 9
92 84 3 3
37 84 11 6
78 28 9 8
79 90 5 3
54 25 8 11
70 71 9 11
65 14 6 2
42 68 4 4
82 53 9 6
23 52 9 7
22 35 11 4
6 3 6 4
71 48 4 9
21 61 4 7
64 84 5 9
68 20 6 8
28 93 6 3
54 71 3 9
56 54 10 7
2 21 10 2
7 8 4 9
75 19 2 9
13 85 8 7
93 9 2 8
17 42 9 4
18 12 11 3
40 46 2 8
2 76 10 6
75 88 3 8
34 23 10 3
54 48 11 5
54 90 5 5
40 60 4 2
60 68 8 3
83 69 10 4
85 88 3 7
48 4 10 10
90 3 7 3
85 65 5 2
22 26 11 7
80 8 11 7
16 69 11 2
36 73 3 4
35 13 2 6
60 81 3 7
47 44 6 10
11 25 6 3
