93 86 5 10
24 41 5 9
92 79 3 5
36 71 3 8
82 39 5 5
46 89 10 9
46 21 6 8
8 50 4 9
59 45 7 2
72 18 3 4
23 62 5 11
13 67 8 7
86 21 6 5
67 41 11 11
84 68 11 7
24 92 6 3
55 7 8 9
75 31 8 4
53 63 4 2
4 5 10 3
73 68 9 10
6 39 5 3
32 23 10 9
31 57 2 7
49 74 7 8
12 76 3 11
16 9 6 6
58 26 2 6
49 49 8 10
58 35 11 3
66 10 4 10
84 76 6 11
65 89 3 4
13 48 9 5
23 76 2 4
90 39 2 5
22 24 5 6
38 87 4 5
43 10 2 11
13 28 8 10
38 61 7 7
94 30 2 3
36 81 9 3
38 93 2 5
82 10 6 8
29 7 4 6
27 87 7 4
69 2 11 2
80 58 2 7
54 23 3 10
