72 19 5 7
28 71 8 2
57 49 9 5
44 2 8 11
34 76 6 7
78 80 3 11
76 43 6 9
62 33 11 10
5 86 8 7
35 88 8 5
61 11 2 8
13 56 6 8
32 19 3 11
90 40 4 2
28 44 10 11
55 56 8 11
82 8 10 7
90 81 4 4
54 81 10 2
51 69 8 6
32 64 3 3
36 31 4 9
46 48 2 2
30 4 7 10
27 84 8 3
48 27 4 9
19 86 6 9
18 40 6 6
25 57 9 2
54 88 10 5
84 27 3 6
21 72 6 2
75 8 5 8
81 24 11 2
66 89 8 5
83 46 7 6
61 25 7 7
15 10 10 10
11 31 4 9
63 72 8 8
20 47 7 8
65 58 5 10
86 55 2 9
4 76 5 2
83 94 8 2
14 68 3 7
75 73 4 3
42 19 7 6
92 60 4 4
4 51 4 5
