21 76 11 6
26 24 11 6
62 69 5 7
61 39 6 9
40 39 10 2
2 36 4 9
12 16 6 3
89 89 3 6
14 85 9 3
55 70 3 2
25 65 6 5
63 59 8 4
83 31 5 11
84 16 3 8
55 84 7 3
81 4 11 7
47 15 6 5
5 21 10 2
53 47 5 4
42 2 11 2
18 33 5 5
6 48 7 3
51 89 11 4
92 30 3 10
63 24 10 6
11 26 3 10
40 72 8 3
47 29 3 4
37 8 6 4
34 14 2 8
16 46 7 9
23 9 6 8
36 81 9 9
13 90 4 5
47 23 10 3
84 50 9 2
22 56 8 7
80 72 9 7
68 89 3 4
69 34 7 8
2 74 10 5
89 67 5 4
57 52 9 5
3 4 3 3
38 18 4 10
86 45 6 4
67 11 8 2
68 46 7 5
46 56 3 7
75 86 10 9
