33 22 7 11
62 36 4 8
22 20 7 10
53 51 3 9
55 25 3 10
28 61 9 3
18 42 7 5
64 28 4 2
64 72 10 7
82 20 5 8
48 66 9 4
27 41 6 7
58 15 6 3
36 76 10 10
29 5 3 9
70 39 6 11
66 68 4 3
4 46 5 2
77 60 9 2
6 34 7 7
90 49 7 5
81 80 9 8
42 2 5 8
21 92 2 4
7 15 11 3
47 16 8 8
42 51 4 4
11 25 7 7
77 70 9 9
15 79 10 9
12 70 11 5
59 6 6 7
71 25 6 11
69 7 10 3
36 8 4 4
32 81 2 2
88 19 9 10
10 52 9 9
10 6 7 4
36 14 9 5
81 16 4 3
4 5 5 4
11 43 6 3
58 51 7 4
83 35 7 3
13 66 3 3
24 15 2 2
70 87 4 9
14 35 4 2
59 85 3 5
