18 38 9 3
8 60 4 7
51 23 2 5
93 53 3 9
59 20 3 9
61 66 3 8
18 75 2 2
83 29 2 11
67 8 9 10
68 39 4 2
27 50 10 8
16 30 5 2
5 5 10 5
34 31 2 11
40 71 2 9
10 84 9 4
23 59 3 4
56 32 9 10
62 86 8 2
78 47 3 4
19 9 4 4
39 3 11 9
50 79 6 8
25 22 2 8
8 50 2 3
8 23 4 3
56 53 11 3
52 61 2 11
40 57 8 6
80 14 7 9
13 92 4 6
84 43 6 9
77 27 4 6
91 64 2 4
57 69 2 4
19 90 11 6
95 89 2 2
29 16 8 9
76 91 8 6
14 49 9 7
75 55 9 10
43 92 7 3
6 72 7 10
43 34 6 3
93 13 2 9
6 94 6 4
24 77 4 9
27 9 2 2
72 56 2 5
8 13 6 3
