82 60 4 10
20 36 6 3
30 58 5 10
26 20 4 6
26 2 2 10
63 69 10 5
5 52 5 4
11 11 5 9
32 19 6 7
51 54 2 2
56 53 7 2
55 10 10 7
6 29 3 7
82 86 11 6
44 83 2 11
44 66 7 11
45 11 6 9
32 2 9 9
92 55 5 8
59 58 2 10
69 57 2 6
60 24 7 9
79 42 3 10
19 62 3 6
46 59 2 4
8 71 3 10
39 32 6 5
79 2 4 8
62 89 10 5
23 78 5 6
49 30 6 6
7 57 8 8
74 12 11 4
90 71 5 4
2 75 2 10
58 49 8 3
7 83 7 5
29 86 4 9
75 72 10 4
44 38 6 8
89 28 3 11
5 92 9 4
18 86 4 7
11 5 10 3
17 13 2 6
76 62 5 9
36 61 3 11
73 82 2 6
89 11 3 6
34 95 6 2
