6 55 4 2
15 72 4 2
57 28 9 8
27 48 5 4
3 78 5 4
80 70 10 11
25 95 3 3
9 7 4 2
80 15 5 7
43 15 9 3
63 37 4 2
67 62 9 6
40 71 4 2
94 21 2 10
29 93 2 4
3 28 9 10
91 35 5 6
7 44 6 7
43 60 5 3
95 70 2 4
53 68 7 7
33 80 5 3
9 2 2 2
38 49 6 5
93 84 5 11
12 15 2 5
85 58 5 3
26 68 8 11
73 85 3 10
96 59 2 6
41 28 8 11
31 60 10 6
24 19 4 6
78 87 7 5
71 47 3 3
4 10 11 3
36 20 8 2
80 49 4 7
88 88 3 7
82 63 7 5
58 76 11 9
6 61 3 4
55 56 5 11
19 38 5 11
47 40 9 3
16 26 11 7
29 18 2 3
73 53 5 8
10 89 5 7
18 75 7 8
