60 26 2 6
14 92 2 4
3 86 2 7
73 88 2 7
50 76 8 2
18 6 9 10
44 39 9 4
50 5 8 8
73 26 6 2
14 64 8 7
40 59 7 5
65 18 3 5
58 65 7 10
90 38 6 2
43 65 6 2
2 52 3 9
16 26 7 10
86 15 7 3
21 44 3 6
82 48 4 7
35 9 5 11
54 53 10 5
44 25 4 6
30 53 11 4
24 83 4 9
61 43 9 8
44 47 10 2
73 44 6 3
40 69 11 5
75 81 8 4
75 71 5 3
18 94 2 4
12 53 11 5
68 29 5 9
75 56 5 5
63 94 5 3
76 67 7 3
10 75 4 4
43 80 10 3
52 84 5 6
69 65 3 10
91 41 5 3
33 30 9 4
25 27 3 7
54 29 2 4
81 71 7 9
38 22 3 6
72 5 11 10
29 87 10 7
16 78 3 10
