9 14 11 4
71 23 3 3
36 55 2 2
17 24 8 7
59 61 8 10
75 7 6 8
30 80 8 8
36 67 5 9
59 10 9 5
41 86 2 10
47 60 4 8
67 31 11 8
60 81 8 5
20 9 10 4
22 51 4 2
88 82 10 10
33 27 11 6
9 77 2 7
17 71 3 11
87 46 4 4
81 29 9 8
58 45 9 7
17 51 2 11
50 46 5 11
93 21 5 8
62 88 4 6
34 4 7 11
55 87 2 7
79 65 9 9
86 3 4 10
24 90 7 4
69 70 8 7
73 54 7 7
68 88 11 2
35 47 2 7
20 2 5 5
54 23 9 8
34 39 7 7
83 26 9 2
89 59 6 5
85 18 2 7
27 72 8 7
29 61 11 2
40 82 9 2
5 21 6 8
3 71 2 4
15 89 7 7
26 36 7 9
14 32 7 6
69 51 2 10
