39 51 11 2
54 47 10 7
8 68 11 3
14 10 9 11
43 80 2 3
86 5 4 11
57 91 3 4
41 3 7 6
14 42 8 5
92 47 5 6
26 9 3 9
57 59 11 10
31 76 9 6
79 90 11 4
32 60 5 8
40 11 8 2
21 76 5 10
42 19 2 2
70 42 7 10
72 5 6 11
39 29 2 11
72 81 2 7
33 21 3 6
33 56 4 3
92 86 5 5
32 87 8 4
9 74 6 9
2 3 2 5
68 7 2 4
25 43 7 6
30 14 8 5
26 50 4 8
51 71 7 6
52 36 10 4
57 15 5 11
91 66 6 8
54 79 6 4
71 28 2 6
76 55 4 2
76 71 6 2
7 48 9 2
27 77 2 8
5 7 6 6
11 59 11 8
47 28 3 5
61 70 8 2
35 4 2 8
46 18 9 7
33 92 6 4
9 90 9 3
