33 21 3 9
63 83 2 4
32 60 2 4
72 39 8 9
72 67 11 9
6 52 2 8
89 56 4 11
50 55 10 6
16 70 10 10
10 61 10 7
20 21 4 4
74 91 8 4
48 23 4 10
90 22 6 8
77 7 11 4
45 76 4 5
68 66 3 10
15 46 11 8
80 12 4 10
24 31 10 5
40 26 4 4
52 9 5 6
53 32 11 10
58 10 3 4
11 23 4 9
83 29 4 8
50 42 2 10
64 27 3 4
18 31 5 5
66 42 3 11
61 70 4 9
36 35 2 7
85 76 10 8
59 19 6 2
67 59 2 3
4 88 9 3
36 92 6 3
49 2 6 6
30 73 6 6
5 83 8 3
3 73 8 5
89 6 4 10
17 81 8 7
55 92 4 6
36 59 3 3
93 88 3 2
70 52 7 9
30 2 5 10
45 85 3 3
17 10 5 8
