15 68 9 8
83 61 8 5
51 75 4 7
55 90 4 8
4 83 2 7
41 76 6 4
22 7 4 2
87 26 5 6
9 39 7 2
24 18 3 6
45 36 5 11
62 40 8 9
73 11 3 11
11 54 5 6
30 49 11 7
59 78 3 9
79 6 4 10
49 9 4 9
27 79 2 8
72 24 2 3
74 71 8 11
31 69 3 9
75 65 4 5
24 30 11 5
2 32 2 8
6 94 2 4
27 88 3 2
49 66 9 5
87 13 5 9
19 50 3 10
43 61 5 10
3 62 6 4
61 30 6 2
44 81 4 10
89 2 7 2
60 18 2 8
79 55 10 5
18 63 10 4
8 14 11 8
31 85 11 2
3 71 10 11
69 90 10 4
37 82 6 2
32 90 4 4
78 50 11 3
5 47 9 3
55 16 2 2
16 26 6 10
15 82 7 5
52 39 8 5
