44 68 3 2
20 21 3 7
50 12 3 10
74 57 8 8
51 59 6 10
68 85 7 6
8 68 4 8
52 51 9 7
73 5 4 11
17 78 11 6
35 7 10 7
66 42 5 5
10 13 9 7
56 86 10 3
87 31 5 11
84 59 3 11
60 36 3 6
23 60 11 2
57 23 2 2
33 34 11 11
81 75 6 8
11 33 5 2
63 9 6 10
47 32 7 6
65 56 8 11
70 71 2 5
77 29 6 7
72 38 5 6
73 46 11 5
89 61 3 5
36 82 3 3
6 46 9 5
85 84 10 3
23 15 11 3
27 72 3 5
33 90 10 6
49 79 2 3
32 4 2 10
13 61 9 5
9 87 10 5
94 6 2 11
41 50 8 10
69 25 9 3
18 50 3 3
82 13 11 9
57 91 9 4
41 23 3 6
36 61 5 10
52 79 2 7
46 10 3 7
