77 55 2 5
23 16 10 7
59 34 2 5
71 23 2 3
32 60 8 10
15 48 3 10
6 38 5 5
63 92 3 4
85 86 5 6
79 65 2 9
55 51 8 3
51 15 7 9
25 3 10 8
81 51 8 3
35 23 3 8
88 32 6 4
4 89 4 7
74 88 3 8
11 26 11 4
84 58 5 9
52 68 7 5
17 3 5 6
26 36 10 3
71 42 4 4
36 9 7 9
24 51 7 6
17 63 5 6
65 48 5 2
33 45 6 10
66 69 2 10
44 7 8 6
18 38 7 7
14 87 11 3
70 86 3 8
86 70 4 2
86 45 7 5
82 32 3 8
81 27 2 2
43 75 8 7
89 26 3 2
50 42 11 4
41 19 5 4
45 36 2 6
85 78 8 6
61 56 6 4
64 81 4 10
78 79 5 4
26 81 11 4
63 12 2 3
95 79 3 9
