71 7 7 4
22 57 8 7
11 46 6 4
2 28 9 7
36 76 6 5
70 18 8 5
81 19 11 11
77 57 10 7
4 76 3 5
25 36 4 5
65 85 2 2
62 31 5 6
50 82 7 2
5 65 10 10
85 88 8 10
46 35 7 7
11 86 5 8
84 67 6 11
16 79 4 2
28 46 6 10
36 66 10 2
10 6 5 10
53 67 10 9
24 72 11 3
41 89 2 6
64 40 3 7
54 14 10 7
89 38 5 6
27 93 5 5
35 9 6 5
88 56 4 4
38 23 11 10
38 46 4 9
59 58 6 3
59 2 8 9
31 15 9 2
19 3 9 2
48 15 4 5
83 6 8 5
56 25 3 5
70 33 3 2
16 12 8 6
47 90 7 6
3 40 8 3
68 40 2 11
26 33 10 2
24 84 4 2
79 87 5 9
20 49 5 6
35 56 7 6
