32 16 9 11
38 40 6 10
40 54 3 3
86 59 2 9
38 60 11 3
69 65 5 11
26 34 7 9
51 72 11 5
13 20 7 5
75 47 5 8
45 75 5 4
57 52 4 9
18 62 6 8
10 35 4 5
18 46 8 8
88 30 6 5
83 2 2 9
65 33 8 6
87 51 6 2
23 85 6 9
75 64 6 9
16 85 2 4
21 22 7 2
65 8 2 2
34 76 2 3
40 86 7 7
72 85 3 8
20 7 6 9
84 13 7 8
7 59 2 10
86 85 11 10
7 73 10 9
91 37 2 9
35 29 4 4
52 82 10 2
19 29 6 10
79 23 7 5
61 23 4 9
51 25 9 2
55 87 5 3
48 32 4 3
40 75 4 10
44 25 3 5
73 16 3 8
91 55 4 5
86 71 5 6
22 75 3 6
66 77 6 3
66 51 4 9
38 5 6 6
