59 24 8 2
33 82 7 6
73 65 11 3
70 86 6 6
41 88 10 7
19 30 6 6
25 88 7 7
12 78 7 9
66 35 10 5
17 73 6 2
87 76 2 2
50 4 4 7
87 92 7 4
85 81 9 2
54 87 7 5
11 29 3 8
3 31 3 10
32 29 4 7
6 61 7 4
72 4 7 3
85 15 6 5
2 70 3 11
91 8 4 3
38 69 2 2
40 7 9 10
83 24 4 4
56 43 6 8
58 75 6 5
81 38 6 5
70 20 3 2
8 11 2 5
34 57 6 6
70 75 7 7
37 44 9 8
95 76 3 3
18 89 2 2
73 55 8 2
45 67 11 7
68 29 8 2
48 26 6 5
2 48 8 7
64 49 10 5
46 61 3 5
90 45 5 9
52 56 3 7
78 41 2 2
70 11 9 3
92 33 5 3
95 80 2 8
22 39 9 10
