8 4 6 8
55 4 6 8
15 79 5 2
83 73 2 9
62 78 4 10
43 48 7 6
25 69 7 11
30 32 6 11
80 56 6 11
34 88 9 8
37 11 8 5
81 34 2 3
26 46 8 3
11 52 6 10
56 62 7 3
32 57 7 4
4 45 5 4
14 89 6 6
47 72 7 2
17 26 6 11
86 3 4 9
35 62 9 9
86 82 2 5
34 22 10 3
57 28 11 2
91 80 2 8
47 13 5 8
11 21 2 7
47 28 9 4
70 13 8 6
70 74 10 3
95 64 2 10
58 49 10 9
17 40 8 11
70 82 6 9
62 38 10 10
79 49 4 3
61 71 4 5
45 75 7 4
59 79 2 2
45 58 6 2
70 49 3 3
55 15 9 10
23 55 3 6
11 49 3 2
54 91 3 4
47 90 3 7
37 44 3 10
73 23 11 9
41 2 4 6
