68 82 5 7
14 15 2 4
48 19 6 4
44 33 2 8
45 94 11 4
12 50 4 5
91 37 7 11
19 48 5 11
64 21 3 5
40 62 10 7
32 82 7 8
74 22 3 2
84 64 10 2
55 19 8 8
78 85 7 8
7 72 11 8
37 70 4 9
65 33 3 4
6 82 4 6
36 15 9 8
52 3 8 9
75 41 3 7
11 25 9 5
59 61 10 11
92 25 4 9
40 43 10 2
44 72 4 4
2 68 8 2
53 29 8 9
71 73 3 4
45 52 7 5
29 68 5 10
91 12 6 4
41 94 3 3
67 38 3 4
10 20 7 2
23 19 8 8
68 3 8 11
6 36 3 3
28 47 10 6
28 41 11 2
27 29 7 3
70 21 3 7
61 75 2 5
14 62 9 9
82 26 2 7
92 18 3 6
54 74 3 6
44 7 5 5
73 96 3 2
