16 58 4 11
49 45 5 8
83 43 6 10
71 86 2 2
57 11 5 4
27 26 6 3
46 54 8 11
12 84 8 10
30 50 3 2
75 64 5 9
76 2 2 9
29 87 10 7
51 19 10 7
21 2 11 7
5 24 5 2
12 51 5 3
75 92 7 3
59 47 3 6
54 89 11 2
46 29 8 3
32 70 5 8
95 66 2 9
81 58 6 6
91 44 6 3
33 12 10 6
79 83 11 5
42 40 6 11
91 35 4 8
75 53 2 8
66 74 6 5
58 74 5 6
58 36 2 10
26 74 3 5
9 4 7 6
83 39 6 3
37 25 8 10
21 25 5 8
73 12 9 5
21 35 2 6
15 19 3 8
76 35 3 10
60 64 8 9
48 76 8 5
16 44 7 3
62 6 8 4
47 88 3 6
89 10 7 7
5 87 6 5
30 62 2 4
61 38 6 7
