13 82 2 7
77 90 11 8
67 43 6 2
88 56 9 8
45 73 4 3
18 26 8 7
75 35 7 6
25 12 11 7
56 50 10 5
43 21 5 6
74 23 11 6
50 2 9 7
73 50 11 4
63 75 3 11
46 42 4 2
43 5 3 6
29 94 9 3
7 57 10 8
67 71 11 10
32 65 9 8
70 16 2 11
11 6 2 9
76 30 10 2
87 68 11 8
46 85 9 7
50 25 4 7
41 50 7 4
33 81 11 3
25 81 6 4
74 7 3 4
73 61 6 2
85 34 3 8
28 24 10 8
42 66 3 5
27 51 3 11
18 38 6 10
80 69 3 2
64 35 2 6
56 12 11 6
15 51 11 5
58 72 3 4
84 69 2 3
89 9 5 3
60 19 7 8
21 59 2 8
36 60 5 2
9 35 5 10
6 30 6 4
49 46 6 8
3 57 2 3
