29 68 3 4
21 28 4 4
78 80 7 2
51 17 10 10
80 14 4 8
55 5 10 2
36 87 8 6
55 71 9 10
91 15 4 5
79 69 5 9
87 62 8 3
87 92 4 3
35 41 3 11
11 75 11 6
38 59 3 8
51 63 5 7
23 43 7 8
37 73 6 7
58 14 11 2
73 50 4 4
5 78 2 6
74 18 3 6
2 27 2 4
5 68 10 3
54 55 6 4
78 53 8 10
33 11 11 7
17 6 4 2
46 92 4 5
8 42 10 10
89 87 2 3
5 18 4 7
29 92 4 4
71 56 3 5
30 81 4 3
87 30 10 4
70 38 4 5
56 50 10 3
43 38 4 3
88 2 7 2
69 19 2 5
88 41 7 9
37 34 4 4
45 51 10 2
79 89 4 9
60 87 7 5
40 42 7 6
3 3 6 9
69 5 4 7
92 87 5 10
