29 7 8 11
90 3 4 3
14 56 4 7
46 4 4 8
53 80 9 10
34 55 7 4
5 28 7 11
34 38 6 5
89 43 6 8
23 47 7 3
3 42 2 3
71 3 11 8
28 67 8 4
5 57 2 3
43 85 5 6
52 94 7 2
37 21 2 8
25 30 5 2
17 80 4 3
14 64 6 3
85 4 4 9
75 34 2 10
84 40 2 7
6 47 4 6
48 57 5 2
29 88 2 5
22 23 2 2
64 65 10 2
42 32 6 6
80 87 11 8
91 79 7 4
63 84 11 6
3 4 8 2
87 31 5 3
69 53 5 2
37 50 3 4
30 23 5 2
58 37 11 11
88 21 3 2
15 86 9 11
59 62 2 3
22 52 5 5
16 28 2 8
5 77 9 4
59 2 11 2
40 62 8 7
64 80 4 3
83 67 3 6
79 39 4 8
61 21 10 6
