81 22 8 8
3 26 10 3
89 81 6 8
61 74 4 8
18 22 11 7
45 20 6 8
47 80 6 5
36 40 5 3
9 10 11 4
69 12 8 9
29 83 6 8
43 15 11 2
76 48 10 8
62 87 8 3
10 66 7 4
25 76 10 3
70 5 8 5
15 43 9 6
30 68 6 6
88 38 6 11
4 58 6 3
95 33 3 3
76 67 2 11
18 59 4 4
74 81 7 4
53 7 7 7
49 43 5 7
26 58 7 5
49 57 7 9
66 47 8 6
39 68 7 11
28 31 11 4
87 52 3 7
15 79 3 2
42 41 3 8
3 13 4 7
67 69 8 4
86 60 4 8
16 84 6 4
56 31 6 10
91 75 2 5
59 62 3 7
31 2 5 6
89 90 9 7
42 52 5 4
67 27 7 5
43 9 2 2
91 4 7 8
64 56 4 6
57 49 2 3
