39 70 2 3
14 18 8 4
6 36 8 9
69 58 8 9
90 13 2 10
27 68 4 11
57 8 11 6
79 65 11 2
83 27 11 7
63 33 5 7
50 79 9 10
50 21 2 10
30 29 2 2
33 59 11 8
10 51 7 11
12 65 6 11
15 34 2 5
61 67 4 11
20 50 5 5
74 2 9 10
56 47 9 3
74 87 11 4
16 25 2 5
73 36 4 6
4 19 4 10
44 20 5 4
22 26 5 5
39 89 7 3
36 71 2 5
7 82 11 5
86 42 5 10
4 65 3 5
47 75 11 2
41 12 4 7
55 38 3 8
60 84 2 9
76 13 5 4
79 50 5 8
4 12 7 3
23 8 3 7
80 71 4 9
89 7 9 4
48 12 4 6
25 85 5 6
74 18 9 2
69 36 3 6
5 3 5 2
35 16 3 8
33 94 4 4
33 30 10 7
