28 16 4 4
77 60 3 3
75 11 5 6
93 66 3 4
76 22 6 2
56 20 2 9
31 57 8 3
74 39 7 10
5 16 11 2
83 38 7 3
60 19 3 11
39 77 6 4
61 81 11 4
39 46 3 7
31 36 5 8
52 70 5 5
9 55 9 11
92 83 5 4
30 81 3 6
19 10 7 2
35 24 6 5
80 31 7 3
12 23 2 5
91 57 5 3
22 3 7 5
28 73 2 2
17 33 4 5
34 71 9 2
52 57 6 6
35 93 9 3
64 22 3 6
53 43 3 5
77 88 9 8
10 86 5 4
64 30 3 7
51 83 8 2
96 18 2 7
5 76 2 6
52 7 3 9
38 32 10 5
15 46 7 7
62 61 9 3
7 69 4 4
67 89 2 3
20 54 8 10
33 21 10 2
49 32 8 9
30 2 7 3
57 95 11 3
16 22 3 9
