74 24 5 10
54 36 10 4
35 73 9 11
33 55 6 3
52 46 4 6
39 33 3 9
58 63 3 6
25 47 9 3
72 83 3 10
17 64 9 4
27 73 4 10
40 90 10 8
87 66 4 3
58 47 5 8
15 70 6 4
44 14 10 9
4 31 11 8
38 4 5 11
10 93 7 2
7 78 3 5
10 4 2 2
89 16 4 6
82 3 8 11
26 56 5 3
8 20 11 5
24 29 4 8
16 49 6 9
27 15 5 7
25 88 6 10
81 37 3 4
69 61 2 5
78 15 9 4
52 27 2 2
86 74 6 11
68 46 7 4
84 43 10 8
49 31 3 6
79 65 5 9
45 68 5 7
52 91 3 3
64 24 6 11
53 41 2 3
54 74 10 8
57 4 7 8
89 87 2 10
19 79 5 11
66 8 4 11
2 54 4 4
47 56 6 10
62 61 5 11
