55 17 3 9
65 67 4 7
6 42 5 5
87 78 4 5
2 91 4 3
60 69 3 5
86 6 7 4
74 80 9 10
33 52 5 11
11 11 3 3
2 22 4 5
85 23 7 2
42 29 5 9
62 50 9 4
62 33 8 10
22 36 11 7
15 46 2 6
44 95 10 3
25 86 10 4
79 48 5 8
71 57 11 2
94 61 3 10
8 34 9 3
67 62 11 4
49 44 10 10
89 51 8 2
9 16 2 7
77 42 10 3
76 25 8 8
49 86 4 8
28 82 2 3
8 80 2 9
89 30 7 2
68 26 6 2
33 17 8 6
41 39 5 3
54 61 10 5
2 58 3 9
19 64 9 6
49 77 10 8
11 58 2 4
7 48 4 5
12 81 5 2
89 54 5 4
4 30 3 3
2 72 3 4
61 17 8 8
62 79 8 9
34 93 5 4
38 9 9 4
