25 66 9 11
54 66 2 3
53 18 6 4
72 9 8 7
51 80 6 9
26 9 7 2
4 58 5 8
24 61 9 2
28 15 10 10
9 24 8 7
39 2 6 10
61 53 10 9
15 77 6 8
93 51 4 4
55 28 8 7
53 11 7 4
42 28 10 10
78 42 9 10
87 88 6 10
51 46 4 5
32 2 2 5
61 69 6 4
31 88 9 2
75 25 5 7
76 19 4 4
83 59 3 5
62 77 4 3
46 42 2 9
90 15 8 8
55 52 5 7
72 71 3 11
14 70 9 4
42 73 9 2
65 4 4 9
12 45 6 9
61 36 2 4
42 59 2 11
94 56 4 8
94 30 4 3
65 39 4 3
72 60 8 4
76 3 7 4
17 13 10 4
27 54 11 2
26 42 10 2
83 76 11 6
25 92 3 6
65 88 11 7
67 23 2 5
3 78 3 2
