53 6 2 11
64 20 9 11
61 65 8 10
29 8 7 4
3 87 6 2
13 66 5 11
66 16 2 3
71 71 5 7
91 48 7 3
14 2 6 3
10 37 3 11
71 54 5 8
70 79 8 6
44 20 3 3
22 63 5 5
89 76 3 11
81 50 7 7
4 19 9 11
51 61 6 7
7 78 7 5
40 91 9 2
95 29 3 3
5 31 7 3
38 40 11 11
18 25 3 10
56 23 7 11
42 85 10 3
85 35 6 6
29 35 2 2
49 4 2 11
9 56 5 5
53 42 8 6
79 70 4 3
85 6 5 11
28 54 3 9
18 46 3 2
74 4 2 11
64 3 9 2
66 93 6 2
93 69 4 3
96 36 2 5
55 36 3 5
27 29 4 5
4 57 4 10
20 15 9 3
76 27 2 2
43 73 11 8
14 30 2 11
3 68 8 7
63 11 6 2
