87 31 6 7
72 74 10 8
30 40 9 6
18 80 11 7
58 13 3 4
23 65 11 4
39 88 9 10
29 29 6 6
12 35 5 9
55 29 9 11
10 57 5 2
86 55 11 10
85 67 11 7
20 22 9 2
56 87 11 5
45 14 2 6
12 16 6 3
80 9 8 8
76 23 2 8
71 2 3 10
48 38 4 9
58 59 6 4
62 43 9 7
63 20 5 7
23 42 6 7
76 49 5 10
3 52 3 10
31 3 3 4
8 20 10 10
60 73 7 8
40 52 6 6
16 2 5 4
49 7 11 3
90 77 2 6
17 57 2 4
3 75 8 7
13 90 2 8
52 51 8 7
86 90 10 2
34 59 8 5
76 83 2 5
95 12 3 3
22 30 3 9
36 27 8 11
82 59 2 9
90 45 5 4
23 53 8 3
4 3 11 10
20 11 10 8
12 46 6 9
