43 38 11 8
77 23 8 9
73 54 5 2
50 8 8 8
46 26 4 5
3 87 7 7
90 41 8 3
32 64 4 2
72 64 3 8
11 37 3 7
25 4 6 8
85 62 10 7
86 47 3 4
9 47 4 5
84 84 3 5
44 2 4 9
64 24 7 3
71 38 10 8
74 14 9 8
24 71 5 8
82 90 9 3
91 72 5 7
54 77 4 11
15 60 11 2
27 88 3 8
55 39 5 2
49 60 8 7
19 21 11 10
4 70 8 8
67 87 10 8
54 29 8 4
58 52 10 5
17 46 6 7
63 5 3 4
87 29 2 2
34 51 9 5
80 63 3 9
67 60 10 2
85 9 5 8
11 11 3 11
87 25 10 2
59 66 7 2
78 83 4 6
34 22 3 4
54 4 2 3
40 68 6 11
6 23 11 4
10 57 2 2
28 56 2 4
32 10 3 6
