32 55 2 2
8 67 6 3
87 6 3 3
62 2 3 11
24 20 7 3
75 15 10 8
82 76 9 4
82 44 9 10
38 48 2 10
50 81 8 3
83 58 9 8
44 46 8 7
66 65 6 4
80 89 8 4
66 54 6 5
68 16 3 5
14 50 7 7
73 52 7 2
42 31 2 3
71 84 5 4
41 20 3 7
73 63 3 8
37 82 2 8
67 92 8 6
79 4 4 6
23 8 11 5
88 25 5 5
51 27 9 9
13 91 2 6
54 6 6 7
32 88 2 10
35 70 10 7
33 39 6 3
43 85 5 3
56 66 3 5
76 38 3 2
6 12 8 9
47 12 6 6
84 73 8 2
7 76 9 8
45 55 9 7
54 16 10 7
22 30 3 5
9 53 3 11
95 5 2 8
46 36 2 3
22 82 8 11
23 36 11 2
25 67 7 7
67 76 5 5
