10 58 6 7
26 56 7 11
89 81 2 10
39 39 6 6
88 10 10 3
57 20 10 9
77 67 8 6
65 8 11 5
8 10 2 10
70 56 9 2
37 74 11 4
69 19 3 6
44 7 2 2
16 37 4 2
54 29 2 11
57 58 11 6
87 43 5 8
50 73 8 6
47 20 2 9
34 58 8 2
3 23 3 8
28 32 8 4
90 31 4 4
26 4 8 5
34 14 5 8
37 23 3 7
75 27 6 5
27 44 7 5
9 74 10 5
51 89 8 2
63 35 8 6
2 78 4 6
79 36 10 5
15 86 2 4
21 11 4 3
81 77 5 9
71 61 7 5
47 2 8 2
14 15 2 11
21 25 4 8
86 14 6 4
65 83 10 8
8 49 7 4
75 43 9 8
7 96 3 2
77 5 4 8
41 33 9 5
33 85 8 11
39 82 6 2
18 49 5 2
