66 53 3 6
75 9 11 11
50 29 9 5
62 38 9 11
23 43 9 8
36 12 2 3
65 60 8 3
11 27 10 6
36 36 10 10
65 12 4 8
51 51 9 2
67 79 2 7
91 68 7 2
28 25 6 3
52 61 10 4
81 36 9 6
4 51 5 5
76 49 4 9
32 67 4 2
55 85 5 10
34 2 6 3
34 55 10 8
83 85 3 8
88 81 10 8
18 65 7 6
43 69 3 4
6 14 10 7
2 28 8 4
30 79 9 10
48 9 7 10
8 90 7 5
11 2 3 11
63 93 10 2
5 38 7 6
22 52 10 11
33 49 8 5
57 69 9 10
87 90 6 8
17 89 3 6
78 69 5 6
39 30 8 3
2 79 8 4
75 27 2 7
56 10 5 7
80 44 10 2
48 54 2 4
83 22 5 8
76 87 2 5
15 43 4 10
84 57 2 6
