58 34 11 5
64 49 7 8
89 29 3 4
12 23 8 7
8 15 11 2
40 63 8 4
66 24 5 9
45 42 2 3
77 47 6 2
46 53 7 9
69 84 3 6
47 72 3 9
8 50 2 3
20 9 4 11
48 11 3 5
55 2 7 7
64 42 9 4
93 36 3 9
66 66 3 7
78 91 9 5
75 61 5 3
63 75 3 10
79 78 6 8
21 90 3 3
28 9 2 6
85 14 3 2
10 33 9 10
55 89 8 2
30 54 9 6
14 75 7 4
89 51 2 6
83 32 2 10
49 31 8 2
89 59 2 8
33 16 10 5
48 35 4 6
75 6 8 3
72 28 3 4
90 87 7 5
27 20 2 9
26 90 11 8
89 20 3 4
10 95 9 2
32 4 11 4
58 22 7 9
5 76 3 10
47 87 2 6
24 71 4 11
13 48 4 3
53 86 3 2
