17 64 3 7
27 42 8 11
58 64 8 9
7 11 9 6
25 57 4 11
86 23 2 3
88 70 10 3
2 30 4 10
73 73 5 11
38 66 6 11
78 43 10 3
11 30 5 10
87 77 9 8
35 28 3 3
71 35 10 2
65 84 7 4
59 5 2 7
94 30 4 4
90 22 8 6
57 50 4 6
49 4 2 8
48 66 6 6
32 76 4 5
30 32 8 9
61 23 9 7
93 4 4 5
80 63 9 6
43 36 9 5
68 14 8 5
23 71 8 2
42 86 9 7
10 81 2 3
16 80 10 4
38 3 10 7
82 74 8 2
20 34 4 5
73 67 5 4
35 22 9 4
77 14 8 3
45 22 2 2
31 16 2 8
84 86 3 6
8 67 5 11
43 47 4 7
86 9 6 8
23 10 7 4
26 87 3 7
86 50 7 10
71 55 5 4
42 14 3 6
