49 37 11 7
52 62 8 11
6 86 9 6
7 73 11 7
54 20 2 6
39 83 6 4
70 64 9 4
19 48 4 7
93 55 5 7
21 77 4 5
5 2 9 6
66 63 2 7
40 29 7 5
58 80 8 2
82 42 6 6
23 92 2 2
89 87 8 9
83 94 5 4
67 28 3 2
65 5 4 4
86 25 8 10
14 21 11 3
16 41 10 5
69 38 5 2
51 47 3 11
91 12 7 6
38 92 7 3
13 29 5 7
71 82 6 3
17 2 7 8
94 75 2 2
5 60 9 5
31 27 3 2
23 32 6 6
34 3 4 11
78 7 10 5
27 78 11 9
72 8 2 2
39 55 3 4
64 32 11 3
28 52 7 4
4 48 6 8
7 25 5 6
54 85 10 10
58 51 8 7
4 16 4 5
94 66 2 3
60 14 5 7
77 56 9 3
47 11 4 6
