15 85 6 11
78 52 5 4
11 49 5 4
51 9 8 4
74 31 11 8
10 78 10 5
39 4 7 8
90 62 8 11
15 23 4 2
33 83 2 11
15 56 4 2
35 40 6 2
8 4 6 10
20 70 11 7
94 19 4 3
3 10 3 5
67 35 2 6
58 38 8 5
91 33 2 8
30 34 7 5
17 64 4 4
75 62 6 5
20 28 7 5
63 71 8 2
58 44 7 4
68 84 2 7
72 20 11 4
49 57 3 6
28 45 11 10
93 50 2 10
33 23 8 8
73 83 6 8
3 93 7 5
51 81 10 8
48 19 10 7
51 74 7 4
68 58 3 2
40 74 8 2
37 14 10 8
26 11 4 3
62 76 2 3
91 76 4 10
40 46 5 9
67 64 6 2
72 55 5 4
9 22 2 6
10 70 9 6
2 54 10 11
81 44 5 4
45 84 5 11
