79 48 11 7
65 41 9 8
76 12 11 4
67 55 5 8
54 73 5 8
21 23 4 4
72 4 4 7
18 33 11 6
46 71 3 11
20 10 11 11
14 46 3 3
23 86 6 10
75 45 4 2
33 71 7 5
57 15 9 11
41 34 5 6
61 30 4 8
82 25 10 5
44 2 10 11
70 88 2 4
86 64 6 3
93 22 5 8
25 58 8 4
37 84 2 8
9 66 8 9
83 61 2 6
20 65 3 9
3 83 4 2
10 32 4 3
91 74 4 5
34 45 8 8
41 54 5 8
88 31 3 7
52 52 6 7
52 28 5 6
45 87 2 10
13 56 9 7
34 29 6 4
86 81 9 3
76 82 9 11
68 12 2 2
42 24 4 7
2 25 2 11
61 50 2 7
15 80 2 5
33 9 2 11
65 83 4 9
75 57 3 10
50 94 8 3
51 16 4 2
