74 93 7 3
51 68 11 8
44 26 10 5
74 4 11 5
56 53 3 9
76 66 2 4
90 8 5 7
68 80 6 5
73 50 4 11
18 60 8 4
87 60 8 7
38 34 3 5
63 71 5 4
10 73 4 7
34 73 4 11
34 46 11 10
71 90 4 2
51 79 8 6
31 92 8 2
30 28 2 5
16 45 10 8
36 67 10 3
47 60 2 7
61 42 5 10
88 51 3 4
79 52 8 4
48 14 10 9
67 16 11 6
12 85 2 7
15 92 7 3
68 32 11 9
79 73 4 3
43 4 3 6
87 36 10 8
12 64 2 2
90 89 6 7
49 37 11 4
2 84 2 7
5 21 11 9
28 20 9 4
80 63 2 2
22 66 9 3
15 5 9 4
4 46 11 7
71 24 8 4
13 32 4 3
28 35 6 8
87 73 4 6
6 72 2 6
62 64 5 2
