51 54 7 8
14 79 8 3
11 88 6 4
91 38 6 11
33 6 7 6
29 19 3 8
61 29 9 11
8 17 4 5
6 65 11 8
4 54 5 6
61 88 11 10
32 85 4 10
83 76 11 5
94 69 2 3
35 73 5 11
28 47 10 9
21 83 7 6
88 61 9 3
50 32 9 11
79 69 3 8
55 82 11 2
30 65 6 4
53 65 11 4
70 23 2 2
45 69 6 3
18 32 8 5
77 37 4 5
4 36 11 6
60 71 11 6
18 41 8 9
85 17 7 2
52 12 9 11
83 3 3 7
92 5 6 6
45 92 6 4
37 86 4 5
79 26 9 10
41 11 9 7
83 37 4 4
24 61 3 6
31 29 9 6
19 90 2 6
76 8 2 8
18 3 4 5
39 60 7 8
64 3 2 10
41 83 6 2
68 50 5 9
78 91 3 2
33 17 4 3
