13 74 11 7
5 62 11 2
47 17 5 5
8 39 7 11
31 77 6 4
51 76 7 6
66 18 5 6
19 40 4 11
90 17 5 8
34 4 6 9
53 23 2 4
77 41 5 6
64 63 8 5
27 91 2 5
93 32 5 3
29 36 4 10
82 31 6 3
50 37 9 6
38 86 3 6
49 83 9 7
75 87 8 10
32 85 3 9
17 89 8 8
93 83 4 10
69 30 3 3
61 81 10 7
77 62 3 5
48 9 8 4
5 25 3 6
23 66 2 6
84 36 10 6
50 3 2 2
78 14 10 5
39 81 5 2
22 12 6 11
56 51 7 11
11 8 10 11
26 87 2 3
17 82 6 6
18 55 4 3
63 7 10 3
26 24 7 4
86 93 2 5
48 45 3 5
25 51 3 9
89 86 3 4
37 23 2 7
24 29 3 6
32 66 6 5
86 79 2 6
