62 24 8 11
72 78 5 8
75 12 6 3
52 12 5 4
19 73 9 9
4 44 11 11
86 12 6 11
37 86 2 3
65 81 6 6
10 19 5 4
13 87 7 9
65 65 5 3
9 26 2 4
25 23 8 11
80 79 7 10
72 48 6 11
53 75 3 3
41 30 4 7
20 56 5 3
83 33 2 5
56 54 3 9
30 92 9 4
23 87 6 11
44 6 4 9
5 31 8 9
86 49 3 9
89 84 5 2
9 5 11 11
2 68 2 6
65 43 2 2
18 36 9 10
46 73 2 8
44 64 8 6
59 66 2 3
67 15 4 7
2 82 4 3
62 71 3 2
90 48 2 10
33 67 6 11
37 17 6 6
87 62 3 9
47 43 5 5
8 74 3 4
90 4 5 5
89 24 9 6
19 21 3 5
76 44 10 3
18 63 6 8
32 36 3 2
13 69 2 11
