77 14 7 8
87 90 10 7
76 73 11 5
64 42 6 7
3 51 3 6
38 2 8 4
27 30 2 10
12 7 10 6
81 27 6 8
71 33 3 10
35 8 8 9
38 61 7 8
16 90 3 2
21 52 11 4
53 51 10 7
59 31 11 7
30 90 6 7
80 53 10 8
3 88 9 8
8 25 8 4
9 4 2 5
72 64 3 5
94 9 2 10
7 73 10 11
62 74 9 10
17 38 5 2
62 14 9 8
88 64 10 7
61 91 4 6
87 44 11 5
51 81 8 11
20 4 10 2
19 70 2 7
18 93 2 3
37 45 10 2
2 58 4 5
28 84 8 4
44 28 10 4
89 80 3 7
34 73 2 9
2 43 4 3
4 3 4 7
49 6 4 2
66 60 2 10
59 10 3 3
10 14 10 9
82 89 3 6
63 3 5 6
34 39 7 5
74 46 11 5
