55 57 10 4
28 65 3 11
56 3 8 10
76 91 2 7
6 2 8 9
45 36 2 6
39 26 5 8
55 95 5 3
86 67 11 5
70 10 5 7
83 25 4 5
61 81 2 5
49 2 5 10
70 22 6 4
32 84 6 9
87 52 9 6
77 84 5 2
66 32 9 6
32 77 5 6
31 14 3 9
24 24 7 7
24 81 7 3
77 3 2 11
17 72 10 4
55 27 7 9
14 42 7 10
38 72 7 6
68 84 3 4
87 86 2 8
48 71 11 10
5 26 4 3
10 20 5 11
79 44 3 6
83 61 9 3
7 39 3 4
64 78 9 2
68 47 5 4
14 83 8 8
53 47 4 8
94 89 4 7
19 63 6 6
85 49 8 2
80 27 2 7
19 92 2 4
19 79 3 2
10 32 10 5
61 74 10 2
51 28 3 6
3 56 8 11
87 77 11 7
