64 11 7 3
68 65 2 3
74 46 9 9
55 44 6 7
35 24 11 4
35 48 2 7
61 55 4 10
71 2 6 6
49 21 6 4
9 70 8 5
14 92 7 2
17 37 7 7
86 4 6 7
45 56 3 8
59 2 2 8
23 87 5 7
43 74 5 7
78 15 5 9
6 25 8 3
69 29 4 10
91 24 5 3
88 43 6 3
4 61 5 8
42 38 3 10
67 71 11 5
57 40 6 2
65 18 8 10
34 67 5 10
90 58 7 10
89 69 4 7
89 36 9 5
45 88 3 3
87 15 4 3
49 74 6 3
8 57 8 2
30 16 3 3
65 84 11 5
79 11 4 3
66 47 4 7
2 36 5 7
53 78 11 7
7 20 10 4
32 38 3 2
47 52 3 3
36 2 10 5
17 33 2 2
33 35 9 2
9 43 3 4
17 65 9 3
14 9 5 4
