12 67 2 5
82 20 11 2
87 55 10 2
94 10 4 3
41 65 7 2
5 16 2 8
50 60 5 4
81 25 8 5
80 40 9 7
51 66 11 2
32 10 8 7
87 5 5 7
66 78 6 9
3 5 10 3
46 69 11 7
72 42 6 5
66 72 2 4
77 6 8 7
85 75 10 4
11 31 6 4
58 53 4 3
25 34 2 5
41 83 7 8
28 38 7 10
73 14 3 7
55 28 7 9
65 28 5 8
60 40 7 7
15 10 9 2
7 91 3 5
58 87 4 6
32 29 11 7
69 6 5 7
27 90 6 2
20 6 7 2
35 62 2 6
93 40 2 5
46 43 5 6
40 76 2 5
63 89 6 6
34 3 6 4
62 11 4 3
16 38 2 5
65 58 11 10
9 76 4 7
46 56 10 2
47 8 5 10
69 18 3 8
27 56 5 7
44 36 2 2
