29 68 8 2
17 2 4 10
44 68 7 7
65 17 11 5
32 73 11 10
45 8 9 4
62 75 9 4
72 13 2 3
82 17 11 8
19 55 8 4
21 71 8 4
79 45 6 5
21 63 11 3
77 27 7 11
19 86 6 4
69 46 9 5
94 14 3 2
85 31 8 10
48 86 11 4
67 87 5 3
34 46 4 2
46 29 4 3
51 18 5 4
4 37 9 4
25 33 7 2
34 33 10 10
17 25 7 7
38 52 5 6
61 7 10 7
41 61 4 6
90 88 7 2
11 62 5 10
5 59 4 4
5 42 9 6
54 62 8 2
2 3 10 11
83 73 10 9
84 83 5 8
12 52 3 6
89 95 9 2
19 14 2 8
58 68 9 4
25 5 6 6
85 55 6 9
64 24 2 6
77 52 3 7
16 77 4 8
54 46 5 4
2 74 2 4
48 53 7 7
