7 57 4 4
23 52 11 7
12 68 3 2
19 80 4 10
56 4 2 9
21 15 6 7
62 22 11 3
53 73 8 11
30 17 7 10
70 41 10 6
38 78 11 7
83 24 2 2
40 59 2 7
81 62 5 11
20 69 5 8
27 60 8 7
39 10 4 8
24 79 2 9
77 25 3 4
35 88 9 6
48 22 11 10
61 12 9 5
76 89 3 3
7 77 10 9
88 43 6 2
76 5 9 7
30 69 2 8
58 91 8 7
61 43 5 8
38 45 8 9
87 91 9 6
5 27 4 7
24 34 3 9
91 73 5 4
93 55 3 9
90 49 3 4
80 80 9 5
41 34 2 8
79 51 4 10
68 50 8 9
3 45 9 5
87 33 9 9
30 38 7 9
15 36 4 5
77 33 2 5
71 7 2 8
69 69 2 2
19 55 2 3
47 12 4 5
45 71 3 5
