72 44 11 6
75 5 10 10
49 7 8 11
30 93 6 4
58 32 9 4
41 49 10 2
86 45 7 7
89 5 8 7
11 39 8 7
63 91 11 6
84 62 6 6
13 20 2 3
65 79 7 8
54 71 2 7
19 82 10 7
55 21 7 2
85 17 11 10
38 6 2 11
75 80 5 8
52 24 9 5
7 83 10 7
76 33 5 6
54 42 5 10
60 70 11 5
43 2 11 2
27 37 5 8
21 23 11 3
56 56 3 5
86 89 8 7
28 59 4 4
44 30 8 4
12 72 11 7
62 11 11 8
53 36 2 5
11 29 9 2
40 72 3 8
3 67 4 5
38 66 5 5
4 13 3 6
88 70 8 2
7 51 6 5
83 31 4 5
89 28 3 2
6 38 3 4
22 44 2 5
76 69 8 5
47 95 7 2
60 40 8 6
26 5 4 3
42 9 6 9
