39 95 10 2
73 57 6 7
76 24 2 8
80 16 3 5
43 37 8 4
65 4 5 6
56 55 5 7
36 70 10 9
8 2 2 7
30 48 11 6
52 83 4 5
30 26 9 6
68 49 2 5
20 9 4 10
11 35 6 5
83 74 5 5
57 68 10 8
94 3 3 8
42 48 5 2
18 44 9 3
13 74 2 8
80 37 11 6
33 19 6 3
25 9 10 2
74 65 11 8
26 78 2 3
65 42 6 4
8 90 3 5
88 13 9 3
29 75 4 5
6 68 11 5
81 56 9 8
51 17 4 10
84 12 3 10
42 14 2 2
15 88 2 9
26 25 2 2
79 44 8 10
67 28 3 5
47 89 9 2
90 90 2 8
69 77 8 8
88 44 5 3
33 12 3 3
59 51 7 2
20 75 4 10
9 43 8 3
80 79 2 5
70 86 3 2
66 12 4 9
