39 22 11 7
54 30 9 9
86 22 2 7
88 61 7 10
20 58 7 8
26 30 10 2
60 74 6 7
9 26 2 10
7 63 11 2
24 81 6 7
46 55 9 3
22 48 5 8
75 53 10 6
46 2 5 9
21 25 3 9
36 72 7 2
20 68 11 11
57 45 2 6
48 12 9 5
85 90 2 5
58 25 10 2
64 86 4 9
32 12 10 4
74 37 7 5
49 85 10 10
84 11 6 3
2 57 2 3
52 81 6 2
70 72 9 9
82 78 7 2
77 86 10 3
86 40 8 3
91 21 6 3
33 56 4 6
46 76 4 4
62 42 6 2
82 22 2 3
44 35 5 5
55 63 3 5
13 9 11 11
83 3 5 4
60 9 5 4
29 38 10 4
74 17 4 2
50 40 4 7
27 3 7 6
31 45 3 2
30 22 7 7
80 16 3 2
33 88 5 7
