16 76 4 10
18 56 8 10
13 39 3 9
26 49 8 3
70 41 6 7
27 25 10 5
88 9 2 11
85 83 2 4
40 9 7 8
48 48 9 9
79 56 7 4
48 84 6 8
60 59 8 9
89 78 4 7
81 45 8 7
65 82 11 11
80 75 4 9
20 39 10 2
57 94 5 3
40 69 2 2
51 3 5 11
90 33 2 8
6 85 6 6
58 50 5 5
33 10 2 3
52 59 2 3
70 59 4 4
26 73 6 2
62 71 3 2
51 20 4 2
25 32 9 3
8 94 5 2
32 40 6 4
83 32 4 2
89 69 3 4
42 53 5 10
28 77 7 6
10 54 3 5
48 39 10 7
12 26 2 10
64 2 7 9
40 45 4 6
57 3 6 2
88 23 7 7
27 15 8 7
69 73 8 4
4 76 10 4
3 48 5 10
62 33 2 10
12 13 11 10
