22 79 2 10
88 53 8 8
75 37 8 6
51 50 11 5
32 74 8 8
77 56 2 6
72 85 11 3
54 72 5 3
10 57 8 11
7 27 8 7
24 15 7 3
89 83 8 4
53 88 3 2
88 11 6 9
42 66 6 7
29 25 3 9
68 57 4 8
79 12 8 9
17 17 3 10
24 43 9 11
11 39 11 2
34 14 7 10
77 93 2 4
18 69 9 8
52 21 10 3
36 7 8 6
85 3 8 5
60 4 5 2
61 30 3 7
46 89 6 4
57 77 3 10
13 49 2 2
87 89 6 4
4 13 11 7
61 82 9 4
34 63 4 4
53 57 7 8
71 14 6 7
46 26 7 11
60 70 11 5
88 24 10 4
80 75 3 6
42 62 8 2
42 45 5 8
82 62 9 6
87 72 4 7
22 2 8 8
57 11 6 8
42 14 4 2
48 79 7 2
