61 27 11 3
46 28 6 10
52 79 4 8
38 79 2 5
71 51 7 2
6 78 4 7
48 46 5 9
57 14 3 5
77 80 6 4
31 27 5 2
6 58 7 8
4 44 8 10
16 12 11 11
93 21 4 6
2 30 2 2
13 50 9 5
47 24 6 3
43 79 7 4
46 20 7 3
31 86 4 9
22 65 8 9
86 92 7 4
41 65 3 9
16 41 6 5
28 8 5 9
15 73 2 8
59 36 9 4
78 54 2 4
75 13 9 8
15 2 10 9
52 66 8 10
39 50 2 8
89 3 7 7
3 18 3 7
44 10 10 5
81 73 9 6
15 29 7 5
37 89 4 8
64 18 7 4
89 82 4 5
73 32 8 10
35 36 2 7
87 61 4 5
11 88 3 7
40 23 5 4
94 82 2 3
70 72 6 4
36 19 6 3
21 86 8 11
24 49 3 4
