12 89 2 6
86 45 2 9
3 40 2 6
74 4 9 10
79 39 11 2
29 46 4 11
45 19 5 10
64 63 4 5
55 3 7 7
44 2 3 8
7 53 2 11
58 71 10 8
17 63 8 3
68 32 4 9
10 14 8 9
5 73 10 8
78 61 6 5
93 7 4 9
35 53 8 3
2 50 3 11
11 37 3 7
59 15 7 7
24 21 5 4
75 80 2 4
35 79 6 5
34 70 7 3
6 48 2 4
70 49 8 5
80 29 10 3
28 10 11 8
32 31 2 10
4 9 2 4
54 90 10 2
76 88 11 10
69 55 8 9
52 11 4 4
7 39 3 7
53 56 6 4
50 49 3 5
18 5 4 6
92 24 4 6
24 88 4 3
20 74 5 5
79 78 4 8
16 42 6 5
92 91 4 2
42 25 2 3
35 20 5 7
18 39 6 2
44 39 8 6
