4 22 4 11
19 31 5 10
28 27 10 8
55 64 5 6
81 11 11 10
44 29 10 6
86 48 11 8
71 66 11 3
79 79 5 10
42 49 10 4
22 43 11 7
9 68 2 10
61 15 10 5
24 90 8 4
46 18 4 7
92 25 3 11
69 47 9 2
9 19 4 7
63 62 10 3
53 48 9 7
71 91 8 3
17 8 10 9
56 87 9 8
70 8 5 3
71 34 4 4
53 23 4 2
56 82 5 4
68 86 2 2
23 68 8 7
15 86 6 9
43 64 8 4
33 79 6 5
35 58 5 4
86 72 3 5
51 73 3 8
85 25 2 2
17 2 5 4
89 2 4 4
89 88 2 8
5 57 11 2
60 32 3 3
44 56 5 6
44 85 4 7
30 3 10 9
81 58 10 6
33 17 11 8
62 36 3 8
76 27 6 8
92 40 6 5
70 74 2 5
