61 75 4 6
26 47 7 11
25 33 7 3
84 53 9 10
67 2 11 10
62 93 9 5
29 8 7 9
56 67 10 3
79 18 2 8
68 56 5 8
59 57 4 5
50 71 6 2
26 68 7 11
77 72 5 3
40 24 6 3
50 49 5 4
48 5 2 9
62 6 3 4
77 30 2 7
59 12 5 11
43 50 6 6
4 62 4 5
15 14 9 2
54 32 4 9
2 34 4 11
42 15 2 6
86 37 7 4
48 86 6 7
37 73 9 3
29 20 9 2
13 85 2 8
16 40 6 9
91 88 5 7
40 37 2 9
18 60 5 4
69 81 7 2
85 26 2 7
87 81 10 5
4 25 10 2
28 88 5 5
93 65 5 2
5 77 8 5
42 83 5 2
2 2 3 2
61 27 7 9
2 84 7 10
84 10 10 2
77 49 9 2
59 82 6 3
29 62 10 5
