28 42 8 10
40 12 8 7
9 45 6 4
38 72 10 3
87 53 3 5
91 36 4 8
79 44 3 10
57 46 8 10
91 11 4 3
84 28 11 3
24 46 3 11
47 32 5 9
69 40 6 7
68 19 7 3
73 10 4 3
67 30 8 8
87 74 7 6
8 77 7 11
75 59 3 8
56 2 6 2
16 6 3 3
79 15 6 4
64 69 11 2
19 85 4 11
34 7 2 3
88 49 8 2
64 33 2 3
2 75 4 2
6 65 8 2
17 46 3 10
62 27 7 2
66 23 8 2
82 85 10 2
60 9 8 8
34 63 9 5
31 28 4 8
74 75 6 5
42 50 6 10
95 54 2 4
63 77 5 6
52 79 4 10
50 23 6 6
18 33 11 2
69 61 5 4
66 87 3 4
44 43 2 3
65 62 2 6
9 90 2 7
10 17 4 11
49 8 7 11
