80 23 8 3
79 79 8 9
54 78 3 3
40 12 9 6
69 74 8 6
12 38 10 2
39 39 5 7
7 13 10 11
48 63 10 8
75 12 8 8
57 28 4 5
2 78 3 11
40 60 6 11
74 89 8 5
59 87 2 3
10 72 4 2
87 32 5 5
13 27 2 8
10 84 10 4
88 62 7 3
63 30 7 9
62 8 9 10
35 52 4 10
9 42 11 2
40 74 4 5
74 58 5 7
27 85 8 7
88 50 10 2
47 36 10 10
3 32 8 9
29 59 2 7
13 4 4 7
83 58 3 9
17 30 7 3
25 47 6 2
37 80 5 7
90 24 2 6
44 83 9 11
85 6 10 10
23 70 5 8
83 28 2 4
14 64 8 4
30 28 3 9
89 81 3 7
8 75 6 3
34 66 4 11
58 77 4 5
18 4 9 4
65 50 7 2
53 16 6 6
