52 62 8 2
85 51 2 10
62 49 8 5
29 23 10 10
55 70 9 3
60 92 5 6
87 22 9 7
74 37 5 9
37 81 8 2
82 68 10 11
24 50 10 11
43 32 5 4
9 79 11 8
43 14 4 11
83 84 6 2
39 40 8 8
91 54 5 6
42 70 7 9
50 36 6 6
56 77 11 2
18 68 3 8
22 8 3 6
79 12 4 7
60 22 7 9
28 72 10 4
50 24 5 5
7 24 8 7
89 31 3 11
3 19 7 2
49 85 6 4
69 88 7 8
74 25 11 5
85 9 8 3
73 71 7 10
80 2 9 4
95 88 3 9
22 79 6 4
27 64 2 5
15 91 7 7
4 57 2 6
31 12 8 7
62 10 9 4
2 82 3 4
53 91 5 3
65 35 3 4
27 40 9 7
8 59 4 3
11 50 4 7
4 9 7 8
51 52 10 2
