102.618 0.000436552 99.57 0.000502638
116.068 0.00126937 103.45 0.00110591
120.797 0.00122018 109.798 0.00139283
94.7568 0.000783284 92.7498 0.000417651
105.266 0.00178955 101.349 0.00113652
103.914 0.000892717 96.6664 0.00111926
123.807 0.00253337 122.911 0.00254258
101 0.000790455 94.2808 0.000638033
100.732 0.000571061 90.8249 0.00061389
131.946 0.00159436 109.132 0.00149795
89.2187 0.000174393 86.756 0.000260462
121.58 0.000886416 117.239 0.000993843
119.095 0.000728886 102.837 0.0012748
90.5568 0.00123634 87.9468 0.00116802
110.778 0.0014965 105.184 0.00163854
108.507 0.00117016 99.294 0.00107713
103.634 0.00044917 94.2811 0.000782964
119.021 0.00180775 109.744 0.00125855
120.996 0.00102111 108.254 0.00116322
112.297 0.00132377 105.953 0.00131214
119.233 0.00208795 114.465 0.00186214
127.85 0.00115482 117.62 0.00179807
110.74 0.00129001 105.048 0.00135088
127.914 0.00136747 123.73 0.00194059
109.371 0.000655118 99.9146 0.00124836
106.298 0.000952515 95.6915 0.00163188
108.995 0.00177698 101.785 0.00163182
113.174 0.00167666 101.352 0.00187826
135.167 0.00133347 113.585 0.00172613
95.4579 0.000340004 90.2794 0.000610106
96.082 0.000711754 87.8116 0.000816219
108.881 0.0007844 102.83 0.00101373
121.046 0.00118746 112.892 0.00116195
102.357 0.000769462 102.294 0.000573671
99.8069 0.000681387 95.5372 0.00115002
122.627 0.000572268 105.727 0.00147028
121.522 0.00124588 116.083 0.00179499
102.607 0.000834469 99.7598 0.000668987
122.35 0.0020639 109.817 0.00296902
151.016 0.00308541 140.297 0.00291624
95.334 0.000649556 94.2948 0.000496762
95.4915 0.00059926 88.5958 0.00132684
98.7152 0.000406544 87.691 0.00066289
101.939 0.000639045 98.5331 0.000914964
139.831 0.00160823 118.725 0.00214091
108.495 0.0012111 104.267 0.00103606
118.315 0.00137241 113.114 0.00164518
139.653 0.00259328 135.4 0.00256032
111.534 0.002104 97.9872 0.00166895
102.461 0.000610893 100.182 0.000764604
95.4757 0.00119126 91.5213 0.00215673
110.015 0.00108251 109.076 0.00117163
139.897 0.000524663 131.013 0.0012129
94.3452 0.000448354 90.6155 0.000767406
133.366 0.000977903 119.743 0.00163663
108.014 0.000860461 100.227 0.000752154
100.344 0.000764823 90.5757 0.00126236
107.893 0.000497416 102.627 0.000641659
90.0888 5.6626e-05 90.0888 0.000196558
120.162 0.0012961 106.256 0.00116291
112.833 0.000556662 112.157 0.000854593
137.363 0.00180805 118.108 0.00187175
100.058 0.00107999 99.8037 0.00130639
105.873 0.00150541 99.8648 0.00169927
137.817 0.00154737 132.427 0.00226227
122.702 0.000729294 117.601 0.00125597
112.777 0.000865993 108.512 0.00115872
95.468 0.000674313 93.6583 0.000383264
115 0.00231382 106.076 0.00122071
124.113 0.00174142 121.635 0.00216507
114.525 0.000986449 109.173 0.00145445
137.239 0.002258 124.09 0.00232925
107.849 0.00308639 104.178 0.00171363
118.428 0.00143149 116.705 0.00191417
93.7694 0.00118937 89.204 0.0011094
105.095 0.00106843 98.2746 0.00197141
99.0051 0.00141025 92.9178 0.00110411
86.5144 0.000239211 86.0619 0.000314221
108.908 0.000997234 101.151 0.0011952
125.511 0.00255876 110.086 0.00279651
113.705 0.000824809 103.629 0.00150957
111.345 0.000914596 100.339 0.00166337
112.373 0.00229923 98.4876 0.0024112
137.551 0.00241823 134.522 0.00235101
101.787 0.00206274 92.9881 0.00174952
114.396 0.00090274 110.786 0.00106325
133.859 0.00274939 129.104 0.00231935
117.174 0.00125122 105.846 0.00136231
131.372 0.00344426 119.444 0.00315442
98.2763 0.000611905 93.6158 0.00127548
104.548 0.000605246 98.4154 0.00104303
121.266 0.00237571 110.091 0.00295816
127.362 0.00267892 112.725 0.00223753
108.023 0.00115001 97.9081 0.00233214
105.955 0.000983765 99.8949 0.00133138
155.273 0.00181667 140.069 0.00226985
105.975 0.000759753 96.9205 0.000977691
101.223 0.00156423 98.1365 0.0012029
123.953 0.00306878 108.39 0.00283291
103.383 0.000960568 100.775 0.00103403
