100.647 1177
130.748 409
110.295 1169
95.9831 1141
217.34 1168
128.18 1129
119.391 1124
132.79 1118
94.6498 1169
128.962 2292
87.5446 1141
183.42 1112
172.584 1121
103.84 1221
127.87 1185
102.505 1562
94.5708 1185
155.245 1099
149.362 1152
130.802 1137
160.313 741
125.492 3947
101.735 1135
139.623 1179
105.523 1118
109.049 1174
124.92 1133
128.476 1261
188.091 520
103.072 2020
191.864 1145
140.479 1129
180.456 1240
101.561 1144
107.553 1156
111.149 1151
117.606 1141
99.3484 1227
116.865 1154
143.844 2285
94.4371 310
99.7036 2118
94.2587 1212
110.963 1119
136.291 1113
127.109 1136
128.405 1121
158.542 1144
155.272 1121
112.1 2163
94.124 2178
116.727 1120
124.91 1108
125.575 1142
128.823 1123
136.187 1172
104.196 1225
106.827 2192
90.0895 2266
118.986 1131
105.035 1210
134.357 1127
114.272 1128
181.604 1160
114.176 2223
141.492 1273
107.991 1163
93.9082 1160
156.593 1181
140.902 1150
114.762 1482
178.733 1134
133.292 2265
141.14 1111
94.3428 1128
115.272 1136
105.103 1144
86.2194 1150
205.436 1147
119.396 1123
110.666 1120
118.077 1098
161.957 1111
143.616 1123
100.616 1139
125.208 205
145.218 1100
120.357 1144
150.079 1158
93.899 1145
100.665 468
133.982 1156
166.627 1122
96.5815 1136
130.533 1138
155.245 1127
97.7347 1143
144.151 1157
146.885 1113
121.712 1191
