101.565 1173
124.596 1120
109.104 1183
94.9959 1142
115.417 1156
105.01 1154
222.631 1126
134.021 1101
158.047 1173
156.333 1209
89.0448 1382
120.907 1171
104.822 1181
109.607 1142
116.846 1179
106.082 1143
95.5243 1167
153.435 1150
159.379 1151
132.915 1127
132.129 1142
147.047 1129
109.528 1163
141.243 1193
129.918 1186
113.702 1803
136.329 1174
218.829 1092
174.581 1171
99.509 1211
107.511 1137
132.662 1140
150.221 1146
101.673 1163
108.139 1169
121.505 1196
113.981 1168
112.563 1192
125.579 1161
152.339 1157
94.3617 1194
112.469 1213
96.7563 1180
117.515 1172
138.262 1129
130.443 1132
128.735 1155
172.72 1151
141.548 1213
126.019 1162
97.6137 1143
111.244 1162
138.6 1197
92.1171 1109
154.087 1163
101.115 1133
101.87 1173
135.213 1239
90.0888 1123
124.089 1157
106.516 1166
134.886 1153
116.252 1153
143.603 1139
198.892 1240
117.624 1128
120.676 1152
94.2423 1180
143.778 1143
144.769 1151
115.701 1131
172.446 1148
129.607 1188
147.69 1173
146.811 1163
108.562 1169
105.264 1173
86.2786 1191
171.491 1163
112.737 1153
127.145 1142
104.222 1176
115.083 1131
166.209 1127
111.096 1341
118.001 1178
146.594 1172
126.282 1195
142.401 1139
122.331 1178
104.197 1179
125.111 1175
140.077 2287
178.336 1241
130.167 1134
170.02 1125
110.27 1202
164.258 1149
143.604 1137
123.894 1151
