112.044 388
155.32 1180
156.146 1133
246.666 1156
172.766 1154
139.25 1117
108.923 1098
159.154 1150
105.313 233
205.005 1116
106.539 3323
186.612 1143
231.578 1175
192.305 1096
200.676 1135
223.483 1135
118.93 1159
168.227 1447
200.187 1601
132.208 1132
166.8 1123
169.006 1348
168.22 1672
174.329 1138
109.438 1117
134.132 550
154.111 457
236.669 1139
190.11 1136
149.612 1142
160.825 1504
223.438 440
151.203 1142
107.048 1131
110.333 1156
125.536 368
133.238 235
130.813 349
221.554 1139
160.247 1129
130.986 1150
139.533 1137
123.662 1142
143.782 1205
135.556 1194
205.825 1116
155.928 1146
188.103 1127
183.953 1130
105.081 1231
115.681 1116
135.646 1167
153.352 2409
148.757 1137
173.017 1163
125.185 1141
158.97 1102
163.778 1116
92.2294 1115
151.456 1167
125.399 1135
143.927 1118
177.962 1138
199.564 1157
120.051 1162
128.36 1114
140.175 3082
95.6753 1110
184.61 1131
144.451 1102
147.988 1125
213.756 1116
133.792 1132
173.865 1150
95.0133 202
108.494 1121
115.467 1108
126.554 1133
182.084 1142
135.315 1102
144.412 1122
141.449 1128
210.802 1170
174.786 1146
136.661 1102
193.537 348
152.027 2231
185.363 1099
156.514 1248
136.36 1152
169.927 1187
176.243 1122
214.245 1278
115.672 1137
139.374 1124
190.061 1103
123.796 1160
116.737 1120
134.689 1181
128.508 1100
