100.111 1103
130.506 1170
145.765 3797
149.726 1124
120.791 1113
126.252 1135
111.429 1126
98.7491 3068
131.46 5780
157.868 1148
93.5776 1944
181.255 562
151.787 1136
148.994 1602
125.08 3322
114.458 1176
99.3574 1122
191.509 1135
144.416 1154
117.859 1116
134.151 1123
119.45 1148
111.684 1133
136.856 1115
107.086 1119
101.543 1240
119.488 2930
201.6 3167
119.283 1171
101.253 1118
118.069 3755
138.047 1138
186.82 1123
135.825 1122
105.311 1199
116.646 1434
119.597 1149
100.294 1126
133.898 1140
151.053 1129
94.3095 1128
139.427 1174
99.8042 1150
120.4 1171
138.792 1129
111.815 1119
126.694 1097
150.94 1120
159.184 1193
122.425 1123
91.9964 2133
122.075 1138
125.563 1157
147.373 1188
153.945 1156
100.264 1163
101.979 1944
133.107 1234
90.0888 1149
144.023 1118
119.336 1117
135.551 1131
92.8356 1160
168.124 1162
188.124 1117
123.1 1170
122.162 2162
95.4608 1193
154.958 1131
125.087 1181
129.687 1115
151.685 1104
138.391 1134
184.485 1135
137.369 2172
99.3861 1135
92.4223 1128
86.1249 1132
118.716 2242
118.62 1116
131.078 1162
116.469 1136
105.264 3231
167.76 1163
100.778 1138
212.102 1100
158.279 1154
111.166 4374
143.244 1140
101.116 1127
129.559 1418
158.982 821
180.14 1155
97.3661 1568
126.949 1148
145.799 2217
113.869 1100
155.809 1124
125.069 3248
130.163 1158
