92 9.456487
100 8.994480
109 6.811867
91 10.501566
97 11.181415
93 11.102508
99 12.454486
88 9.193907
90 11.534732
109 9.352459
86 10.415910
107 9.041544
97 9.659587
84 10.999978
100 8.223322
91 9.446776
93 9.278189
96 9.532918
100 9.651896
100 9.706508
111 9.359334
109 10.468943
97 8.977596
104 7.186151
93 7.432684
94 9.458362
95 7.149900
92 11.199921
101 12.598924
89 7.456050
86 8.225046
95 8.992936
109 11.611440
100 8.784957
93 10.019620
96 10.587625
96 8.562033
91 9.227817
105 9.892627
123 8.629705
93 8.765746
85 10.924651
86 10.860991
90 9.920780
117 9.583523
101 8.163228
92 9.249033
116 9.878973
94 9.793805
97 8.949037
91 8.048600
99 8.431590
88 12.040592
87 12.832112
112 10.294478
99 9.563712
88 8.749614
100 9.374596
90 12.028852
99 8.781617
101 11.394532
111 9.198140
90 7.546218
94 10.028279
112 12.626037
108 9.346779
93 9.087555
91 10.116700
93 12.818264
103 10.208773
94 8.664857
119 9.623324
100 12.790646
93 10.052621
87 7.323722
96 9.780748
90 9.481930
86 9.883134
98 9.926424
108 9.281327
99 11.155919
96 8.896523
87 10.235127
124 10.241199
90 9.763412
104 8.496590
122 8.384798
88 7.041591
117 10.327778
90 8.197811
95 11.129895
105 11.560545
101 11.099316
91 10.393577
97 8.820622
106 11.858490
90 8.365276
92 8.854887
101 12.285774
94 8.243436
