100.559 1180
114.852 2195
111.579 1121
158.254 2283
107.303 1167
104.039 1174
104.286 1137
94.3962 1161
98.1758 1144
136.535 2200
93.7998 2286
121.51 2214
123.79 2209
100.365 2209
134.742 1161
105.469 2231
94.8492 1169
134.792 2215
140.895 3290
108.011 1167
145.768 2200
117.552 2244
101.608 1144
143.367 2239
99.4449 1139
101.264 1178
115.52 2194
121.123 2214
145.989 2372
92.1336 1171
109.085 2226
134.852 2231
156.813 3305
101.716 1155
103.535 1150
112.735 2204
114.188 2216
96.3803 1225
117.92 2237
147.815 3296
94.7492 1159
92.3986 1169
96.6847 1166
111.107 2270
125.765 2244
129.427 1143
98.7576 1186
147.891 3306
120.027 2203
106.846 2215
97.0501 1149
110.367 2229
110.114 1144
94.8414 1156
134.22 2225
100.438 1166
90.8968 1157
104.075 1157
90.0888 1152
123.916 3272
115.826 1136
124.826 2224
93.5962 1122
137.336 3256
113.408 1120
133.074 2202
106.879 2191
92.6104 1141
150.74 3440
118.224 2221
108.178 2201
132.914 2228
117.35 2563
130.984 2209
98.5049 2210
99.5305 2251
100.73 1137
86.1767 1132
152.394 2210
114.45 2226
107.088 1143
107.488 1159
106.151 2200
150.63 3291
92.7831 1124
113.958 1164
139.506 3239
114.949 2183
135.909 3239
100.455 2213
101.889 1170
122.11 2187
134.414 3274
97.0164 1163
103.666 1151
137.939 3275
97.1425 1164
110.216 2275
126.318 3257
130.182 2194
