102.618 0.000420243 98.2127 0.00122479
116.068 0.00126191 103.45 0.00410048
120.797 0.00139646 107.391 0.00394434
94.7568 0.000386638 92.7488 0.000231875
105.266 0.000829518 100.598 0.000859245
103.914 0.000901912 94.8089 0.00233671
123.807 0.00234244 101.947 0.00247067
101 0.000661894 93.5752 0.000842291
100.732 0.000943221 90.8065 0.00167091
131.946 0.0028296 109.116 0.00564623
89.2187 0.000325408 86.756 0.000634243
121.58 0.00144419 111.519 0.00515706
119.095 0.000491736 102.765 0.00181116
90.5568 0.000805281 87.0217 0.00267209
110.778 0.000993034 105.184 0.00308557
108.507 0.00117213 94.7354 0.002994
103.634 0.000550443 94.2811 0.00177319
119.021 0.00132048 106.229 0.00223258
120.996 0.00145177 107.847 0.00486366
112.297 0.0009258 105.953 0.00277959
119.233 0.00123548 114.083 0.00187304
127.85 0.0011952 112.74 0.00474736
110.74 0.000876197 104.508 0.00330142
127.914 0.000840856 106.791 0.00320265
109.371 0.000308099 99.1287 0.00161504
106.298 0.000510851 95.6859 0.00208174
108.995 0.000800808 99.6149 0.00196016
113.174 0.00168866 100.392 0.00832147
135.167 0.00184709 115.425 0.0156147
95.4579 0.000529862 89.7356 0.00182149
96.082 0.00109837 87.8116 0.00306628
108.881 0.00141793 99.8435 0.00382895
121.046 0.00117977 112.827 0.00281831
102.357 0.000431324 101.534 0.000349759
99.8069 0.000780825 95.5082 0.00310176
122.627 0.0010334 104.578 0.00548917
121.522 0.00149576 110.76 0.00984583
102.607 0.00124754 92.8293 0.00185793
122.35 0.00149881 109.639 0.0057812
151.016 0.00278001 130.124 0.00670627
95.334 0.000982576 94.2697 0.000681908
95.4915 0.000344615 91.2496 0.00125859
98.7152 0.000625281 87.2688 0.001249
101.939 0.000631412 95.7719 0.00203662
139.831 0.00150151 118.662 0.00385055
108.495 0.00127059 104.075 0.00190156
118.315 0.00156083 97.4888 0.00440495
139.653 0.00205442 125.126 0.00748108
111.534 0.00329743 97.1817 0.00616954
102.461 0.000741225 99.2646 0.00141362
95.4757 0.00126915 91.4634 0.00409739
110.015 0.00105954 104.972 0.00324378
139.897 0.000875058 95.4602 0.00531961
94.3452 0.000259774 90.6155 0.00069606
133.366 0.00193146 121.72 0.0103212
108.014 0.00117414 100.226 0.00166373
100.344 0.000605169 90.1778 0.00163415
107.893 0.000563582 102.335 0.00099639
90.0888 5.9014e-05 90.0888 0.000195435
120.162 0.00123782 104.984 0.00217618
112.833 0.000525043 103.243 0.00183903
137.363 0.00126476 117.914 0.00240198
100.058 0.000933698 90.6232 0.00173628
105.873 0.00125724 95.6893 0.00287022
137.817 0.00125134 108.696 0.00349047
122.702 0.00103107 116.376 0.00692707
112.777 0.00079993 108.007 0.00169015
95.468 0.00055814 92.0353 0.000364292
115 0.00152426 105.456 0.00237085
124.113 0.000937021 108.672 0.00311608
114.525 0.00133522 106.881 0.00730816
137.239 0.00208377 121.018 0.00464495
107.849 0.00165909 103.831 0.00245728
118.428 0.00105032 108.185 0.00530478
93.7694 0.00114186 89.0279 0.00191787
105.095 0.00141268 96.1068 0.00558124
99.0051 0.00086367 91.7504 0.000844312
86.5144 0.000241897 86.0615 0.000371975
108.908 0.000525162 101.151 0.00127597
125.511 0.00248278 108.577 0.00676272
113.705 0.000968022 102.739 0.00410793
111.345 0.00118165 100.165 0.00520757
112.373 0.0010736 95.5482 0.00269635
137.551 0.00188306 131.117 0.00687672
101.787 0.00140041 92.5992 0.00154996
114.396 0.000863798 110.406 0.00316166
133.859 0.00173433 123.766 0.00523377
117.174 0.000901698 99.9287 0.00262206
131.372 0.00263031 117.208 0.00830737
98.2763 0.000397365 90.9698 0.00242523
104.548 0.000590672 98.4154 0.00203326
121.266 0.00186301 109.976 0.00792133
127.362 0.00256395 111.052 0.00628561
108.023 0.000931359 95.6027 0.0052251
105.955 0.000672728 99.8286 0.00174406
155.273 0.00250487 108.643 0.00666197
105.975 0.000709877 92.6467 0.000982752
101.223 0.00148452 94.1779 0.00222938
123.953 0.00142404 106.845 0.00529821
103.383 0.000976243 99.8737 0.00294645
