97.1456 4298
101.095 4383
107.683 4333
93.4818 3257
102.185 5394
97.448 4335
102.094 6399
93.0278 5397
92.0204 4326
113.643 6465
87.1803 3265
116.784 6427
102.239 4337
90.158 4318
116.054 5428
96.011 4346
94.9871 3295
120.119 6472
109.353 5370
105.553 6458
119.013 6474
111.04 5382
99.5828 5418
108.707 6485
98.2643 5427
100.455 5419
113.39 8618
100.826 5382
110.999 4340
91.6952 4339
93.058 4342
106.703 6418
115.355 4333
101.975 3266
96.1111 4328
103.557 5389
99.3065 4319
94.6957 5387
111.435 6381
132.199 7517
94.6458 3280
87.6378 4332
89.5988 4351
94.9746 4357
121.135 6460
104.387 4373
100.807 6436
123.801 6450
99.4669 4342
101.17 4356
92.5852 4352
104.488 5378
99.5799 6452
89.869 5418
120.018 6474
100.985 4362
93.1772 4302
103.943 4275
90.3521 3307
119.497 5396
102.941 4327
118.519 6455
91.7842 4314
100.085 4311
108.48 5383
116.786 5368
102.588 4336
92.3316 3272
108.448 7524
109.882 5398
101.316 6459
124.047 5381
108.947 5415
101.838 6433
89.7089 4333
96.6217 4291
92.1309 4360
86.2963 3272
98.5953 5481
112.011 5409
103.453 4346
100.192 6521
98.4634 4343
135.361 6467
92.4216 4323
109.426 5419
127.22 5418
104.859 5388
122.699 6441
92.564 4369
99.6189 4356
114.64 6454
108.268 6455
92.5275 3268
101.565 5374
110.3 6448
93.9414 4364
98.887 4338
111.206 7615
99.4954 4352
