96.6669 11741
101.947 12807
107.607 11805
92.7658 10663
102.72 12822
96.9635 11760
101.568 11765
92.2135 12826
92.3585 12829
121.393 11733
88.0741 10840
115.29 11725
112.214 12781
86.7844 10680
106.818 11743
97.655 12809
95.227 10668
108.695 13900
107.432 10701
106.199 12801
119.94 12797
112.666 11739
100.428 11767
106.427 12904
98.3548 11743
97.0506 12835
100.496 10654
103.087 11771
113.567 12823
90.657 10707
90.2255 11874
102.814 11769
114.515 12817
101.88 11782
97.1099 11731
106.465 11743
99.231 12359
93.5275 10690
113.071 12808
127.873 12800
94.494 11745
87.4922 14007
88.5596 10707
96.7674 11749
120.208 12866
104.868 12817
103.952 12809
123.021 12859
97.6923 11747
99.543 11749
92.137 10673
105.416 11805
98.7528 11818
88.7877 10667
117.477 12825
102.478 12777
93.1569 11754
103.582 11783
90.2163 9601
107.196 12785
103.066 11724
120.985 12823
91.7486 11759
96.9228 11750
108.311 11746
116.385 11769
100.133 12799
92.6066 11821
106.065 11737
108.875 11798
101.324 13037
123.368 12779
109.381 11808
103.458 11782
90.4325 11724
96.5425 10690
92.2122 10686
86.2169 9659
99.6616 11732
113.097 11765
103.294 11869
101.045 11752
96.5121 11757
132.388 12780
92.0783 9616
110.137 13924
126.638 11774
102.295 11758
122.196 14970
92.1082 10708
99.608 11791
113.834 12839
107.496 12788
93.0127 11771
100.019 11718
112.421 12798
94.1762 11737
96.6391 12754
110.817 12843
97.6004 11736
