97.9035 22356
116.055 2184
109.135 5382
94.2765 2201
110.336 2192
107.297 2201
108.065 2191
102.937 2200
94.4003 4343
158.108 2189
91.0491 4310
119.391 4322
119.172 4311
108.57 2193
121.625 2249
108.286 2194
96.4476 2184
145.541 2223
160.717 2185
109.705 4325
151.969 2173
118.041 2272
101.914 5403
131.92 2228
100.107 8631
111.595 2195
106.82 5370
108.976 4346
116.675 2219
94.1955 5359
105.402 5344
122.69 2215
141.441 2185
101.658 4318
98.8837 2167
121.406 2161
111.75 3243
101.417 2167
115.589 5359
143.978 2244
94.5187 2167
99.3592 4312
93.1028 2200
111.622 2236
132.853 2200
112.491 2182
123.707 2214
126.014 6409
101.896 2173
99.3766 5389
92.3578 2184
110.065 5383
107.984 2204
99.091 2189
135.246 2187
105.695 5389
91.8804 2168
103.713 2204
90.0888 1166
124.031 2198
119.255 2192
135.938 2188
94.6377 3264
131.939 2193
113.905 2166
135.865 1133
112.465 2220
94.1563 3484
144.013 4304
115.598 2190
104.968 2188
154.47 2191
115.871 4299
126.726 2197
100.593 2184
98.3239 2200
92.1987 2229
86.5469 4311
105.562 2186
115.259 2166
105.254 4309
104.484 2174
98.6572 5360
138.168 4303
93.8932 2184
109.66 7529
137.159 5404
106.658 5348
134.888 3247
95.0747 4308
107.011 2198
115.861 4313
160.875 2211
94.5719 4324
106.628 4319
127.047 2222
102.534 2191
100.165 5389
142.811 2173
118.296 2195
