171.402 1131
153.943 1131
163.084 1157
136.515 1122
125.066 1106
133.779 380
124.049 3481
141.786 1112
108.978 1170
95.3825 903
97.0411 1164
119.967 1178
150.402 1156
109.201 1197
136.578 1146
143.037 1155
157.213 1134
216.27 1124
117.627 1128
154.771 1132
156.853 1545
155.482 1120
145.179 1133
112.623 1182
91.0494 1147
120.485 1162
139.278 1156
91.2072 1131
136.131 1116
100.495 1152
105.509 1200
163.947 1158
90.6457 1148
119.897 1164
212.345 1138
130.829 1159
94.8056 1174
102.5 1127
197.574 1476
112.657 1112
165.74 1179
161.96 1113
157.563 1128
100.561 1126
156.496 1147
88.5754 1157
104.172 2211
147.343 1144
164.198 1177
149.809 1135
105.412 1123
94.4338 1139
159.058 1119
123.58 1095
135.43 1138
177.671 1134
106.944 1125
165.038 1098
177.076 1095
92.3509 1149
154.02 1144
143.645 1246
208.998 1138
150.983 1128
157.001 1118
116.152 1134
135.467 1155
119.619 1121
130.845 1096
120.717 1111
149.207 1141
152.615 1121
125.111 1116
141.217 1154
128.374 1117
123.363 249
150.586 2826
99.93 1111
114.165 1223
217.284 1116
131.473 1113
114.775 2187
135.74 1148
134.818 1128
103.615 1163
105.735 1131
91.3316 1146
163.148 1193
86.1711 1128
105.679 3026
150.464 1117
128.237 1136
140.726 1113
96.6019 1119
138.264 1136
137.899 1144
141.417 1178
148.441 1115
106.879 432
