180.925 0.000761167 157.091 0.000359056
148.247 0.000972434 135.767 0.000366032
169.555 0.000464668 142.029 0.000212441
146.384 0.000740331 142.31 0.000298393
124.754 0.000409196 112.192 0.000134861
142.514 0.000624965 137.53 0.000261366
142.655 0.000717507 137.746 0.000335322
140.116 0.000717844 136.002 0.000328492
107.576 0.000453716 105.468 0.000308995
93.6484 0.000130497 89.6857 0.000113178
97.66 0.00107076 95.0787 0.000216517
137.105 0.000560285 117.382 0.000204251
146.727 0.000438064 130.956 0.000205967
119.513 0.000830867 112.086 0.000301043
150.354 0.000830041 118.651 0.000240045
164.478 0.000656009 142.257 0.000320941
173.594 0.000706966 141.183 0.000314941
99.1761 0.000643868 94.4467 9.6555e-05
106.969 0.000428167 97.9901 0.000226778
193.297 0.000459495 142.854 0.000268674
185.772 0.000663292 157.298 0.000304852
149.213 0.000507368 143.371 0.000168954
94.5304 3.6217e-05 94.5304 5.0377e-05
176.002 0.00043946 137.195 0.0001397
125.845 0.000373322 107.753 0.000166409
91.0494 3.0075e-05 91.0494 3.9561e-05
110.006 0.000371459 99.2372 0.000160509
113.726 0.000636046 106.797 0.000314793
91.5849 0.000428752 90.6118 8.031e-05
131.279 0.000511009 119.367 0.000229701
99.7901 0.000746254 98.198 0.000132571
106.597 0.000591998 98.5199 0.000178302
185.236 0.000759263 159.561 0.000300761
92.7849 0.000380526 89.095 6.3171e-05
106.142 0.00074085 103.663 0.000262307
98.7452 0.000426603 90.7301 0.000151515
146.5 0.000423266 124.344 0.000196952
100.425 0.000483069 94.2759 0.000104544
104.366 0.000410671 98.4192 0.000120873
128.897 0.000972331 117.406 0.000361361
123.481 0.000320122 121.913 0.000142576
146.661 0.000362831 145.278 0.000214312
118.887 0.000493015 102.84 0.000165505
184.242 0.000543385 155.637 0.000335793
141.051 0.000404189 123.756 0.000249736
167.262 0.000548627 155.033 0.00018922
91.4417 0.00031325 86.8982 0.000182514
102.441 0.000702651 97.9101 9.6053e-05
165.872 0.000858471 162.164 0.000384113
202.738 0.000473606 198.829 0.000246452
147.587 0.000469949 134.174 0.000129994
117.992 0.000662237 107.229 0.000208105
99.1806 0.000639398 95.5141 0.000152669
129.679 0.000545893 128.522 0.000239877
138.403 0.000930349 125.809 0.000341118
143.555 0.000759712 125.428 0.000419253
130.338 0.000566617 127.446 0.000246392
97.4851 0.000698005 93.2475 0.000266019
182.106 0.000575442 158.178 0.000252881
156.996 0.000928966 135.934 0.000238726
93.2781 0.000991187 92.3486 0.000167561
153.048 0.000715891 141.745 0.000288183
118.291 0.000546215 112.908 0.000324261
93.8297 0.000594944 88.3199 0.000103519
158.753 0.000448581 142.473 0.000238829
167.374 0.000557319 136.241 0.00030052
113.582 0.000577161 104.233 0.000170281
128.825 0.000936571 124.007 0.000360699
115.724 0.000460207 112.913 0.00018115
146.091 0.000542744 140.579 0.000257772
136.507 0.000834484 116.884 0.000381748
165.151 0.000640886 139.195 0.000320801
170.4 0.000537338 147.448 0.000242483
113.633 0.000337257 104.058 0.00021986
156.667 0.000630186 143.213 0.00030113
141.58 0.000587704 123.393 0.000384503
135.804 0.000525812 118.393 0.00018468
148.472 0.000784344 135.751 0.000238164
94.8832 0.000564604 92.9241 9.8671e-05
112.999 0.00116261 101.622 0.000213777
122.776 0.000724614 116.277 0.000290587
133.118 0.000573141 122.284 0.000246944
150.793 0.000847171 141.773 0.00030578
158.561 0.000877585 126.303 0.00030154
133.924 0.000565269 114.994 0.000456167
108.917 0.000678788 105.771 0.000321521
108.166 0.000765009 99.8901 0.000181576
94.2555 0.000415961 93.9686 0.000177487
178.613 0.000454724 153.863 0.000228325
87 0.000615235 86.9124 0.000109879
105.679 3.0793e-05 105.679 4.3616e-05
172.429 0.000458393 160.221 0.000230952
137.076 0.000826879 127.792 0.000432288
130.664 0.000711504 128.505 0.000292879
104.537 0.000605866 94.8374 0.000212385
186.074 0.000531178 129.009 0.000196926
171.145 0.000540594 129.673 0.000352339
163.877 0.000677233 132.27 0.000360954
151.437 0.000405922 142.17 0.000115796
121.293 0.000839157 105.482 0.000361849
