153.803 2206
133.876 3300
147.608 2231
140.658 3308
117.677 2273
130.202 2201
115.778 2178
145.378 3306
113.179 1154
90.6037 1152
95.7417 1065
117.412 2233
128.853 2219
122.842 2227
118.464 2217
146.23 2208
144.142 2229
95.6443 1137
107.269 2224
145.562 2215
154.688 3269
141.645 2243
94.5304 1169
144.455 3267
112.213 2241
91.0494 1194
107.305 2210
133.289 3296
90.828 1166
131.644 2249
105.382 1153
109.492 2194
156.766 3284
89.9254 1152
129.156 3243
91.7921 1158
125.042 2231
95.2949 1141
102.367 1165
120.176 2237
113.744 1189
136.107 2233
105.731 2241
144.071 2202
98.9797 2215
152.59 2214
88.5148 2291
103.087 1142
148.277 2220
150.043 2201
140.499 2224
110.198 2216
95.028 1146
122.908 2203
122.454 2212
131.019 3279
120.226 2201
97.7572 1156
154.155 2177
143.503 2179
92.3692 1124
135.802 2204
124.632 1164
93.1748 1175
145.781 2303
145.906 2224
107.813 1172
121.483 2235
149.45 2217
126.397 2190
118.808 2178
141.285 2206
156.468 2211
105.086 1167
142.457 2224
122.997 3258
120.786 2221
144.712 2194
97.8388 1173
112.323 2213
110.546 2181
129.644 2234
119.895 2203
137.295 2226
115.741 3257
100.492 2194
104.224 2242
90.936 1148
154.137 2202
86.3632 1142
105.679 1161
133.272 2210
121.593 2201
118.561 2227
96.0557 1146
137.147 3245
131.384 2200
137.957 3269
134.06 2229
108.288 1118
