180.925 0.00042809 152.504 0.000215138
148.247 0.000597545 122.988 0.000419566
169.555 0.000559218 141.942 0.000440355
146.384 0.000629863 117.877 0.000517214
124.754 0.000552055 110.167 0.000295195
142.514 0.000562098 128.621 0.000269844
142.655 0.000384725 108.245 0.00023185
140.116 0.000558373 123.399 0.00057232
107.576 0.000327453 107.05 0.000720709
93.6484 0.000130564 89.6857 0.000123652
97.66 0.000777367 94.596 0.000214517
137.105 0.00050619 113.195 0.000391058
146.727 0.000376171 130.956 0.000404406
119.513 0.000473073 105.067 0.000336076
150.354 0.000578292 114.795 0.00024528
164.478 0.000459961 140.283 0.000427057
173.594 0.000571605 130.909 0.000510762
99.1761 0.000614614 94.4467 9.9255e-05
106.969 0.000237037 97.9901 0.000225867
193.297 0.000464015 134.988 0.000781998
185.772 0.000697658 149.097 0.000522634
149.213 0.000289178 136.394 0.000199311
94.5304 2.62e-05 94.5304 3.3419e-05
176.002 0.000598447 137.195 0.000389678
125.845 0.000430512 106.959 0.00023198
91.0494 2.8011e-05 91.0494 3.5362e-05
110.006 0.000269915 99.2372 0.000213484
113.726 0.000389116 105.193 0.000431851
91.5849 0.000363497 90.6118 6.0347e-05
131.279 0.000292534 119.367 0.000288372
99.7901 0.000593433 98.198 0.000142176
106.597 0.000422952 98.5199 0.000209754
185.236 0.000522344 159.561 0.000430253
92.7849 0.000367831 89.095 6.6728e-05
106.142 0.000725291 105.176 0.00105025
98.7452 0.000367496 90.7301 0.000162937
146.5 0.000325404 123.969 0.00015958
100.425 0.000348875 94.2747 7.5403e-05
104.366 0.000369575 98.4192 0.000159346
128.897 0.000559313 112.886 0.000233372
123.481 0.000308623 110.26 0.000129952
146.661 0.000384888 131.951 0.000416189
118.887 0.000463842 102.131 0.000248717
184.242 0.000398211 136.507 0.000529042
141.051 0.000446975 94.916 0.000263789
167.262 0.000341947 150.625 0.000152484
91.4417 0.000189019 86.8982 0.000233767
102.441 0.000380639 97.9089 6.1021e-05
165.872 0.000657165 145.415 0.000656323
202.738 0.000250588 146.995 0.000265956
147.587 0.000441849 134.174 0.000350645
117.992 0.000505843 107.229 0.000301528
99.1806 0.000503654 94.0745 0.000179077
129.679 0.00029496 118.363 0.000179183
138.403 0.000489231 118.841 0.000210234
143.555 0.000516253 123.29 0.000618811
130.338 0.000337104 117.231 0.000506951
97.4851 0.000458387 93.1015 0.000358777
182.106 0.00051116 152.63 0.00021381
156.996 0.000777061 135.934 0.000401538
93.2781 0.000543215 92.3486 9.6098e-05
153.048 0.000662953 122.562 0.000644023
118.291 0.000420078 112.42 0.000389639
93.8297 0.000392975 88.3199 9.7242e-05
158.753 0.000288207 142.473 0.000229274
167.374 0.000295661 136.241 0.000218587
113.582 0.000297051 103.583 9.9552e-05
128.825 0.000609238 118.3 0.000410684
115.724 0.000397121 110.616 0.000209837
146.091 0.000386954 124.492 0.000188388
136.507 0.000571554 115.465 0.000667797
165.151 0.000594341 137.96 0.000567573
170.4 0.000646506 147.448 0.000454219
113.633 0.000346551 103.115 0.000300957
156.667 0.00040795 141.28 0.000477146
141.58 0.000348556 112.781 0.000247262
135.804 0.000306975 118.393 0.000176685
148.472 0.000791782 135.751 0.000562704
94.8832 0.000310233 92.9241 6.0803e-05
112.999 0.000771464 101.622 0.000257726
122.776 0.000386864 104.546 0.000294715
133.118 0.000584716 122.061 0.000363805
150.793 0.000699646 110.979 0.000314866
158.561 0.000825005 126.165 0.000488252
133.924 0.000323483 108.431 0.000251092
108.917 0.000454253 105.763 0.000673102
108.166 0.000503876 99.8901 0.000179344
94.2555 0.000308371 90.6363 0.000205782
178.613 0.000461869 152.698 0.000435503
87 0.000411485 87 0.000128979
105.679 2.924e-05 105.679 3.2583e-05
172.429 0.000330989 127.42 0.000244581
137.076 0.000420602 119.613 0.000372739
130.664 0.00041087 113.477 0.000282899
104.537 0.000542687 94.8241 0.00031029
186.074 0.000392782 129.009 0.000274076
171.145 0.00038653 126.993 0.000497082
163.877 0.000454599 130.626 0.000383731
151.437 0.000336093 142.17 0.000139066
121.293 0.000409703 105.356 0.00030963
