152.183 10694
125.142 10705
143.684 10700
120.129 10764
110.868 9621
130.22 11807
109.646 10671
124.809 10661
108.562 11797
90.1069 9622
95.274 8592
117.037 10673
131.703 11808
108.443 9614
116.372 10742
141.814 8548
134.294 10661
95.1536 7515
101.329 10678
137.781 11760
150.893 10707
137.955 10716
94.7204 7543
140.196 10683
108.845 9590
91.3205 10711
101.871 9659
104.347 9625
90.9394 8560
123.301 9608
101.386 8578
101.99 8561
151.938 11752
90.0105 8571
123.169 10729
91.4191 8550
125.538 10815
94.7665 8557
100.59 9641
114.264 8502
111.95 8570
134.118 10677
103.816 10665
136.23 11743
96.3931 9624
152.173 11716
87.0959 7507
98.2364 8579
138.169 11745
149.199 10698
136.645 10685
103.217 8626
94.9828 8580
123.106 10705
120.835 9645
125.589 9655
111.675 9640
94.1212 10665
155.133 10702
138.321 9604
92.7372 8547
124.073 11798
114.289 10631
89.8719 7532
145.569 10683
140.092 10705
105.485 9627
121.064 10718
110.891 10734
125.88 10720
118.127 9639
139.506 10704
149.128 11725
103.784 10669
136.948 11755
115.505 10810
120.8 8550
133.211 11770
93.4641 6673
104.94 7522
105.555 6441
123.004 10697
112.066 8632
127.508 10729
111.518 10679
99.8023 9622
100.498 7530
91.1365 7525
154.407 10653
86.2588 7516
105.959 10670
128.62 10706
123.542 10670
115.21 11777
95.3365 8576
131.381 10706
130.049 9675
133.432 9631
130.635 9639
106.229 9632
