173.536 1105
207.069 1099
172.263 1126
197.419 1113
142.724 1123
149.914 1157
124.548 1117
157.569 1180
140.44 1110
115.509 1142
97.4746 1137
147.787 1103
153.883 1131
161.839 1104
194.201 1239
162.869 761
178.643 1192
259.351 1159
236.204 1178
172.416 1143
194.244 1155
179.389 1223
97.3959 1137
174.632 1133
137.714 1117
150.955 1603
136.75 1205
166.5 1164
107.166 1159
191.059 1142
105.783 1136
228.047 1208
172.356 1165
97.4313 1168
126.011 1113
96.6462 1126
175.549 1113
104.056 1120
109.113 1125
234.137 1117
123.505 1129
177.971 1122
134.386 1101
157.791 1185
98.9223 1182
154.988 1381
97.0842 1387
105.736 1129
178.775 1108
204.585 1136
139.149 1171
120.112 169
102.439 1173
161.778 1114
140.701 1113
137.832 1201
127.928 1168
200.428 1159
190.448 1131
201.243 1147
103.607 1196
174.526 1158
156.291 1097
91.5047 1087
172.128 1130
177.843 1748
120.119 2405
148.872 1138
179.246 1111
156.379 1163
125.541 1167
164.812 1154
199.104 1125
150.022 1116
165.694 1219
150.834 1149
152.586 1139
172.057 2059
105.167 1294
160.35 1136
118.063 1148
133.219 1122
147.123 1181
161.734 1104
191.236 1182
112.444 1106
115.155 1134
113.177 1136
178.562 1119
91.7738 1214
110.561 1121
146.356 1123
158.977 1135
214.038 1122
110.228 1137
157.193 1115
153.142 4179
145.349 2267
152.019 1167
111.697 1144
