163.2 1144
155.12 1168
170.681 1138
140.999 1155
125.892 1167
136.888 1164
172.716 1205
132.896 1155
138.347 1158
96.3838 1144
95.675 1126
126.688 1132
141.463 1133
120.61 1124
185.718 1146
144.144 1159
138.55 1158
99.2969 1417
121.587 1163
140.949 1145
160.728 1168
154.205 1150
157.448 1150
112.304 1159
91.0494 1187
130.017 1167
138.508 1172
103.022 1154
135.234 1175
105.69 1122
108.897 1122
154.651 1138
91.1142 1145
128.155 1173
92.9612 1167
161.461 1136
96.1497 1183
104.499 1180
117.683 1136
115.22 1171
154.744 1142
109.194 1171
143.574 1152
103.162 1120
162.605 1160
89.306 1162
225.984 1161
156.097 1150
159.447 1192
149.803 1140
106.198 1169
95.3452 1175
145.735 1139
126.436 1136
139.535 1170
113.842 1143
129.454 1150
158.807 1150
155.194 1166
92.3805 1149
159.446 1182
149.296 1167
90.356 1112
169.935 1129
154.393 1169
106.465 1245
128.717 1141
123.348 1142
134.835 1149
173.339 1118
143.803 1150
149.602 1180
105.108 1214
178.139 1205
116.813 1147
127.916 1213
149.019 1141
94.8763 1137
127.609 1118
109.506 1133
146.216 1204
115.948 1152
130.945 1189
117.399 1149
108.671 1153
109.915 1145
90.8352 1159
158.616 1141
87.172 1208
105.679 1216
146.011 1144
150.438 1161
146.785 1145
99.3979 1165
169.129 1155
178.36 1147
138.847 1183
164.003 1179
107.462 1145
