162.264 1143
127.917 1138
147.321 1125
143.27 1149
127.65 2555
135.448 1635
113.087 1119
127.445 1140
109.182 1163
92.9312 1159
100.771 1169
121.64 1119
152.148 1221
127.536 1115
119.137 1187
150.402 1108
153.313 1424
212.242 1121
195.99 1138
143.628 1155
168.074 1099
151.213 1118
94.5312 1146
159.434 1165
112.184 1114
91.0494 1144
120.185 1163
172.881 1135
91.3802 1141
182.639 1172
111.134 1123
105.604 1133
170.463 1177
89.856 1130
133.142 1137
101.784 1115
132.177 1134
97.1481 1225
99.7769 1152
128.271 1124
113.297 1121
158.628 1185
108.131 1236
148.068 1136
104.012 1133
161.984 1133
88.131 1141
98.9055 1196
145.706 1154
157.084 1135
151.45 1111
106.815 1143
94.7668 1208
127.068 2206
122.741 1854
144.563 1437
181.491 1161
187.528 1135
165.365 1111
146.137 1227
92.9611 1245
174.917 1134
125.374 1126
204.295 1173
170.371 1120
160.868 1165
108.633 1131
127.642 1106
180.866 1095
128.684 1187
162.213 834
142.559 1239
151.448 1156
109.373 1110
148.627 1134
120.181 1139
126.269 1131
141.417 1146
103.637 1398
127.121 1150
105.561 1212
145.027 1170
116.782 1105
133.456 1186
119.172 1098
104.993 1187
105.065 1117
91.3615 1162
157.458 1136
86.2063 1173
105.679 1244
142.43 1154
125.51 1119
124.061 1113
104.468 1095
158.497 1178
148.991 3972
138.779 1112
148.721 1132
109 1182
