152.16 7514
131.351 3240
152.914 2198
131.071 2178
120.316 2199
131.988 2222
111.225 4300
129.882 4322
115.171 2177
96.175 1121
95.2112 3218
119.017 4868
132.848 2165
110.691 4318
115.338 7468
144.847 4292
140.616 4289
95.8022 5381
130.239 2178
138.853 2179
156.369 2158
145.161 4279
94.5304 1107
149.626 2180
112.573 2205
91.0494 2187
113.949 2161
139.013 2176
93.4379 2194
126.953 5353
98.7074 2387
111.996 2190
154.099 3249
90.8903 2162
126.52 2200
92.6756 4347
128.953 2240
95.8878 2226
102.941 2163
126.674 2186
112.701 2178
142.025 4314
104.575 5360
145.242 2221
97.143 2219
156.309 2192
86.9567 6441
100.47 2194
151.294 2162
153.735 2186
142.44 2200
104.461 3250
95.5964 2187
120.349 5355
126.7 2186
127.447 4312
115.947 2176
114.165 4344
156.911 4309
140.457 4290
92.3493 4332
130.319 3239
122.94 7647
92.7862 2182
145.602 5352
140.612 2206
108.6 4324
121.101 4325
114.618 2201
127.872 2191
120.805 4305
141.22 3302
153.628 2175
111.802 2214
143.154 2191
114.417 4336
130.295 2215
144.192 2198
96.4883 4315
110.976 2160
112.782 2194
124.611 5389
114.182 2199
132.128 2188
113.834 2187
102.594 2197
102.364 3254
91.039 4264
157.266 2168
86.1758 2195
105.679 2228
133.562 3257
123.798 4323
114.852 6449
95.623 4315
139.965 2191
130.817 3245
135.52 2259
146.81 2211
106.504 3267
