152.699 9613
125.16 7517
143.519 9586
119.484 6421
112.709 6444
129.754 5370
109.081 6440
126.044 7511
107.055 4369
90.045 4339
95.6405 4327
119.948 8617
128.464 8548
109.254 4374
116.194 6394
142.478 8607
134.397 8581
95.4039 4323
99.3497 4317
135.987 9626
151.041 11736
138.496 9650
94.7913 3271
141.931 8580
109.039 4318
91.469 3278
101.758 5433
104.015 4401
91.7516 3241
121.278 5405
101.542 4349
100.983 3256
151.937 8615
90.0338 4339
104.626 5402
92.2858 4329
125.007 9763
94.7638 4342
100.068 4357
123.442 5415
111.586 4318
136.164 6495
103.59 5403
136.831 8551
95.5158 4354
152.059 8589
87.1483 4371
98.3302 3279
138.395 10820
151.626 8538
136.8 9629
102.769 6431
95.1412 3262
121.248 5445
120.053 6435
124.211 6498
111.986 5420
93.5971 3288
154.683 9628
137.935 8588
92.8841 3279
125.07 6432
112.814 5384
89.4123 3257
143.477 7509
138.925 8556
104.917 4347
122.565 6500
113.618 4311
125.991 6456
118.469 6470
139.289 6430
150.68 8622
104.021 4334
138 9625
113.521 7500
120.876 6441
133.554 7512
93.7295 3259
105.774 4345
105.438 4319
123.853 7518
111.716 6465
127.589 6435
110.304 6425
99.4485 5386
100.898 4352
91.2252 3284
153.948 10713
86.5589 3247
105.983 4353
130.765 9642
119.603 5403
114.754 6491
95.4889 4297
132.846 8559
129.853 6439
132.819 9655
132.552 7501
106.663 7559
