169 0.545675
166 0.667154
159 0.806869
120 0.985861
134 0.565312
126 0.550482
105 0.581047
180 0.390523
103 0.398153
89 0.708242
198 0.605285
147 0.321331
137 0.199202
103 0.450603
112 0.612197
156 0.577246
138 0.206006
94 0.395228
97 0.608724
160 0.625270
167 0.529103
141 0.292563
94 0.295922
136 0.805520
118 0.594553
91 0.524399
96 0.464384
99 0.500817
90 0.391430
148 0.349708
97 0.434383
95 0.371881
182 0.663349
89 0.206362
100 0.533935
89 0.539605
122 0.282619
93 0.454239
97 0.467411
111 0.607030
109 0.231740
128 0.416169
104 0.471818
138 0.670478
97 0.382663
148 0.320825
86 0.428950
97 0.603195
142 0.821315
148 0.270280
136 0.400633
99 0.246302
105 0.442521
115 0.450620
155 0.545431
137 0.403147
112 0.354975
92 0.383994
151 0.542534
169 0.489161
92 1.020692
145 0.570754
111 0.773388
86 0.716158
150 0.287614
133 0.420525
103 0.253476
116 0.768039
108 0.380042
122 0.571369
199 0.803375
142 0.890558
152 0.661238
105 0.523187
137 0.502946
110 0.699944
118 0.513928
133 0.576951
91 0.446100
103 0.582006
104 0.389732
128 0.528392
111 0.738303
138 1.028140
107 0.532449
104 0.908984
100 0.469864
90 0.534249
154 0.387233
85 0.523527
105 0.325173
126 0.364669
130 0.512778
110 0.396817
94 0.484306
140 0.246601
148 0.611011
166 0.390652
127 0.267823
105 0.467756
