104.949 1114
110.667 1156
90.2598 1299
120.933 1102
130.699 1142
112.348 1115
88.8951 1145
115.733 1133
113.993 1101
82.3416 229
91.2874 1178
99.5698 1132
97.8161 1210
115.004 1129
101.093 1194
127.611 1128
143.988 1107
106.996 1173
88.7682 1137
134.756 1165
108.669 1114
105.275 1124
98.0601 1178
102.648 3165
94.5604 1137
113.172 1136
119.911 1121
89.1682 1129
112.616 1117
128.707 1111
124.878 1138
107.958 1106
97.1538 1163
113.357 1162
120.17 1114
93.3006 1113
130.262 1108
113.782 1123
108.304 1126
106.596 1282
120.601 1106
114.018 1110
106.421 1111
129.927 1149
115.277 1152
101.981 1121
117.365 1171
99.2514 1179
108.392 1113
95.1559 1198
115.721 1147
122.06 1201
86.0588 5369
139.354 1128
107.19 1122
103.956 1221
135.488 1112
118.57 1120
117.476 1136
87.0546 1130
136.419 1209
96.2896 1986
150.579 4975
122.847 2178
103.67 1482
103.259 1166
128.52 2658
108.785 1130
92.7378 1244
87.314 2200
107.458 1161
102.312 1142
111.721 1255
94.193 1135
94.1779 1110
93.1308 1156
95.802 1142
114.386 1127
83.0963 1150
98.2749 1144
86.0523 1137
87.5099 1126
125.669 1092
97.8682 1212
160.534 473
88.8924 2483
108.645 1121
107.922 1143
94.677 1123
129.819 1115
96.7794 1146
98.0198 1184
92.0054 1137
116.325 1128
141.318 1096
98.9499 1123
108.502 1127
92.1182 1155
87.8494 1188
115.981 1135
