98.3815 1102
116.701 2196
90.0888 1243
95.6921 1135
133.696 1170
113.84 2236
88.8849 1177
118.683 3319
114.068 1098
82.4357 1129
93.9881 1103
99.4957 1129
94.921 1118
109.902 3336
104.392 2150
102.473 2460
114.575 2190
96.0917 1104
88.6925 1116
133.68 3302
114.368 2278
96.1455 1131
98.9237 1186
96.8363 1168
94.3681 1168
98.8191 1135
109.577 1128
89.8583 1096
97.1863 1130
89.0259 1151
113.823 2195
115.567 3225
96.3484 1108
112.352 2204
101.057 2215
93.3006 1122
124.678 2187
106.369 2188
108.897 1181
107.545 2200
111.739 1151
113.846 1153
105.897 1149
107.036 2280
114.339 2214
102.019 1143
101.864 1141
96.6992 1175
107.198 2226
96.2116 1180
101.18 1114
126.681 2197
86.1628 1157
142.764 3264
100.812 1131
102.313 2206
133.09 2285
118.071 3251
97.0185 1122
87.0517 1104
136.127 2191
95.1596 1104
140.701 2177
105.069 2190
98.3356 1162
96.6143 1156
127.483 2188
111.974 1143
92.0028 1161
89.0674 1147
100.802 2178
93.9709 1126
112.849 2207
97.8167 1149
94.9203 1227
87.8323 1127
96.4471 1137
106.547 2190
83.0963 1179
103.159 1135
86.0523 1136
87.9166 1149
118.711 2183
97.468 1101
109.395 2219
88.9465 1097
105.401 1104
102.822 1200
90.1117 1151
129.213 2170
94.5293 1108
88.9865 1144
92.0054 1136
113.315 1119
106.06 2166
97.5508 1149
106.228 1161
100.175 2202
86.0039 1191
110.816 2216
