103.253 1127
111.099 1119
90.0888 1104
108.852 1146
133.019 1114
121.409 1108
90.1199 1114
126.458 2091
123.166 1113
85.6959 1147
92.7181 1219
105.459 1107
94.924 1152
102.912 7501
107.659 1152
105.098 2001
134.106 2191
106.378 1115
91.0082 1178
135.523 1100
159.539 1106
97.4551 1096
99.5527 1125
106.264 2193
92.8945 1116
128.088 1147
118.249 1117
115.309 1375
108.039 2213
88.883 1106
120.961 1168
121.967 1198
97.4435 1102
120.221 1144
131.476 1128
93.3006 1150
130.057 1200
105.141 1141
108.641 1109
115.416 1112
115.689 1120
117.433 1128
105.061 1098
132.024 4167
101.903 1710
104.772 1100
108.495 1104
96.1392 1097
116.266 1151
95.966 1115
108.927 1101
126.979 1146
85.7871 1120
142.735 1131
110.936 1155
105.645 1107
129.755 1193
119.267 1125
103.301 1473
87.0517 2630
134.396 7054
158.84 1137
146.456 1214
149.692 1099
99.8845 1158
108.628 1118
126.708 1193
117.472 1138
93.7521 2930
128.057 1112
106.733 2189
108.273 1159
114.065 3668
113.991 1152
95.0117 1132
91.1365 1095
99.0911 1164
108.37 1152
83.0997 1395
96.8317 1129
86.0523 1170
91.4797 1116
130.476 1161
104.021 1136
122.083 1103
89.1348 1142
107.022 1113
100.744 1122
94.9124 1114
128.966 1122
101.302 1117
93.2571 1125
92.0054 1527
154.286 3249
145.986 1135
97.6731 1129
108.335 1121
95.9083 1157
85.2034 1094
120.195 1098
