104.511 7.3448e-05 96.6594 5.7564e-05
109.836 8.439e-05 109.836 8.6809e-05
90.0888 2.3441e-05 90.0888 2.7257e-05
94.1898 0.000277133 92.0798 0.00018079
127.986 0.000116811 125.198 4.7524e-05
104.424 0.000147356 94.9883 0.000163092
90.9248 0.000117784 88.7533 8.6451e-05
119.418 0.000120708 109.018 8.2308e-05
111.815 0.000148355 110.567 0.000131092
82.6844 0.00016649 82.171 0.000151727
91.5465 6.1831e-05 91.2234 4.8341e-05
99.9922 0.000116586 99.4476 6.0948e-05
94.921 4.1492e-05 94.921 5.9604e-05
114.049 0.000133024 99.2622 9.783e-05
103.094 0.000101831 99.7673 6.8129e-05
98.9597 9.7349e-05 97.7017 6.8332e-05
109.288 0.00011803 104.64 0.000113339
99.103 8.2604e-05 94.3495 5.5487e-05
92.0578 0.000138569 88.2036 9.0901e-05
123.899 0.000143959 121.199 0.000110444
97.2875 0.000172629 94.9855 0.000138059
100.36 7.8028e-05 93.8955 4.642e-05
95.9907 0.000149838 94.0881 5.2916e-05
106.003 0.000145316 95.9211 0.000161818
91.4394 7.842e-05 90.5952 7.191e-05
97.9647 0.000134798 93.9892 9.5384e-05
105.19 0.000132863 103.141 0.000120081
89.1494 9.1589e-05 89.0624 6.8099e-05
102.491 0.000124912 93.5772 0.000105906
89.675 7.4306e-05 88.3461 5.6506e-05
111.081 8.9425e-05 109.774 7.8684e-05
109.987 0.000104075 97.538 7.7668e-05
95.5493 0.0001395 92.0037 8.2569e-05
105.367 0.000340189 99.0729 0.000253702
94.8206 0.000127469 94.5226 9.2285e-05
93.3006 2.2597e-05 93.3006 2.6701e-05
123.359 0.000196022 118.931 0.000224148
103.044 0.000142297 99.1516 0.000130516
114.162 8.0964e-05 107.436 8.6439e-05
108.428 8.5502e-05 100.178 8.9724e-05
103.546 0.000113106 103.517 8.5194e-05
115.984 0.000204079 110.752 0.000182913
107.755 0.000116623 106.229 7.5476e-05
94.5623 0.000115524 88.2797 0.000124419
91.4842 0.000152311 89.2909 0.000134734
103.972 7.9666e-05 98.8263 7.3166e-05
104.394 9.1633e-05 98.4224 8.1956e-05
96.7626 9.6655e-05 95.6712 5.5185e-05
112.446 0.000146739 105.767 0.000142062
99.258 0.000112035 94.6484 8.9701e-05
95.7202 0.000117293 90.5151 0.00011459
125.478 0.000168735 118.343 0.000145345
89.272 0.000103372 85.0492 8.1546e-05
145.493 0.000150507 141.194 0.000157029
104.455 0.000113254 95.3337 0.000103159
97.5863 0.000132129 96.0886 0.000106759
127.649 0.000127233 126.845 9.4132e-05
112.406 0.000213307 104.016 0.000145553
98.8334 0.000157031 94.1899 0.000132912
87.0517 2.4113e-05 87.0517 2.6362e-05
136.13 0.00013256 134.932 9.4321e-05
101.314 8.8285e-05 93.8639 7.1684e-05
143.534 0.000134154 136.289 7.3575e-05
97.0614 0.000146558 93.7097 9.7864e-05
110.195 0.000105752 96.5773 0.000109392
97.2775 9.8797e-05 94.8608 8.5857e-05
131.301 0.000139114 124.609 8.9396e-05
114.971 9.4003e-05 107.009 8.0124e-05
94.1407 9.0211e-05 91.0986 7.6785e-05
87.6387 7.6305e-05 85.4437 7.6859e-05
110.035 6.5627e-05 99.3452 6.0302e-05
93.1992 6.9483e-05 92.4195 6.3362e-05
99.1443 8.8357e-05 98.5629 7.3247e-05
96.1118 8.1636e-05 92.4087 7.9834e-05
94.366 6.4972e-05 94.0281 4.3101e-05
91.1416 0.000157508 87.3821 8.8866e-05
98.4161 0.000130129 95.5332 9.767e-05
108.956 8.2643e-05 104.908 8.1067e-05
83.0963 2.6565e-05 83.0963 3.3041e-05
99.5903 0.000221209 95.7101 0.000165265
86.0523 3.059e-05 86.0523 3.4737e-05
87.1275 0.000168015 86.4709 0.000155482
117.201 0.000126801 104.315 0.000109374
96.0355 8.9667e-05 96.0355 0.00011313
94.6506 0.000134378 90.5386 7.3377e-05
89.9096 0.000125684 88.1241 5.1997e-05
103.149 6.9013e-05 101.002 5.1016e-05
106.488 8.7051e-05 103.129 5.7767e-05
92.9044 6.5792e-05 89.9589 5.4504e-05
124.571 0.000240685 122.286 0.000146929
95.9075 7.9107e-05 94.2941 5.9996e-05
91.899 0.000113194 88.2235 6.985e-05
92.0054 2.6766e-05 92.0054 3.3806e-05
102.9 0.000149349 100.76 6.3936e-05
102.704 6.8041e-05 102.704 5.4975e-05
97.3741 8.0496e-05 92.6186 9.3094e-05
115.128 0.00011028 104.732 0.000123967
97.6735 8.9032e-05 95.9837 7.7526e-05
86.2128 6.3626e-05 84.8614 5.3747e-05
89.3051 9.7962e-05 88.948 0.000112545
