97.3798 5359
111.382 6457
90.3015 3226
93.2758 3639
127.072 5373
96.2928 4267
89.4309 3267
110.955 5383
111.882 4386
82.751 3341
91.6356 3239
99.5508 4300
96.1632 4269
99.9216 4289
100.674 5369
98.3512 4314
106.519 4325
95.9269 6901
88.9062 3270
123.716 5367
97.7281 5360
94.3232 4277
98.6054 5412
96.8095 5344
91.3743 5330
95.0787 5421
103.376 4277
90.2153 3204
94.846 4320
88.6875 3289
108.333 4274
98.9346 5393
92.2759 4503
102.272 5350
95.5218 4294
93.8637 4922
119.534 5381
97.1455 6420
108.116 4724
101.198 4321
108.743 5372
114.785 5529
105.409 4327
88.8115 4318
91.3986 4331
101.293 5437
98.6167 4323
96.5406 4305
106.145 5406
95.5451 4282
91.4596 3670
120.788 5320
85.341 4303
136.655 5336
98.4007 5377
97.9062 6374
125.963 6454
109.253 5326
94.7965 4349
87.6339 4297
133.31 6485
94.4991 4307
138.911 7475
93.5202 4355
97.6641 5675
95.8199 3231
125.535 5400
108.869 5360
91.8704 4303
86.554 3298
101.725 5355
92.928 3241
98.7473 4400
92.855 4374
94.8732 4296
87.8627 4346
96.2104 4407
106.583 4362
83.4518 3278
96.7079 5395
86.7845 4339
87.9658 4259
105.522 5380
96.9501 3948
92.5843 4894
88.6921 3230
101.749 4337
99.0525 5358
90.7272 3223
124.665 7584
94.6931 4340
88.4991 4302
92.6948 3260
103.233 4321
102.853 5380
94.2635 4359
105.669 5385
91.4256 5407
85.4028 3213
89.4096 3243
