98.7469 1143
109.355 1136
90.0888 658
118.441 1830
135.007 1103
114.276 1166
90.4063 1136
134.008 1124
126.101 1178
82.7484 1170
91.2492 1136
114.127 1135
94.921 1141
103.554 2205
106.378 1133
111.893 1143
130.372 259
97.9837 1328
89.7254 1867
127.767 1132
130.584 1138
96.1836 1152
98.3339 1115
117.888 1139
92.735 1149
113.569 1191
121.345 1096
89.7362 1111
101.023 1146
122.105 2232
119.683 1144
111.928 1539
94.2624 1130
112.919 1157
106.719 1142
93.3006 1489
127.011 1111
119.677 1126
112.322 1158
110.052 1125
114.563 1117
118.499 1147
105.459 1181
128.195 1132
108.781 1121
144.824 1093
107.475 1152
99.2354 1134
108.839 2323
95.7117 1200
101.869 1134
133.973 1131
87.2649 2693
138.045 1122
112.427 1117
103.895 1144
134.112 1150
139.269 1156
101.534 1187
87.5141 1171
135.331 1170
158.087 1199
147.093 1105
103.733 1153
131.443 1124
103.529 1233
133.361 1112
108.579 4054
91.7162 702
121.616 1126
102.408 3321
92.5302 1139
115.921 1122
98.753 1170
95.441 1210
90.066 1127
105.9 1118
123.392 1108
83.0963 1124
103.492 1115
86.8008 1127
101.571 1161
162.198 3257
97.4875 1174
100.725 2212
89.4558 1131
102.244 1114
98.5326 1169
92.5698 1248
150.963 1127
106.324 1119
91.611 1142
93.1204 1145
106.155 1173
117.321 1153
121.304 1162
110.594 1126
140.126 1169
86.0944 1199
129.929 1176
