104.511 8.6481e-05 96.6594 7.689e-05
109.836 8.2337e-05 109.836 7.8667e-05
90.0888 2.4211e-05 90.0888 2.7056e-05
94.1898 0.000158493 92.0798 0.00014856
127.986 8.7858e-05 125.198 4.8675e-05
104.424 9.6369e-05 94.9883 0.000161031
90.9248 8.7271e-05 88.7533 7.6343e-05
119.418 0.000128245 109.018 0.00010475
111.815 0.000145737 110.567 0.000168259
82.6844 0.000165638 82.171 0.000167851
91.5465 8.8209e-05 91.2234 7.3036e-05
99.9922 9.705e-05 99.4476 4.9462e-05
94.921 4.1336e-05 94.921 3.0138e-05
114.049 0.000136267 99.1786 0.000129161
103.094 9.2288e-05 99.7673 8.1827e-05
98.9597 0.000121526 97.7017 0.000109908
109.288 0.000147811 104.274 0.000207453
99.103 0.000101386 94.3495 7.0459e-05
92.0578 0.000229022 88.2036 0.000180143
123.899 0.000141411 121.199 0.000207351
97.2875 0.000120978 94.9855 0.000149639
100.36 7.6019e-05 93.8955 4.9095e-05
95.9907 0.000168879 94.0881 9.4231e-05
106.003 8.948e-05 95.9211 0.00016001
91.4394 7.849e-05 90.5045 6.4617e-05
97.9647 0.000117157 93.9892 0.000107276
105.19 0.000101024 103.141 0.000127204
89.1494 8.7928e-05 89.0624 5.6461e-05
102.491 0.000112154 93.5772 0.00016333
89.675 6.7516e-05 88.3461 5.4336e-05
111.081 9.9717e-05 109.774 0.000105642
109.987 0.000118601 109.159 0.000139423
95.5493 0.000156712 92.0037 8.8328e-05
105.367 0.000198988 99.0729 0.000363364
94.8206 0.000130892 94.5226 0.000127572
93.3006 2.7311e-05 93.3006 3.487e-05
123.359 0.000148919 117.433 0.000247806
103.044 0.000112716 93.2352 0.000164081
114.162 8.5102e-05 107.436 9.4691e-05
108.428 0.000104343 100.178 0.000139924
103.546 0.000124727 103.517 0.000150936
115.984 0.000128243 110.752 0.000186673
107.755 0.000110347 104.796 6.2999e-05
94.5623 7.9578e-05 88.2797 0.000139378
91.4842 0.000108933 89.2909 0.000116892
103.972 9.1311e-05 98.8263 9.8288e-05
104.394 0.000107494 98.4113 0.000161639
96.7626 0.000129247 95.6712 9.0153e-05
112.446 0.000102506 105.767 0.000135403
99.258 8.682e-05 94.6484 6.6216e-05
95.7202 0.00011015 90.5151 0.000101059
125.478 0.000209059 118.343 0.000262836
89.272 8.3748e-05 85.0492 8.0432e-05
145.493 0.000130316 137.639 0.000161064
104.455 9.5174e-05 95.3337 0.000151722
97.5863 0.000165537 96.0886 0.000349528
127.649 0.000124858 126.845 0.000149257
112.406 0.000167305 104.016 0.000176984
98.8334 0.000112698 94.1899 0.000110542
87.0517 2.1419e-05 87.0517 2.5016e-05
136.13 0.00012944 134.932 0.00016674
101.314 0.000113777 93.8639 0.000114602
143.534 0.000108279 136.289 8.2821e-05
97.0614 0.000145706 93.6246 9.6216e-05
110.195 0.000103857 96.5773 0.000172554
97.2775 0.000105636 94.8608 0.000162933
131.301 0.000152481 124.589 9.9268e-05
114.971 8.78e-05 107.009 8.1467e-05
94.1407 9.2502e-05 91.0986 8.438e-05
87.6387 8.177e-05 85.4437 7.9296e-05
110.035 6.7577e-05 99.3452 7.1726e-05
93.1992 6.0268e-05 92.4195 5.481e-05
99.1443 7.8589e-05 98.5629 8.8681e-05
96.1118 9.2952e-05 92.4087 0.000158572
94.366 0.000115087 94.0281 7.6742e-05
91.1416 0.000137495 87.3821 0.000158421
98.4161 0.000105846 95.5332 9.6109e-05
108.956 9.9594e-05 104.173 9.1094e-05
83.0963 2.5692e-05 83.0963 3.2422e-05
99.5903 0.00012738 95.7101 0.000101354
86.0523 2.1214e-05 86.0523 2.6204e-05
87.1275 9.4381e-05 86.1201 9.269e-05
117.201 0.000143846 104.315 0.000224354
96.0355 6.3392e-05 96.0355 8.7163e-05
94.6506 0.000147844 90.5386 9.8429e-05
89.9096 0.000117222 88.1241 6.6502e-05
103.149 0.000107724 101.002 9.3265e-05
106.488 8.8206e-05 97.997 8.5641e-05
92.9044 6.2513e-05 89.9589 5.3311e-05
124.571 0.000227804 122.215 0.000160487
95.9075 8.4454e-05 94.2941 5.3049e-05
91.899 0.000128815 88.2235 9.9728e-05
92.0054 2.6198e-05 92.0054 3.012e-05
102.9 0.000204313 100.76 0.000105433
102.704 7.3927e-05 102.704 9.4433e-05
97.3741 9.8979e-05 92.6186 0.000192089
115.128 0.000143383 104.578 0.000179697
97.6735 8.4417e-05 95.9837 0.000126972
86.2128 6.4206e-05 84.8614 5.5548e-05
89.3051 0.000103864 88.948 0.000144529
