97.4192 10648
109.056 11742
90.3135 10685
92.9428 12802
126.27 12790
96.1947 12796
89.0218 11749
111.57 11738
111.088 12741
83.0761 9576
91.4682 11841
99.905 13000
95.2188 11698
100.59 12200
103.068 14031
97.8357 10611
108.442 12840
95.3794 11758
88.533 11746
122.693 12173
96.5171 11705
94.5103 11669
96.3698 11866
100.003 15527
91.2277 11733
98.7087 12288
103.585 11775
89.564 9533
94.7694 10907
88.9297 12724
112.119 11723
99.7709 10670
92.6633 10937
105.508 11699
93.7121 10663
93.7375 11756
117.696 11735
96.4594 12827
108.513 12788
100.516 13459
103.076 11678
111.497 11694
105.508 12512
93.012 11713
89.6539 12413
99.6148 11701
98.7961 11796
96.3041 11683
105.702 11657
95.0196 12739
91.8262 12397
121.084 11695
85.2291 9604
137.944 12740
97.1166 11736
97.5762 12814
124.998 13135
106.641 11780
95.1898 11753
87.5003 12516
133.324 11769
94.6456 10674
137.096 11687
93.9732 11735
97.9962 12861
95.2888 10629
125.43 12742
108.067 12867
91.3021 10632
86.5517 10662
101.733 10827
93.3893 11106
106.022 14167
93.5908 12811
94.2986 11766
88.4487 11765
96.2346 11825
105.179 15240
83.2737 11714
96.4115 11893
86.2198 12745
87.9442 10661
115.33 11946
96.6971 11673
90.9298 11790
88.7184 10663
103.453 12765
99.1486 13188
90.3399 10639
123.874 12741
95.0615 13030
88.6268 10641
92.7521 10705
104.426 12968
101.783 10675
95.2216 12015
104.754 12734
91.8333 12746
85.2207 11799
89.2773 10997
