98.6813 3233
109.024 6375
90.0888 1138
113.562 2187
126.898 18196
117.42 3205
89.7394 3240
115.108 5354
111.873 5299
82.3605 2164
92.8896 6435
101.119 2163
94.921 1106
101.603 5326
100.915 3244
98.4998 5352
122.122 3262
95.865 7680
91.3541 3221
130.464 5330
117.98 2165
93.959 2158
99.9709 13226
98.9319 3222
91.0854 3187
101.33 3251
111.609 2161
89.1098 3240
102.201 3236
88.9862 8505
108.902 16994
102.427 5348
95.1667 5355
108.405 5361
106.821 8477
93.3006 1100
124.423 3260
102.991 5413
109.186 5329
107.292 5372
103.978 3209
113.687 3245
105.126 6429
99.4248 2254
125.482 3254
100.867 6421
105.036 3196
96.3254 3201
106.4 11477
94.9161 8571
100.004 6437
122.096 6402
87.585 6492
141.273 3210
97.3617 6377
103.637 3231
132.203 3223
133.545 2180
94.6767 3224
87.0517 1180
135.785 3453
95.1336 5326
138.213 5379
103.662 3342
119.93 2201
102.497 5377
127.003 2182
108.479 2240
92.7756 9177
88.5263 8523
106.18 3217
92.7337 5325
99.1732 3211
93.957 3197
95.0704 5349
90.2509 3215
96.2361 9568
123.101 2166
83.0963 1161
99.29 3353
86.0523 1099
88.7713 3216
107.506 3216
95.9874 3268
97.7336 2195
88.3938 5341
101.993 5299
101.593 2166
90.7501 3310
126.029 6391
95.0884 2213
89.9239 5353
92.0054 1159
104.315 5337
106.115 3201
95.8819 3241
109.518 2178
93.2683 6416
86.5256 2166
108.155 3310
