96 0.169758
106 0.165925
90 0.169158
91 0.163777
123 0.163922
94 0.163443
88 0.166668
108 0.169829
109 0.166344
82 0.166103
89 0.168175
98 0.165512
94 0.163418
98 0.162509
98 0.160935
96 0.165280
103 0.167248
93 0.164711
87 0.165924
119 0.164923
94 0.168161
93 0.167823
93 0.169396
94 0.162451
89 0.163390
93 0.167831
101 0.166015
89 0.173334
92 0.163417
88 0.165650
106 0.165271
95 0.169428
90 0.170721
97 0.165819
91 0.169992
93 0.161922
116 0.167166
92 0.165778
106 0.164116
98 0.168971
98 0.173131
109 0.165502
103 0.172561
87 0.167115
89 0.166597
97 0.163761
96 0.170466
95 0.168150
104 0.163626
93 0.159942
90 0.162282
117 0.162666
83 0.165726
132 0.165896
93 0.164609
89 0.165523
123 0.167077
103 0.166208
94 0.171383
87 0.162403
129 0.164371
92 0.172489
134 0.165665
92 0.166912
94 0.163176
94 0.167365
123 0.166535
106 0.167272
90 0.167282
85 0.164748
98 0.167288
92 0.166277
96 0.167182
92 0.165555
93 0.162410
86 0.164525
94 0.165097
103 0.168157
83 0.159019
94 0.162649
86 0.163315
86 0.168699
101 0.164240
94 0.161428
90 0.168358
87 0.165898
100 0.167537
97 0.166988
89 0.164718
120 0.172715
93 0.170361
87 0.164081
92 0.165469
100 0.168216
98 0.166287
92 0.165007
104 0.169186
89 0.169258
84 0.168062
87 0.168900
