111.677 1110
130.383 1173
130.267 1263
146.347 1147
143.371 1093
131.966 1114
126.262 1147
133.973 1151
136.083 1117
83.7838 124
104.735 1350
121.159 1163
158.138 1172
166.972 1177
107.514 149
128.265 3990
140.153 201
119.904 1141
104.063 1137
182.745 1157
200.641 1155
134.531 1195
131.91 1105
133.097 1110
110.245 1144
123.014 1207
138.228 1163
129.373 1115
108.156 1123
114.349 1135
172.979 1155
157.325 1262
121.524 1125
146.262 444
175.658 1806
113.401 1168
143.158 1144
132.817 1129
155.286 1152
232.205 1144
124.49 1186
124.95 1183
216.598 1218
179.543 1137
161.175 1118
212.867 1191
125.631 1136
114.271 1128
110.2 1111
115.508 1118
126.62 1259
162.514 1155
151.154 1117
158.874 1124
130.962 1161
128.943 1142
164.607 1113
140.931 555
154.085 1125
109.809 1183
168.387 1148
137.848 1142
253.293 1151
176.461 1113
150.287 1132
137.875 1172
166.242 1137
180.72 1149
118.201 1224
133.314 1148
123.807 1137
125.82 1173
144.904 1113
131.774 1160
127.538 1141
98.5558 219
102.388 126
216.669 1127
111.109 1196
166.994 1142
97.4469 1122
87.2631 1156
138.594 1097
120.113 1292
177.636 1122
173.031 1141
118.522 1111
123.264 1151
153.838 1146
179.419 1134
152.151 1145
140.665 1142
141.942 1142
183.248 1241
204.106 1192
129.218 1131
144.912 1110
159.518 1094
127.43 1140
153.633 4781
