99.3603 12831
111.49 2182
100.282 5787
97.2189 3219
126.531 2161
104.88 10510
97.8281 6366
104.512 14367
107.531 8223
96.4748 10902
86.8049 2157
120.008 3235
101.23 5342
105.495 5339
94.5431 5347
96.0894 10116
111.955 5331
114.629 3218
84.1204 5341
123.29 2181
113.088 3228
101.973 2185
113.327 5351
92.162 5383
110.264 3225
114.441 2196
135.389 3264
92.8527 5319
99.663 2188
122.973 2178
104.776 3223
103.956 2199
89.0471 9660
120.291 5401
99.0419 3315
101.213 6446
111.789 3268
105.549 3223
86.2039 2196
90.2456 6931
83.2144 5310
92.8366 3200
126.247 9611
97.9061 2158
109.762 2610
88.2048 6379
103.69 5385
99.3982 3254
157.138 3215
99.2211 5454
103.283 3211
92.4528 5310
94.536 5459
96.5259 5784
86.525 5418
117.326 2208
109.309 2142
96.9583 5391
116.487 2176
97.623 4296
94.9888 8491
89.1106 2163
122.209 2207
128.096 3218
117.968 3245
93.2707 3200
91.4433 8617
122.867 5321
93.4709 3281
130.36 6441
100.227 4558
104.341 12778
94.9036 3224
91.2146 5381
126.838 5320
90.3909 2177
115.144 2159
99.1483 3224
113.689 2170
114.064 2150
102.8 2169
128.426 8547
96.9149 6429
97.0732 17610
92.5381 3065
105.566 11684
95.0957 3258
98.9884 6463
113.837 3277
94.806 3222
128.27 3230
90.2658 8484
94.1793 3203
102.021 2160
106.628 18385
126.511 3227
90.4184 3300
92.2507 3247
118.464 3238
131.203 3229
