104.365 3286
118.565 1140
111.111 1117
103.669 1121
133.075 2243
122.263 2324
142.517 1204
126.989 1158
136.487 1191
100.631 1127
91.5645 1145
119.727 2220
109.704 1174
112.461 1177
95.952 1132
135.772 1134
144.3 1176
134.574 1158
83.907 1371
121.022 1152
125.065 1122
110.641 1141
126.135 1196
92.2092 1322
126.285 4609
110.725 1178
134.825 1125
125.28 1329
97.878 1132
131.069 1103
133.188 3153
95.8741 5203
101.993 1104
124.129 1109
101.299 5127
123.1 1106
98.497 2353
124.239 2300
85.4916 2382
110.39 4777
97.2818 1120
111.827 1168
133.37 519
87.3426 4704
119.335 1168
100.559 3250
106.498 1181
97.5274 1117
194.1 1193
123.607 1162
90.057 2411
93.3155 1534
107.943 3235
99.928 1148
102.315 1185
126.25 1112
125.645 1179
149.13 2235
116.03 1094
112.464 1129
137.249 1148
89.6624 1141
133.757 1133
115.727 1114
129.608 1116
107.75 1144
96.9126 1162
138.661 4312
93.0943 1110
142.305 1164
114.074 1135
123.535 5528
116.807 1136
90.5673 1098
166.925 1139
108.689 1116
137.174 1107
108.795 1148
118.372 2208
108.01 1177
101.934 1298
130.803 3113
98.1389 1131
113.287 1144
98.4275 1102
115.69 1132
99.2033 3924
107.187 7671
108.874 1112
112.924 2253
136.661 2206
95.2882 1128
97.0073 1118
120.646 1172
111.092 1152
152.451 3268
118.304 1205
97.0495 1423
112.366 5149
135.969 3112
