95.7302 0.000612403 93.718 0.00230677
100.454 0.00059423 97.3021 0.00219488
92.8976 0.00143634 90.7369 0.00304784
96.5493 0.000538897 93.9866 0.00274408
121.885 0.00223233 119.401 0.00481996
104.348 0.00129866 100.848 0.00459429
97.7666 0.00083429 96.4418 0.00306052
104.851 0.000694403 101.427 0.0042545
106.499 0.00232027 104.26 0.00411315
99.6227 0.00130184 95.4478 0.00513821
86.6348 0.000323488 86.461 0.00126775
111.528 0.00103502 108.109 0.00454677
99.8142 0.00116246 97.2878 0.00452655
103.142 0.000851285 99.9493 0.00362474
96.5277 0.000633483 93.1069 0.00256576
95.8956 0.00150478 92.4429 0.00649807
112.372 0.00282668 108.28 0.00714587
114.011 0.00114769 111.666 0.0031962
83.2861 0.000540959 81.0943 0.00245472
102.139 0.00200329 98.1677 0.0103486
108.588 0.00075805 104.89 0.00188091
98.2972 0.00159821 92.4336 0.00294365
109.758 0.00114837 106.704 0.00651484
94.4722 0.000648291 90.7749 0.00391832
103.031 0.00163601 101.212 0.0082354
102.753 0.0010604 98.3123 0.00338313
122.518 0.00280243 119.721 0.00748304
95.3343 0.00130227 92.8998 0.00471246
95.0339 0.000576799 93.3248 0.00144953
102.445 0.000961764 101.572 0.00569684
98.785 0.00212326 96.75 0.00743559
91.2492 0.000335502 89.4487 0.00249951
90.1899 0.000503921 87.135 0.00310024
117.973 0.00105175 115.015 0.00426182
100.359 0.00132451 96.7251 0.00771681
99.5131 0.000961087 96.7847 0.00272625
98.164 0.00148566 94.2697 0.00737631
101.568 0.00154399 97.0969 0.00455201
88.6712 0.000557785 83.6552 0.0033518
93.6799 0.000672894 89.4997 0.000990501
83.0165 0.000374056 81.4015 0.00192371
90.5179 0.000207834 90.334 0.000574152
126.748 0.00248404 123 0.00559812
86.0137 0.000662385 84.9829 0.00432801
110.708 0.00221621 108.491 0.0102786
89.0573 0.000934329 88.2586 0.0037881
101.527 0.00135077 99.2841 0.00188918
97.1677 0.00051292 96.3932 0.00511777
141.747 0.0027334 137.971 0.0126737
95.3885 0.000952947 94.372 0.00298569
89.4164 0.000557028 87.1801 0.00191048
90.5969 0.000756945 88.9877 0.00292819
92.2671 0.000268812 91.4126 0.00193755
94.6666 0.000469528 93.317 0.00275531
87.8397 0.000332216 86.1361 0.000421511
115.986 0.00157876 112.927 0.00639146
103.71 0.000698904 102.761 0.00339902
96.6793 0.00065174 92.5793 0.00216523
109.887 0.00124643 109.022 0.00196504
100.246 0.000725652 94.9654 0.00327247
93.0249 0.000585387 91.8865 0.00253493
92.7052 0.000633919 87.5315 0.0035508
92.8038 0.00108713 88.8646 0.00388158
115.878 0.00130413 113.758 0.00489569
113.76 0.00253575 112.166 0.00144469
94.1944 0.000360209 90.8859 0.00146484
92.4219 0.00105207 88.8946 0.00340826
120.025 0.0011722 117.53 0.00510347
95.7481 0.000206893 90.6643 0.00191512
126.252 0.00132097 122.305 0.00569036
99.8863 0.00076723 97.5534 0.00206838
103.06 0.000778015 99.3625 0.00648202
90.5196 0.000620103 89.3267 0.00235394
94.0123 0.000477425 90.4159 0.00346111
123.697 0.00402032 118.883 0.0100331
87.7213 0.000428592 86.3255 0.00168481
99.8501 0.00120542 97.8093 0.00454045
98.0521 0.000860206 94.3585 0.00500664
98.2784 0.00106321 97.4852 0.00208824
100.007 0.000766188 96.4081 0.00203291
103.843 0.000703384 101.818 0.00123635
129.086 0.00258739 123.092 0.007568
92.0587 0.000356758 91.1257 0.00114122
98.4869 0.000645109 96.7012 0.00195857
94.5196 0.000420678 92.3371 0.000406721
107.569 0.00151347 104.144 0.00771241
96.7066 0.00134667 94.3529 0.00440023
98.5588 0.000453922 98.3496 0.0013262
109.497 0.000812779 108.831 0.00147179
94.8191 0.000950933 92.7897 0.00298037
125.697 0.0011983 122.184 0.00543379
91.8982 0.000567141 89.4054 0.0031915
96.4871 0.000825619 91.905 0.00360555
97.1626 0.00158731 92.9988 0.00425704
105.31 0.00196253 102.851 0.00291679
123.864 0.001327 122.635 0.00343587
92.076 0.000492689 88.9905 0.00289336
94.1291 0.000589186 90.6348 0.00219029
102.325 0.00106697 97.4128 0.0020084
115.911 0.00143209 112.338 0.00625137
