95.7302 0.000898265 93.7248 0.00204627
100.454 0.00129031 97.3021 0.00247154
92.8976 0.00200904 90.7699 0.00283336
96.5493 0.000853201 94.1084 0.00231674
121.885 0.00319582 119.401 0.00220686
104.348 0.00187553 100.848 0.00234082
97.7666 0.00118977 96.4418 0.00180012
104.851 0.000934941 101.427 0.00260256
106.499 0.00218436 104.28 0.00156268
99.6227 0.00216236 95.5037 0.00351604
86.6348 0.000333939 86.461 0.000766518
111.528 0.00140005 108.147 0.00263264
99.8142 0.00178899 97.2878 0.00235026
103.142 0.00086681 100.539 0.0023589
96.5277 0.000838708 93.2135 0.00161908
95.8956 0.00197536 92.4973 0.00294852
112.372 0.00211314 108.285 0.0018595
114.011 0.00215461 111.666 0.00268379
83.2861 0.000576358 81.1215 0.00158962
102.139 0.00243602 98.1716 0.00372087
108.588 0.00112534 104.936 0.00179246
98.2972 0.00300578 92.4481 0.00348158
109.758 0.00117909 106.704 0.00186157
94.4722 0.000670061 90.7631 0.0015461
103.031 0.00148877 101.212 0.00201745
102.753 0.00160329 98.4613 0.00328344
122.518 0.0033724 119.728 0.00308984
95.3343 0.00136376 92.8998 0.00165158
95.0339 0.000556451 93.3248 0.000930883
102.445 0.00104398 101.572 0.00217951
98.785 0.00169631 95.7999 0.00194565
91.2492 0.000331114 89.5504 0.0011551
90.1899 0.000464765 87.3274 0.00136073
117.973 0.00107652 115.032 0.00189212
100.359 0.00175855 96.7251 0.00309502
99.5131 0.00145008 96.8757 0.00209024
98.164 0.00174332 94.3464 0.00257806
101.568 0.00120751 97.0969 0.00166442
88.6712 0.00107186 83.6552 0.00267517
93.6799 0.000771804 89.5478 0.00122674
83.0165 0.000408875 81.4015 0.00127444
90.5179 0.000289561 90.334 0.00054361
126.748 0.00322543 123 0.00240394
86.0137 0.00075551 84.9829 0.00175229
110.708 0.00194772 108.514 0.00359588
89.0573 0.000762589 88.2586 0.00128884
101.527 0.000796131 99.2867 0.00153009
97.1677 0.000311749 96.3932 0.00138269
141.747 0.00278662 138.051 0.00317523
95.3885 0.00126714 94.3732 0.00158992
89.4164 0.000943955 87.2726 0.00200825
90.5969 0.0008819 88.9879 0.00168513
92.2671 0.000226599 91.4126 0.000854255
94.6666 0.000514522 93.317 0.00129419
87.8397 0.000559449 86.1361 0.000498492
115.986 0.00269157 112.936 0.00307657
103.71 0.000777438 102.761 0.00155353
96.6793 0.000707063 92.6123 0.00136553
109.887 0.00172553 109.022 0.00142078
100.246 0.000915512 94.98 0.00217412
93.0249 0.000479241 91.8865 0.00104167
92.7052 0.000845394 88.0609 0.0024572
92.8038 0.000850766 88.8646 0.0012747
115.878 0.00125657 113.765 0.00216797
113.76 0.00294496 112.166 0.00107808
94.1944 0.000574871 91.1132 0.0015342
92.4219 0.00143131 88.944 0.00238331
120.025 0.00158201 117.553 0.002223
95.7481 0.000376419 90.6643 0.00181923
126.252 0.00138067 122.338 0.00236281
99.8863 0.00142297 97.5534 0.00168067
103.06 0.000835426 99.3625 0.00215823
90.5196 0.00126468 89.3267 0.00217308
94.0123 0.000418316 90.4159 0.00122704
123.697 0.00590113 118.884 0.00513945
87.7213 0.000634647 86.3255 0.00175949
99.8501 0.00204542 97.8093 0.00322197
98.0521 0.00148366 94.403 0.00339486
98.2784 0.00119236 97.4852 0.00129025
100.007 0.000764883 96.4081 0.00114667
103.843 0.00145842 101.818 0.00149377
129.086 0.00418704 123.22 0.00469213
92.0587 0.000590232 91.1567 0.00154303
98.4869 0.000553086 96.7012 0.00107558
94.5196 0.000485374 92.3371 0.000437224
107.569 0.00184116 104.144 0.00278247
96.7066 0.00255386 94.3529 0.00302639
98.5588 0.000375322 98.3496 0.000763294
109.497 0.00137439 108.831 0.00165693
94.8191 0.00136806 92.7897 0.00148873
125.697 0.00138652 122.192 0.0024359
91.8982 0.000708916 89.4832 0.00230422
96.4871 0.00102838 91.905 0.00183947
97.1626 0.00158876 92.9988 0.001547
105.31 0.00395869 102.852 0.00278252
123.864 0.00129062 122.635 0.00131894
92.076 0.000497285 88.9905 0.00133566
94.1291 0.000475839 93.411 0.00109424
102.325 0.00143398 97.4128 0.00145272
115.911 0.00142429 112.4 0.00224865
