95.2131 4283
97.9883 4303
96.2658 5454
94.8451 4323
120.801 5391
101.728 4305
95.6421 4328
103.264 5551
106.515 5355
96.7267 5375
87.0951 4357
110.317 4318
98.9826 4338
100.763 4394
95.6383 4324
94.9076 4328
112.294 5382
113.875 6394
83.5639 3240
103.534 6635
106.291 6401
95.2564 5742
110.114 6449
91.5518 4304
103.455 5389
99.4102 5342
121.246 5670
95.8203 5401
94.3051 4319
101.141 5443
98.5218 4599
90.8348 4293
88.9232 3266
118.738 6415
97.9242 4289
97.6235 4356
94.0718 4355
102.367 5437
85.229 4275
89.6913 3327
83.5676 6081
91.7254 4275
124.752 6483
83.2998 4307
109.401 8504
88.2527 4408
101.134 4278
96.5855 4289
137.304 7536
94.9693 4288
87.8537 3530
90.4871 4294
91.9321 4074
94.9093 4275
86.6687 3813
115.429 7612
103.853 5523
94.7239 4319
111.14 6467
95.8276 4336
97.4171 5376
88.4884 4376
90.7741 4276
117.083 6434
112.795 4657
91.3991 3294
92.2889 4303
118.799 6386
92.0882 4300
125.493 7085
98.5967 4331
102.365 5391
90.8432 4301
90.5559 4288
119.956 5412
86.5722 4292
99.4353 5360
97.7206 4394
98.2389 4322
98.5063 5379
102.257 4390
123.856 5396
92.1492 4267
98.3326 4304
94.9573 4322
103.41 5348
95.0624 4334
97.7798 4470
109.581 4522
93.8706 4288
123.127 6458
92.3686 5423
93.3454 3231
94.0176 4309
104.277 5447
124.279 6457
91.4861 5385
91.0064 4342
99.5501 5367
116.117 5396
