99.365 14637
98.0953 13831
93.3602 13822
95.6541 13834
119.412 13897
103.684 12742
98.4025 14900
103.247 13816
112.177 13833
95.2474 14973
85.6851 11714
110.56 13174
101.28 13380
101.069 13900
94.1716 13970
94.2572 13868
111.206 13873
113.647 13907
83.4893 12794
99.7691 16100
107.448 13922
93.4042 13910
108.25 14805
92.6604 13865
101.7 14888
99.3684 14884
123.557 15064
93.1159 13797
95.9611 14039
103.199 13838
99.0091 12799
90.6281 12743
90.0488 11721
118.168 14982
100.602 13868
98.3993 12835
95.5845 14113
98.9735 14998
84.3192 11688
93.8843 12743
82.5802 12826
91.3902 14089
124.984 12811
83.6974 14910
108.758 13846
89.8134 12828
101.159 14893
95.6526 14962
138.163 14232
95.0347 13263
88.092 12874
92.2975 10665
91.1056 13929
95.5938 12780
86.547 13837
112.899 13849
103.488 14413
94.7881 12950
109.906 14276
96.8741 12860
92.2622 13894
88.8709 13774
90.2707 14384
116.074 13893
113.477 13790
91.1055 11309
90.7834 12776
120.138 13881
91.3719 12790
125.82 13882
97.9306 13883
100.677 13887
90.3599 14423
90.462 12839
121 14353
87.9581 15332
98.8173 13882
95.6906 13864
98.0713 13803
97.2106 13496
102.636 13765
124.474 13825
92.0844 14231
97.076 13769
93.1627 13874
106.606 13823
94.878 14027
96.408 16366
109.9 13849
94.4403 12935
125.614 13804
89.7854 14246
93.4898 13964
95.9225 14911
105.78 13843
123.529 14892
90.8009 15115
91.436 13898
100.941 13867
114.43 13899
