96.188 1123
113.019 1154
151.386 1126
110.088 1098
132.126 1136
107.994 1213
119.045 1572
137.222 1126
143.236 1163
97.4901 1202
92.2205 1159
114.636 7685
114.179 1189
106.73 1101
94.7966 1152
110.363 1129
115.327 2185
123.271 1141
86.8939 1168
116.451 1195
113.374 1119
104.525 1156
130.633 1152
102.569 1129
110.369 2243
115.77 1671
166.197 1140
114.242 1140
109.021 1145
126.121 2505
97.5866 7462
143.479 1133
100.437 212
121.913 1117
115.176 1100
120.229 1124
100.471 1131
120.631 1123
84.8474 2207
154.886 1172
102.441 1185
103.28 2172
125.395 1130
83.6062 1123
151.223 1095
104.25 1157
108.211 617
95.7584 2176
145.424 1151
123.601 1183
94.041 3243
95.7708 1096
99.6391 1108
106.867 2301
87.6863 1142
124.017 1154
111.945 1181
103.309 1119
146.524 1164
123.396 1123
128.839 1181
89.1049 3283
97.3616 5400
127.54 1155
126.844 1223
92.7463 4314
93.359 1258
151.689 1982
138.748 1131
131.376 2202
109.397 1161
109.294 2234
105.75 1197
156.169 1162
125.802 1242
87.9517 1155
139.776 1144
105.986 1141
100.268 1110
98.6274 4386
101.773 1120
155.831 1156
100.314 1164
97.8465 2263
115.311 251
118.291 2241
101.994 1144
100.4 1118
161.299 1148
101.708 1169
124.547 2213
92.3999 1113
95.6849 1152
105.75 1159
110.804 1170
140.779 1155
90.7432 1139
93.9844 1133
113.692 1133
127.327 2200
