101.385 1116
106.63 1151
113.077 2227
101.869 2195
126.079 2219
106.683 2155
114.382 3386
104.229 1133
119.182 3589
98.651 3270
86.3436 1144
122.814 2209
132.645 1114
115.855 2181
106.183 1106
97.5499 3507
112.254 5343
116.627 2175
103.067 2250
117.125 2378
115.116 1509
114.345 3221
116.895 2160
96.4439 1130
111.713 2175
115.11 2795
134.158 2252
105.625 2172
95.9963 1139
105.149 1153
106.847 2171
100.635 1184
90.4444 1144
125.649 2210
108.169 2185
101.701 1116
105.397 1197
113.982 2162
97.0769 2242
89.7473 1137
84.5459 1203
98.0677 1117
130.316 2172
101.592 2216
117.847 2206
95.6852 1133
118.691 2210
100.566 1131
149.295 3234
97.4466 1199
88.8825 1139
93.4189 1111
95.49 1129
102.269 1097
100.52 2245
119.853 5527
109.116 1116
100.72 1165
115.758 1191
109.64 1137
104.717 2189
89.4738 1153
101.505 2233
127.879 2194
119.335 1145
93.4855 1121
121.593 2149
141.502 3332
97.2585 2190
135.839 6470
104.954 1141
126.071 3382
108.642 1124
125.418 2198
130.192 2216
88.0696 1114
103.604 1124
102.349 1176
111.764 2202
120.274 2205
108.099 2271
132.331 2222
103.482 2163
98.8837 1127
97.8573 1144
119.58 1151
97.8373 1154
107.542 3099
115.634 3079
103.493 2152
127.428 2226
96.1753 1144
94.4304 1113
105.317 2295
119.788 2196
132.346 2183
92.3799 1123
93.3404 1190
112.753 2244
128.546 2163
