92 22.097261
94 22.351444
88 21.767039
90 21.926275
112 22.122013
96 22.390798
88 22.222993
97 22.263256
100 22.638475
91 21.945260
85 22.209445
104 22.191517
93 22.109064
96 22.438906
90 21.810731
88 22.071763
103 22.440924
107 21.908216
81 22.425754
94 22.955331
99 22.267264
92 22.243649
100 22.314774
88 21.756781
97 21.835937
94 22.546783
113 22.016081
87 22.232921
91 22.157367
97 22.641824
92 22.369044
89 22.384841
85 22.412765
110 22.211785
92 22.410165
92 21.993266
89 22.028008
94 21.894304
82 21.747210
89 22.003940
81 22.020627
88 22.486825
118 22.007535
81 22.398372
103 21.800094
87 22.356827
96 22.165018
95 21.885309
127 22.351160
90 22.470033
85 22.251020
88 22.069904
88 22.094324
93 22.200739
86 22.399861
108 22.156973
96 22.117952
92 22.295636
102 22.208211
92 21.911934
89 22.721187
87 22.088508
88 21.991436
108 21.783591
107 22.385443
90 22.680398
85 22.217600
112 21.869907
90 22.187385
116 22.136715
93 21.726699
94 22.148633
88 22.392305
87 22.013707
110 22.296321
86 21.947381
92 22.228056
91 22.108971
92 22.114733
95 22.211666
99 22.287584
116 22.345367
87 22.392661
94 22.175396
90 22.335294
98 22.157520
89 22.179827
94 22.044411
105 22.687857
92 22.079951
117 22.430869
88 22.122458
91 22.098113
89 22.410895
100 22.256644
117 22.211452
86 22.505547
88 22.718622
96 22.304524
107 22.418382
