126.823 1148
149.217 1140
223.396 1120
158.687 1252
187.465 2065
122.224 1137
208.111 1156
119.022 1146
174.436 1218
100.031 1130
114.555 3259
154.771 1188
181.724 1154
211.721 1130
103.625 1147
165.24 1149
167.7 1132
129.965 1109
121.717 3238
155.839 1942
182.073 1118
110.019 1119
144.941 1156
119.582 1124
104.173 1122
136.84 1154
183.654 1129
125.115 3023
109.424 1144
161.267 1135
170.871 1211
148.601 1023
106.914 1252
135.394 2496
102.648 1120
171.173 1239
155.463 1632
166.673 1109
106.506 1164
175.152 2191
124.224 1104
101.501 1143
132.915 1157
83.8053 1131
124.455 1222
100.202 1151
120.447 1148
145.945 1114
192.86 1142
148.896 1190
114.944 1170
109.014 1095
214.687 1142
98.8168 1114
122.102 1239
182.217 1128
107.496 1154
149.158 1168
160.204 1118
156.573 1196
108.738 1093
112.655 1194
146.116 1138
196.8 1156
171.149 1147
122.744 1155
118.43 135
148.166 115
140.09 1102
164.322 1105
217.626 1109
138.93 1104
129.61 1118
102.901 1181
125.503 1151
129.537 1138
134.134 1201
238.716 1123
130.773 1225
137.253 1126
129.924 1167
164.004 2199
115.407 1159
125.642 333
156.375 1126
128.523 1129
242.088 1119
141.969 1143
202.759 1127
113.799 1135
147.659 1314
176.249 2755
199.791 1210
208.239 1123
153.355 1162
255.194 1126
122.31 1155
133.467 1181
122.519 1142
195.751 1102
