96.6494 1167
110.727 1249
99.1529 1104
108.021 1126
147.683 1116
105.299 1181
110.323 2241
113.256 2304
120.428 7424
101.738 3261
88.7311 5693
117.142 1129
159.709 1133
132.318 1173
94.7207 1116
102.42 4463
153.887 1153
113.67 2174
94.9386 1136
154.279 2990
184.163 1124
110.097 2155
110.315 1167
93.549 4298
119.822 1150
104.179 2285
129.214 1105
101.742 1167
101.277 1167
155.26 1164
101.881 7306
114.195 1112
90.1229 1342
145.468 1099
99.883 1154
97.8514 1207
111.327 2179
143.182 1123
85.867 1106
145.504 1226
84.8968 6416
96.3281 1129
154.473 1141
91.9775 1204
115.316 1131
89.0843 4317
102.177 1121
116.477 1148
149.514 2182
102.456 1199
95.0184 2204
93.8876 1100
129.791 1158
103.738 1087
88.0193 1116
142.603 1122
104.923 1869
109.918 1144
120.768 1131
112.915 1108
108.845 1157
113.517 2185
106.775 3268
129.594 1169
125.498 1127
91.7322 13919
129.204 3266
124.718 1100
97.2277 1117
133.96 3451
107.931 3763
115.333 2178
90.3161 1151
90.3624 1142
136.828 1134
87.7142 1142
112.672 1118
103.599 1136
154.347 2231
104.173 1133
102.727 1137
137.724 1173
110.774 1134
108.343 1177
102.917 1134
113.191 1131
97.5816 1134
102.613 1155
109.321 1135
137.885 464
136.195 1162
111.274 1190
97.8054 1152
109.229 1129
125.916 1113
131.562 1125
121.976 1104
107.36 1244
110.218 1135
150.671 1117
