24 55 27 55 27 58 24 58 24 55
50 41 52 41 52 43 50 43 50 41
46 36 49 36 49 39 46 39 46 36
9 56 11 56 11 58 9 58 9 56
22 33 25 33 25 36 22 36 22 33
19 53 22 53 22 55 19 55 19 53
71 66 74 66 74 69 71 69 71 66
22 29 25 29 25 32 22 32 22 29
71 72 73 72 73 75 71 75 71 72
9 42 11 42 11 45 9 45 9 42
26 85 28 85 28 87 26 87 26 85
18 15 20 15 20 17 18 17 18 15
68 8 70 8 70 10 68 10 68 8
75 69 78 69 78 71 75 71 75 69
72 48 75 48 75 51 72 51 72 48
90 55 93 55 93 57 90 57 90 55
31 60 34 60 34 63 31 63 31 60
46 7 49 7 49 9 46 9 46 7
23 11 26 11 26 13 23 13 23 11
20 21 23 21 23 23 20 23 20 21
91 66 94 66 94 69 91 69 91 66
65 62 67 62 67 65 65 65 65 62
11 47 13 47 13 49 11 49 11 47
3 20 5 20 5 23 3 23 3 20
81 77 83 77 83 80 81 80 81 77
19 31 21 31 21 33 19 33 19 31
81 60 84 60 84 62 81 62 81 60
8 21 10 21 10 24 8 24 8 21
42 86 44 86 44 88 42 88 42 86
64 38 66 38 66 41 64 41 64 38
37 45 39 45 39 48 37 48 37 45
42 58 45 58 45 61 42 61 42 58
90 5 93 5 93 8 90 8 90 5
24 72 26 72 26 75 24 75 24 72
33 52 35 52 35 55 33 55 33 52
73 94 75 94 75 97 73 97 73 94
38 91 41 91 41 94 38 94 38 91
37 52 40 52 40 54 37 54 37 52
11 2 13 2 13 4 11 4 11 2
7 13 9 13 9 16 7 16 7 13
86 40 88 40 88 42 86 42 86 40
92 38 95 38 95 41 92 41 92 38
32 14 34 14 34 17 32 17 32 14
14 22 17 22 17 25 14 25 14 22
14 53 17 53 17 55 14 55 14 53
6 51 8 51 8 53 6 53 6 51
54 74 57 74 57 76 54 76 54 74
71 54 73 54 73 56 71 56 71 54
69 91 72 91 72 93 69 93 69 91
13 77 15 77 15 79 13 79 13 77
31 64 33 64 33 67 31 67 31 64
87 74 90 74 90 76 87 76 87 74
82 26 84 26 84 28 82 28 82 26
60 43 62 43 62 46 60 46 60 43
31 88 34 88 34 90 31 90 31 88
52 95 55 95 55 97 52 97 52 95
29 70 31 70 31 73 29 73 29 70
64 17 67 17 67 20 64 20 64 17
78 82 80 82 80 85 78 85 78 82
27 29 30 29 30 32 27 32 27 29
31 42 33 42 33 45 31 45 31 42
67 25 69 25 69 27 67 27 67 25
7 61 10 61 10 64 7 64 7 61
35 27 37 27 37 29 35 29 35 27
21 58 23 58 23 61 21 61 21 58
4 55 7 55 7 57 4 57 4 55
11 9 13 9 13 11 11 11 11 9
54 83 57 83 57 85 54 85 54 83
18 56 20 56 20 58 18 58 18 56
40 14 43 14 43 16 40 16 40 14
23 85 25 85 25 88 23 88 23 85
7 2 10 2 10 4 7 4 7 2
26 90 28 90 28 93 26 93 26 90
51 24 54 24 54 27 51 27 51 24
81 6 83 6 83 8 81 8 81 6
90 59 92 59 92 61 90 61 90 59
32 73 35 73 35 75 32 75 32 73
59 71 62 71 62 74 59 74 59 71
73 28 75 28 75 31 73 31 73 28
47 62 49 62 49 65 47 65 47 62
69 84 72 84 72 87 69 87 69 84
43 75 46 75 46 78 43 78 43 75
92 94 94 94 94 96 92 96 92 94
94 61 97 61 97 64 94 64 94 61
89 48 91 48 91 51 89 51 89 48
38 32 40 32 40 34 38 34 38 32
16 10 19 10 19 13 16 13 16 10
85 37 88 37 88 39 85 39 85 37
32 36 34 36 34 38 32 38 32 36
59 84 62 84 62 86 59 86 59 84
46 23 48 23 48 25 46 25 46 23
56 8 59 8 59 10 56 10 56 8
18 83 20 83 20 85 18 85 18 83
90 86 93 86 93 89 90 89 90 86
7 28 10 28 10 31 7 31 7 28
92 10 94 10 94 13 92 13 92 10
94 86 96 86 96 88 94 88 94 86
85 23 88 23 88 26 85 26 85 23
6 86 8 86 8 89 6 89 6 86
14 29 16 29 16 32 14 32 14 29
28 15 31 15 31 17 28 17 28 15
31 84 33 84 33 86 31 86 31 84
71 18 73 18 73 20 71 20 71 18
32 24 34 24 34 27 32 27 32 24
10 35 12 35 12 38 10 38 10 35
65 46 68 46 68 49 65 49 65 46
6 78 8 78 8 81 6 81 6 78
62 56 64 56 64 59 62 59 62 56
74 3 77 3 77 5 74 5 74 3
13 88 15 88 15 91 13 91 13 88
86 10 88 10 88 13 86 13 86 10
75 63 77 63 77 65 75 65 75 63
20 3 23 3 23 6 20 6 20 3
3 34 6 34 6 36 3 36 3 34
47 18 50 18 50 20 47 20 47 18
82 40 84 40 84 43 82 43 82 40
63 88 66 88 66 90 63 90 63 88
24 8 26 8 26 10 24 10 24 8
51 47 54 47 54 49 51 49 51 47
64 27 66 27 66 29 64 29 64 27
68 11 71 11 71 14 68 14 68 11
41 7 43 7 43 9 41 9 41 7
95 32 97 32 97 35 95 35 95 32
48 93 50 93 50 96 48 96 48 93
55 43 57 43 57 45 55 45 55 43
74 32 77 32 77 34 74 34 74 32
44 46 47 46 47 48 44 48 44 46
76 90 78 90 78 93 76 93 76 90
91 17 93 17 93 19 91 19 91 17
44 71 46 71 46 74 44 74 44 71
84 56 86 56 86 58 84 58 84 56
64 5 66 5 66 7 64 7 64 5
53 54 56 54 56 56 53 56 53 54
43 3 45 3 45 5 43 5 43 3
85 89 88 89 88 91 85 91 85 89
58 50 60 50 60 53 58 53 58 50
6 74 8 74 8 77 6 77 6 74
78 20 80 20 80 22 78 22 78 20
61 21 63 21 63 23 61 23 61 21
3 9 5 9 5 12 3 12 3 9
74 84 77 84 77 87 74 87 74 84
82 46 84 46 84 49 82 49 82 46
25 47 28 47 28 50 25 50 25 47
90 80 93 80 93 83 90 83 90 80
27 39 30 39 30 41 27 41 27 39
22 25 24 25 24 28 22 28 22 25
62 92 65 92 65 95 62 95 62 92
32 47 35 47 35 49 32 49 32 47
39 69 42 69 42 72 39 72 39 69
62 76 64 76 64 79 62 79 62 76
56 61 59 61 59 63 56 63 56 61
74 23 77 23 77 26 74 26 74 23
19 40 21 40 21 43 19 43 19 40
38 36 41 36 41 39 38 39 38 36
74 38 76 38 76 41 74 41 74 38
84 92 87 92 87 94 84 94 84 92
68 38 70 38 70 40 68 40 68 38
7 5 9 5 9 7 7 7 7 5
66 52 69 52 69 55 66 55 66 52
17 78 19 78 19 80 17 80 17 78
13 60 15 60 15 62 13 62 13 60
65 69 67 69 67 71 65 71 65 69
38 75 40 75 40 78 38 78 38 75
65 59 68 59 68 61 65 61 65 59
26 67 28 67 28 70 26 70 26 67
28 8 31 8 31 11 28 11 28 8
77 59 79 59 79 62 77 62 77 59
96 50 98 50 98 53 96 53 96 50
32 9 34 9 34 11 32 11 32 9
81 69 83 69 83 71 81 71 81 69
59 17 61 17 61 20 59 20 59 17
14 95 17 95 17 97 14 97 14 95
93 73 95 73 95 76 93 76 93 73
24 95 27 95 27 97 24 97 24 95
50 68 53 68 53 71 50 71 50 68
5 38 8 38 8 41 5 41 5 38
96 37 98 37 98 40 96 40 96 37
28 4 30 4 30 6 28 6 28 4
43 95 46 95 46 97 43 97 43 95
16 89 18 89 18 91 16 91 16 89
92 70 94 70 94 72 92 72 92 70
95 44 97 44 97 47 95 47 95 44
92 23 94 23 94 26 92 26 92 23
64 9 67 9 67 11 64 11 64 9
63 32 65 32 65 35 63 35 63 32
52 29 55 29 55 32 52 32 52 29
38 8 40 8 40 11 38 11 38 8
55 5 57 5 57 7 55 7 55 5
13 64 16 64 16 66 13 66 13 64
80 55 82 55 82 58 80 58 80 55
27 44 29 44 29 46 27 46 27 44
78 11 81 11 81 14 78 14 78 11
67 66 70 66 70 68 67 68 67 66
75 77 78 77 78 79 75 79 75 77
88 92 91 92 91 94 88 94 88 92
28 82 30 82 30 84 28 84 28 82
55 40 57 40 57 42 55 42 55 40
56 34 58 34 58 37 56 37 56 34
95 16 97 16 97 18 95 18 95 16
43 41 46 41 46 43 43 43 43 41
70 4 72 4 72 6 70 6 70 4
81 65 83 65 83 68 81 68 81 65
60 26 62 26 62 29 60 29 60 26
31 94 33 94 33 97 31 97 31 94
47 42 49 42 49 44 47 44 47 42
92 28 95 28 95 30 92 30 92 28
86 2 89 2 89 4 86 4 86 2
15 56 17 56 17 59 15 59 15 56
80 36 83 36 83 38 80 38 80 36
61 8 63 8 63 11 61 11 61 8
48 29 50 29 50 32 48 32 48 29
94 83 97 83 97 85 94 85 94 83
24 61 26 61 26 64 24 64 24 61
78 65 80 65 80 68 78 68 78 65
94 79 96 79 96 81 94 81 94 79
4 24 6 24 6 26 4 26 4 24
34 77 37 77 37 79 34 79 34 77
74 53 77 53 77 55 74 55 74 53
11 67 13 67 13 70 11 70 11 67
73 9 75 9 75 11 73 11 73 9
62 63 64 63 64 65 62 65 62 63
53 18 55 18 55 21 53 21 53 18
45 50 48 50 48 52 45 52 45 50
68 73 70 73 70 75 68 75 68 73
92 47 94 47 94 50 92 50 92 47
36 71 38 71 38 74 36 74 36 71
76 27 78 27 78 29 76 29 76 27
52 87 54 87 54 90 52 90 52 87
22 18 24 18 24 20 22 20 22 18
10 53 13 53 13 55 10 55 10 53
28 55 31 55 31 57 28 57 28 55
53 80 55 80 55 82 53 82 53 80
2 46 5 46 5 48 2 48 2 46
39 3 41 3 41 5 39 5 39 3
22 65 25 65 25 67 22 67 22 65
16 45 18 45 18 48 16 48 16 45
35 63 38 63 38 66 35 66 35 63
43 91 46 91 46 93 43 93 43 91
58 68 61 68 61 70 58 70 58 68
32 3 35 3 35 6 32 6 32 3
11 13 13 13 13 15 11 15 11 13
55 86 57 86 57 89 55 89 55 86
33 33 35 33 35 35 33 35 33 33
25 20 28 20 28 22 25 22 25 20
73 14 75 14 75 17 73 17 73 14
55 64 58 64 58 66 55 66 55 64
85 67 87 67 87 69 85 69 85 67
68 63 71 63 71 65 68 65 68 63
48 74 51 74 51 76 48 76 48 74
82 13 84 13 84 16 82 16 82 13
