24 55 3 3
50 41 2 2
46 36 3 3
9 56 2 2
22 33 3 3
19 53 3 2
71 66 3 3
22 29 3 3
71 72 2 3
9 42 2 3
26 85 2 2
18 15 2 2
68 8 2 2
75 69 3 2
72 48 3 3
90 55 3 2
31 60 3 3
46 7 3 2
23 11 3 2
20 21 3 2
91 66 3 3
65 62 2 3
11 47 2 2
3 20 2 3
81 77 2 3
19 31 2 2
81 60 3 2
8 21 2 3
42 86 2 2
64 38 2 3
37 45 2 3
42 58 3 3
90 5 3 3
24 72 2 3
33 52 2 3
73 94 2 3
38 91 3 3
37 52 3 2
11 2 2 2
7 13 2 3
86 40 2 2
92 38 3 3
32 14 2 3
14 22 3 3
14 53 3 2
6 51 2 2
54 74 3 2
71 54 2 2
69 91 3 2
13 77 2 2
31 64 2 3
87 74 3 2
82 26 2 2
60 43 2 3
31 88 3 2
52 95 3 2
29 70 2 3
64 17 3 3
78 82 2 3
27 29 3 3
31 42 2 3
67 25 2 2
7 61 3 3
35 27 2 2
21 58 2 3
4 55 3 2
11 9 2 2
54 83 3 2
18 56 2 2
40 14 3 2
23 85 2 3
7 2 3 2
26 90 2 3
51 24 3 3
81 6 2 2
90 59 2 2
32 73 3 2
59 71 3 3
73 28 2 3
47 62 2 3
69 84 3 3
43 75 3 3
92 94 2 2
94 61 3 3
89 48 2 3
38 32 2 2
16 10 3 3
85 37 3 2
32 36 2 2
59 84 3 2
46 23 2 2
56 8 3 2
18 83 2 2
90 86 3 3
7 28 3 3
92 10 2 3
94 86 2 2
85 23 3 3
6 86 2 3
14 29 2 3
28 15 3 2
31 84 2 2
71 18 2 2
32 24 2 3
10 35 2 3
65 46 3 3
6 78 2 3
62 56 2 3
74 3 3 2
13 88 2 3
86 10 2 3
75 63 2 2
20 3 3 3
3 34 3 2
47 18 3 2
82 40 2 3
63 88 3 2
24 8 2 2
51 47 3 2
64 27 2 2
68 11 3 3
41 7 2 2
95 32 2 3
48 93 2 3
55 43 2 2
74 32 3 2
44 46 3 2
76 90 2 3
91 17 2 2
44 71 2 3
84 56 2 2
64 5 2 2
53 54 3 2
43 3 2 2
85 89 3 2
58 50 2 3
6 74 2 3
78 20 2 2
61 21 2 2
3 9 2 3
74 84 3 3
82 46 2 3
25 47 3 3
90 80 3 3
27 39 3 2
22 25 2 3
62 92 3 3
32 47 3 2
39 69 3 3
62 76 2 3
56 61 3 2
74 23 3 3
19 40 2 3
38 36 3 3
74 38 2 3
84 92 3 2
68 38 2 2
7 5 2 2
66 52 3 3
17 78 2 2
13 60 2 2
65 69 2 2
38 75 2 3
65 59 3 2
26 67 2 3
28 8 3 3
77 59 2 3
96 50 2 3
32 9 2 2
81 69 2 2
59 17 2 3
14 95 3 2
93 73 2 3
24 95 3 2
50 68 3 3
5 38 3 3
96 37 2 3
28 4 2 2
43 95 3 2
16 89 2 2
92 70 2 2
95 44 2 3
92 23 2 3
64 9 3 2
63 32 2 3
52 29 3 3
38 8 2 3
55 5 2 2
13 64 3 2
80 55 2 3
27 44 2 2
78 11 3 3
67 66 3 2
75 77 3 2
88 92 3 2
28 82 2 2
55 40 2 2
56 34 2 3
95 16 2 2
43 41 3 2
70 4 2 2
81 65 2 3
60 26 2 3
31 94 2 3
47 42 2 2
92 28 3 2
86 2 3 2
15 56 2 3
80 36 3 2
61 8 2 3
48 29 2 3
94 83 3 2
24 61 2 3
78 65 2 3
94 79 2 2
4 24 2 2
34 77 3 2
74 53 3 2
11 67 2 3
73 9 2 2
62 63 2 2
53 18 2 3
45 50 3 2
68 73 2 2
92 47 2 3
36 71 2 3
76 27 2 2
52 87 2 3
22 18 2 2
10 53 3 2
28 55 3 2
53 80 2 2
2 46 3 2
39 3 2 2
22 65 3 2
16 45 2 3
35 63 3 3
43 91 3 2
58 68 3 2
32 3 3 3
11 13 2 2
55 86 2 3
33 33 2 2
25 20 3 2
73 14 2 3
55 64 3 2
85 67 2 2
68 63 3 2
48 74 3 2
82 13 2 3
