211.82 3742
137.395 1227
189.887 1127
104.46 1162
133.427 3256
171.069 1147
162.646 1579
181.318 1135
168.142 9633
169.908 1185
138.898 2221
211.325 1095
127.561 1174
147.189 2197
148.135 2164
149.061 1146
146.913 1154
133.796 2193
186.158 2173
122.307 417
117.843 1108
156.279 1159
97.6609 1140
121.04 1172
196.283 6257
221.83 1109
185.531 3254
201.763 2255
113.285 3239
161.575 2204
120.84 4326
134.127 2219
155.618 1146
214.997 1159
129.57 1153
209.372 2402
158.769 1162
148.531 1142
185.6 4924
131.487 1167
172.804 1134
153.002 1152
147.775 1117
135.364 1162
157.539 7558
187.996 1098
143.458 1234
117.925 1142
169.311 1175
144.799 1114
168.533 1130
116.176 1165
172.611 1129
167.929 1248
152.917 5988
115.588 2178
181.635 1152
137.154 1238
117.936 1121
143.622 3326
228.85 1119
124.17 3548
119.245 2175
161.972 1181
154.476 1101
198.237 1194
120.618 1175
127.011 2181
155.105 1108
127.475 1134
140.865 2209
125.073 731
191.503 1113
127.97 1620
161.162 1146
134.361 1479
161.642 1111
137.709 2211
135.649 1126
162.13 1117
150.873 2200
148.102 2155
165.072 2181
201.574 2208
254.33 3312
148.533 1161
163.944 1150
177.288 1167
194.269 1154
154.349 1156
151.869 2223
120.251 1146
146.263 1140
147.269 1200
121.791 2240
211.926 1162
156.9 3762
152.754 1160
159.725 1140
210.872 1122
