103.582 8467
99.2848 10622
141.832 2173
157.161 2169
100.873 4307
117.909 4264
147.887 2184
128.611 2179
134.619 2184
126.847 5359
104.261 10608
131.406 2215
95.5102 4343
105.454 5324
146.944 2166
137.141 2181
101.518 4284
188.645 2175
137.561 2186
108.646 4275
114.262 3243
115.327 2147
98.7066 8563
135.08 2172
157.384 4251
108.075 3253
164.3 2216
117.685 9298
118.451 2159
120.576 2204
161.23 2166
151.212 2173
137.012 2223
105.416 5368
127.926 2174
126.89 2176
125.048 3271
138.834 3148
155.577 2153
103.596 12603
170.759 2219
123.633 2149
108.63 4340
104.244 5335
128.996 4354
97.3845 4298
170.368 2196
142.857 2199
131.348 4650
109.768 4294
115.589 4306
97.1301 10965
110.483 7444
106.664 4272
136.982 2191
110.346 2197
138.855 2196
95.4645 4283
97.1353 6455
133.536 2167
131.45 4284
106.434 2186
95.1756 2159
96.3055 4291
135.093 2201
97.0383 5383
110.952 8240
108.187 6370
139.949 2264
152.806 2180
138.687 2180
95.3812 4271
126.874 8596
106.483 4304
153.561 2198
130.924 2168
128.924 4290
125.792 2174
152.114 4276
116.381 7481
96.3885 5354
106.593 2180
113.655 2194
114.608 10657
119.413 12786
159.738 2183
159.935 2148
100.163 7609
135.206 4326
132.277 4281
112.314 4292
112.814 2158
103.74 10880
123.252 4255
107.173 10179
161.682 2168
120.55 3169
115.878 6130
111.379 4312
104.962 5310
