144.849 2167
127.72 1154
177.12 1137
109.221 1144
85.4932 1561
114.421 1091
166.023 2176
121.378 2161
120.294 2182
147.342 1169
135.862 1140
112.807 1141
110.771 3854
130.895 2174
145.747 2233
114.065 1116
132.665 1103
111.683 2837
118.789 3319
116.868 3566
150.479 3279
121.751 2202
87.8209 1121
104.762 1131
151.565 5745
109.545 2218
133.695 5333
131.164 1172
101.969 1098
94.7135 4393
107.787 1122
104.448 3204
135.823 2212
106.542 1153
95.4372 4063
135.964 5082
104.298 1451
103.699 3254
136.903 4347
136.256 1144
165.155 1136
111.665 1143
127.062 1682
104.342 1114
132.911 3220
117.033 2236
204.908 5733
130.333 4107
137.421 3253
108.902 1100
127.755 1149
99.8529 2326
109.981 2191
102.865 2198
120.992 1125
119.473 1170
136.106 2155
94.1795 2870
116.373 1134
145.772 3270
138.036 1097
101.212 5321
90.8249 1106
108.204 2210
199.725 1102
118.941 1132
138.61 1121
107.264 7240
111.362 1624
121.455 1225
128.039 1531
99.1057 4325
142.627 1259
101.86 1620
110.36 1274
113.688 2517
124.451 1134
122.91 2203
166.135 1486
140.346 1107
127.105 2291
142.598 2173
105.938 4529
131.963 5469
121.385 2164
167.788 1226
147.227 3262
125.785 2205
141.56 2151
107.995 3347
143.455 2152
144.228 2222
202.939 2203
144.206 3289
110.53 2891
146.899 5424
119.164 2198
142.628 1106
157.778 2267
151.097 6966
