102.034 0.00911524 98.0518 0.034723
98.4099 0.00406912 94.8148 0.0175803
119.881 0.014289 115.826 0.0198429
101.33 0.00589963 98.4656 0.0281263
87.3469 0.0174928 85.3203 0.00968477
112.07 0.00401226 109.238 0.0166942
102.802 0.0134848 98.8587 0.0316263
97.8312 0.0113362 93.0986 0.0231208
97.1327 0.00835459 94.6774 0.0252802
115.533 0.0179533 112.155 0.0406754
103.34 0.0115551 99.6934 0.0448627
99.8672 0.00626512 97.976 0.0255402
97.4435 0.000738233 93.7512 0.00759513
93.6143 0.00498327 89.6744 0.0263487
115.091 0.0238626 111.187 0.042035
97.1283 0.00551963 95.4783 0.0127491
97.1467 0.00222156 94.3524 0.0113807
98.5811 0.00953652 95.7 0.0133858
111.945 0.00675014 110.922 0.0240591
103.853 0.0140584 98.5679 0.028239
99.6893 0.00508414 94.2128 0.0133925
102.395 0.0090863 99.9674 0.0407325
90.9636 0.00809825 86.5004 0.0189648
88.2718 0.00957914 83.7932 0.0300512
139.586 0.0227189 135.663 0.0631967
96.8483 0.0035563 95.8344 0.0206099
129.825 0.0212887 126.733 0.0456715
116.999 0.00805898 114.272 0.0322495
100.023 0.00301321 96.4156 0.0213426
93.2538 0.00754897 91.3109 0.00991359
105.192 0.00720488 100.043 0.0216874
97.2303 0.00882326 94.1804 0.0170139
99.8489 0.00569811 97.3073 0.0139354
96.2183 0.00779961 93.1408 0.0163992
92.6097 0.00459153 87.9639 0.0122549
118.846 0.00793166 113.206 0.0204835
96.6683 0.00283097 93.7938 0.0049907
102.737 0.0121004 98.185 0.0289314
130.048 0.0188754 126.261 0.0357825
100.317 0.00669494 97.0716 0.0148006
122.64 0.0297708 118.121 0.0240894
94.9438 0.00224168 93.9821 0.0127941
92.8278 0.0149414 91.292 0.043621
103.99 0.00534822 99.7759 0.028147
102.169 0.012815 97.7883 0.028014
93.971 0.00253638 92.7438 0.0144533
122.769 0.0200971 118.84 0.0510354
89.9063 0.00367756 86.0422 0.0135382
120.922 0.01524 116.943 0.0337752
101.299 0.00405742 95.8397 0.0205071
103.173 0.00844086 101.334 0.020815
96.6129 0.00240566 96.2735 0.015865
101.944 0.0100816 99.1513 0.0157846
93.2242 0.0049567 92.1956 0.00681353
93.7162 0.00462644 88.6803 0.0194636
93.2264 0.00442148 92.0222 0.0139836
117.338 0.022549 114.303 0.0342294
94.4857 0.0041866 90.0388 0.00850789
96 0.00312948 93.953 0.0159982
103.984 0.0113994 100.919 0.040513
121.087 0.0310411 114.737 0.0517882
103.962 0.00661727 100.314 0.0259545
93.951 0.00479551 91.4431 0.0112084
86.4078 0.00295455 84.9508 0.0163863
108.68 0.0154296 104.977 0.0312219
95.4342 0.00410404 93.9726 0.014716
107.208 0.0100301 104.379 0.0303681
105.806 0.0143612 102.265 0.0225753
100.944 0.00510646 98.959 0.00813167
100.576 0.00676305 97.2838 0.0230451
114.023 0.0222478 110.541 0.0518933
97.3889 0.0047616 94.2701 0.0120847
118.839 0.0130097 114.833 0.042016
95.2277 0.00472645 93.1158 0.00686455
93.8243 0.00512078 89.3563 0.0142385
102.378 0.00931285 98.3838 0.0267885
115.673 0.0121712 112.534 0.0400507
98.5859 0.00219759 96.6447 0.0135463
120.099 0.0110552 116.402 0.0283758
108.367 0.0138577 104.331 0.0235834
86.4921 0.00178338 84.7708 0.00507051
103.404 0.00544956 99.2099 0.0232747
98.9852 0.00368736 94.4913 0.0207462
110.951 0.0228163 105.051 0.0378337
120.626 0.014565 117.056 0.023386
101.898 0.00457627 100.317 0.0138806
106.421 0.0109294 100.879 0.0248569
101.673 0.00515579 97.6745 0.0212972
126.033 0.0199432 121.654 0.0439454
94.2555 0.00318362 91.0993 0.0135899
103.923 0.0206076 100.059 0.0252161
98.6059 0.00687232 96.3371 0.024385
105.252 0.0239914 102.045 0.0130847
108.541 0.00874956 103.525 0.024789
106.93 0.00379934 104.192 0.0133322
129.995 0.0323688 125.024 0.0527563
100.188 0.00453198 95.3026 0.0266223
107.495 0.0119495 104.825 0.0283803
101.24 0.00568117 98.9841 0.0168334
98.7573 0.00926459 95.6854 0.0327788
