102.315 14852
98.5475 15951
120.798 17031
99.742 14964
85.2009 10605
112.968 16129
98.652 15988
96.2416 14900
96.0051 16900
114.919 16260
102.959 16224
99.369 14954
94.3679 13799
93.1457 16029
117.213 14892
99.0894 15212
94.4934 12826
100.173 17316
111.668 16041
105.322 15975
96.5703 15898
102.007 14870
87.8018 16275
83.8387 13835
138.052 17758
95.9978 14947
130.428 16990
117.939 15031
97.3632 16047
94.6533 14849
99.8493 17066
96.6324 15414
98.7227 15982
97.5881 14871
88.8596 13836
118.641 17032
97.6875 16180
103.212 15998
134.353 15934
98.3342 15554
119.796 15963
95.6877 17029
92.6316 17064
104.977 16979
99.0523 16000
93.6884 15265
121.618 14872
88.9538 16299
119.284 15616
98.9728 14965
106.494 17177
95.1003 13843
100.036 14986
93.3585 14944
90.9637 16158
90.5598 14830
117.495 15908
92.5624 16061
94.8873 12911
101.808 13881
116.706 15092
103.483 15275
91.2913 13788
87.9703 14606
106.043 16031
96.1751 14877
108.339 14918
102.382 15983
99.3939 16549
99.7232 14880
114.72 14925
98.4278 14924
119.192 15958
94.528 15771
93.2264 14846
100.689 14963
116.766 17113
96.4568 16056
117.464 16163
107.95 14906
84.8887 12889
101.13 16247
99.8775 14867
114.452 17377
117.394 16093
103.27 15922
105.352 15903
105.678 14861
125.008 18188
95.4131 15004
103.395 14979
99.1551 15947
102.369 15981
105.869 14939
106.08 19243
132.325 15992
100.308 13860
106.556 14893
102.277 17106
96.4325 15685
