132.776 3238
118.595 2176
145.939 3281
120.949 2159
143.901 3229
142.222 3253
136.233 4303
136.046 2169
180.118 9669
148.566 3231
130.383 2152
142.066 3238
99.9175 1178
106.751 6457
131.035 3255
122.183 2179
94.625 1161
135.822 2236
124.601 2218
125.868 19415
113.305 2212
118.897 2165
100.339 2245
148.106 4316
170.335 3252
115.599 2198
141.345 4343
177.868 10719
228.183 4281
117.006 2234
169.461 3230
142.512 2184
127.582 2204
120.868 5742
105.604 5273
163.805 4330
130.401 1132
243.211 4299
169.579 2190
162.628 3226
149.711 2169
112.079 2191
104.28 1113
138.105 2188
142.834 9730
129.463 2191
193.766 2460
109.77 2220
183.9 3231
123.551 2176
211.422 4286
98.275 1169
136.515 2198
153.172 3267
118.765 2208
130.038 2208
139.594 6470
121.457 2224
110.186 3296
128.78 2263
157.263 3211
112.284 2173
116.056 2241
109.034 4345
121.067 1099
115.052 2214
244.217 4312
163.478 2198
115.72 4047
125.213 3187
138.672 1123
193.718 4368
126.763 2213
125.27 2188
110.719 2210
110.831 1111
139.229 8516
115.138 2239
129.488 7480
141.212 2156
138.75 3228
147.563 3275
181.19 3278
166.64 4303
162.36 2171
115.846 4369
118.949 4335
126.044 2191
177.432 3256
126.47 6233
209.875 3226
136.981 2218
162.706 3234
230.26 4384
120.09 6470
185.999 4305
106.959 2196
133.383 2163
278.482 3950
150.728 2023
