124.931 2181
111.83 2190
129.306 3284
136.039 4871
100.93 4334
119.516 1139
106.07 5451
136.246 1193
115.465 10710
139.706 2244
108.027 2174
117.306 3280
102.42 2177
102.303 1103
121.774 4200
105.093 4369
96.9299 6397
109.582 9530
160.711 1148
109.807 2248
106.239 3290
111.767 3230
112.71 2252
108.721 2186
150.117 4376
134.713 2213
184.255 2193
141.017 2178
104.547 4980
103.651 1127
144.875 2157
98.1826 19446
99.0254 4572
131.694 4344
96.5501 4329
125.163 11722
108.37 4401
105.425 6891
147.747 6724
111.611 1231
125.104 8507
133.744 2205
108.284 1157
109.067 2222
116.565 2183
103.307 2156
143.935 1147
101.201 3518
153.093 1142
123.045 1108
119.779 2256
96.9121 6439
100.451 32031
93.7915 13306
144.255 1126
104.771 3299
133.436 1129
131.476 1107
107.627 1157
181.272 1134
119.731 20686
106.103 2218
91.2247 2180
124.074 1134
125.573 1193
97.448 2180
156.417 2219
111.506 3279
101.027 3319
107.435 9626
170.411 1108
99.3456 2165
128.537 4416
94.0546 5894
105.467 4349
99.6539 8576
143.101 1119
99.6306 9656
151.958 5401
113.905 7502
126.543 1142
102.129 6936
109.521 3245
113.695 6476
135.08 2253
102.755 3256
125.956 1150
121.51 2232
177.375 1139
102.182 2194
125.986 5569
107.458 6472
131.677 2938
123.501 3218
111.057 5368
146.644 3673
101.15 3243
114.065 4304
114.369 1117
170.767 1163
