108.26 7568
107.028 1145
150.746 1130
105.01 2213
85.8335 6467
119.902 2220
137.112 1110
121.434 1095
109.056 4427
160.343 1130
117.689 2170
163.096 1092
108.786 1112
143.911 2304
126.484 11533
111.895 1125
97.8583 2189
132.334 1141
116.836 9602
107.173 5351
101.886 3278
115.381 3275
87.9515 1159
100.282 3265
140.782 9585
118.987 1169
143.134 5293
149.409 1121
97.7174 2198
151.469 2175
139.068 5369
102.6 2189
97.6328 1145
131.625 3259
104.564 3267
136.576 2209
118.383 1151
108.642 1122
138.436 3243
125.669 6448
188.779 1152
105.859 1137
128.249 2175
104.572 1190
124.397 2438
119.907 1125
147.407 1118
92.0206 9705
133.42 4302
106.819 5332
120.05 1220
99.7016 1143
114.687 7537
96.1193 3293
90.357 10846
94.3945 6390
145.488 1124
106.078 5474
113.277 4837
128.635 2158
134.964 3304
99.2119 8568
141.257 2318
127.592 1161
128.657 1167
98.745 5419
116.98 5349
114.221 6457
143.508 3291
126.413 1580
131.111 1102
95.4407 3347
135.578 1129
95.92 11722
97.9838 3296
103.241 2173
137.785 4328
113.228 1133
126.371 4342
141.624 2214
121.986 1131
151.49 1243
99.1914 3257
128.093 2255
152.787 2217
120.444 2127
109.316 13859
124.437 2152
150.99 1142
107.085 1129
115.932 10708
113.754 6443
184.785 2168
113.141 1116
112.16 1108
131.997 25544
107.188 3236
123.333 1145
127.036 1171
109.238 2219
