102.034 0.0090371 98.0886 0.00762797
98.4099 0.00412929 94.8312 0.00613523
119.881 0.0128279 115.828 0.00585211
101.33 0.00461548 98.603 0.00546944
87.3469 0.0202346 85.3634 0.00519634
112.07 0.00630375 109.238 0.0079102
102.802 0.0117907 98.8587 0.00760327
97.8312 0.00944362 93.2252 0.00575033
97.1327 0.00664432 94.6922 0.00632112
115.533 0.0158969 112.164 0.0102342
103.34 0.00824952 99.7459 0.0085145
99.8672 0.00636771 97.976 0.00580578
97.4435 0.000885031 93.7512 0.00378398
93.6143 0.00343401 91.9091 0.00650949
115.091 0.0142387 111.187 0.00713484
97.1283 0.00679837 95.4783 0.00521432
97.1467 0.00231227 94.4011 0.00488931
98.5811 0.00868883 95.7001 0.00404491
111.945 0.00552728 110.922 0.00542458
103.853 0.0135892 98.5842 0.00756948
99.6893 0.00528776 94.2365 0.00516558
102.395 0.00690409 99.9946 0.00726741
90.9636 0.0103209 86.5004 0.00668689
88.2718 0.00945036 83.979 0.00782275
139.586 0.0224775 135.755 0.0123623
96.8483 0.00468682 95.8344 0.00644633
129.825 0.0220092 126.833 0.00867518
116.999 0.00642956 114.273 0.00625979
100.023 0.00409455 96.608 0.0078732
93.2538 0.00855559 91.3165 0.00456929
105.192 0.00921851 100.043 0.00765486
97.2303 0.00637414 94.1804 0.00410105
99.8489 0.00481031 97.327 0.00516064
96.2183 0.0102283 93.1472 0.00670043
92.6097 0.00517962 87.9715 0.00550686
118.846 0.00876096 113.257 0.00683019
96.6683 0.00287156 93.7938 0.00257463
102.737 0.0089833 98.185 0.00655571
130.048 0.0166933 126.52 0.00823753
100.317 0.00634069 97.0716 0.00464548
122.64 0.0297841 118.28 0.00691333
94.9438 0.00302849 93.9821 0.00537308
92.8278 0.00788756 91.292 0.00621737
103.99 0.00530932 99.7759 0.00677908
102.169 0.0102638 97.8623 0.00722603
93.971 0.0018744 92.7438 0.00363746
122.769 0.020288 118.84 0.00866306
89.9063 0.00475779 86.0422 0.00561803
120.922 0.0161822 116.943 0.00715274
101.299 0.00408532 95.8397 0.00531678
103.173 0.00964868 101.439 0.00672709
96.6129 0.00317264 96.2735 0.00544912
101.944 0.0138352 99.1513 0.00720358
93.2242 0.00488317 92.1956 0.00302056
93.7162 0.0052787 89.1987 0.00804815
93.2264 0.0056092 92.0222 0.0054526
117.338 0.0412947 114.394 0.0135413
94.4857 0.00583471 90.0388 0.00405302
96 0.00374112 93.979 0.00569653
103.984 0.00836461 100.237 0.00740902
121.087 0.0220443 114.773 0.00968685
103.962 0.0068749 100.314 0.006207
93.951 0.00407269 91.6459 0.00385333
86.4078 0.00326465 84.9508 0.00503038
108.68 0.0146806 104.985 0.00746416
95.4342 0.00409907 93.9726 0.00454298
107.208 0.00759691 104.379 0.00594754
105.806 0.0226411 102.303 0.0110811
100.944 0.00655335 98.959 0.0043465
100.576 0.00664509 97.4205 0.00667067
114.023 0.014544 110.755 0.00984283
97.3889 0.00443271 94.2701 0.0043089
118.839 0.0099352 115.341 0.00803228
95.2277 0.005055 93.1482 0.00346356
93.8243 0.0068038 89.4353 0.00794305
102.378 0.0098452 98.3856 0.00736879
115.673 0.0120586 112.534 0.00749494
98.5859 0.00281424 96.6447 0.00581479
120.099 0.0111635 116.476 0.00780174
108.367 0.0162194 104.331 0.00571262
86.4921 0.00217751 84.7708 0.00321605
103.404 0.00540896 99.2787 0.00578528
98.9852 0.00340582 94.7538 0.00642006
110.951 0.0118898 105.051 0.00594309
120.626 0.0138411 117.056 0.00606778
101.898 0.00476571 100.317 0.00517817
106.421 0.00902303 101.072 0.00662657
101.673 0.00621332 99.0783 0.00745858
126.033 0.0123767 121.654 0.00672065
94.2555 0.00484913 91.1008 0.00716318
103.923 0.0245115 100.059 0.00742959
98.6059 0.0107187 96.3371 0.00887812
105.252 0.0138014 102.077 0.0051379
108.541 0.011538 103.525 0.00680377
106.93 0.00412448 104.217 0.00513354
129.995 0.0440913 125.064 0.0133099
100.188 0.00455243 95.3026 0.00808996
107.495 0.011179 104.825 0.00591767
101.24 0.0076541 98.9841 0.00631672
98.7573 0.00921476 95.6854 0.00672477
