102.67 5374
98.0747 5389
121.687 7513
97.6944 4341
85.2561 3523
115.988 9768
102.927 6494
98.4369 6430
99.7737 4315
120.086 7816
99.4468 4284
100.867 5384
94.108 4365
91.7162 4311
114.32 6437
97.7427 5314
94.0172 5295
99.2223 6410
112.438 6479
106.597 7483
97.6396 5347
102.734 5397
87.0871 3266
84.8802 4269
141.14 8578
95.1928 5394
130.895 6486
119.626 7551
100.473 6431
93.6536 4310
99.4208 6509
97.763 5517
99.8578 5372
97.0342 6471
92.001 5385
120.264 7500
95.1516 4968
103.202 5382
132.244 6383
98.8024 5417
123.811 8542
93.5174 5381
93.5025 6508
102.532 5355
99.3104 5414
94.4667 6480
124.837 9646
88.8264 4338
120.238 6640
100.638 6405
103.204 4307
94.4787 4366
101.941 3242
93.7041 4361
90.2874 5393
92.8762 5408
116.388 8494
96.3022 5451
92.4257 4297
100.415 5366
117.935 7310
99.8195 4336
91.0501 3236
86.6767 4344
105.885 5349
96.2652 4244
108.417 6364
103.874 6461
101.364 5373
105.849 6431
116.645 6483
93.898 3246
119.785 7484
94.176 4335
93.4323 5383
99.5872 4343
116.717 7475
96.4386 5894
119.09 6516
106.831 5340
83.986 3240
103.02 6445
96.8272 4261
111.262 6462
118.567 6514
100.891 4305
103.003 5361
100.496 4291
125.408 7450
102.299 5364
102.145 5339
98.7786 5385
106.408 5615
107.59 6909
106.162 5459
131.632 6417
96.3681 5434
108.902 6434
103.028 5380
98.5382 5401
