141.326 8588
104.679 2216
98.7211 7515
106.735 1125
132.373 10851
97.5935 6442
115.741 2167
111.935 2208
117.324 2194
120.871 1167
95.5384 7522
120.152 3321
102.37 1111
124.919 1123
95.0826 2143
119.316 3240
112.91 3231
152.118 4363
137.991 1131
104.086 3266
127.257 2202
132.643 1122
138.407 3254
143.418 1131
113.414 12702
119.034 2195
104.72 9684
107.679 1133
108.589 2179
120.078 2237
119.478 2200
117.55 1210
100.903 2174
115.671 4338
130.98 3235
153.823 2440
163.453 2969
99.0321 3251
129.668 30769
116.973 2175
127.728 1233
120.323 2160
105.425 4337
96.1855 2692
118.218 2246
109.218 3252
126.597 8213
124.644 4155
146.1 1200
110.06 3256
106.117 2227
109.09 2212
114.053 2190
99.1174 13952
141.531 1118
111.766 4341
114.499 1113
112.135 4383
126.48 2179
116.055 1107
134.674 2166
111.823 1180
205.511 1096
146.203 1121
152.34 4326
119.815 1150
159.766 2165
97.2201 2225
99.7389 7525
194.075 1203
129.382 2167
135.863 1113
102.737 2178
154.326 1147
122.266 2192
118.307 2177
110.148 1776
175.756 1108
94.3461 1134
111.766 4328
107.448 3221
119.113 5888
121.702 1426
111.326 4305
152.733 1141
101.394 6394
103.311 1170
151.029 2215
95.2685 7573
94.7545 3238
95.3574 6446
155.389 1177
149.719 4273
147.257 4280
156.175 2186
121.686 1214
123.906 2202
118.923 3586
116.904 8662
104.835 4324
