149.941 1141
109.772 2175
97.4083 6492
114.642 2212
158.494 1119
101.646 1147
148.528 3312
111.38 2378
111.94 4295
128.452 1130
104.726 2156
103.065 1151
98.3281 10501
163.891 1108
124.845 3282
125.905 1139
100.122 15962
111.483 2223
97.1755 1105
93.1738 6372
122.538 1143
132.138 2289
131.337 4381
139.134 1135
126.539 2170
115.392 1124
94.6288 3327
93.3116 3753
172.273 3244
104.351 4759
100.77 8501
159.926 1168
113.48 3299
111.552 1209
103.864 22390
105.027 7492
168.777 6459
101.916 2185
130.048 10746
115.546 4300
107.202 3230
141.497 2230
102.623 9571
99.4816 1163
159.568 1118
124.407 2199
113.077 1124
105.957 2233
157.263 1126
113.856 2191
111.862 3726
107.118 1165
109.498 1130
105.737 2165
127.712 3355
97.8108 1134
121.903 7518
100.2 1150
162.9 2182
101.682 2185
141.604 2204
126.495 2190
94.3808 2796
128.993 2164
122.252 21517
141.04 1112
91.2528 1102
101.105 3272
131.278 1130
178.062 2209
197.737 4327
126.142 1680
100.263 6473
106.423 3244
127.655 2218
105.336 10710
104.91 2777
103.815 7207
102.439 2222
111.168 2159
128.768 1125
170.033 1212
114.544 3258
115.541 2194
107.618 1135
112.269 4285
85.2161 1098
147.453 2232
131.671 1124
94.1356 3263
102.202 1112
119.378 1233
190.412 2187
93.5665 1175
127.253 5666
113.217 6509
113.932 1103
94.2276 24879
124.768 4295
153.974 3239
