115 118.828801
94 119.247676
90 120.017217
83 117.804188
109 117.055560
89 116.949462
92 119.041387
94 118.281260
94 118.916738
85 118.135970
92 118.066641
91 119.023715
88 117.227171
91 116.738670
86 117.358507
98 117.642919
88 118.791927
100 116.930896
89 117.683061
85 117.603445
96 118.476103
103 117.908964
107 117.837847
95 116.837008
103 117.374147
94 117.944799
86 119.292230
85 118.190247
90 116.760781
91 118.102466
94 116.403314
97 117.349614
91 117.869338
90 118.152947
96 118.363575
88 117.048142
127 117.876330
86 117.577301
118 118.571606
91 117.052839
92 119.145097
100 117.129125
92 119.294278
87 118.456475
95 118.142633
90 115.593835
97 118.011993
91 118.422757
101 117.513874
93 117.690956
87 117.396825
92 116.774817
96 117.564513
86 118.339695
106 118.775072
93 118.057107
98 118.145533
89 117.037520
96 118.065677
92 118.228698
105 116.649477
93 117.164127
92 118.327103
103 119.117631
109 118.044417
96 117.613080
87 115.993034
92 117.486134
92 117.991201
121 118.540746
99 119.973650
101 116.729453
96 118.208055
89 117.644452
99 118.023626
94 117.883444
90 117.614339
89 118.818702
90 117.595690
92 117.798158
97 117.494403
105 117.264623
97 118.151635
95 118.745105
84 117.927485
92 115.871706
83 118.091734
102 119.085868
89 117.676267
90 118.282943
92 118.185794
102 116.939556
123 117.883915
85 115.850686
98 118.051228
95 117.736403
93 118.948120
88 117.377882
101 117.133741
96 118.919268
