152.303 1177
127.423 1114
120.257 1182
117.906 1275
146.702 1168
161.859 1111
142.735 1111
122.18 1135
166.354 4453
98.179 5744
185.065 1075
117.238 1144
115.108 1097
154.001 1164
91.0937 1210
121.597 1142
110.277 1103
133.595 1196
102.38 3275
95.9584 1116
120.4 11920
139.027 2210
131.4 1797
132.827 2212
134.413 1327
146.769 5838
99.3301 3321
96.6557 1098
104.844 1135
111.31 1122
103.641 1133
197.815 1138
100.497 1149
120.98 2194
113.307 1120
126.168 4859
186.357 1136
95.9348 2980
149.81 5043
120.18 1100
160.606 1132
124.463 2322
128.501 2229
92.2912 2266
150.337 2229
169.349 1093
129.212 1138
126.931 5297
138.87 1098
144.251 2324
117.084 1117
102.961 1763
112.454 3958
100.226 8980
150.551 3586
127.037 2998
146.005 1145
122.951 1172
131.089 2303
111.573 1122
177.551 3160
101.826 1097
142.284 1117
186.582 1154
166.697 3318
111.012 2329
98.0968 1477
131.648 2177
104.261 2180
183.424 1125
152.137 1146
127.274 1168
111.27 2298
118.158 3282
114.004 2398
109.58 5420
141.159 1117
110.916 2334
123.671 1684
198.409 1195
114.561 3210
139.165 2389
106.812 2216
126.374 4366
146.504 6365
139.473 2207
101.063 1193
153.124 3464
104.192 2194
123.304 2152
136.062 1355
131.784 3286
156.805 2167
125.441 2223
135.141 1105
155.648 1157
98.811 1161
137.976 1164
129.519 3218
132.021 3644
