128.601 0.011346 124.063 0.0074886
100.65 0.00380891 97.0451 0.00387667
97.7378 0.00501226 95.7691 0.00501879
92.3966 0.00320794 85.6458 0.00448432
124.263 0.0197624 119.415 0.008247
95.4935 0.00654655 91.5722 0.00564373
98.646 0.00362076 95.7238 0.00423289
103.33 0.00502021 101.181 0.00527795
104.999 0.00492149 100.674 0.00437773
91.8117 0.00316405 88.8784 0.00535769
96.6476 0.00351753 94.5163 0.00439669
97.9238 0.00429835 95.1625 0.00522022
96.4592 0.00581973 93.4964 0.00504486
98.4789 0.00574878 95.9103 0.00415165
91.5714 0.00238198 90.621 0.00210722
106.77 0.0121214 103.046 0.00717078
98.6649 0.0102627 95.4685 0.00518832
107.805 0.00699095 104.371 0.00733325
96.5311 0.00459948 91.9196 0.00444444
90.554 0.00204984 88.549 0.0033695
109.084 0.00960214 106.783 0.00652195
113.957 0.00524742 110.174 0.00462274
120.76 0.00770496 117.103 0.00603963
104.026 0.00443827 100.865 0.00536562
114.274 0.00530519 110.791 0.00455673
102.894 0.00378627 98.8334 0.00325728
94.8314 0.00496966 92.5944 0.0062113
89.9402 0.000605887 88.8412 0.00207428
98.2983 0.00568497 92.1323 0.00496497
102.812 0.00454959 98.1504 0.00520775
101.792 0.00384108 99.8844 0.00414793
107.51 0.00608149 103.417 0.00494203
97.2443 0.00304623 94.3812 0.00398135
99.5204 0.00467345 95.5608 0.0042658
105.162 0.00989347 99.9443 0.00482948
97.4482 0.00654954 94.0915 0.0062584
139.596 0.0185536 135.346 0.00721901
95.0442 0.00357323 90.2878 0.00491887
133.254 0.0188772 128.608 0.00658023
101.771 0.00274389 97.4528 0.00433963
99.157 0.004059 95.7645 0.0035298
108.336 0.00808266 103.85 0.00453945
103.972 0.00690175 100.807 0.00786072
93.4809 0.0019683 90.0229 0.00340526
105.773 0.0106997 102.15 0.00608886
100.647 0.00479986 95.5627 0.00906257
105.069 0.0101121 102.192 0.00683664
102.196 0.00416215 100.636 0.00480095
111.845 0.00930094 108.423 0.00608768
98.7848 0.00261117 95.4933 0.0042258
95.3006 0.00335078 92.7759 0.00513574
99.048 0.00349533 94.1197 0.00585653
106.367 0.00641394 102.991 0.00446856
89.8256 0.00595572 87.9015 0.00564661
117.885 0.010029 114.578 0.00624821
97.499 0.00313721 96.5087 0.00370115
109.312 0.00525326 106.206 0.00562036
96.9027 0.00492939 93.5149 0.00486383
108.018 0.00840025 103.146 0.00587956
97.9792 0.00465084 95.494 0.00498302
117.07 0.0157333 113.288 0.00598605
99.8668 0.00545419 96.5299 0.00829443
96.8543 0.00106383 93.7202 0.00300563
115.528 0.0145659 112.69 0.00586944
122.337 0.0138341 118.128 0.006794
99.6898 0.00425876 96.7486 0.00360894
93.348 0.000961103 88.9944 0.00306086
97.9161 0.00108647 96.1838 0.0018372
98.0446 0.00435425 94.6271 0.00293134
135.875 0.00904977 129.958 0.00575708
111.208 0.00729259 108.614 0.00528663
113.617 0.00787318 109.341 0.00563696
102.097 0.0065936 98.1327 0.00480387
96.931 0.00469812 91.471 0.00382463
109.508 0.0115089 106.037 0.00322983
102.382 0.00210709 100.515 0.00409739
96.3685 0.00244203 94.357 0.0025332
90.8776 0.00517474 89.1463 0.00259328
95.0246 0.00160022 94.3381 0.00246512
97.9554 0.012165 94.0737 0.00685001
107.525 0.00561332 103.543 0.0053773
119.796 0.00926104 114.412 0.00713379
106.137 0.00804321 103.972 0.00453875
108.186 0.00932404 103.358 0.00621828
90.1336 0.002305 87.2848 0.00353333
98.4281 0.00453649 94.3284 0.00507487
86.5189 0.00120986 83.798 0.00257502
112.073 0.0122577 110.961 0.00440513
95.9411 0.00467752 94.541 0.0038076
95.664 0.0028996 92.2815 0.00354406
99.6404 0.00163973 94.0305 0.00350549
113.689 0.00554777 112.702 0.00355337
135.025 0.0171289 131.58 0.0067935
88.574 0.0020347 87.7694 0.00340941
109.436 0.0102152 103.531 0.00837412
104.49 0.0066009 100.87 0.00739521
99.2859 0.00388379 98.1178 0.00285104
97.5618 0.00300653 93.8382 0.00609209
113.804 0.00718041 111.036 0.00346027
103.406 0.00361613 97.6913 0.0043117
