144.161 8613
213.35 3216
153.41 3243
127.467 3208
188.184 4366
130.378 3260
123.997 3226
125.39 2194
121.624 2581
110.556 1145
170.218 3182
116.115 2169
156.72 3313
110.221 4667
202.513 3814
203.139 3258
105.601 5383
148.579 1136
104.797 1165
113.728 3240
134.121 7528
125.371 4285
151.457 8741
164.964 3234
126.693 2227
117.279 2260
118.336 2268
96.0926 1140
124.968 2178
134.432 3272
105.796 2227
111.648 4151
141.087 2201
204.769 4295
214.654 4340
111.868 7493
179.867 2182
115.528 2220
160.005 3259
219.468 4352
234.92 2194
166.747 3268
144.205 3242
183.254 3225
123.775 1120
118.213 2236
146.441 3247
121.673 2212
150.808 2203
115.974 2200
106.319 1154
187.296 3253
118.686 2203
124.768 7470
141.316 9593
109.485 2198
143.431 3259
97.7934 1518
131.951 2246
196.113 4294
188.076 3269
109.146 1128
97.8257 1118
169.189 4316
198.609 2213
101.386 1157
95.1365 1156
111.942 1140
130.655 2268
177.734 4333
122.92 1868
125.447 2231
101.515 1252
222.525 3241
131.923 2161
123.634 2174
159.793 3342
138.933 3234
106.221 1139
188.865 4358
139.355 3302
141.691 3265
146.709 3315
159.429 2207
120.992 2280
137.07 3338
89.012 1113
136.814 6481
109.035 1222
119.346 2180
96.1977 1126
172.055 3816
190.359 4350
120.683 2010
159.308 2217
164.746 4291
110.179 2191
115.673 2197
130.656 2203
172.239 3298
