129.271 8510
96.8606 4292
97.9588 5310
88.9233 4282
126.22 9678
94.273 4326
95.4639 4291
107.35 6428
101.498 4290
87.9298 5393
98.8683 6625
95.1993 6551
96.131 5343
96.9734 5447
91.0272 4323
107.662 6414
98.6363 6454
108.555 5409
92.6354 5397
89.7204 5416
113.698 7572
113.358 7487
121.777 7613
101.866 5339
113.537 5334
100.909 4281
90.8964 4211
91.1775 5356
93.7381 4305
102.321 6459
99.0507 6435
111.503 5399
95.8482 4282
97.4303 5329
103.08 4292
98.843 5347
139.541 9748
92.994 5376
135.273 7524
101.803 7470
98.327 5373
105.756 5343
103.129 7528
89.4977 3236
106.972 6416
100.443 6505
105.868 5323
98.5351 4367
112.283 7562
97.651 4281
97.4639 6445
97.3857 5801
105.942 6448
89.514 3250
124.023 7508
98.057 5409
110.065 10640
97.0613 5425
105.906 6463
99.4634 5340
118.645 7536
97.7338 5382
93.305 4296
114.77 6495
127.348 10663
99.7836 5373
90.0023 4332
96.7882 4351
96.6944 5392
133.14 6465
111.024 6443
111.716 5412
101.676 5397
95.0701 4348
111.4 6417
105.487 6448
98.134 5366
92.139 5435
93.5904 5359
98.5847 5246
107.357 5358
117.984 6469
105.177 5347
105.154 6435
89.1136 5343
98.3604 6463
85.1405 3250
114.103 7467
96.9306 5328
98.6023 6526
96.0471 3268
110.453 5369
138.484 8583
89.1765 4359
111.335 8668
105.705 6581
96.5286 4319
94.2119 4291
110.586 5449
102.549 5328
