167.715 1131
144.472 1158
125.321 1140
169.679 2205
146.466 4068
150.517 1148
139.375 1139
223.092 3249
170.418 1120
136.812 1126
154.54 3228
195.518 2248
168.071 1164
135.458 1139
124.939 1156
202.138 1185
132.696 1113
143.32 1132
135.11 1142
180.917 1185
119.467 1173
192.409 3352
152.605 1157
135.042 2195
183.277 1119
136.656 1167
180.96 2966
98.5554 1129
143.074 1184
121.644 1159
211.313 1117
183.315 2249
100.879 1136
165.356 2195
140.361 2195
113.603 3241
203.834 2267
124.785 1124
217.54 2529
235.379 1162
108.026 1134
217.001 1095
137.524 2147
129.32 1128
120.341 1118
154.956 1140
137.078 1130
234.627 2199
138.316 1127
159.689 2246
120.399 1143
126.762 1138
111.531 1164
151.986 1171
225.636 2339
197.635 1124
123.234 1133
157.12 1129
143.74 1128
113.586 3262
202.728 1138
146.163 1155
173.206 1102
166.72 1159
216.73 1151
135.082 1181
98.4987 1164
171.189 1163
119.291 1118
191.525 2223
160.398 1098
135.432 1106
118.757 1113
148.307 1191
147.712 1173
111.969 1156
119.38 1155
163.579 2152
173.919 1148
123.159 1386
201.096 1108
205.623 3215
123.093 2221
145.686 1125
157.699 2202
188.281 1154
156.497 1254
139.05 1144
147.083 2193
215.931 1153
154.777 2177
151.843 2180
176.147 1154
199.102 1131
141.029 1144
144.044 1137
142.387 1155
175.67 1125
149.945 2178
121.995 1092
