128.601 0.0109921 124.063 0.041516
100.65 0.00340544 97.0451 0.011618
97.7378 0.00480299 95.7691 0.020221
92.3966 0.0030018 85.6458 0.0146478
124.263 0.0149965 119.415 0.0313515
95.4935 0.00372535 91.432 0.00936245
98.646 0.00411703 96.5615 0.0204009
103.33 0.00472302 101.181 0.0199521
104.999 0.00618395 100.621 0.0190878
91.8117 0.00293604 88.8784 0.0186024
96.6476 0.00359292 94.5163 0.0122315
97.9238 0.00545379 95.1625 0.0290067
96.4592 0.00564064 93.1812 0.0190681
98.4789 0.00660123 95.9103 0.0147832
91.5714 0.0024547 90.621 0.00467989
106.77 0.00862844 103.042 0.017862
98.6649 0.0117879 93.8848 0.0218018
107.805 0.00614732 104.31 0.0205396
96.5311 0.00365698 91.9196 0.00992686
90.554 0.00249521 88.549 0.0135003
109.084 0.00855455 106.783 0.0247049
113.957 0.00552943 110.174 0.0205274
120.76 0.00765326 117.103 0.0342921
104.026 0.00404212 100.865 0.021792
114.274 0.00553325 110.749 0.013455
102.894 0.00497252 98.8334 0.0115758
94.8314 0.00283908 92.5944 0.0146145
89.9402 0.000645325 88.9218 0.00390479
98.2983 0.00401849 92.0247 0.00991635
102.812 0.00573796 98.1504 0.0250502
101.792 0.00316442 100.785 0.0141274
107.51 0.00681033 103.319 0.0159059
97.2443 0.0023898 93.0115 0.00395379
99.5204 0.00505516 95.5608 0.0166417
105.162 0.00943167 99.9326 0.0146703
97.4482 0.00485425 93.9401 0.0174152
139.596 0.0183373 135.252 0.0355281
95.0442 0.00362104 90.2878 0.0182322
133.254 0.0185689 128.383 0.0254497
101.771 0.00331527 97.4528 0.0186646
99.157 0.00491997 95.7645 0.0145298
108.336 0.00776602 103.841 0.0141079
103.972 0.00825353 100.713 0.0383845
93.4809 0.00231044 90.0229 0.0128906
105.773 0.0108453 102.15 0.0230557
100.647 0.00272745 95.5563 0.0118956
105.069 0.00617763 102.076 0.0125764
102.196 0.00441947 100.598 0.0127355
111.845 0.011061 108.423 0.0278565
98.7848 0.0019541 95.4924 0.0078437
95.3006 0.00327709 91.0979 0.0145133
99.048 0.00278742 94.1197 0.017128
106.367 0.00660229 102.735 0.0149676
89.8256 0.00463901 87.8984 0.0123153
117.885 0.0125299 114.578 0.0407989
97.499 0.0031176 95.0884 0.00900365
109.312 0.00617434 106.206 0.0305409
96.9027 0.00627619 93.5027 0.0209259
108.018 0.00718736 103.128 0.0198554
97.9792 0.00474604 95.4856 0.0207119
117.07 0.0166484 113.158 0.0234492
99.8668 0.00453074 96.5258 0.0264409
96.8543 0.00135001 93.6834 0.00871341
115.528 0.013505 112.69 0.0285099
122.337 0.0175528 118.128 0.0420593
99.6898 0.00460675 96.7486 0.00970057
93.348 0.000849759 89.0136 0.00584875
97.9161 0.00115908 96.1838 0.00399726
98.0446 0.00422377 94.5956 0.00757388
135.875 0.00807943 129.958 0.0177604
111.208 0.00828635 108.614 0.0241516
113.617 0.0067255 109.182 0.0184036
102.097 0.00539211 98.1123 0.00951409
96.931 0.00604437 91.469 0.0121219
109.508 0.00996514 106.037 0.00831958
102.382 0.00216646 100.515 0.0126441
96.3685 0.00299549 94.357 0.00813376
90.8776 0.00548354 89.1418 0.00495553
95.0246 0.00164168 94.3381 0.00498396
97.9554 0.00593826 94.0737 0.0107826
107.525 0.00624931 103.482 0.0165851
119.796 0.0121064 114.382 0.0462626
106.137 0.00799136 103.971 0.0131634
108.186 0.00877888 103.348 0.0241002
90.1336 0.00232392 87.2557 0.0118333
98.4281 0.0047517 93.9594 0.0157224
86.5189 0.00261951 83.7669 0.00750351
112.073 0.0149601 110.328 0.0176454
95.9411 0.00396436 94.541 0.00856595
95.664 0.00189913 92.2549 0.0100285
99.6404 0.00340726 94.0305 0.0199146
113.689 0.00516066 112.648 0.0118184
135.025 0.0137687 131.58 0.0200207
88.574 0.00206495 87.762 0.0120234
109.436 0.00803953 103.444 0.0313881
104.49 0.00521298 100.942 0.0230513
99.2859 0.00513019 98.1178 0.00912366
97.5618 0.00249914 93.7925 0.0106261
113.804 0.00765518 111.036 0.0113113
103.406 0.00373829 97.6913 0.0147679
