129.191 14872
96.3076 15995
98.1794 15985
89.1134 15946
123.6 15963
97.9119 15032
95.9644 14909
105.596 14907
106.149 16405
87.7912 15992
95.9885 12455
96.5062 14958
100.184 14884
100.13 13136
90.9551 14826
106.106 18181
108.383 16099
108.926 16357
94.3273 14981
91.2026 13804
109.099 16460
116.339 14946
118.267 15932
101.312 15959
111.364 14978
99.5705 15998
90.932 13827
90.4043 13897
97.989 14882
100.941 13849
101.075 13930
104.678 16000
95.1419 14307
101.129 14724
102.081 15977
101.617 14934
137.818 15942
90.7215 15967
133.42 14875
98.9954 16084
94.9988 14879
105.474 17763
113.016 14958
91.2854 12725
105.17 15844
101.266 13827
107.112 15934
99.9892 15081
108.831 15588
99.8429 15993
94.2385 14873
97.449 15079
107.789 14904
91.5831 13901
122.37 15866
97.4383 16066
108.956 14997
97.025 15919
105.169 16036
96.4165 14317
117.691 16054
95.4088 13780
93.7433 14866
117.696 14982
123.045 16076
103.156 15943
90.2171 12800
95.2585 14168
100.178 14943
134.611 15918
113.258 15957
110.39 17690
100.897 15995
98.0812 14872
109.769 14855
103.576 16012
97.9496 14927
90.587 15004
92.9659 16751
97.5384 15805
107 16257
120.786 14837
104.616 18242
109.758 16959
91.1973 15170
100.204 15005
85.1058 11706
112.158 18861
95.0768 14916
93.5739 14882
98.0208 13905
115.139 15868
134.026 23145
89.5544 13927
105.757 17004
101.742 14954
97.2658 13779
93.672 14953
111.838 14888
100.013 18483
