172.482 2158
127.77 2180
121.145 2313
108.24 7468
132.578 3229
125.011 5433
104.216 4295
113.488 2174
110.322 5788
87.1741 9821
108.535 4278
110.25 2179
184.28 2159
106.312 5475
207.977 2159
109.853 7453
98.3677 4270
116.403 6388
143.014 2152
91.9241 4240
115.352 5076
127.328 7342
163.166 2176
100.804 8529
138.382 2189
139.551 2131
93.7265 7461
117.069 2145
95.068 22717
122.809 2212
109.204 4278
111.678 4279
98.6696 6535
100.06 5356
198.104 2167
105.25 6444
154.409 4281
94.5962 7490
145.924 7093
114.816 2148
95.684 16127
131.451 3240
134.605 2195
91.1109 2167
127.374 2235
107.294 7527
173.579 2171
104.991 4327
114.875 2162
105.294 7457
111.943 4293
100.701 6394
107.619 13448
89.6343 9558
158.78 2182
103.445 4313
110.103 7461
98.895 7464
104.834 4296
106.068 6386
130.538 5404
116.435 4297
101.322 2165
195.139 2196
150.121 2809
108.254 4289
94.2668 2174
124.201 4311
96.8489 9969
139.096 5313
173.731 2186
123.933 4291
111.581 2207
105.739 4312
191.918 2228
107.657 4324
103.746 7465
145.251 2259
102.124 2158
111.54 7444
118.231 2198
137.436 2185
159.566 2206
110.869 7981
126.6 2199
99.5264 5422
94.8413 2193
115.48 6965
154.24 3382
148.851 2215
213.381 2147
183.159 2180
153.217 3237
95.4412 4297
116.297 7514
132.208 2182
97.139 9588
102.726 2185
145.112 2173
174.227 2457
