92.3049 1116
125.553 1168
129.588 3105
87.6269 1173
85.0161 1117
107.349 1129
108.689 1156
99.9078 2292
120.299 473
112.371 1108
99.4168 1139
156.02 2199
114.651 1100
113.387 1184
110.743 1161
97.5174 1160
131.97 1178
108.392 6449
103.112 1122
120.59 2173
115.347 3301
105.679 1135
97.0809 1149
112.778 1470
111.766 6509
97.104 1158
102.734 1199
97.4564 1164
100.95 1136
131.791 2187
96.7096 1222
92.2429 1140
100.332 1144
97.2686 1144
104.289 1166
94.8373 1159
131.757 1138
122.89 5635
145.05 1153
144.475 1137
114.373 1134
104.865 1104
108.598 1117
117.341 2223
97.7655 1200
150.665 1146
111.729 1160
89.2693 1158
140.572 1307
87.1864 336
96.9837 2200
111.491 1122
93.0276 1178
97.0582 1109
105.273 1200
95.7195 2223
103.408 1157
94.5831 3950
123.364 1215
135.004 1138
126.101 1150
129.836 1137
145.863 1124
104.314 3349
123.395 1106
108.442 2169
148.833 1159
101.788 1152
153.162 1150
134.095 1112
130.701 1101
126.667 1142
97.9666 1185
105.888 1438
142.925 1144
101.03 1151
105.458 1139
98.1921 1179
135.523 1158
92.3802 3488
100.762 2567
128.119 1118
149.515 1118
106.648 1121
113.719 2248
141.815 1136
93.0784 2272
123.901 1130
106.158 3275
130.667 1113
131.794 1120
106.037 899
99.9463 1159
97.3938 1148
130.217 1123
139.076 1145
141.533 1188
110.863 1871
120.722 2654
95.0094 1140
