98.4389 0.000893198 91.92 0.000821927
124.775 0.000700843 121.89 0.000784381
127.711 0.000531367 123.734 0.00109506
87.6042 0.00011467 86.9947 0.000181849
85.0059 2.5255e-05 85.0059 7.6124e-05
98.1083 0.000511752 91.4892 0.000701576
101.759 0.00044263 100.223 0.00059085
107.183 0.000601042 100.133 0.00158876
95.3387 0.000297549 90.8103 0.000660223
93.1709 0.000217701 91.624 0.000542595
97.5017 0.000196517 96.5643 0.000533682
103.244 0.000408694 97.8401 0.00062582
107.504 0.000531459 105.261 0.000625053
99.0614 0.000406381 91.3607 0.000611032
102.062 0.00035043 96.2694 0.000606313
85.4328 0.000118495 85.0926 0.000309185
114.028 0.00096321 108.72 0.000716644
109.414 0.00156959 104.616 0.00146077
101.118 0.000338846 100.031 0.000772857
106.905 0.00035912 104.5 0.000471663
105.318 0.000489339 100.484 0.000927092
111.557 0.000714522 107.687 0.00102896
96.0532 0.000317877 94.0111 0.00036374
107.398 0.000485878 105.291 0.000734314
111.767 0.000336767 106.955 0.000696577
101.283 0.000397175 96.8084 0.000657928
97.7813 0.000399465 97.778 0.000878271
88.5347 0.000326618 88.0521 0.000415546
97.9146 0.000136539 96.7568 0.00035954
109.197 0.00101745 103.151 0.00124075
95.1494 0.000234948 94.6994 0.000541773
93.4192 0.000554964 89.6562 0.000338876
96.1478 0.000311335 94.417 0.000569812
99.0979 0.000222337 94.7846 0.000571564
90.1369 0.000278687 88.8501 0.00046975
94.4236 0.000278985 90.115 0.000521101
115.541 0.000626312 111.884 0.000785677
120.777 0.00133188 117.746 0.000708087
101.145 0.000367328 94.6017 0.000630241
121.01 0.00119104 117.62 0.00104165
99.6364 0.000497044 98.6219 0.000814391
92.1583 0.000159395 91.534 0.000365103
99.5295 0.000222348 97.299 0.000435353
114.266 0.000507269 113.376 0.000586424
100.681 0.000525144 96.1011 0.000388604
127.908 0.000596572 125.516 0.000780197
111.526 0.000422454 108.402 0.000661474
89.3451 0.0001043 89.2695 0.000183961
96.9877 0.000761418 91.0083 0.000922497
87.7063 0.000297657 84.1652 0.00038929
98.2978 0.000222176 94.4332 0.000341275
116.559 0.000252657 110.622 0.00055876
94.118 0.000108953 92.4846 0.000232709
97.0075 0.00044423 94.0648 0.000580161
103.795 0.00062079 102.654 0.000445747
97.9046 0.000502784 91.7117 0.000702542
86.7631 0.000262615 84.8327 0.000397928
89.916 0.000347083 89.1807 0.000751972
99.667 0.000454591 96.2106 0.000652666
120.595 0.000308813 116.567 0.000458438
115.697 0.0006451 111.787 0.000731949
120.934 0.000694473 116.031 0.000728871
119.032 0.00114158 115.041 0.00161081
105.047 0.000327941 101.534 0.000506043
105.545 0.000440747 99.6301 0.000633922
103.734 0.000358456 98.845 0.000520783
120.165 0.000767962 117.562 0.000706236
98.8869 0.000437383 97.7462 0.000761159
131.245 0.000925996 126.572 0.000896074
100.293 0.000462785 99.5915 0.000415321
113.901 0.000365872 113.2 0.000586833
95.6261 0.000510843 91.5313 0.000926436
95.2102 0.000371321 94.718 0.000481625
101.098 0.000271941 100.006 0.000550985
95.6262 0.000338252 94.5753 0.000470315
93.9032 0.000261049 92.2473 0.00256975
98.0605 0.00013729 91.5143 0.000459943
95.9795 0.00047116 95.4925 0.000501818
119.082 0.000682194 117.524 0.00074107
95.1961 0.000175405 95.1961 0.000317379
95.0952 0.000425216 93.1903 0.000557129
112.834 0.00147006 110.635 0.00164195
112.343 0.001588 109.43 0.00114961
88.7038 0.000128214 87.2997 0.000378132
110.584 0.000373551 109.477 0.000491091
109.205 0.000645266 101.288 0.000878817
94.9862 0.000170794 92.1525 0.000564481
99.5923 0.000175125 99.1771 0.000581905
99.6677 0.000436895 93.0329 0.000608566
99.6271 0.000231343 96.2683 0.000569535
89.9655 0.000333351 87.4203 0.000536355
101.049 0.000209111 96.6249 0.000558855
100.556 0.000656721 98.7036 0.00119754
88.1421 0.000172965 87.1056 0.000456897
117.514 0.000517594 115.395 0.000645684
108.253 0.000450616 104.556 0.000636749
103.147 0.000441566 101.109 0.00075217
108.632 0.000403325 104.119 0.000778528
110.498 0.000606455 109.139 0.00101345
96.4066 0.000328928 94.5644 0.000449779
