91.9651 13860
122.881 12708
126.505 14925
87.1571 12939
85.1807 11717
93.522 11703
99.5237 14105
97.7092 11745
89.6313 13974
92.0926 12775
97.029 13099
100.758 13763
106.409 13004
92.8083 11672
98.208 12256
87.9068 12756
109.307 13887
107.352 14936
98.3301 12870
104.541 13818
101.944 13786
104.849 13923
95.1985 12760
109.33 13839
108.731 13616
97.3381 12841
93.94 12751
89.3229 14158
95.5568 11805
104.159 14873
92.7825 13928
90.7761 11738
95.6077 12839
95.2713 12971
91.5313 12821
91.9423 12366
113.175 13914
118.12 13842
95.2277 12810
118.146 13796
94.5769 13952
92.1657 10658
97.664 14155
113.716 13786
97.1194 12824
125.688 12760
108.926 13950
90.3242 12730
92.3422 12875
85.3976 12920
93.7404 13800
112.052 13892
92.8361 15010
94.6161 12871
103.937 14873
93.5895 14310
98.9088 12799
89.0752 13828
99.2295 13903
117.184 13203
112.533 14833
117.486 13817
115.802 13926
103.569 13792
100.3 13896
103.608 13893
118.421 13791
99.3139 13820
125.738 14058
102.734 13858
113.854 14402
93.3826 13854
95.2384 12718
100.16 13919
94.3894 13834
93.784 13934
97.3083 15015
96.7116 13840
116.252 12782
93.241 12836
94.4315 11745
111.343 13882
112.026 13531
88.2434 12788
112.189 13840
101.93 16174
91.4908 16756
98.1221 12814
93.5403 13827
98.166 13072
94.0554 13868
96.7745 11768
93.136 12813
87.3718 12742
114.132 12809
106.614 13184
102.68 13872
104.028 13816
107.84 12860
93.0637 13845
