98.4389 0.000759789 91.916 0.00100597
124.775 0.000859411 121.89 0.00202672
127.711 0.000368015 123.734 0.00154112
87.6042 0.000121479 86.9947 0.000182532
85.0059 3.0361e-05 85.0059 8.7131e-05
98.1083 0.000534039 91.4892 0.00163225
101.759 0.000408396 100.223 0.000734952
107.183 0.000354724 100.133 0.00207369
95.3387 0.000318046 88.4957 0.00117701
93.1709 0.000212988 91.6212 0.000781804
97.5017 0.000424801 96.5643 0.0021207
103.244 0.00056293 97.9442 0.00187757
107.504 0.000515427 105.244 0.00102432
99.0614 0.000430682 91.3607 0.00103273
102.062 0.000444291 95.9596 0.00159138
85.4328 8.0107e-05 85.0926 0.000265978
114.028 0.00103041 108.72 0.00199172
109.414 0.0010359 104.316 0.00210365
101.118 0.000340332 100.031 0.00308838
106.905 0.00043956 104.5 0.000856333
105.318 0.000528619 100.482 0.00181644
111.557 0.00068042 107.677 0.00299979
96.0532 0.000295287 94.0111 0.000466233
107.398 0.000390105 105.291 0.00128909
111.767 0.00044366 106.955 0.00186979
101.283 0.000393025 96.8058 0.000883914
97.7813 0.000299068 97.778 0.00153109
88.5347 0.00038293 88.0509 0.000582399
97.9146 0.00016108 96.7568 0.000723858
109.197 0.000895841 103.092 0.00384973
95.1494 0.000287006 94.6994 0.00135008
93.4192 0.000575007 89.6562 0.000429228
96.1478 0.000309327 94.3939 0.000835309
99.0979 0.000225003 94.7732 0.000780095
90.1369 0.000297585 88.8501 0.000758703
94.4236 0.000290026 90.1037 0.000573906
115.541 0.000713234 111.828 0.00221819
120.777 0.00132653 117.746 0.00173625
101.145 0.000306403 94.6017 0.000746978
121.01 0.00077055 117.588 0.00138118
99.6364 0.000387926 98.6219 0.00198544
92.1583 0.00013035 91.534 0.00041359
99.5295 0.000225923 97.299 0.000708884
114.266 0.000603459 113.376 0.00157468
100.681 0.000541637 96.1011 0.000527706
127.908 0.000869558 125.36 0.00306561
111.526 0.000378712 108.402 0.00129036
89.3451 0.000120874 89.2695 0.000214884
96.9877 0.000840101 90.6461 0.00239878
87.7063 0.00029699 84.1652 0.00049397
98.2978 0.000235072 94.4332 0.000588619
116.559 0.000222539 110.466 0.0007667
94.118 8.4742e-05 92.4846 0.000179734
97.0075 0.000529697 94.0648 0.00131959
103.795 0.000564217 102.654 0.00051872
97.9046 0.000497446 91.7117 0.0014796
86.7631 0.000281947 84.8327 0.000627306
89.916 0.000248492 89.1807 0.00129946
99.667 0.000490287 96.2106 0.00177658
120.595 0.000366404 116.567 0.000876611
115.697 0.000688169 111.787 0.00189254
120.934 0.00070527 116.031 0.0018204
119.032 0.000540973 115.041 0.00239581
105.047 0.000436197 101.534 0.00113055
105.545 0.000473146 99.6074 0.00102302
103.734 0.000381406 98.845 0.000954216
120.165 0.000816005 117.536 0.00143626
98.8869 0.000358054 97.7286 0.000621481
131.245 0.00118926 126.572 0.00347951
100.293 0.000573765 99.5915 0.000862542
113.901 0.000342491 113.2 0.0012011
95.6261 0.000405197 91.5231 0.00144133
95.2102 0.000450915 94.718 0.000719289
101.098 0.000220952 100.006 0.000746366
95.6262 0.000403289 94.5753 0.000801208
93.9032 0.000263994 92.2473 0.000562014
98.0605 0.000120935 91.489 0.0004084
95.9795 0.000477651 95.4909 0.000574296
119.082 0.000689002 117.524 0.00236836
95.1961 0.000186815 95.1961 0.000566927
95.0952 0.000230547 93.1903 0.000716743
112.834 0.00076284 110.635 0.00193968
112.343 0.00122668 109.43 0.00249554
88.7038 0.000151267 87.2933 0.000770794
110.584 0.000412641 109.477 0.00100249
109.205 0.000705797 101.183 0.00170981
94.9862 0.000159458 92.1287 0.000830157
99.5923 0.000119333 99.1771 0.000723897
99.6677 0.000474544 93.0329 0.00104039
99.6271 0.000200755 96.2557 0.000570994
89.9655 0.000413661 87.4203 0.0012189
101.049 0.000223658 96.6249 0.00105131
100.556 0.000374638 98.7036 0.00256
88.1421 0.000160873 87.1056 0.000487292
117.514 0.000568171 115.395 0.00166622
108.253 0.000465237 104.556 0.00129378
103.147 0.000414491 101.109 0.00149806
108.632 0.000383091 103.433 0.00178181
110.498 0.000374977 109.139 0.00155909
96.4066 0.000382561 94.5644 0.00102426
