89 4.825042
118 4.798971
119 4.716486
86 4.804644
85 4.689430
90 4.847092
96 4.771465
94 4.767581
87 4.895333
89 4.745494
92 4.811873
94 4.846865
103 4.772313
90 4.872564
94 4.941153
85 4.877394
101 4.928420
101 4.870953
96 4.842363
100 4.901902
95 4.925907
100 4.896313
92 4.830122
101 4.915975
103 4.907811
96 4.807176
92 4.911295
83 4.907450
91 4.867212
96 4.871293
91 4.764657
87 4.804564
92 4.828401
94 4.814121
88 4.920134
88 5.053400
106 4.907830
113 4.855687
94 4.859653
112 4.750460
89 4.894190
90 4.845573
95 4.845617
107 4.888974
93 5.010895
121 4.921503
106 4.760648
88 4.831930
88 4.828662
84 4.865664
90 4.839745
105 4.849188
90 4.867723
93 4.721668
99 4.869317
90 5.078390
83 4.856171
85 4.782948
91 4.815576
114 4.776029
108 4.828515
112 4.898711
109 4.879216
96 4.947528
96 4.917543
97 4.802729
111 4.969071
95 4.836397
119 4.859482
96 4.954067
108 4.795191
90 4.976360
93 4.899215
96 4.936851
90 4.843742
92 4.889524
91 4.798409
92 4.755900
112 4.901717
90 4.792208
92 4.846158
107 4.878571
102 4.898018
86 4.880457
106 4.786211
98 4.829554
88 4.790451
95 4.789457
92 4.864629
96 4.753433
86 4.780090
94 4.812624
90 4.865155
87 4.786197
109 4.802261
100 4.733090
96 4.967505
100 4.851219
103 4.770108
89 4.774852
