92.3607 1162
140.652 3245
129.801 2173
87.0336 1111
85.0059 1106
100.954 2541
113.638 1383
100.357 1109
108.582 2211
122.967 4364
102.064 1107
104.526 2188
125.158 2227
105.243 2211
113.181 2200
91.1554 1153
112.235 2204
109.696 1149
113.737 2244
136.566 3201
117.466 2229
107.413 1181
96.5794 1192
107.785 1144
112.797 2229
98.8024 1157
97.8912 2192
94.8761 1131
95.6964 1220
108.905 1100
93.9207 1134
96.148 1118
102.165 1170
95.6444 1132
105.44 2184
94.3547 2178
119.2 2275
127.078 2176
96.2957 1132
130.485 2228
102.732 1125
92.8326 1186
101.342 1111
116.325 1161
99.178 1104
147.785 2228
120.741 2187
89.2693 1157
100.909 1099
91.2218 1121
98.3948 2282
111.781 2221
93.0877 1140
100.747 2225
102.673 1129
96.4564 1101
94.7116 1119
94.6749 1141
118.171 2163
118.992 1132
121.711 2899
120.333 3643
120.678 2357
116.614 2193
106.999 1129
112.281 2171
119.596 1152
104.287 1140
140.999 3254
102.853 2213
120.45 2222
104.937 1183
98.0041 1137
105.34 2189
102.07 2247
121.657 3167
101.168 2202
98.1815 2855
128.453 1123
98.9435 1169
106.935 1735
128.801 1406
124.897 2200
95.0403 1199
114.565 3208
106.975 1181
102.307 2218
142.361 3257
115.262 2196
96.3593 1128
103.596 2181
101.033 2180
98.5277 2302
88.4418 1142
115.895 1121
124.865 2193
106.417 1106
115.917 2167
116.268 2172
104.619 1156
