93.145 1174
148.124 1123
130.234 2168
106.751 1142
85.0096 3074
153.397 1102
102.14 1144
128.042 1123
109.72 1166
115.407 2176
117.734 1143
109.616 1153
114.641 1161
101.82 3290
102.326 1134
110.075 1096
113.274 2737
122.647 13166
111.944 1136
129.599 2218
144.213 1171
105.726 1098
119.798 1184
121.37 1099
109.876 2200
113.409 1200
97.4929 1122
107.355 1159
100.88 258
142.631 1307
94.9632 1118
90.3563 1119
110.757 1156
95.7854 2190
91.9335 4343
93.6976 1305
117.229 1195
143.335 1167
114.145 1109
123.947 1163
119.537 1113
94.0375 1161
115.332 1115
123.021 1168
100.2 1127
150.354 1153
132.566 1173
89.2693 1168
102.539 1117
106.733 1110
97.7393 5461
133.445 1149
92.5157 1130
101.086 1121
109.189 1139
107.431 1166
87.852 1282
98.981 1108
105.069 3296
128.744 1144
151.455 2036
129.149 3016
131.929 1264
120.391 1209
124.304 1143
106.294 3217
130.328 1150
103.633 3252
146.425 1126
146.215 1811
125.035 1615
119.227 1121
95.9195 1194
106.91 1193
110.308 1147
105.251 1124
105.716 1164
99.4389 1140
141.19 163
111.215 1111
136.555 1119
118.052 2240
122.043 1126
88.5799 1169
115.79 1191
108.545 1159
90.9095 1194
99.999 5357
108.123 1148
100.6 1138
102.886 3796
131.496 1166
100.924 1111
98.8083 1106
115.312 1173
132.242 1128
145.724 1123
120.244 1588
113.067 4320
100.936 1154
