95.754 7158
124.462 5366
128.066 7509
87.6137 3265
85.1154 2169
94.0668 5405
99.7785 4291
98.2457 4358
93.119 5413
92.0552 3210
95.8947 4249
99.6663 4301
106.647 6975
98.8986 4304
98.005 4629
86.3861 4321
109.433 6394
106.461 5420
99.4334 5362
105.234 5371
103.269 5390
105.929 6424
95.0242 4293
108.31 5392
108.537 5403
97.5568 4304
94.2729 4419
86.8405 5356
94.2866 4332
107.553 6546
92.8635 4666
89.6739 4302
95.064 4336
96.4616 5458
90.9101 4321
90.0877 4255
111.218 4303
122.176 6425
96.1499 3276
117.872 4390
95.3274 5369
92.2135 4313
97.5938 4269
113.062 5359
96.746 4288
125.05 6568
109.976 5356
89.7859 4331
94.98 4295
85.9555 4318
93.05 5337
111.529 5362
93.1011 4348
96.8451 4319
103.637 4388
94.4031 5505
87.9776 4279
89.0592 4348
94.8094 4294
117.197 5429
111.824 5426
117.017 6402
117.371 9374
103.504 5444
100.703 4353
100.734 5325
118.504 5470
98.6044 4326
127.535 6453
101.201 4351
113.231 5598
92.6983 5289
95.4051 4298
101.291 5320
95.1265 5397
93.2791 4277
93.9548 6777
96.5134 4269
117.606 4326
92.5878 5354
94.2081 4362
112.555 5369
110.722 5395
87.8894 4309
109.902 4356
101.554 3249
89.5872 4341
98.0177 4368
100.86 6496
97.442 4302
92.4201 6447
98.8247 5443
93.9089 4728
87.929 4575
115.089 5401
105.331 5343
103.017 5342
107.333 5435
109.654 5375
93.1511 4362
