91.9172 10349
138.101 2175
127.232 6450
88.3278 3233
85.0059 1148
97.978 5383
102.343 3283
98.1717 5343
95.776 5329
110.356 3256
105.279 3326
126.881 3265
107.308 8684
103.693 4264
109.583 2180
102.528 2171
109.462 5331
116.298 3885
104.076 3208
110.664 3206
112.534 2148
111.627 2251
101.829 3860
108.535 7481
118.482 5414
97.8711 5339
103.317 2170
97.9234 3477
94.5368 6344
106.271 11199
93.4455 8436
117.664 2222
101.134 2177
98.4852 3234
95.0111 9643
97.5118 2172
117.586 5338
127.233 3276
109.031 2200
124.995 2168
91.9599 11685
91.885 5391
101.562 3250
121.473 2199
98.7674 2184
126.578 9748
114.115 3226
89.2693 1089
99.2125 4362
159.473 1110
102.413 4392
142.846 1647
93.1811 6462
96.0132 5339
103.376 5311
110.005 2194
86.9985 5367
89.5946 5409
103.98 2160
117.34 15177
113.985 5782
128.369 2181
119.964 2160
103.166 5340
109.608 2201
106.838 5317
121.208 2184
98.9313 3238
131.473 2140
105.267 3026
134.983 1129
93.421 5362
100.959 5339
102.528 4304
103.498 3224
128.118 2168
94.8967 5318
95.7328 17384
118.051 7433
100.477 5361
101.876 2181
114.775 5381
122.272 3269
87.8964 5326
116.881 5394
102.973 3232
97.0053 5347
103.398 9402
107.178 3228
98.2716 4299
108.3 2234
101.531 2164
92.0637 12014
88.1965 2175
117.802 5326
105.255 19036
109.101 2180
107.373 3275
111.883 4345
97.7218 3258
