123.696 1113
189.795 1161
191.41 1177
96.1764 1144
96.6171 1099
99.1937 1147
121.307 1204
135.415 1221
145.314 1097
184.981 1145
114.287 1111
128.544 1110
128.178 1311
115.207 1132
154.852 1141
103.619 1170
168.701 1169
170.73 1125
223.733 1504
138.94 393
127.891 420
109.446 1128
159.858 1134
146.031 1100
158.183 1135
143.579 1147
124.3 1197
180.936 1128
123.098 1124
112.668 1117
111.301 1149
147.306 1129
100.172 1170
104.683 1115
132.805 1166
147.231 1197
187.833 1242
154.465 1134
123.41 3772
171.253 1119
179.216 1148
159.388 1161
119.303 1155
149.929 1120
118.887 1123
175.496 1260
151.426 1139
94.9578 1155
134.684 1115
92.7686 1197
153.894 1175
133.152 1113
112.195 1127
159.276 1165
209.379 1156
140.477 1151
151.187 1996
119.219 1113
148.54 1149
130.297 1132
163.227 1114
182.155 1144
156.448 1135
197.454 1167
139.648 1122
142.38 1150
177.124 1121
139.307 1139
182.248 1221
138.037 1161
158.863 1146
154.678 1162
98.6481 1109
108.401 1217
146.772 1199
182.832 1162
137.106 1113
127.465 1153
175.42 1333
171.148 1116
118.49 1139
152.048 2376
223.235 1103
122.165 1151
123.509 1141
164.637 1140
120.889 1096
116.415 1139
134.257 1119
98.0555 1138
143.351 1141
130.758 1136
124.034 1130
103.112 1144
159.241 1121
213.711 1149
116.445 1133
166.031 1227
113.175 1116
106.609 1147
