94.6843 1252
138.14 1109
127.82 5989
87.2728 1165
85.1825 1155
154.104 1134
105.722 1176
99.7881 1135
113.467 1160
111.519 1210
118.759 1170
114.152 1099
116.587 1141
113.845 1195
130.357 2902
90.6346 4789
153.842 2166
119.207 1136
98.159 1095
111.651 1118
105.329 1156
109.343 1135
107.142 1141
136.197 1169
117.823 1397
104.06 1119
97.4751 1201
92.8092 1442
107.583 1114
111.39 1136
94.5566 1148
93.5987 1102
95.8676 1146
95.2974 1299
92.244 1124
136.891 1148
141.198 1098
126.102 1114
95.2807 1093
152.29 2278
117.222 1107
93.0273 1131
102.472 1143
116.486 1166
107.499 1144
143.049 1112
113.897 1139
91.8035 1121
177.719 1110
95.3967 1134
103.786 1745
111.087 5018
94.8922 1132
99.5858 1136
114.916 1178
108.155 1103
110.779 1115
99.8061 1166
134.257 1135
129.763 1158
134.381 1129
130.303 1131
132.01 1235
120.186 1118
132.905 1111
116.753 1116
158.624 1102
137.37 2603
139.486 4166
118.486 1109
128.494 1142
95.1339 1127
96.7915 1144
128.549 1120
157.734 1149
122.556 1103
121.35 1130
99.8388 1114
117.29 2950
108.172 3148
121.742 1140
125.69 1160
141.797 1130
91.4874 1148
140.116 1180
110.585 1123
95.8996 1138
122.833 1120
141.01 1147
143.926 1171
122.239 1113
103.758 1103
129.418 1119
87.17 1094
132.531 2765
124.633 6443
135.099 1161
119.407 1137
123.655 1139
98.1319 1126
