16 62 19 62 19 65 16 65 16 62
37 70 45 70 45 86 37 86 37 70
77 91 85 91 85 97 77 97 77 91
63 46 84 46 84 53 63 53 63 46
69 59 75 59 75 74 69 74 69 59
65 31 81 31 81 38 65 38 65 31
14 73 22 73 22 82 14 82 14 73
36 45 52 45 52 55 36 55 36 45
16 10 36 10 36 13 16 13 16 10
2 30 17 30 17 37 2 37 2 30
77 56 97 56 97 70 77 70 77 56
20 27 39 27 39 30 20 30 20 27
8 94 19 94 19 97 8 97 8 94
56 79 64 79 64 86 56 86 56 79
36 88 47 88 47 95 36 95 36 88
14 40 30 40 30 53 14 53 14 40
75 14 93 14 93 25 75 25 75 14
9 54 21 54 21 61 9 61 9 54
89 41 94 41 94 47 89 47 89 41
55 56 67 56 67 60 55 60 55 56
