58 77 72 77 72 90 58 90 58 77
52 65 54 65 54 68 52 68 52 65
15 20 28 20 28 23 15 23 15 20
39 58 49 58 49 73 39 73 39 58
90 22 98 22 98 35 90 35 90 22
57 18 62 18 62 35 57 35 57 18
36 43 53 43 53 45 36 45 36 43
27 75 45 75 45 96 27 96 27 75
41 2 54 2 54 20 41 20 41 2
91 52 98 52 98 67 91 67 91 52
2 86 9 86 9 96 2 96 2 86
77 54 84 54 84 73 77 73 77 54
56 41 66 41 66 61 56 61 56 41
20 87 25 87 25 91 20 91 20 87
20 42 26 42 26 61 20 61 20 42
28 28 31 28 31 39 28 39 28 28
83 35 88 35 88 43 83 43 83 35
2 21 7 21 7 38 2 38 2 21
66 2 87 2 87 13 66 13 66 2
88 78 93 78 93 95 88 95 88 78
