36 15 49 15 49 33 36 33 36 15
55 71 60 71 60 85 55 85 55 71
47 68 54 68 54 72 47 72 47 68
5 39 8 39 8 58 5 58 5 39
46 39 52 39 52 57 46 57 46 39
50 13 68 13 68 18 50 18 50 13
9 87 18 87 18 92 9 92 9 87
4 66 8 66 8 72 4 72 4 66
5 12 17 12 17 17 5 17 5 12
78 29 85 29 85 48 78 48 78 29
43 4 61 4 61 8 43 8 43 4
25 39 33 39 33 60 25 60 25 39
40 64 43 64 43 74 40 74 40 64
2 4 11 4 11 10 2 10 2 4
80 5 89 5 89 21 80 21 80 5
71 53 87 53 87 55 71 55 71 53
58 22 72 22 72 26 58 26 58 22
92 65 94 65 94 67 92 67 92 65
4 74 18 74 18 81 4 81 4 74
38 43 44 43 44 62 38 62 38 43
