53 90 74 90 74 93 53 93 53 90
53 33 72 33 72 54 53 54 53 33
47 56 68 56 68 74 47 74 47 56
81 74 94 74 94 88 81 88 81 74
88 66 98 66 98 69 88 69 88 66
57 13 61 13 61 23 57 23 57 13
34 38 39 38 39 55 34 55 34 38
13 38 17 38 17 54 13 54 13 38
20 82 23 82 23 87 20 87 20 82
48 22 51 22 51 34 48 34 48 22
30 15 36 15 36 32 30 32 30 15
20 47 32 47 32 66 20 66 20 47
4 42 10 42 10 46 4 46 4 42
44 77 59 77 59 79 44 79 44 77
20 6 29 6 29 22 20 22 20 6
72 14 90 14 90 28 72 28 72 14
67 8 78 8 78 13 67 13 67 8
19 91 21 91 21 95 19 95 19 91
26 80 46 80 46 98 26 98 26 80
20 27 27 27 27 35 20 35 20 27
