35 76 39 76 39 86 35 86 35 76
59 82 71 82 71 96 59 96 59 82
22 30 31 30 31 36 22 36 22 30
55 15 75 15 75 18 55 18 55 15
4 80 6 80 6 82 4 82 4 80
68 9 70 9 70 13 68 13 68 9
51 50 55 50 55 68 51 68 51 50
32 47 45 47 45 61 32 61 32 47
57 41 71 41 71 52 57 52 57 41
32 10 50 10 50 13 32 13 32 10
49 23 53 23 53 30 49 30 49 23
80 63 86 63 86 78 80 78 80 63
38 14 51 14 51 20 38 20 38 14
7 24 10 24 10 40 7 40 7 24
48 31 66 31 66 40 48 40 48 31
61 69 68 69 68 80 61 80 61 69
7 59 26 59 26 69 7 69 7 59
59 56 77 56 77 60 59 60 59 56
70 24 73 24 73 27 70 27 70 24
96 39 98 39 98 59 96 59 96 39
