20 68 34 68 34 70 20 70 20 68
6 51 25 51 25 65 6 65 6 51
40 68 50 68 50 87 40 87 40 68
58 71 63 71 63 90 58 90 58 71
86 66 89 66 89 84 86 84 86 66
39 31 56 31 56 38 39 38 39 31
86 7 97 7 97 24 86 24 86 7
6 69 14 69 14 82 6 82 6 69
35 19 41 19 41 28 35 28 35 19
29 89 36 89 36 97 29 97 29 89
22 13 29 13 29 27 22 27 22 13
64 15 70 15 70 35 64 35 64 15
80 32 82 32 82 50 80 50 80 32
45 47 52 47 52 55 45 55 45 47
93 88 98 88 98 98 93 98 93 88
66 43 70 43 70 61 66 61 66 43
73 59 94 59 94 62 73 62 73 59
55 6 62 6 62 19 55 19 55 6
66 65 76 65 76 72 66 72 66 65
28 71 36 71 36 76 28 76 28 71
