9 40 15 40 15 51 9 51 9 40
90 19 98 19 98 21 90 21 90 19
48 71 67 71 67 89 48 89 48 71
36 13 42 13 42 31 36 31 36 13
67 93 80 93 80 98 67 98 67 93
13 19 20 19 20 38 13 38 13 19
58 19 61 19 61 32 58 32 58 19
90 37 97 37 97 58 90 58 90 37
48 16 53 16 53 33 48 33 48 16
15 62 31 62 31 73 15 73 15 62
53 49 64 49 64 59 53 59 53 49
73 76 93 76 93 78 73 78 73 76
67 49 73 49 73 64 67 64 67 49
21 24 27 24 27 35 21 35 21 24
14 78 17 78 17 90 14 90 14 78
77 24 81 24 81 33 77 33 77 24
57 3 76 3 76 12 57 12 57 3
2 64 7 64 7 73 2 73 2 64
19 4 29 4 29 11 19 11 19 4
35 33 38 33 38 41 35 41 35 33
