16 12 35 12 35 31 16 31 16 12
65 23 71 23 71 34 65 34 65 23
83 25 90 25 90 36 83 36 83 25
86 84 97 84 97 89 86 89 86 84
47 71 52 71 52 80 47 80 47 71
10 77 25 77 25 98 10 98 10 77
79 52 95 52 95 69 79 69 79 52
37 39 45 39 45 54 37 54 37 39
42 84 56 84 56 89 42 89 42 84
62 2 72 2 72 19 62 19 62 2
55 55 67 55 67 59 55 59 55 55
19 36 31 36 31 46 19 46 19 36
58 67 62 67 62 76 58 76 58 67
22 50 32 50 32 65 22 65 22 50
67 67 73 67 73 69 67 69 67 67
88 21 94 21 94 24 88 24 88 21
79 11 82 11 82 32 79 32 79 11
6 44 13 44 13 54 6 54 6 44
33 63 37 63 37 80 33 80 33 63
10 56 14 56 14 63 10 63 10 56
