14 85 27 85 27 88 14 88 14 85
50 31 70 31 70 33 50 33 50 31
23 10 33 10 33 16 23 16 23 10
88 62 97 62 97 67 88 67 88 62
60 80 62 80 62 92 60 92 60 80
3 65 21 65 21 68 3 68 3 65
54 6 69 6 69 14 54 14 54 6
71 28 91 28 91 37 71 37 71 28
39 61 46 61 46 70 39 70 39 61
24 54 32 54 32 69 24 69 24 54
75 5 79 5 79 20 75 20 75 5
36 44 45 44 45 58 36 58 36 44
61 49 67 49 67 55 61 55 61 49
80 64 83 64 83 73 80 73 80 64
29 89 47 89 47 98 29 98 29 89
29 18 33 18 33 26 29 26 29 18
59 57 70 57 70 77 59 77 59 57
79 47 93 47 93 54 79 54 79 47
52 39 69 39 69 44 52 44 52 39
5 38 23 38 23 58 5 58 5 38
