31 75 41 75 41 81 31 81 31 75
16 36 30 36 30 55 16 55 16 36
67 57 87 57 87 69 67 69 67 57
32 11 53 11 53 26 32 26 32 11
4 22 11 22 11 39 4 39 4 22
48 46 62 46 62 58 48 58 48 46
87 77 92 77 92 88 87 88 87 77
71 77 77 77 77 82 71 82 71 77
80 23 83 23 83 39 80 39 80 23
7 5 27 5 27 15 7 15 7 5
67 31 78 31 78 52 67 52 67 31
54 72 65 72 65 84 54 84 54 72
2 66 6 66 6 79 2 79 2 66
17 82 22 82 22 95 17 95 17 82
26 64 28 64 28 70 26 70 26 64
61 3 78 3 78 21 61 21 61 3
84 36 87 36 87 42 84 42 84 36
6 80 14 80 14 92 6 92 6 80
43 31 62 31 62 36 43 36 43 31
80 3 85 3 85 13 80 13 80 3
