83 12 93 12 93 21 83 21 83 12
77 73 80 73 80 78 77 78 77 73
80 46 97 46 97 48 80 48 80 46
23 78 31 78 31 89 23 89 23 78
47 17 63 17 63 23 47 23 47 17
13 4 32 4 32 20 13 20 13 4
37 94 46 94 46 97 37 97 37 94
61 31 79 31 79 43 61 43 61 31
15 39 29 39 29 47 15 47 15 39
4 67 11 67 11 76 4 76 4 67
10 31 13 31 13 34 10 34 10 31
46 34 49 34 49 52 46 52 46 34
50 65 70 65 70 68 50 68 50 65
65 3 80 3 80 13 65 13 65 3
51 76 72 76 72 81 51 81 51 76
9 88 22 88 22 91 9 91 9 88
19 22 26 22 26 30 19 30 19 22
84 22 90 22 90 40 84 40 84 22
30 37 39 37 39 53 30 53 30 37
81 69 93 69 93 76 81 76 81 69
