79 13 93 13 93 23 79 23 79 13
14 89 35 89 35 97 14 97 14 89
70 68 72 68 72 72 70 72 70 68
77 66 95 66 95 76 77 76 77 66
41 25 62 25 62 28 41 28 41 25
28 59 45 59 45 67 28 67 28 59
82 77 96 77 96 90 82 90 82 77
26 18 28 18 28 32 26 32 26 18
58 55 68 55 68 73 58 73 58 55
32 36 38 36 38 38 32 38 32 36
85 33 89 33 89 52 85 52 85 33
52 46 61 46 61 51 52 51 52 46
49 3 57 3 57 11 49 11 49 3
66 83 71 83 71 90 66 90 66 83
6 87 13 87 13 97 6 97 6 87
55 90 58 90 58 94 55 94 55 90
26 72 34 72 34 81 26 81 26 72
77 45 81 45 81 50 77 50 77 45
29 3 35 3 35 20 29 20 29 3
7 41 27 41 27 45 7 45 7 41
