4 62 14 62 14 77 4 77 4 62
29 18 42 18 42 33 29 33 29 18
57 22 75 22 75 27 57 27 57 22
54 75 71 75 71 83 54 83 54 75
7 18 15 18 15 24 7 24 7 18
43 20 45 20 45 38 43 38 43 20
66 31 72 31 72 33 66 33 66 31
7 32 16 32 16 53 7 53 7 32
31 54 40 54 40 68 31 68 31 54
29 86 44 86 44 96 29 96 29 86
10 55 22 55 22 60 10 60 10 55
72 78 89 78 89 96 72 96 72 78
11 80 21 80 21 85 11 85 11 80
53 43 72 43 72 49 53 49 53 43
23 3 42 3 42 15 23 15 23 3
43 56 57 56 57 70 43 70 43 56
2 14 13 14 13 16 2 16 2 14
71 67 86 67 86 70 71 70 71 67
21 37 33 37 33 45 21 45 21 37
82 4 88 4 88 11 82 11 82 4
