72 64 86 64 86 82 72 82 72 64
57 8 78 8 78 27 57 27 57 8
21 29 36 29 36 32 21 32 21 29
51 46 64 46 64 67 51 67 51 46
47 29 50 29 50 41 47 41 47 29
26 10 43 10 43 24 26 24 26 10
68 43 76 43 76 48 68 48 68 43
61 40 64 40 64 45 61 45 61 40
62 90 66 90 66 97 62 97 62 90
26 69 40 69 40 83 26 83 26 69
12 88 20 88 20 96 12 96 12 88
9 37 15 37 15 40 9 40 9 37
93 73 97 73 97 81 93 81 93 73
11 53 25 53 25 59 11 59 11 53
48 74 69 74 69 82 48 82 48 74
18 10 22 10 22 18 18 18 18 10
22 33 29 33 29 46 22 46 22 33
89 5 93 5 93 21 89 21 89 5
34 46 50 46 50 58 34 58 34 46
76 89 85 89 85 94 76 94 76 89
