66 57 81 57 81 71 66 71 66 57
57 56 59 56 59 69 57 69 57 56
60 84 76 84 76 87 60 87 60 84
91 60 96 60 96 68 91 68 91 60
12 35 29 35 29 42 12 42 12 35
35 59 37 59 37 77 35 77 35 59
17 46 34 46 34 62 17 62 17 46
10 84 12 84 12 92 10 92 10 84
44 67 51 67 51 72 44 72 44 67
43 74 49 74 49 80 43 80 43 74
56 5 71 5 71 10 56 10 56 5
5 27 11 27 11 44 5 44 5 27
64 28 67 28 67 31 64 31 64 28
74 17 86 17 86 27 74 27 74 17
88 20 96 20 96 39 88 39 88 20
8 94 17 94 17 98 8 98 8 94
25 22 31 22 31 31 25 31 25 22
62 47 71 47 71 50 62 50 62 47
83 48 88 48 88 53 83 53 83 48
35 35 53 35 53 47 35 47 35 35
