13 73 27 73 27 90 13 90 13 73
74 64 87 64 87 71 74 71 74 64
14 16 27 16 27 31 14 31 14 16
74 25 93 25 93 43 74 43 74 25
35 29 46 29 46 50 35 50 35 29
49 26 55 26 55 45 49 45 49 26
52 74 64 74 64 78 52 78 52 74
35 62 49 62 49 69 35 69 35 62
40 57 49 57 49 59 40 59 40 57
51 3 53 3 53 6 51 6 51 3
8 3 11 3 11 10 8 10 8 3
64 22 72 22 72 33 64 33 64 22
35 4 45 4 45 20 35 20 35 4
26 52 32 52 32 62 26 62 26 52
61 7 78 7 78 21 61 21 61 7
6 50 21 50 21 52 6 52 6 50
9 61 22 61 22 65 9 65 9 61
35 51 45 51 45 53 35 53 35 51
76 53 93 53 93 55 76 55 76 53
63 55 71 55 71 73 63 73 63 55
