66 57 78 57 78 72 66 72 66 57
79 15 95 15 95 26 79 26 79 15
22 76 27 76 27 97 22 97 22 76
83 27 86 27 86 42 83 42 83 27
49 29 66 29 66 42 49 42 49 29
4 26 6 26 6 39 4 39 4 26
80 72 82 72 82 77 80 77 80 72
49 15 57 15 57 21 49 21 49 15
43 88 50 88 50 98 43 98 43 88
19 54 21 54 21 57 19 57 19 54
26 22 43 22 43 24 26 24 26 22
13 49 18 49 18 52 13 52 13 49
30 46 43 46 43 48 30 48 30 46
69 7 72 7 72 15 69 15 69 7
12 24 22 24 22 39 12 39 12 24
76 33 79 33 79 44 76 44 76 33
37 14 43 14 43 21 37 21 37 14
41 4 55 4 55 12 41 12 41 4
61 52 77 52 77 54 61 54 61 52
74 75 78 75 78 95 74 95 74 75
