46 7 58 7 58 27 46 27 46 7
55 34 68 34 68 38 55 38 55 34
13 37 29 37 29 51 13 51 13 37
29 83 46 83 46 98 29 98 29 83
19 11 27 11 27 26 19 26 19 11
48 30 50 30 50 32 48 32 48 30
64 43 69 43 69 62 64 62 64 43
81 15 83 15 83 26 81 26 81 15
47 36 49 36 49 53 47 53 47 36
65 23 72 23 72 28 65 28 65 23
67 4 75 4 75 15 67 15 67 4
5 90 25 90 25 97 5 97 5 90
48 77 52 77 52 84 48 84 48 77
48 89 60 89 60 91 48 91 48 89
80 29 98 29 98 39 80 39 80 29
30 10 37 10 37 24 30 24 30 10
86 58 91 58 91 71 86 71 86 58
36 61 45 61 45 72 36 72 36 61
57 71 77 71 77 77 57 77 57 71
32 68 34 68 34 75 32 75 32 68
