84 40 86 40 86 57 84 57 84 40
69 53 83 53 83 63 69 63 69 53
46 26 48 26 48 41 46 41 46 26
28 33 33 33 33 51 28 51 28 33
49 33 57 33 57 38 49 38 49 33
25 6 46 6 46 25 25 25 25 6
87 10 89 10 89 22 87 22 87 10
10 72 19 72 19 87 10 87 10 72
53 21 70 21 70 28 53 28 53 21
36 31 42 31 42 37 36 37 36 31
42 74 54 74 54 81 42 81 42 74
59 32 63 32 63 50 59 50 59 32
21 69 34 69 34 73 21 73 21 69
8 11 21 11 21 32 8 32 8 11
57 57 62 57 62 63 57 63 57 57
68 76 85 76 85 85 68 85 68 76
65 30 69 30 69 39 65 39 65 30
72 5 83 5 83 15 72 15 72 5
23 55 30 55 30 62 23 62 23 55
91 84 93 84 93 90 91 90 91 84
