65 27 78 27 78 45 65 45 65 27
20 88 39 88 39 93 20 93 20 88
10 35 29 35 29 50 10 50 10 35
43 45 63 45 63 57 43 57 43 45
14 63 25 63 25 72 14 72 14 63
68 72 82 72 82 81 68 81 68 72
35 28 52 28 52 42 35 42 35 28
94 13 98 13 98 20 94 20 94 13
54 14 60 14 60 34 54 34 54 14
86 28 96 28 96 46 86 46 86 28
69 82 72 82 72 91 69 91 69 82
8 57 24 57 24 60 8 60 8 57
31 38 33 38 33 55 31 55 31 38
21 13 29 13 29 16 21 16 21 13
9 90 14 90 14 95 9 95 9 90
14 11 16 11 16 26 14 26 14 11
64 48 66 48 66 56 64 56 64 48
78 52 89 52 89 64 78 64 78 52
41 91 62 91 62 94 41 94 41 91
2 46 4 46 4 53 2 53 2 46
