43 29 50 29 50 49 43 49 43 29
52 82 60 82 60 95 52 95 52 82
14 16 31 16 31 22 14 22 14 16
22 46 33 46 33 59 22 59 22 46
79 10 85 10 85 18 79 18 79 10
55 74 58 74 58 79 55 79 55 74
89 60 93 60 93 71 89 71 89 60
7 2 12 2 12 15 7 15 7 2
52 19 60 19 60 32 52 32 52 19
79 64 88 64 88 82 79 82 79 64
38 23 45 23 45 26 38 26 38 23
3 54 16 54 16 73 3 73 3 54
74 45 76 45 76 64 74 64 74 45
88 15 95 15 95 29 88 29 88 15
38 70 44 70 44 83 38 83 38 70
83 32 91 32 91 47 83 47 83 32
18 40 39 40 39 44 18 44 18 40
68 68 78 68 78 80 68 80 68 68
26 82 36 82 36 92 26 92 26 82
34 25 37 25 37 38 34 38 34 25
