14 46 20 46 20 63 14 63 14 46
59 38 65 38 65 52 59 52 59 38
78 12 87 12 87 30 78 30 78 12
57 25 71 25 71 33 57 33 57 25
58 57 69 57 69 77 58 77 58 57
42 29 44 29 44 36 42 36 42 29
67 86 78 86 78 93 67 93 67 86
2 25 16 25 16 34 2 34 2 25
17 8 21 8 21 21 17 21 17 8
27 3 35 3 35 13 27 13 27 3
52 11 67 11 67 18 52 18 52 11
79 61 86 61 86 68 79 68 79 61
36 10 46 10 46 15 36 15 36 10
35 54 49 54 49 73 35 73 35 54
35 79 54 79 54 90 35 90 35 79
91 76 95 76 95 89 91 89 91 76
16 73 22 73 22 78 16 78 16 73
88 51 97 51 97 60 88 60 88 51
36 37 54 37 54 52 36 52 36 37
25 41 27 41 27 50 25 50 25 41
