47 58 67 58 67 63 47 63 47 58
70 38 89 38 89 53 70 53 70 38
59 22 79 22 79 31 59 31 59 22
6 43 26 43 26 54 6 54 6 43
38 51 41 51 41 59 38 59 38 51
19 31 36 31 36 41 19 41 19 31
48 75 60 75 60 93 48 93 48 75
81 3 87 3 87 7 81 7 81 3
20 13 25 13 25 21 20 21 20 13
33 64 51 64 51 73 33 73 33 64
37 32 42 32 42 38 37 38 37 32
56 46 69 46 69 56 56 56 56 46
38 10 59 10 59 12 38 12 38 10
6 80 15 80 15 95 6 95 6 80
4 68 8 68 8 76 4 76 4 68
19 74 23 74 23 84 19 84 19 74
88 76 98 76 98 91 88 91 88 76
63 4 75 4 75 17 63 17 63 4
30 44 47 44 47 46 30 46 30 44
10 56 16 56 16 69 10 69 10 56
