5 27 9 27 9 45 5 45 5 27
64 20 75 20 75 40 64 40 64 20
43 5 64 5 64 17 43 17 43 5
91 80 97 80 97 93 91 93 91 80
14 82 25 82 25 86 14 86 14 82
15 8 32 8 32 12 15 12 15 8
51 81 71 81 71 95 51 95 51 81
12 39 16 39 16 45 12 45 12 39
42 55 52 55 52 70 42 70 42 55
79 16 92 16 92 28 79 28 79 16
36 33 38 33 38 52 36 52 36 33
75 76 81 76 81 78 75 78 75 76
68 10 84 10 84 13 68 13 68 10
37 73 49 73 49 83 37 83 37 73
62 70 66 70 66 75 62 75 62 70
78 46 90 46 90 49 78 49 78 46
82 65 98 65 98 78 82 78 82 65
29 65 31 65 31 72 29 72 29 65
27 79 29 79 29 86 27 86 27 79
5 74 23 74 23 78 5 78 5 74
