61 66 64 66 64 77 61 77 61 66
40 65 53 65 53 77 40 77 40 65
58 79 78 79 78 85 58 85 58 79
12 56 28 56 28 58 12 58 12 56
78 38 88 38 88 46 78 46 78 38
5 79 10 79 10 90 5 90 5 79
66 19 69 19 69 40 66 40 66 19
43 43 56 43 56 53 43 53 43 43
46 29 58 29 58 35 46 35 46 29
15 76 28 76 28 86 15 86 15 76
18 22 26 22 26 41 18 41 18 22
18 7 29 7 29 16 18 16 18 7
49 8 51 8 51 25 49 25 49 8
80 52 88 52 88 57 80 57 80 52
74 89 83 89 83 94 74 94 74 89
6 14 8 14 8 21 6 21 6 14
31 49 33 49 33 69 31 69 31 49
30 87 32 87 32 95 30 95 30 87
81 13 93 13 93 34 81 34 81 13
12 62 22 62 22 74 12 74 12 62
