43 63 64 63 64 68 43 68 43 63
66 26 84 26 84 42 66 42 66 26
17 70 25 70 25 90 17 90 17 70
33 85 52 85 52 89 33 89 33 85
46 40 53 40 53 60 46 60 46 40
36 24 38 24 38 40 36 40 36 24
64 13 68 13 68 22 64 22 64 13
54 33 65 33 65 42 54 42 54 33
48 17 57 17 57 26 48 26 48 17
15 31 27 31 27 39 15 39 15 31
77 76 85 76 85 81 77 81 77 76
14 17 23 17 23 19 14 19 14 17
62 52 66 52 66 58 62 58 62 52
45 94 52 94 52 97 45 97 45 94
68 58 83 58 83 63 68 63 68 58
63 89 69 89 69 95 63 95 63 89
28 69 39 69 39 82 28 82 28 69
21 9 31 9 31 14 21 14 21 9
53 3 71 3 71 8 53 8 53 3
71 87 86 87 86 96 71 96 71 87
