74 80 84 80 84 93 74 93 74 80
87 72 93 72 93 78 87 78 87 72
42 84 62 84 62 87 42 87 42 84
29 45 38 45 38 55 29 55 29 45
59 16 75 16 75 19 59 19 59 16
46 51 54 51 54 68 46 68 46 51
41 79 57 79 57 81 41 81 41 79
62 37 81 37 81 39 62 39 62 37
78 51 85 51 85 54 78 54 78 51
2 85 9 85 9 98 2 98 2 85
83 14 98 14 98 34 83 34 83 14
6 60 24 60 24 64 6 64 6 60
92 36 94 36 94 51 92 51 92 36
30 67 33 67 33 76 30 76 30 67
56 23 67 23 67 28 56 28 56 23
11 35 30 35 30 38 11 38 11 35
86 56 90 56 90 59 86 59 86 56
21 74 24 74 24 83 21 83 21 74
21 13 28 13 28 32 21 32 21 13
90 3 97 3 97 9 90 9 90 3
