44 64 50 64 50 76 44 76 44 64
88 26 97 26 97 36 88 36 88 26
19 9 23 9 23 20 19 20 19 9
52 28 73 28 73 44 52 44 52 28
25 5 44 5 44 20 25 20 25 5
22 24 25 24 25 33 22 33 22 24
14 60 27 60 27 68 14 68 14 60
84 67 86 67 86 71 84 71 84 67
77 60 84 60 84 65 77 65 77 60
21 40 30 40 30 47 21 47 21 40
46 77 54 77 54 83 46 83 46 77
34 43 39 43 39 46 34 46 34 43
78 40 93 40 93 45 78 45 78 40
21 82 27 82 27 84 21 84 21 82
74 68 77 68 77 74 74 74 74 68
12 28 18 28 18 35 12 35 12 28
46 51 53 51 53 55 46 55 46 51
84 48 97 48 97 55 84 55 84 48
34 75 41 75 41 86 34 86 34 75
63 48 74 48 74 62 63 62 63 48
