35 67 51 67 51 71 35 71 35 67
47 21 62 21 62 29 47 29 47 21
54 50 62 50 62 69 54 69 54 50
55 76 72 76 72 95 55 95 55 76
7 10 16 10 16 14 7 14 7 10
22 41 41 41 41 57 22 57 22 41
69 38 79 38 79 41 69 41 69 38
22 64 29 64 29 77 22 77 22 64
8 27 14 27 14 41 8 41 8 27
4 58 9 58 9 67 4 67 4 58
78 17 83 17 83 32 78 32 78 17
32 2 51 2 51 17 32 17 32 2
37 79 47 79 47 96 37 96 37 79
70 68 85 68 85 72 70 72 70 68
46 37 67 37 67 49 46 49 46 37
81 44 84 44 84 48 81 48 81 44
5 79 14 79 14 83 5 83 5 79
75 48 79 48 79 64 75 64 75 48
85 81 89 81 89 90 85 90 85 81
56 2 64 2 64 14 56 14 56 2
