68 77 75 77 75 80 68 80 68 77
56 2 75 2 75 23 56 23 56 2
44 12 48 12 48 32 44 32 44 12
2 34 20 34 20 38 2 38 2 34
21 88 41 88 41 93 21 93 21 88
13 65 18 65 18 69 13 69 13 65
10 43 27 43 27 50 10 50 10 43
21 33 38 33 38 35 21 35 21 33
92 8 96 8 96 28 92 28 92 8
27 56 36 56 36 64 27 64 27 56
19 4 23 4 23 14 19 14 19 4
49 47 66 47 66 68 49 68 49 47
4 28 6 28 6 32 4 32 4 28
49 24 64 24 64 28 49 28 49 24
85 20 87 20 87 41 85 41 85 20
72 57 85 57 85 70 72 70 72 57
71 46 86 46 86 55 71 55 71 46
24 76 34 76 34 87 24 87 24 76
82 72 85 72 85 84 82 84 82 72
51 85 65 85 65 92 51 92 51 85
