81 30 83 30 83 37 81 37 81 30
29 12 32 12 32 15 29 15 29 12
43 16 63 16 63 33 43 33 43 16
4 19 25 19 25 39 4 39 4 19
83 87 97 87 97 95 83 95 83 87
17 76 28 76 28 89 17 89 17 76
88 65 96 65 96 78 88 78 88 65
48 43 68 43 68 58 48 58 48 43
76 4 94 4 94 10 76 10 76 4
27 19 35 19 35 31 27 31 27 19
89 25 95 25 95 37 89 37 89 25
47 60 66 60 66 72 47 72 47 60
12 51 22 51 22 56 12 56 12 51
35 12 42 12 42 17 35 17 35 12
54 80 65 80 65 92 54 92 54 80
2 56 4 56 4 70 2 70 2 56
73 47 85 47 85 52 73 52 73 47
37 67 41 67 41 85 37 85 37 67
82 17 88 17 88 24 82 24 82 17
5 49 11 49 11 60 5 60 5 49
