85 83 95 83 95 93 85 93 85 83
49 20 59 20 59 29 49 29 49 20
79 64 82 64 82 76 79 76 79 64
35 73 50 73 50 82 35 82 35 73
24 50 28 50 28 54 24 54 24 50
59 50 62 50 62 59 59 59 59 50
36 4 52 4 52 17 36 17 36 4
39 51 53 51 53 59 39 59 39 51
2 47 14 47 14 64 2 64 2 47
32 50 37 50 37 66 32 66 32 50
26 29 47 29 47 49 26 49 26 29
3 23 6 23 6 26 3 26 3 23
8 12 17 12 17 23 8 23 8 12
66 50 75 50 75 62 66 62 66 50
48 60 61 60 61 70 48 70 48 60
29 89 41 89 41 96 29 96 29 89
15 83 21 83 21 97 15 97 15 83
83 15 88 15 88 22 83 22 83 15
84 49 87 49 87 68 84 68 84 49
6 71 14 71 14 91 6 91 6 71
