70 10 72 10 72 26 70 26 70 10
39 59 56 59 56 75 39 75 39 59
79 6 84 6 84 17 79 17 79 6
60 52 77 52 77 62 60 62 60 52
34 20 44 20 44 36 34 36 34 20
7 43 18 43 18 60 7 60 7 43
25 32 28 32 28 41 25 41 25 32
39 83 60 83 60 89 39 89 39 83
86 50 96 50 96 54 86 54 86 50
17 10 27 10 27 23 17 23 17 10
77 72 81 72 81 90 77 90 77 72
32 6 46 6 46 15 32 15 32 6
93 86 97 86 97 96 93 96 93 86
48 18 57 18 57 37 48 37 48 18
10 88 26 88 26 92 10 92 10 88
51 46 65 46 65 51 51 51 51 46
75 20 96 20 96 30 75 30 75 20
28 49 37 49 37 70 28 70 28 49
6 61 17 61 17 68 6 68 6 61
63 19 68 19 68 28 63 28 63 19
