7 24 17 24 17 45 7 45 7 24
26 64 42 64 42 74 26 74 26 64
11 4 27 4 27 11 11 11 11 4
46 84 50 84 50 96 46 96 46 84
66 73 86 73 86 90 66 90 66 73
38 15 49 15 49 29 38 29 38 15
77 29 85 29 85 48 77 48 77 29
46 32 52 32 52 38 46 38 46 32
94 71 96 71 96 83 94 83 94 71
95 87 97 87 97 90 95 90 95 87
56 40 64 40 64 53 56 53 56 40
64 3 77 3 77 21 64 21 64 3
4 69 19 69 19 87 4 87 4 69
72 62 83 62 83 69 72 69 72 62
27 26 35 26 35 39 27 39 27 26
23 58 25 58 25 63 23 63 23 58
92 4 98 4 98 6 92 6 92 4
90 18 96 18 96 24 90 24 90 18
31 41 37 41 37 47 31 47 31 41
88 42 98 42 98 46 88 46 88 42
