25 11 37 11 37 28 25 28 25 11
65 62 79 62 79 68 65 68 65 62
60 69 70 69 70 82 60 82 60 69
33 31 52 31 52 37 33 37 33 31
13 22 18 22 18 26 13 26 13 22
7 30 17 30 17 40 7 40 7 30
93 17 98 17 98 33 93 33 93 17
28 48 48 48 48 64 28 64 28 48
65 12 86 12 86 16 65 16 65 12
78 73 94 73 94 92 78 92 78 73
8 62 13 62 13 67 8 67 8 62
83 2 90 2 90 8 83 8 83 2
38 8 47 8 47 16 38 16 38 8
22 70 35 70 35 81 22 81 22 70
51 65 60 65 60 67 51 67 51 65
68 22 71 22 71 36 68 36 68 22
67 93 86 93 86 97 67 97 67 93
17 89 32 89 32 93 17 93 17 89
55 15 61 15 61 17 55 17 55 15
55 40 70 40 70 43 55 43 55 40
