40 66 42 66 42 69 40 69 40 66
49 60 66 60 66 63 49 63 49 60
91 63 96 63 96 79 91 79 91 63
66 33 84 33 84 46 66 46 66 33
17 19 32 19 32 38 17 38 17 19
80 4 83 4 83 17 80 17 80 4
71 61 89 61 89 66 71 66 71 61
11 3 25 3 25 12 11 12 11 3
64 48 77 48 77 57 64 57 64 48
46 29 60 29 60 43 46 43 46 29
49 50 56 50 56 58 49 58 49 50
54 89 61 89 61 98 54 98 54 89
76 67 84 67 84 71 76 71 76 67
82 93 86 93 86 95 82 95 82 93
66 67 74 67 74 69 66 69 66 67
94 82 98 82 98 90 94 90 94 82
19 53 34 53 34 61 19 61 19 53
52 70 70 70 70 86 52 86 52 70
6 57 13 57 13 71 6 71 6 57
64 14 69 14 69 16 64 16 64 14
