24 41 28 41 28 49 24 49 24 41
76 18 82 18 82 26 76 26 76 18
52 17 57 17 57 31 52 31 52 17
13 58 31 58 31 62 13 62 13 58
9 82 23 82 23 89 9 89 9 82
57 84 73 84 73 89 57 89 57 84
48 35 62 35 62 47 48 47 48 35
24 7 36 7 36 28 24 28 24 7
82 49 98 49 98 64 82 64 82 49
75 51 80 51 80 57 75 57 75 51
79 77 86 77 86 80 79 80 79 77
38 53 53 53 53 69 38 69 38 53
89 29 91 29 91 34 89 34 89 29
24 86 41 86 41 92 24 92 24 86
79 85 98 85 98 98 79 98 79 85
63 51 68 51 68 61 63 61 63 51
62 66 64 66 64 72 62 72 62 66
73 36 92 36 92 39 73 39 73 36
67 42 81 42 81 47 67 47 67 42
83 9 85 9 85 21 83 21 83 9
