64 9 74 9 74 21 64 21 64 9
45 68 51 68 51 75 45 75 45 68
43 8 52 8 52 10 43 10 43 8
27 50 45 50 45 63 27 63 27 50
81 84 98 84 98 92 81 92 81 84
5 28 17 28 17 43 5 43 5 28
28 29 44 29 44 45 28 45 28 29
25 65 37 65 37 76 25 76 25 65
28 9 31 9 31 24 28 24 28 9
50 23 67 23 67 42 50 42 50 23
53 58 73 58 73 70 53 70 53 58
23 5 35 5 35 8 23 8 23 5
15 73 18 73 18 87 15 87 15 73
11 54 13 54 13 68 11 68 11 54
35 78 54 78 54 88 35 88 35 78
91 8 93 8 93 19 91 19 91 8
94 39 97 39 97 55 94 55 94 39
78 35 93 35 93 38 78 38 78 35
82 26 89 26 89 33 82 33 82 26
76 69 91 69 91 73 76 73 76 69
