52 79 68 79 68 93 52 93 52 79
50 53 63 53 63 66 50 66 50 53
4 43 7 43 7 59 4 59 4 43
2 80 8 80 8 89 2 89 2 80
12 43 30 43 30 56 12 56 12 43
84 5 93 5 93 21 84 21 84 5
85 34 98 34 98 38 85 38 85 34
20 5 36 5 36 8 20 8 20 5
59 69 73 69 73 77 59 77 59 69
49 19 65 19 65 24 49 24 49 19
24 27 42 27 42 37 24 37 24 27
24 61 40 61 40 72 24 72 24 61
82 23 90 23 90 30 82 30 82 23
42 47 57 47 57 49 42 49 42 47
75 44 91 44 91 56 75 56 75 44
3 10 14 10 14 16 3 16 3 10
58 27 66 27 66 31 58 31 58 27
71 62 90 62 90 65 71 65 71 62
21 89 41 89 41 96 21 96 21 89
43 84 51 84 51 87 43 87 43 84
