44 10 57 10 57 12 44 12 44 10
80 74 94 74 94 93 80 93 80 74
56 83 68 83 68 90 56 90 56 83
42 36 62 36 62 47 42 47 42 36
44 65 55 65 55 69 44 69 44 65
33 45 40 45 40 53 33 53 33 45
59 18 64 18 64 32 59 32 59 18
83 60 90 60 90 72 83 72 83 60
65 33 70 33 70 52 65 52 65 33
15 44 18 44 18 49 15 49 15 44
2 75 11 75 11 93 2 93 2 75
20 14 38 14 38 28 20 28 20 14
13 67 34 67 34 81 13 81 13 67
33 54 44 54 44 58 33 58 33 54
35 81 42 81 42 89 35 89 35 81
81 25 84 25 84 37 81 37 81 25
57 58 77 58 77 64 57 64 57 58
8 4 23 4 23 8 8 8 8 4
74 35 80 35 80 50 74 50 74 35
49 23 57 23 57 25 49 25 49 23
