18 89 34 89 34 95 18 95 18 89
90 78 92 78 92 93 90 93 90 78
48 89 65 89 65 94 48 94 48 89
73 68 78 68 78 78 73 78 73 68
18 49 23 49 23 64 18 64 18 49
30 60 41 60 41 79 30 79 30 60
50 12 59 12 59 18 50 18 50 12
6 68 19 68 19 87 6 87 6 68
58 3 66 3 66 11 58 11 58 3
78 46 87 46 87 57 78 57 78 46
51 19 53 19 53 31 51 31 51 19
54 21 63 21 63 25 54 25 54 21
37 42 51 42 51 45 37 45 37 42
4 48 17 48 17 53 4 53 4 48
70 27 72 27 72 48 70 48 70 27
80 74 85 74 85 86 80 86 80 74
2 24 22 24 22 38 2 38 2 24
25 6 43 6 43 27 25 27 25 6
33 35 49 35 49 40 33 40 33 35
73 15 94 15 94 32 73 32 73 15
