51 23 64 23 64 32 51 32 51 23
74 15 94 15 94 29 74 29 74 15
86 6 91 6 91 9 86 9 86 6
4 51 19 51 19 70 4 70 4 51
64 59 66 59 66 74 64 74 64 59
36 39 49 39 49 42 36 42 36 39
12 21 31 21 31 26 12 26 12 21
36 80 42 80 42 98 36 98 36 80
73 42 90 42 90 55 73 55 73 42
50 71 63 71 63 92 50 92 50 71
41 49 50 49 50 67 41 67 41 49
95 28 97 28 97 48 95 48 95 28
2 21 7 21 7 34 2 34 2 21
15 13 28 13 28 15 15 15 15 13
13 85 25 85 25 98 13 98 13 85
84 67 94 67 94 87 84 87 84 67
20 44 22 44 22 63 20 63 20 44
25 51 31 51 31 53 25 53 25 51
77 66 79 66 79 81 77 81 77 66
30 71 35 71 35 85 30 85 30 71
