32 25 39 25 39 46 32 46 32 25
82 40 87 40 87 47 82 47 82 40
76 45 79 45 79 56 76 56 76 45
8 3 14 3 14 14 8 14 8 3
24 76 37 76 37 91 24 91 24 76
71 5 82 5 82 26 71 26 71 5
50 44 69 44 69 57 50 57 50 44
74 76 91 76 91 97 74 97 74 76
38 84 47 84 47 86 38 86 38 84
84 13 93 13 93 21 84 21 84 13
19 64 31 64 31 73 19 73 19 64
50 6 65 6 65 20 50 20 50 6
91 58 94 58 94 64 91 64 91 58
52 28 56 28 56 41 52 41 52 28
4 61 12 61 12 70 4 70 4 61
34 72 39 72 39 75 34 75 34 72
62 67 66 67 66 86 62 86 62 67
38 6 47 6 47 18 38 18 38 6
40 49 44 49 44 68 40 68 40 49
25 16 34 16 34 22 25 22 25 16
