28 3 46 3 46 8 28 8 28 3
35 13 48 13 48 34 35 34 35 13
7 11 17 11 17 21 7 21 7 11
25 46 42 46 42 55 25 55 25 46
22 28 33 28 33 42 22 42 22 28
29 62 33 62 33 80 29 80 29 62
88 72 97 72 97 78 88 78 88 72
15 26 21 26 21 32 15 32 15 26
38 65 52 65 52 80 38 80 38 65
61 62 72 62 72 79 61 79 61 62
74 29 93 29 93 37 74 37 74 29
56 55 76 55 76 59 56 59 56 55
11 53 22 53 22 56 11 56 11 53
54 32 72 32 72 35 54 35 54 32
86 44 90 44 90 63 86 63 86 44
80 70 84 70 84 76 80 76 80 70
50 31 53 31 53 39 50 39 50 31
26 90 31 90 31 95 26 95 26 90
8 67 20 67 20 70 8 70 8 67
81 3 92 3 92 7 81 7 81 3
