84 14 94 14 94 24 84 24 84 14
34 30 53 30 53 40 34 40 34 30
70 92 90 92 90 95 70 95 70 92
24 61 29 61 29 82 24 82 24 61
91 62 93 62 93 73 91 73 91 62
8 26 29 26 29 28 8 28 8 26
31 77 36 77 36 95 31 95 31 77
48 84 55 84 55 95 48 95 48 84
82 64 85 64 85 69 82 69 82 64
74 39 89 39 89 54 74 54 74 39
70 85 72 85 72 90 70 90 70 85
13 90 27 90 27 96 13 96 13 90
30 48 33 48 33 64 30 64 30 48
79 81 94 81 94 83 79 83 79 81
40 3 55 3 55 17 40 17 40 3
10 57 12 57 12 67 10 67 10 57
72 59 74 59 74 80 72 80 72 59
70 12 82 12 82 29 70 29 70 12
37 46 46 46 46 67 37 67 37 46
7 79 12 79 12 88 7 88 7 79
