29 85 36 85 36 93 29 93 29 85
26 8 41 8 41 21 26 21 26 8
92 32 94 32 94 52 92 52 92 32
22 26 32 26 32 35 22 35 22 26
60 32 72 32 72 42 60 42 60 32
75 58 78 58 78 77 75 77 75 58
44 21 60 21 60 29 44 29 44 21
87 66 92 66 92 69 87 69 87 66
56 44 69 44 69 51 56 51 56 44
30 44 43 44 43 58 30 58 30 44
80 73 91 73 91 93 80 93 80 73
23 50 28 50 28 68 23 68 23 50
17 16 20 16 20 29 17 29 17 16
8 51 22 51 22 72 8 72 8 51
83 43 87 43 87 57 83 57 83 43
52 85 69 85 69 96 52 96 52 85
44 50 51 50 51 63 44 63 44 50
14 82 20 82 20 97 14 97 14 82
33 61 38 61 38 80 33 80 33 61
76 3 93 3 93 17 76 17 76 3
