79 67 90 67 90 78 79 78 79 67
10 84 12 84 12 94 10 94 10 84
47 69 57 69 57 74 47 74 47 69
10 4 31 4 31 10 10 10 10 4
29 34 38 34 38 48 29 48 29 34
37 51 56 51 56 63 37 63 37 51
42 28 50 28 50 42 42 42 42 28
12 15 18 15 18 30 12 30 12 15
77 41 96 41 96 60 77 60 77 41
55 19 68 19 68 24 55 24 55 19
6 80 18 80 18 83 6 83 6 80
28 19 35 19 35 29 28 29 28 19
82 15 98 15 98 31 82 31 82 15
54 45 63 45 63 48 54 48 54 45
38 65 46 65 46 78 38 78 38 65
63 74 74 74 74 92 63 92 63 74
51 12 54 12 54 25 51 25 51 12
17 51 28 51 28 67 17 67 17 51
41 92 55 92 55 98 41 98 41 92
65 35 68 35 68 47 65 47 65 35
