57 25 78 25 78 30 57 30 57 25
79 28 86 28 86 48 79 48 79 28
49 18 56 18 56 21 49 21 49 18
76 64 92 64 92 71 76 71 76 64
5 79 19 79 19 86 5 86 5 79
5 45 23 45 23 58 5 58 5 45
74 51 80 51 80 55 74 55 74 51
23 21 30 21 30 33 23 33 23 21
25 50 46 50 46 70 25 70 25 50
18 75 26 75 26 78 18 78 18 75
65 78 78 78 78 92 65 92 65 78
88 8 91 8 91 16 88 16 88 8
52 31 57 31 57 36 52 36 52 31
31 26 51 26 51 41 31 41 31 26
47 64 56 64 56 78 47 78 47 64
38 80 51 80 51 82 38 82 38 80
41 3 50 3 50 15 41 15 41 3
21 83 41 83 41 90 21 90 21 83
64 59 67 59 67 74 64 74 64 59
80 59 95 59 95 61 80 61 80 59
