53 89 57 89 57 98 53 98 53 89
17 54 35 54 35 75 17 75 17 54
78 29 93 29 93 40 78 40 78 29
47 50 64 50 64 55 47 55 47 50
69 50 79 50 79 68 69 68 69 50
44 5 65 5 65 18 44 18 44 5
70 78 74 78 74 87 70 87 70 78
25 78 46 78 46 87 25 87 25 78
56 70 66 70 66 74 56 74 56 70
62 23 74 23 74 28 62 28 62 23
23 12 25 12 25 24 23 24 23 12
33 8 35 8 35 27 33 27 33 8
8 46 16 46 16 61 8 61 8 46
38 45 49 45 49 47 38 47 38 45
92 69 97 69 97 87 92 87 92 69
52 20 57 20 57 39 52 39 52 20
76 21 85 21 85 28 76 28 76 21
68 69 79 69 79 72 68 72 68 69
26 36 31 36 31 52 26 52 26 36
63 31 72 31 72 37 63 37 63 31
