28 26 46 26 46 35 28 35 28 26
96 11 98 11 98 25 96 25 96 11
68 28 85 28 85 35 68 35 68 28
7 4 25 4 25 16 7 16 7 4
8 63 17 63 17 78 8 78 8 63
9 17 18 17 18 32 9 32 9 17
39 36 50 36 50 47 39 47 39 36
4 37 10 37 10 46 4 46 4 37
90 66 92 66 92 85 90 85 90 66
83 54 89 54 89 63 83 63 83 54
67 13 82 13 82 22 67 22 67 13
3 51 22 51 22 58 3 58 3 51
50 81 59 81 59 89 50 89 50 81
84 20 90 20 90 27 84 27 84 20
52 48 61 48 61 67 52 67 52 48
79 44 84 44 84 46 79 46 79 44
64 50 75 50 75 57 64 57 64 50
68 85 79 85 79 92 68 92 68 85
40 59 45 59 45 69 40 69 40 59
42 8 46 8 46 23 42 23 42 8
