18 62 29 62 29 64 18 64 18 62
36 56 51 56 51 62 36 62 36 56
2 37 8 37 8 41 2 41 2 37
28 71 35 71 35 90 28 90 28 71
52 69 59 69 59 86 52 86 52 69
62 44 83 44 83 54 62 54 62 44
37 14 53 14 53 18 37 18 37 14
64 31 70 31 70 38 64 38 64 31
54 17 56 17 56 27 54 27 54 17
41 33 44 33 44 47 41 47 41 33
28 32 31 32 31 52 28 52 28 32
78 7 92 7 92 25 78 25 78 7
22 12 32 12 32 23 22 23 22 12
58 57 79 57 79 63 58 63 58 57
52 46 60 46 60 52 52 52 52 46
85 55 88 55 88 71 85 71 85 55
78 72 94 72 94 78 78 78 78 72
22 68 25 68 25 82 22 82 22 68
81 37 94 37 94 40 81 40 81 37
3 85 10 85 10 90 3 90 3 85
