32 13 52 13 52 26 32 26 32 13
90 21 98 21 98 38 90 38 90 21
51 81 61 81 61 92 51 92 51 81
31 75 50 75 50 81 31 81 31 75
67 58 88 58 88 72 67 72 67 58
53 17 56 17 56 23 53 23 53 17
15 28 26 28 26 34 15 34 15 28
5 12 18 12 18 20 5 20 5 12
30 55 41 55 41 70 30 70 30 55
71 32 87 32 87 45 71 45 71 32
4 21 12 21 12 37 4 37 4 21
77 6 98 6 98 9 77 9 77 6
11 77 19 77 19 96 11 96 11 77
10 5 15 5 15 10 10 10 10 5
72 82 84 82 84 90 72 90 72 82
35 7 46 7 46 12 35 12 35 7
49 48 55 48 55 54 49 54 49 48
30 31 47 31 47 46 30 46 30 31
53 25 61 25 61 42 53 42 53 25
22 86 34 86 34 90 22 90 22 86
