66 71 81 71 81 83 66 83 66 71
57 88 78 88 78 96 57 96 57 88
87 55 92 55 92 63 87 63 87 55
34 45 48 45 48 56 34 56 34 45
87 14 97 14 97 23 87 23 87 14
3 71 23 71 23 80 3 80 3 71
27 72 35 72 35 75 27 75 27 72
17 20 36 20 36 35 17 35 17 20
49 56 61 56 61 67 49 67 49 56
28 86 41 86 41 96 28 96 28 86
76 40 96 40 96 52 76 52 76 40
63 53 74 53 74 64 63 64 63 53
58 78 61 78 61 84 58 84 58 78
33 58 36 58 36 64 33 64 33 58
57 12 76 12 76 16 57 16 57 12
43 61 45 61 45 68 43 68 43 61
46 20 64 20 64 27 46 27 46 20
65 23 71 23 71 37 65 37 65 23
36 74 52 74 52 77 36 77 36 74
94 80 98 80 98 98 94 98 94 80
