5 75 26 75 26 92 5 92 5 75
88 48 97 48 97 56 88 56 88 48
63 67 77 67 77 70 63 70 63 67
45 5 63 5 63 21 45 21 45 5
6 59 18 59 18 67 6 67 6 59
88 10 96 10 96 30 88 30 88 10
40 70 51 70 51 91 40 91 40 70
6 6 26 6 26 15 6 15 6 6
17 30 30 30 30 37 17 37 17 30
20 51 34 51 34 57 20 57 20 51
44 28 50 28 50 44 44 44 44 28
52 46 67 46 67 63 52 63 52 46
65 14 69 14 69 28 65 28 65 14
82 41 90 41 90 43 82 43 82 41
69 36 76 36 76 45 69 45 69 36
82 75 97 75 97 83 82 83 82 75
54 34 64 34 64 42 54 42 54 34
64 75 71 75 71 89 64 89 64 75
40 25 43 25 43 40 40 40 40 25
76 22 80 22 80 33 76 33 76 22
