53 26 61 26 61 32 53 32 53 26
30 84 37 84 37 96 30 96 30 84
85 88 97 88 97 90 85 90 85 88
12 34 32 34 32 54 12 54 12 34
44 64 65 64 65 71 44 71 44 64
90 47 96 47 96 55 90 55 90 47
35 74 44 74 44 78 35 78 35 74
68 12 80 12 80 20 68 20 68 12
63 34 75 34 75 38 63 38 63 34
81 40 85 40 85 57 81 57 81 40
4 12 20 12 20 16 4 16 4 12
37 5 51 5 51 17 37 17 37 5
62 41 76 41 76 48 62 48 62 41
72 59 75 59 75 80 72 80 72 59
38 29 49 29 49 45 38 45 38 29
10 83 20 83 20 86 10 86 10 83
55 4 57 4 57 20 55 20 55 4
2 76 12 76 12 81 2 81 2 76
17 17 32 17 32 26 17 26 17 17
23 65 25 65 25 76 23 76 23 65
