21 78 25 78 25 92 21 92 21 78
23 12 39 12 39 14 23 14 23 12
43 23 63 23 63 29 43 29 43 23
6 63 20 63 20 68 6 68 6 63
64 69 81 69 81 88 64 88 64 69
90 73 94 73 94 75 90 75 90 73
76 25 91 25 91 37 76 37 76 25
22 24 37 24 37 31 22 31 22 24
48 51 61 51 61 64 48 64 48 51
43 3 58 3 58 16 43 16 43 3
40 69 60 69 60 90 40 90 40 69
75 45 80 45 80 56 75 56 75 45
14 47 25 47 25 51 14 51 14 47
28 75 30 75 30 92 28 92 28 75
10 42 13 42 13 56 10 56 10 42
5 69 13 69 13 75 5 75 5 69
25 60 27 60 27 62 25 62 25 60
92 86 94 86 94 96 92 96 92 86
29 5 32 5 32 9 29 9 29 5
43 40 46 40 46 44 43 44 43 40
