49 68 64 68 64 80 49 80 49 68
56 17 70 17 70 23 56 23 56 17
89 28 98 28 98 40 89 40 89 28
40 56 48 56 48 63 40 63 40 56
18 96 33 96 33 98 18 98 18 96
17 43 20 43 20 57 17 57 17 43
72 15 87 15 87 26 72 26 72 15
21 51 25 51 25 57 21 57 21 51
26 29 41 29 41 45 26 45 26 29
57 44 64 44 64 64 57 64 57 44
73 65 75 65 75 79 73 79 73 65
32 66 40 66 40 78 32 78 32 66
75 30 83 30 83 50 75 50 75 30
24 61 29 61 29 66 24 66 24 61
78 82 94 82 94 95 78 95 78 82
88 7 95 7 95 25 88 25 88 7
17 6 20 6 20 12 17 12 17 6
67 11 85 11 85 13 67 13 67 11
26 23 39 23 39 28 26 28 26 23
48 83 54 83 54 93 48 93 48 83
