30 43 41 43 41 55 30 55 30 43
47 20 60 20 60 34 47 34 47 20
16 64 25 64 25 85 16 85 16 64
41 59 59 59 59 70 41 70 41 59
82 18 96 18 96 34 82 34 82 18
63 50 83 50 83 59 63 59 63 50
10 4 27 4 27 25 10 25 10 4
18 36 26 36 26 48 18 48 18 36
42 84 62 84 62 94 42 94 42 84
88 49 96 49 96 55 88 55 88 49
84 8 90 8 90 16 84 16 84 8
61 6 63 6 63 8 61 8 61 6
74 77 91 77 91 85 74 85 74 77
2 58 14 58 14 61 2 61 2 58
35 11 42 11 42 25 35 25 35 11
57 36 62 36 62 42 57 42 57 36
89 56 94 56 94 68 89 68 89 56
78 30 81 30 81 40 78 40 78 30
65 19 75 19 75 28 65 28 65 19
70 88 91 88 91 91 70 91 70 88
