87 57 93 57 93 62 87 62 87 57
36 43 49 43 49 52 36 52 36 43
44 63 51 63 51 72 44 72 44 63
56 24 77 24 77 31 56 31 56 24
2 47 10 47 10 54 2 54 2 47
12 2 14 2 14 18 12 18 12 2
59 85 80 85 80 92 59 92 59 85
24 86 42 86 42 88 24 88 24 86
10 28 14 28 14 46 10 46 10 28
75 7 87 7 87 18 75 18 75 7
32 53 42 53 42 63 32 63 32 53
55 11 59 11 59 22 55 22 55 11
30 19 33 19 33 35 30 35 30 19
60 2 65 2 65 4 60 4 60 2
13 47 17 47 17 55 13 55 13 47
56 53 62 53 62 66 56 66 56 53
36 30 45 30 45 35 36 35 36 30
64 51 76 51 76 58 64 58 64 51
87 41 94 41 94 45 87 45 87 41
20 68 32 68 32 74 20 74 20 68
