17 30 27 30 27 39 17 39 17 30
32 42 43 42 43 47 32 47 32 42
86 81 92 81 92 94 86 94 86 81
49 22 68 22 68 36 49 36 49 22
7 41 18 41 18 49 7 49 7 41
83 36 85 36 85 38 83 38 83 36
66 41 87 41 87 52 66 52 66 41
83 64 86 64 86 75 83 75 83 64
55 77 61 77 61 86 55 86 55 77
80 7 91 7 91 17 80 17 80 7
9 17 12 17 12 28 9 28 9 17
50 59 53 59 53 72 50 72 50 59
47 61 49 61 49 69 47 69 47 61
18 79 25 79 25 98 18 98 18 79
67 92 71 92 71 97 67 97 67 92
53 50 56 50 56 55 53 55 53 50
88 35 92 35 92 40 88 40 88 35
60 15 67 15 67 21 60 21 60 15
26 80 31 80 31 86 26 86 26 80
3 79 8 79 8 98 3 98 3 79
