8 53 15 53 15 59 8 59 8 53
54 38 58 38 58 50 54 50 54 38
78 65 98 65 98 86 78 86 78 65
54 52 57 52 57 65 54 65 54 52
79 17 95 17 95 28 79 28 79 17
47 80 56 80 56 90 47 90 47 80
33 13 41 13 41 21 33 21 33 13
10 10 26 10 26 13 10 13 10 10
70 80 75 80 75 82 70 82 70 80
61 46 74 46 74 59 61 59 61 46
11 81 32 81 32 88 11 88 11 81
22 21 26 21 26 27 22 27 22 21
32 42 42 42 42 60 32 60 32 42
52 14 64 14 64 22 52 22 52 14
72 84 77 84 77 95 72 95 72 84
43 38 51 38 51 59 43 59 43 38
77 41 81 41 81 54 77 54 77 41
7 42 12 42 12 49 7 49 7 42
19 56 26 56 26 75 19 75 19 56
63 60 67 60 67 72 63 72 63 60
