7 9 13 9 13 25 7 25 7 9
49 55 62 55 62 67 49 67 49 55
8 46 19 46 19 60 8 60 8 46
38 71 48 71 48 82 38 82 38 71
18 74 31 74 31 84 18 84 18 74
74 30 92 30 92 42 74 42 74 30
40 22 59 22 59 24 40 24 40 22
54 35 68 35 68 52 54 52 54 35
31 6 35 6 35 25 31 25 31 6
25 89 30 89 30 97 25 97 25 89
78 67 80 67 80 76 78 76 78 67
40 9 59 9 59 19 40 19 40 9
67 53 84 53 84 64 67 64 67 53
18 32 31 32 31 43 18 43 18 32
14 4 22 4 22 16 14 16 14 4
23 51 37 51 37 61 23 61 23 51
50 70 64 70 64 89 50 89 50 70
2 47 4 47 4 55 2 55 2 47
70 4 79 4 79 12 70 12 70 4
62 94 67 94 67 97 62 97 62 94
