55 53 68 53 68 58 55 58 55 53
16 79 28 79 28 91 16 91 16 79
48 66 65 66 65 78 48 78 48 66
64 21 67 21 67 37 64 37 64 21
18 21 34 21 34 37 18 37 18 21
6 49 27 49 27 62 6 62 6 49
56 27 60 27 60 44 56 44 56 27
74 18 80 18 80 29 74 29 74 18
87 12 97 12 97 18 87 18 87 12
40 65 47 65 47 85 40 85 40 65
72 7 85 7 85 11 72 11 72 7
81 21 91 21 91 25 81 25 81 21
74 49 85 49 85 52 74 52 74 49
56 16 73 16 73 19 56 19 56 16
4 14 23 14 23 17 4 17 4 14
35 23 55 23 55 30 35 30 35 23
35 89 54 89 54 92 35 92 35 89
62 88 79 88 79 92 62 92 62 88
3 79 6 79 6 92 3 92 3 79
75 38 95 38 95 44 75 44 75 38
