19 33 21 33 21 39 19 39 19 33
91 65 95 65 95 69 91 69 91 65
47 18 68 18 68 36 47 36 47 18
80 51 91 51 91 62 80 62 80 51
36 36 43 36 43 40 36 40 36 36
2 27 9 27 9 37 2 37 2 27
11 6 24 6 24 22 11 22 11 6
25 52 33 52 33 65 25 65 25 52
82 20 87 20 87 27 82 27 82 20
86 32 92 32 92 35 86 35 86 32
46 92 59 92 59 94 46 94 46 92
23 74 26 74 26 86 23 86 23 74
41 50 45 50 45 60 41 60 41 50
66 77 78 77 78 79 66 79 66 77
59 57 72 57 72 59 59 59 59 57
71 4 75 4 75 22 71 22 71 4
69 85 83 85 83 98 69 98 69 85
23 43 35 43 35 51 23 51 23 43
64 40 77 40 77 52 64 52 64 40
42 64 52 64 52 82 42 82 42 64
