57 9 71 9 71 18 57 18 57 9
7 51 11 51 11 67 7 67 7 51
77 60 82 60 82 78 77 78 77 60
3 72 13 72 13 81 3 81 3 72
81 42 88 42 88 56 81 56 81 42
77 87 91 87 91 92 77 92 77 87
54 42 68 42 68 52 54 52 54 42
30 24 34 24 34 30 30 30 30 24
67 82 75 82 75 92 67 92 67 82
41 46 46 46 46 54 41 54 41 46
40 24 44 24 44 36 40 36 40 24
40 63 58 63 58 74 40 74 40 63
25 84 30 84 30 92 25 92 25 84
64 22 83 22 83 40 64 40 64 22
7 13 12 13 12 15 7 15 7 13
95 4 97 4 97 19 95 19 95 4
59 78 65 78 65 88 59 88 59 78
25 55 37 55 37 73 25 73 25 55
37 78 48 78 48 84 37 84 37 78
22 38 30 38 30 53 22 53 22 38
