19 45 36 45 36 52 19 52 19 45
29 28 31 28 31 41 29 41 29 28
5 66 7 66 7 74 5 74 5 66
52 42 68 42 68 51 52 51 52 42
17 16 32 16 32 24 17 24 17 16
64 62 70 62 70 83 64 83 64 62
44 53 64 53 64 58 44 58 44 53
66 8 71 8 71 16 66 16 66 8
85 25 96 25 96 34 85 34 85 25
88 37 91 37 91 53 88 53 88 37
49 31 68 31 68 36 49 36 49 31
33 67 52 67 52 82 33 82 33 67
35 37 47 37 47 39 35 39 35 37
79 57 90 57 90 63 79 63 79 57
29 60 45 60 45 66 29 66 29 60
13 38 16 38 16 50 13 50 13 38
20 91 26 91 26 97 20 97 20 91
80 65 83 65 83 78 80 78 80 65
8 50 12 50 12 68 8 68 8 50
19 32 27 32 27 35 19 35 19 32
