65 38 67 38 67 49 65 49 65 38
62 9 77 9 77 20 62 20 62 9
45 32 59 32 59 37 45 37 45 32
48 21 65 21 65 23 48 23 48 21
82 4 84 4 84 9 82 9 82 4
17 54 32 54 32 63 17 63 17 54
36 74 55 74 55 83 36 83 36 74
80 48 91 48 91 52 80 52 80 48
87 60 98 60 98 71 87 71 87 60
59 77 69 77 69 90 59 90 59 77
82 74 84 74 84 85 82 85 82 74
30 32 32 32 32 52 30 52 30 32
28 9 41 9 41 14 28 14 28 9
80 23 90 23 90 36 80 36 80 23
8 25 24 25 24 36 8 36 8 25
20 4 22 4 22 19 20 19 20 4
40 22 47 22 47 31 40 31 40 22
20 37 27 37 27 40 20 40 20 37
63 58 81 58 81 60 63 60 63 58
5 65 20 65 20 85 5 85 5 65
