43 24 64 24 64 42 43 42 43 24
56 78 63 78 63 97 56 97 56 78
41 68 55 68 55 87 41 87 41 68
14 84 32 84 32 87 14 87 14 84
64 2 67 2 67 15 64 15 64 2
66 32 73 32 73 47 66 47 66 32
22 68 31 68 31 76 22 76 22 68
36 5 57 5 57 18 36 18 36 5
87 40 96 40 96 42 87 42 87 40
4 42 17 42 17 55 4 55 4 42
83 76 90 76 90 92 83 92 83 76
24 3 28 3 28 22 24 22 24 3
21 55 32 55 32 63 21 63 21 55
3 7 16 7 16 20 3 20 3 7
29 93 48 93 48 96 29 96 29 93
92 87 94 87 94 90 92 90 92 87
90 46 98 46 98 53 90 53 90 46
88 24 94 24 94 39 88 39 88 24
3 87 12 87 12 92 3 92 3 87
68 53 89 53 89 60 68 60 68 53
