63 70 75 70 75 86 63 86 63 70
41 21 45 21 45 30 41 30 41 21
25 67 36 67 36 72 25 72 25 67
25 75 40 75 40 78 25 78 25 75
57 16 63 16 63 35 57 35 57 16
86 63 93 63 93 79 86 79 86 63
56 40 60 40 60 49 56 49 56 40
77 50 79 50 79 56 77 56 77 50
17 42 27 42 27 54 17 54 17 42
18 58 35 58 35 61 18 61 18 58
8 22 10 22 10 30 8 30 8 22
47 79 54 79 54 93 47 93 47 79
30 89 41 89 41 96 30 96 30 89
84 9 93 9 93 30 84 30 84 9
31 33 48 33 48 44 31 44 31 33
12 14 22 14 22 16 12 16 12 14
3 31 11 31 11 51 3 51 3 31
12 80 24 80 24 98 12 98 12 80
79 82 81 82 81 88 79 88 79 82
18 5 37 5 37 7 18 7 18 5
