76 82 96 82 96 91 76 91 76 82
23 77 36 77 36 97 23 97 23 77
88 30 97 30 97 40 88 40 88 30
81 37 85 37 85 51 81 51 81 37
24 28 33 28 33 38 24 38 24 28
20 4 40 4 40 12 20 12 20 4
4 13 22 13 22 33 4 33 4 13
49 48 60 48 60 69 49 69 49 48
62 49 80 49 80 64 62 64 62 49
13 70 15 70 15 80 13 80 13 70
3 39 23 39 23 59 3 59 3 39
55 27 69 27 69 47 55 47 55 27
54 2 70 2 70 19 54 19 54 2
90 71 97 71 97 81 90 81 90 71
61 80 73 80 73 97 61 97 61 80
34 43 36 43 36 50 34 50 34 43
49 77 55 77 55 95 49 95 49 77
26 58 28 58 28 60 26 60 26 58
68 68 75 68 75 79 68 79 68 68
78 8 92 8 92 26 78 26 78 8
