43 64 62 64 62 68 43 68 43 64
9 13 21 13 21 19 9 19 9 13
14 80 32 80 32 87 14 87 14 80
16 20 33 20 33 22 16 22 16 20
26 88 35 88 35 95 26 95 26 88
69 82 73 82 73 90 69 90 69 82
34 35 44 35 44 38 34 38 34 35
48 27 62 27 62 48 48 48 48 27
8 26 15 26 15 36 8 36 8 26
41 6 60 6 60 22 41 22 41 6
52 71 71 71 71 78 52 78 52 71
75 68 94 68 94 82 75 82 75 68
68 35 70 35 70 42 68 42 68 35
21 51 35 51 35 57 21 57 21 51
61 23 80 23 80 25 61 25 61 23
24 44 38 44 38 50 24 50 24 44
9 72 16 72 16 78 9 78 9 72
87 86 91 86 91 98 87 98 87 86
19 33 25 33 25 38 19 38 19 33
22 59 42 59 42 72 22 72 22 59
