39 78 47 78 47 86 39 86 39 78
22 81 36 81 36 98 22 98 22 81
19 41 40 41 40 55 19 55 19 41
68 40 72 40 72 48 68 48 68 40
84 62 89 62 89 64 84 64 84 62
35 11 41 11 41 27 35 27 35 11
69 25 89 25 89 35 69 35 69 25
6 19 13 19 13 31 6 31 6 19
60 16 67 16 67 23 60 23 60 16
57 58 67 58 67 68 57 68 57 58
24 57 44 57 44 74 24 74 24 57
37 36 58 36 58 40 37 40 37 36
15 13 21 13 21 20 15 20 15 13
59 75 63 75 63 77 59 77 59 75
15 28 19 28 19 34 15 34 15 28
10 73 13 73 13 88 10 88 10 73
75 53 82 53 82 69 75 69 75 53
57 2 64 2 64 8 57 8 57 2
89 68 97 68 97 77 89 77 89 68
78 91 86 91 86 94 78 94 78 91
