39 92 44 92 44 96 39 96 39 92
13 25 31 25 31 32 13 32 13 25
69 28 87 28 87 47 69 47 69 28
45 14 58 14 58 19 45 19 45 14
9 50 28 50 28 54 9 54 9 50
5 76 16 76 16 97 5 97 5 76
69 13 87 13 87 27 69 27 69 13
8 5 25 5 25 12 8 12 8 5
33 16 41 16 41 29 33 29 33 16
71 65 76 65 76 67 71 67 71 65
65 74 73 74 73 80 65 80 65 74
88 85 95 85 95 90 88 90 88 85
27 2 29 2 29 8 27 8 27 2
90 10 95 10 95 12 90 12 90 10
55 68 61 68 61 73 55 73 55 68
52 58 56 58 56 64 52 64 52 58
83 57 96 57 96 74 83 74 83 57
2 18 9 18 9 37 2 37 2 18
20 77 23 77 23 91 20 91 20 77
81 95 95 95 95 98 81 98 81 95
