30 37 37 37 37 43 30 43 30 37
72 31 92 31 92 46 72 46 72 31
43 3 47 3 47 14 43 14 43 3
57 75 68 75 68 91 57 91 57 75
14 5 18 5 18 23 14 23 14 5
66 64 75 64 75 71 66 71 66 64
50 25 65 25 65 27 50 27 50 25
12 73 27 73 27 75 12 75 12 73
60 35 67 35 67 49 60 49 60 35
70 86 76 86 76 95 70 95 70 86
12 40 18 40 18 59 12 59 12 40
19 21 38 21 38 34 19 34 19 21
38 36 49 36 49 51 38 51 38 36
34 77 50 77 50 92 34 92 34 77
77 11 92 11 92 18 77 18 77 11
46 61 52 61 52 72 46 72 46 61
56 2 59 2 59 16 56 16 56 2
2 39 5 39 5 50 2 50 2 39
73 77 81 77 81 80 73 80 73 77
52 47 59 47 59 55 52 55 52 47
