60 60 79 60 79 65 60 65 60 60
31 47 46 47 46 57 31 57 31 47
70 5 90 5 90 13 70 13 70 5
53 38 65 38 65 50 53 50 53 38
11 82 26 82 26 97 11 97 11 82
20 20 39 20 39 25 20 25 20 20
19 26 24 26 24 38 19 38 19 26
9 27 11 27 11 44 9 44 9 27
15 59 18 59 18 75 15 75 15 59
74 27 93 27 93 41 74 41 74 27
52 66 68 66 68 71 52 71 52 66
90 68 92 68 92 84 90 84 90 68
46 31 60 31 60 34 46 34 46 31
3 35 7 35 7 47 3 47 3 35
27 80 32 80 32 82 27 82 27 80
48 75 57 75 57 81 48 81 48 75
41 85 56 85 56 95 41 95 41 85
18 6 22 6 22 18 18 18 18 6
61 19 78 19 78 24 61 24 61 19
81 58 85 58 85 64 81 64 81 58
