3 16 9 16 9 29 3 29 3 16
10 26 28 26 28 35 10 35 10 26
31 69 45 69 45 73 31 73 31 69
77 72 92 72 92 79 77 79 77 72
33 37 46 37 46 43 33 43 33 37
77 27 82 27 82 39 77 39 77 27
25 51 38 51 38 56 25 56 25 51
27 15 31 15 31 20 27 20 27 15
23 61 34 61 34 64 23 64 23 61
70 3 90 3 90 13 70 13 70 3
44 58 59 58 59 60 44 60 44 58
80 90 82 90 82 92 80 92 80 90
51 6 55 6 55 18 51 18 51 6
7 76 12 76 12 79 7 79 7 76
32 75 49 75 49 79 32 79 32 75
84 23 88 23 88 39 84 39 84 23
62 70 64 70 64 73 62 73 62 70
69 84 71 84 71 94 69 94 69 84
44 92 51 92 51 95 44 95 44 92
43 22 45 22 45 26 43 26 43 22
