25 44 31 44 31 48 25 48 25 44
31 9 49 9 49 24 31 24 31 9
9 9 30 9 30 27 9 27 9 9
9 68 28 68 28 85 9 85 9 68
70 4 91 4 91 9 70 9 70 4
7 3 10 3 10 6 7 6 7 3
61 69 79 69 79 74 61 74 61 69
30 62 32 62 32 64 30 64 30 62
67 20 83 20 83 41 67 41 67 20
33 25 42 25 42 31 33 31 33 25
6 86 10 86 10 91 6 91 6 86
91 37 97 37 97 45 91 45 91 37
58 48 62 48 62 51 58 51 58 48
69 49 78 49 78 64 69 64 69 49
72 78 81 78 81 93 72 93 72 78
41 37 61 37 61 40 41 40 41 37
43 59 45 59 45 78 43 78 43 59
44 82 50 82 50 86 44 86 44 82
14 30 20 30 20 44 14 44 14 30
58 16 64 16 64 36 58 36 58 16
