22 69 39 69 39 89 22 89 22 69
15 18 35 18 35 25 15 25 15 18
85 45 91 45 91 55 85 55 85 45
62 29 66 29 66 38 62 38 62 29
66 58 76 58 76 67 66 67 66 58
34 31 40 31 40 43 34 43 34 31
13 67 20 67 20 70 13 70 13 67
83 62 94 62 94 82 83 82 83 62
29 53 46 53 46 64 29 64 29 53
42 2 44 2 44 13 42 13 42 2
79 19 95 19 95 26 79 26 79 19
50 88 59 88 59 96 50 96 50 88
86 30 91 30 91 44 86 44 86 30
10 44 24 44 24 51 10 51 10 44
45 81 49 81 49 89 45 89 45 81
44 25 54 25 54 40 44 40 44 25
45 22 53 22 53 24 45 24 45 22
53 64 62 64 62 75 53 75 53 64
72 76 77 76 77 87 72 87 72 76
19 34 22 34 22 38 19 38 19 34
