31 86 52 86 52 88 31 88 31 86
17 28 29 28 29 38 17 38 17 28
54 65 62 65 62 68 54 68 54 65
34 22 42 22 42 29 34 29 34 22
38 54 53 54 53 74 38 74 38 54
67 49 69 49 69 51 67 51 67 49
72 34 88 34 88 43 72 43 72 34
45 14 63 14 63 23 45 23 45 14
4 10 10 10 10 28 4 28 4 10
28 16 31 16 31 22 28 22 28 16
10 54 23 54 23 66 10 66 10 54
69 88 78 88 78 97 69 97 69 88
45 24 51 24 51 26 45 26 45 24
19 81 30 81 30 96 19 96 19 81
38 2 56 2 56 7 38 7 38 2
53 82 61 82 61 93 53 93 53 82
77 72 82 72 82 81 77 81 77 72
86 77 96 77 96 91 86 91 86 77
10 82 12 82 12 95 10 95 10 82
43 30 62 30 62 35 43 35 43 30
