9 15 23 15 23 29 9 29 9 15
31 67 46 67 46 86 31 86 31 67
34 19 55 19 55 28 34 28 34 19
48 74 50 74 50 95 48 95 48 74
89 51 95 51 95 72 89 72 89 51
45 31 59 31 59 48 45 48 45 31
22 43 26 43 26 64 22 64 22 43
24 88 35 88 35 95 24 95 24 88
86 23 93 23 93 44 86 44 86 23
15 53 17 53 17 67 15 67 15 53
82 40 84 40 84 45 82 45 82 40
69 26 80 26 80 40 69 40 69 26
56 56 65 56 65 73 56 73 56 56
3 52 7 52 7 59 3 59 3 52
24 14 28 14 28 26 24 26 24 14
11 68 30 68 30 80 11 80 11 68
69 55 71 55 71 67 69 67 69 55
73 52 81 52 81 59 73 59 73 52
66 4 81 4 81 6 66 6 66 4
85 83 97 83 97 92 85 92 85 83
