80 15 89 15 89 30 80 30 80 15
18 62 30 62 30 79 18 79 18 62
8 31 27 31 27 38 8 38 8 31
21 43 32 43 32 49 21 49 21 43
81 31 94 31 94 42 81 42 81 31
79 43 93 43 93 59 79 59 79 43
59 39 70 39 70 60 59 60 59 39
47 68 60 68 60 70 47 70 47 68
69 65 81 65 81 80 69 80 69 65
34 36 48 36 48 43 34 43 34 36
21 16 36 16 36 20 21 20 21 16
38 68 41 68 41 71 38 71 38 68
33 74 41 74 41 87 33 87 33 74
42 78 56 78 56 94 42 94 42 78
73 9 76 9 76 19 73 19 73 9
59 34 79 34 79 38 59 38 59 34
32 7 53 7 53 13 32 13 32 7
34 52 41 52 41 67 34 67 34 52
8 63 15 63 15 69 8 69 8 63
66 84 73 84 73 94 66 94 66 84
