76 24 94 24 94 31 76 31 76 24
73 74 78 74 78 92 73 92 73 74
71 48 87 48 87 53 71 53 71 48
73 11 93 11 93 20 73 20 73 11
4 15 12 15 12 26 4 26 4 15
64 40 70 40 70 44 64 44 64 40
88 52 92 52 92 73 88 73 88 52
24 17 45 17 45 37 24 37 24 17
41 71 52 71 52 90 41 90 41 71
40 6 54 6 54 15 40 15 40 6
43 39 51 39 51 45 43 45 43 39
34 49 41 49 41 62 34 62 34 49
5 56 13 56 13 70 5 70 5 56
61 46 65 46 65 50 61 50 61 46
28 87 36 87 36 96 28 96 28 87
25 5 34 5 34 11 25 11 25 5
10 71 19 71 19 77 10 77 10 71
58 62 60 62 60 78 58 78 58 62
85 87 98 87 98 89 85 89 85 87
66 23 75 23 75 30 66 30 66 23
