85 3 95 3 95 12 85 12 85 3
17 9 34 9 34 27 17 27 17 9
8 69 13 69 13 75 8 75 8 69
52 36 56 36 56 47 52 47 52 36
92 25 96 25 96 38 92 38 92 25
93 39 95 39 95 43 93 43 93 39
85 36 91 36 91 51 85 51 85 36
43 16 64 16 64 25 43 25 43 16
52 87 62 87 62 90 52 90 52 87
68 82 83 82 83 89 68 89 68 82
5 43 9 43 9 58 5 58 5 43
13 78 19 78 19 80 13 80 13 78
40 69 48 69 48 88 40 88 40 69
71 4 77 4 77 21 71 21 71 4
66 54 70 54 70 62 66 62 66 54
30 64 34 64 34 68 30 68 30 64
2 19 16 19 16 39 2 39 2 19
25 71 38 71 38 79 25 79 25 71
35 43 44 43 44 58 35 58 35 43
48 57 58 57 58 61 48 61 48 57
