62 38 75 38 75 55 62 55 62 38
6 52 17 52 17 64 6 64 6 52
53 80 57 80 57 94 53 94 53 80
21 69 35 69 35 81 21 81 21 69
36 12 46 12 46 19 36 19 36 12
78 18 80 18 80 22 78 22 78 18
18 8 28 8 28 17 18 17 18 8
78 93 82 93 82 95 78 95 78 93
5 31 23 31 23 44 5 44 5 31
40 69 47 69 47 71 40 71 40 69
79 35 92 35 92 53 79 53 79 35
81 69 87 69 87 82 81 82 81 69
22 93 24 93 24 96 22 96 22 93
63 69 65 69 65 76 63 76 63 69
54 31 56 31 56 41 54 41 54 31
27 50 40 50 40 57 27 57 27 50
66 62 72 62 72 68 66 68 66 62
66 4 75 4 75 20 66 20 66 4
69 77 78 77 78 87 69 87 69 77
27 86 39 86 39 92 27 92 27 86
