58 50 79 50 79 70 58 70 58 50
48 12 57 12 57 24 48 24 48 12
38 53 56 53 56 65 38 65 38 53
49 74 55 74 55 78 49 78 49 74
83 78 88 78 88 96 83 96 83 78
58 73 69 73 69 79 58 79 58 73
24 26 40 26 40 34 24 34 24 26
38 88 55 88 55 91 38 91 38 88
13 20 25 20 25 23 13 23 13 20
71 13 74 13 74 18 71 18 71 13
13 70 26 70 26 91 13 91 13 70
54 37 61 37 61 46 54 46 54 37
13 46 16 46 16 58 13 58 13 46
65 83 82 83 82 93 65 93 65 83
18 47 29 47 29 67 18 67 18 47
40 38 53 38 53 43 40 43 40 38
86 10 97 10 97 13 86 13 86 10
75 39 91 39 91 48 75 48 75 39
66 21 87 21 87 23 66 23 66 21
9 68 11 68 11 89 9 89 9 68
