79 64 82 64 82 84 79 84 79 64
63 85 76 85 76 98 63 98 63 85
10 12 17 12 17 33 10 33 10 12
76 5 97 5 97 10 76 10 76 5
25 59 27 59 27 76 25 76 25 59
57 69 72 69 72 80 57 80 57 69
39 67 53 67 53 77 39 77 39 67
26 21 38 21 38 36 26 36 26 21
49 85 57 85 57 90 49 90 49 85
30 12 39 12 39 15 30 15 30 12
17 53 24 53 24 58 17 58 17 53
61 32 80 32 80 37 61 37 61 32
62 17 82 17 82 28 62 28 62 17
29 56 40 56 40 63 29 63 29 56
9 46 16 46 16 63 9 63 9 46
23 84 43 84 43 95 23 95 23 84
61 45 67 45 67 49 61 49 61 45
18 76 22 76 22 97 18 97 18 76
89 12 98 12 98 27 89 27 89 12
46 28 55 28 55 45 46 45 46 28
