89 57 95 57 95 61 89 61 89 57
24 81 26 81 26 94 24 94 24 81
64 80 78 80 78 82 64 82 64 80
26 56 37 56 37 58 26 58 26 56
40 7 53 7 53 20 40 20 40 7
13 62 17 62 17 72 13 72 13 62
3 11 23 11 23 13 3 13 3 11
68 15 88 15 88 20 68 20 68 15
56 26 77 26 77 34 56 34 56 26
7 44 11 44 11 63 7 63 7 44
55 87 61 87 61 89 55 89 55 87
3 21 5 21 5 26 3 26 3 21
11 76 22 76 22 91 11 91 11 76
44 45 55 45 55 62 44 62 44 45
94 65 97 65 97 86 94 86 94 65
42 64 46 64 46 76 42 76 42 64
88 45 92 45 92 53 88 53 88 45
28 30 48 30 48 42 28 42 28 30
27 3 36 3 36 17 27 17 27 3
25 66 29 66 29 68 25 68 25 66
