20 78 36 78 36 87 20 87 20 78
16 14 23 14 23 33 16 33 16 14
2 55 18 55 18 58 2 58 2 55
33 34 38 34 38 40 33 40 33 34
34 62 46 62 46 71 34 71 34 62
40 72 52 72 52 79 40 79 40 72
61 15 78 15 78 34 61 34 61 15
30 72 38 72 38 75 30 75 30 72
27 13 47 13 47 16 27 16 27 13
8 75 18 75 18 92 8 92 8 75
71 50 74 50 74 68 71 68 71 50
50 59 64 59 64 61 50 61 50 59
12 38 19 38 19 46 12 46 12 38
69 90 74 90 74 97 69 97 69 90
40 32 52 32 52 44 40 44 40 32
78 59 92 59 92 76 78 76 78 59
61 83 68 83 68 85 61 85 61 83
24 31 26 31 26 43 24 43 24 31
9 12 15 12 15 24 9 24 9 12
84 6 95 6 95 8 84 8 84 6
