11 8 13 8 13 20 11 20 11 8
50 77 53 77 53 82 50 82 50 77
57 72 63 72 63 81 57 81 57 72
14 34 26 34 26 40 14 40 14 34
64 33 75 33 75 44 64 44 64 33
82 33 91 33 91 39 82 39 82 33
77 4 85 4 85 24 77 24 77 4
62 83 69 83 69 93 62 93 62 83
35 29 39 29 39 41 35 41 35 29
85 60 88 60 88 75 85 75 85 60
56 6 76 6 76 12 56 12 56 6
34 59 42 59 42 66 34 66 34 59
79 85 93 85 93 97 79 97 79 85
45 22 47 22 47 38 45 38 45 22
5 66 14 66 14 76 5 76 5 66
26 71 39 71 39 87 26 87 26 71
6 15 10 15 10 25 6 25 6 15
15 76 22 76 22 85 15 85 15 76
6 48 27 48 27 59 6 59 6 48
58 48 74 48 74 58 58 58 58 48
