11 45 22 45 22 58 11 58 11 45
53 69 57 69 57 79 53 79 53 69
31 55 40 55 40 61 31 61 31 55
51 53 56 53 56 62 51 62 51 53
72 73 83 73 83 81 72 81 72 73
81 17 85 17 85 30 81 30 81 17
33 86 36 86 36 95 33 95 33 86
59 70 61 70 61 83 59 83 59 70
55 10 62 10 62 12 55 12 55 10
33 33 48 33 48 51 33 51 33 33
91 27 95 27 95 45 91 45 91 27
15 15 21 15 21 35 15 35 15 15
53 41 56 41 56 44 53 44 53 41
64 40 75 40 75 44 64 44 64 40
68 10 74 10 74 21 68 21 68 10
6 67 20 67 20 85 6 85 6 67
38 75 40 75 40 96 38 96 38 75
89 6 93 6 93 18 89 18 89 6
77 12 80 12 80 28 77 28 77 12
43 89 52 89 52 98 43 98 43 89
