82 12 92 12 92 15 82 15 82 12
26 78 29 78 29 93 26 93 26 78
55 40 73 40 73 54 55 54 55 40
76 37 86 37 86 58 76 58 76 37
68 21 72 21 72 38 68 38 68 21
34 47 50 47 50 54 34 54 34 47
34 86 39 86 39 95 34 95 34 86
25 24 43 24 43 32 25 32 25 24
35 63 37 63 37 81 35 81 35 63
85 60 90 60 90 65 85 65 85 60
8 47 23 47 23 67 8 67 8 47
2 19 12 19 12 40 2 40 2 19
47 9 52 9 52 19 47 19 47 9
26 50 33 50 33 61 26 61 26 50
7 72 18 72 18 90 7 90 7 72
39 81 56 81 56 84 39 84 39 81
55 74 67 74 67 76 55 76 55 74
15 2 27 2 27 7 15 7 15 2
83 26 88 26 88 34 83 34 83 26
28 4 40 4 40 22 28 22 28 4
