30 21 32 21 32 30 30 30 30 21
55 67 72 67 72 79 55 79 55 67
20 71 25 71 25 87 20 87 20 71
71 46 83 46 83 63 71 63 71 46
26 34 34 34 34 47 26 47 26 34
27 48 48 48 48 61 27 61 27 48
13 60 15 60 15 80 13 80 13 60
61 92 75 92 75 94 61 94 61 92
46 84 58 84 58 97 46 97 46 84
41 19 48 19 48 31 41 31 41 19
13 35 24 35 24 46 13 46 13 35
88 28 91 28 91 34 88 34 88 28
36 83 39 83 39 98 36 98 36 83
50 13 61 13 61 24 50 24 50 13
2 26 11 26 11 36 2 36 2 26
9 9 16 9 16 20 9 20 9 9
72 40 89 40 89 44 72 44 72 40
65 56 67 56 67 63 65 63 65 56
57 47 59 47 59 53 57 53 57 47
88 9 98 9 98 23 88 23 88 9
