5 40 23 40 23 53 5 53 5 40
68 18 85 18 85 37 68 37 68 18
80 38 97 38 97 54 80 54 80 38
85 78 95 78 95 93 85 93 85 78
59 64 61 64 61 73 59 73 59 64
15 31 31 31 31 33 15 33 15 31
65 61 78 61 78 78 65 78 65 61
53 31 55 31 55 41 53 41 53 31
26 47 32 47 32 68 26 68 26 47
63 3 70 3 70 7 63 7 63 3
43 78 54 78 54 91 43 91 43 78
73 2 94 2 94 17 73 17 73 2
38 49 48 49 48 57 38 57 38 49
49 53 55 53 55 65 49 65 49 53
56 24 59 24 59 30 56 30 56 24
23 7 39 7 39 22 23 22 23 7
60 21 65 21 65 42 60 42 60 21
45 19 54 19 54 25 45 25 45 19
59 93 62 93 62 96 59 96 59 93
7 68 12 68 12 79 7 79 7 68
