6 32 8 32 8 50 6 50 6 32
77 38 81 38 81 59 77 59 77 38
34 18 44 18 44 30 34 30 34 18
46 72 60 72 60 92 46 92 46 72
54 12 61 12 61 20 54 20 54 12
7 78 17 78 17 86 7 86 7 78
59 45 62 45 62 56 59 56 59 45
17 40 36 40 36 55 17 55 17 40
68 29 76 29 76 37 68 37 68 29
6 15 10 15 10 30 6 30 6 15
83 39 96 39 96 58 83 58 83 39
85 64 87 64 87 75 85 75 85 64
46 21 54 21 54 24 46 24 46 21
65 7 81 7 81 10 65 10 65 7
32 82 44 82 44 88 32 88 32 82
83 81 94 81 94 95 83 95 83 81
89 70 93 70 93 76 89 76 89 70
16 89 30 89 30 95 16 95 16 89
68 73 79 73 79 87 68 87 68 73
24 58 37 58 37 71 24 71 24 58
