29 13 45 13 45 20 29 20 29 13
30 52 34 52 34 63 30 63 30 52
24 92 38 92 38 94 24 94 24 92
7 62 23 62 23 81 7 81 7 62
54 61 68 61 68 68 54 68 54 61
30 23 51 23 51 37 30 37 30 23
31 75 45 75 45 82 31 82 31 75
88 55 93 55 93 64 88 64 88 55
8 83 16 83 16 91 8 91 8 83
76 37 86 37 86 57 76 57 76 37
29 10 47 10 47 12 29 12 29 10
71 29 73 29 73 40 71 40 71 29
81 6 85 6 85 11 81 11 81 6
49 42 51 42 51 62 49 62 49 42
17 3 32 3 32 8 17 8 17 3
95 57 98 57 98 66 95 66 95 57
90 49 93 49 93 51 90 51 90 49
54 79 73 79 73 97 54 97 54 79
65 11 79 11 79 22 65 22 65 11
9 13 24 13 24 29 9 29 9 13
