42 66 55 66 55 81 42 81 42 66
14 72 34 72 34 84 14 84 14 72
17 26 25 26 25 45 17 45 17 26
43 11 48 11 48 29 43 29 43 11
74 2 80 2 80 17 74 17 74 2
65 69 67 69 67 87 65 87 65 69
8 54 24 54 24 56 8 56 8 54
82 26 92 26 92 35 82 35 82 26
8 67 22 67 22 71 8 71 8 67
36 40 53 40 53 48 36 48 36 40
76 18 80 18 80 31 76 31 76 18
13 4 27 4 27 15 13 15 13 4
40 55 56 55 56 64 40 64 40 55
56 25 72 25 72 37 56 37 56 25
23 46 32 46 32 53 23 53 23 46
27 32 42 32 42 36 27 36 27 32
87 47 94 47 94 56 87 56 87 47
7 47 21 47 21 49 7 49 7 47
89 62 94 62 94 69 89 69 89 62
6 3 10 3 10 23 6 23 6 3
