15 84 25 84 25 94 15 94 15 84
73 22 83 22 83 29 73 29 73 22
39 16 53 16 53 27 39 27 39 16
44 36 50 36 50 48 44 48 44 36
16 6 35 6 35 8 16 8 16 6
94 55 97 55 97 65 94 65 94 55
40 84 45 84 45 95 40 95 40 84
9 38 21 38 21 47 9 47 9 38
10 17 17 17 17 36 10 36 10 17
50 54 70 54 70 61 50 61 50 54
38 76 43 76 43 79 38 79 38 76
90 74 97 74 97 88 90 88 90 74
26 83 37 83 37 98 26 98 26 83
77 81 84 81 84 96 77 96 77 81
85 71 89 71 89 74 85 74 85 71
54 74 62 74 62 88 54 88 54 74
3 56 5 56 5 69 3 69 3 56
80 38 89 38 89 57 80 57 80 38
13 50 28 50 28 65 13 65 13 50
56 37 65 37 65 52 56 52 56 37
